299.0 683.0 384.0 768.0
2 651.6306 434.05157
17 652.9477 431.58795
35 652.9477 431.58795
51 653.89856 430.53033
68 653.89856 430.53033
86 653.2836 430.1895
102 652.054 430.50568
119 652.054 430.50568
136 650.74524 432.06927
154 650.74524 432.06927
170 651.27734 429.79184
187 651.27734 429.79184
205 651.27734 429.79184
221 649.46906 427.27197
238 649.46906 427.27197
255 649.2332 428.57297
273 649.49316 429.4357
289 649.49316 429.4357
306 650.4858 429.21375
323 650.4858 429.21375
341 652.52484 428.95416
357 652.52484 428.95416
374 640.12823 434.54608
392 640.12823 434.54608
408 599.23883 459.16772
426 599.23883 459.16772
442 567.26074 477.93134
459 567.26074 477.93134
476 543.66455 492.01578
493 543.66455 492.01578
510 525.33124 500.72726
527 525.33124 500.72726
544 494.03366 515.6878
561 494.03366 515.6878
578 469.10114 527.87274
596 469.10114 527.87274
612 452.74524 528.70905
629 452.74524 528.70905
646 438.00778 530.5565
664 430.56378 530.2052
680 430.56378 530.2052
697 421.76767 529.6914
715 421.76767 529.6914
731 421.76767 529.6914
749 429.1 518.9694
765 429.1 518.9694
782 455.7432 485.4624
799 455.7432 485.4624
816 493.823 433.63605
834 493.823 433.63605
850 525.70905 395.4953
867 551.3001 363.68887
884 551.3001 363.68887
901 574.1576 336.60596
918 574.1576 336.60596
935 611.5912 307.5056
952 611.5912 307.5056
969 611.5912 307.5056
987 660.21924 274.6829
1003 660.21924 274.6829
1021 698.0654 252.32779
1038 698.0654 252.32779
1055 727.799 231.02957
1071 750.9317 218.236
1088 750.9317 218.236
1106 767.45825 205.53967
1122 767.45825 205.53967
1139 780.6663 199.4125
1156 780.6663 199.4125
1174 798.9029 187.91046
1190 798.9029 187.91046
1207 809.5378 183.05582
1225 809.5378 183.05582
1241 821.537 175.96294
1258 821.537 175.96294
1275 829.5936 169.10442
1293 829.5936 169.10442
1309 830.07025 162.61212
1326 830.07025 162.61212
1343 829.14246 162.45988
1360 829.14246 162.45988
1378 811.0859 157.87263
1395 811.0859 157.87263
1411 778.11816 159.23785
1428 778.11816 159.23785
1445 766.7776 152.6037
1462 766.7776 152.6037
1479 759.996 148.03384
1496 759.996 148.03384
1513 750.1415 142.66772
1530 750.1415 142.66772
1547 742.70825 142.09392
1564 742.70825 142.09392
1582 738.2759 137.46466
1598 738.2759 137.46466
1615 732.49615 129.32474
1632 730.19946 125.397835
1650 730.19946 125.397835
1666 724.85645 125.108826
1684 724.85645 125.108826
1700 711.44385 117.00874
1718 711.44385 117.00874
1735 711.44385 117.00874
1751 694.2483 113.65897
1768 694.2483 113.65897
1786 674.20355 108.45428
1802 674.20355 108.45428
1819 658.74585 102.35508
1836 642.23315 97.00999
1853 642.23315 97.00999
1870 632.6616 95.886475
1887 632.6616 95.886475
1905 630.4838 91.628426
1921 630.4838 91.628426
1938 623.98047 92.61586
1956 623.98047 92.61586
1972 593.1321 91.86957
1989 593.1321 91.86957
2006 593.1321 91.86957
2023 567.9231 91.49924
2040 548.5664 86.89115
2058 548.5664 86.89115
2074 532.2693 87.068985
2091 532.2693 87.068985
2108 519.44556 82.53623
2125 519.44556 82.53623
2142 509.44473 80.617584
2160 509.44473 80.617584
2176 501.39993 82.84393
2193 501.39993 82.84393
2210 496.4105 85.39541
2227 496.4105 85.39541
2244 488.35468 82.90551
2261 488.35468 82.90551
2278 483.08243 83.54333
2295 483.08243 83.54333
2312 476.02594 90.523964
2330 476.02594 90.523964
2347 470.07172 95.923256
2363 470.07172 95.923256
2380 466.65622 103.33299
2398 462.94263 109.02551
2414 462.94263 109.02551
2431 461.60007 111.70007
2449 461.60007 111.70007
2465 461.60007 111.70007
2482 461.63037 111.923805
2499 461.63037 111.923805
2516 459.37286 110.365906
2533 459.37286 110.365906
2550 457.43964 114.13853
2567 457.43964 114.13853
2585 454.5346 115.211525
2601 452.41284 117.68062
2618 452.41284 117.68062
2635 451.82495 117.616035
2652 451.82495 117.616035
2669 450.022 118.882545
2686 450.022 118.882545
2704 450.11023 120.01898
2720 450.11023 120.01898
2737 450.11023 120.01898
2754 449.51736 121.77825
2771 449.51736 121.77825
2788 448.12228 125.02818
2806 444.27826 126.67769
2822 444.27826 126.67769
2839 443.86108 125.181915
2856 443.86108 125.181915
2873 445.07166 125.36321
2890 445.07166 125.36321
2907 443.91437 128.45685
2924 443.91437 128.45685
2941 441.64642 128.72115
2958 441.64642 128.72115
2975 446.21844 128.54118
2992 446.21844 128.54118
3009 446.25708 128.15092
3027 446.25708 128.15092
3043 446.18918 126.257286
3060 446.18918 126.257286
3077 446.31802 127.57051
3094 446.31802 127.57051
3111 446.18024 127.66999
3128 446.18024 127.66999
3145 445.19464 127.886635
3162 445.19464 127.886635
3179 446.53146 133.5187
3196 448.45087 137.82721
3213 448.45087 137.82721
3230 448.45087 137.82721
3248 448.68658 141.30089
3264 448.68658 141.30089
3281 451.58557 139.04997
3298 451.58557 139.04997
3315 452.53955 137.92238
3332 452.53955 137.92238
3349 450.68274 137.45546
3366 454.85602 140.17184
3383 454.85602 140.17184
3400 450.35327 140.271
3417 450.35327 140.271
3434 448.54984 142.66743
3451 448.54984 142.66743
3468 445.27777 141.2782
3485 445.27777 141.2782
3502 445.27777 141.2782
3519 446.25507 144.16022
3536 446.25507 144.16022
3553 445.50607 147.82004
3570 450.8852 150.08377
3588 450.8852 150.08377
3604 448.5805 149.79219
3621 448.5805 149.79219
3638 448.72778 145.86598
3655 448.72778 145.86598
3672 448.6185 146.08833
3689 448.6185 146.08833
3706 451.0085 147.29001
3723 451.0085 147.29001
3740 452.59366 149.54782
3757 452.59366 149.54782
3774 451.10086 150.69978
3791 451.10086 150.69978
3808 448.37027 149.68787
3825 448.37027 149.68787
3842 452.34344 150.45905
3859 452.34344 150.45905
3876 453.44562 150.44543
3893 453.44562 150.44543
3910 455.40958 152.2465
3927 455.40958 152.2465
3944 456.48865 159.90047
3962 456.1449 158.12912
3978 456.1449 158.12912
3995 456.1449 158.12912
