683.0 1067.0 0.0 384.0
1 670.114 501.44894
17 670.114 501.44894
34 670.114 501.44894
51 669.2634 509.5355
68 669.2634 509.5355
85 669.1643 511.16678
102 669.1643 511.16678
119 669.5663 512.3236
136 669.5663 512.3236
154 669.2148 514.90985
170 669.2148 514.90985
187 669.2148 514.90985
204 669.48035 516.5745
222 669.48035 516.5745
238 669.31946 517.2625
255 670.1399 517.0452
273 670.1399 517.0452
289 670.24677 518.1334
306 670.24677 518.1334
323 669.65344 518.7589
340 669.65344 518.7589
357 671.3367 517.00604
374 671.3367 517.00604
391 671.3367 517.00604
408 682.50305 479.0021
425 682.50305 479.0021
442 694.4924 446.17944
459 703.9941 421.70947
477 703.9941 421.70947
493 711.4881 397.76804
510 711.4881 397.76804
527 715.8169 379.24014
544 715.8169 379.24014
561 718.35065 364.0005
578 718.35065 364.0005
595 721.7456 349.73145
612 721.7456 349.73145
629 732.6121 321.3529
646 743.57324 292.70975
663 743.57324 292.70975
680 743.57324 292.70975
697 751.60803 271.04535
714 751.60803 271.04535
731 755.5854 250.25854
748 755.5854 250.25854
765 760.6433 233.2107
782 760.6433 233.2107
799 764.7491 212.57608
816 769.83386 195.76982
833 769.83386 195.76982
850 771.6285 187.52773
868 771.6285 187.52773
884 775.0311 182.00699
901 775.0311 182.00699
918 776.4184 174.58795
935 776.4184 174.58795
952 776.4184 174.58795
969 779.1824 164.53311
986 779.1824 164.53311
1003 779.81366 163.6201
1020 797.97736 162.45378
1037 797.97736 162.45378
1054 813.72754 167.0519
1071 813.72754 167.0519
1088 824.93555 172.71877
1105 824.93555 172.71877
1122 834.9568 167.85608
1139 834.9568 167.85608
1156 834.9568 167.85608
1174 841.2452 171.43787
1190 841.2452 171.43787
1207 845.1159 178.31508
1224 849.13885 178.36188
1242 849.13885 178.36188
1258 852.39197 178.9935
1275 852.39197 178.9935
1292 819.9023 225.08804
1309 819.9023 225.08804
1326 760.967 326.77264
1343 760.967 326.77264
1360 696.0578 431.75494
1377 696.0578 431.75494
1394 696.0578 431.75494
1411 655.51556 510.51273
1428 626.1847 574.8971
1445 626.1847 574.8971
1462 595.14154 609.56726
1480 595.14154 609.56726
1496 561.996 617.01404
1514 561.996 617.01404
1530 538.1441 625.69403
1547 538.1441 625.69403
1564 520.01715 632.9516
1582 504.66135 640.90424
1599 504.66135 640.90424
1615 500.21103 644.70514
1632 500.21103 644.70514
1649 488.3125 646.97754
1666 488.3125 646.97754
1683 488.3125 646.97754
1700 480.06546 647.5088
1717 480.06546 647.5088
1735 471.96594 648.43994
1751 471.96594 648.43994
1768 465.87576 650.3273
1785 467.4986 649.21594
1802 467.4986 649.21594
1819 460.6295 649.4746
1836 460.6295 649.4746
1853 457.21954 650.8999
1870 457.21954 650.8999
1887 459.43613 647.5749
1905 459.43613 647.5749
1921 457.40265 649.02203
1938 457.40265 649.02203
1955 457.40265 649.02203
1972 454.25385 648.8122
1989 458.003 647.8862
2006 458.003 647.8862
2038 458.003 647.8862
2040 452.32175 648.2074
2057 447.90097 649.4451
2074 447.90097 649.4451
2091 445.318 649.7974
2108 445.318 649.7974
2125 446.07227 651.02405
2142 446.07227 651.02405
2159 444.42728 650.3141
2176 444.42728 650.3141
2194 444.49927 648.9699
2211 444.49927 648.9699
2227 444.51392 647.235
2244 444.51392 647.235
2261 444.60614 647.6532
2278 444.60614 647.6532
2295 443.62122 647.8589
2312 443.62122 647.8589
2329 443.25403 647.65063
2346 443.25403 647.65063
2364 451.13486 644.37866
2380 449.8553 645.1528
2397 449.8553 645.1528
2414 446.06775 646.6589
2431 446.06775 646.6589
2448 446.06775 646.6589
2465 443.42868 646.51465
2483 443.42868 646.51465
2499 443.25708 645.0639
2516 443.25708 645.0639
2533 443.41397 645.63135
2551 442.325 642.82153
2567 442.325 642.82153
2585 443.68396 643.03503
2601 443.68396 643.03503
2618 444.6725 640.3953
2635 444.6725 640.3953
2652 443.75226 640.10376
2670 443.75226 640.10376
2686 446.82245 639.25854
2704 446.82245 639.25854
2720 446.82245 639.25854
2737 445.62427 639.5784
2754 445.62427 639.5784
2772 451.9765 637.8052
2788 453.5702 637.6236
2806 453.5702 637.6236
2822 453.21448 638.33295
2839 453.21448 638.33295
2856 451.40872 640.8042
2874 451.40872 640.8042
2890 449.29352 640.7801
2908 449.29352 640.7801
2924 447.2198 639.5817
2941 447.2198 639.5817
2958 447.2258 640.0937
2975 447.2258 640.0937
2992 447.6153 638.8023
3009 447.6153 638.8023
3026 448.86026 638.61566
3044 448.86026 638.61566
3060 449.58908 640.9416
3077 449.58908 640.9416
3094 448.53387 640.2746
3111 448.53387 640.2746
3128 448.19507 639.95557
3145 448.19507 639.95557
3162 447.6091 639.697
3180 453.59158 638.6671
3196 453.59158 638.6671
3213 458.27997 639.7344
3230 458.27997 639.7344
3248 458.27997 639.7344
3264 456.76053 639.4208
3282 456.76053 639.4208
3298 453.98303 641.35956
3315 453.98303 641.35956
3332 451.35278 641.7178
3350 449.10852 642.0787
3367 449.10852 642.0787
3383 447.6757 641.1985
3401 447.6757 641.1985
3417 447.78857 642.8624
3434 447.78857 642.8624
3451 446.9768 642.5382
3468 446.9768 642.5382
3485 446.9768 642.5382
3503 446.1517 641.88477
3519 446.1517 641.88477
3536 445.77136 642.11365
3553 444.5497 641.02496
3570 444.5497 641.02496
3588 442.48422 641.3392
3604 442.48422 641.3392
3621 442.8019 641.13696
3639 442.8019 641.13696
3655 443.24182 641.3043
3673 443.24182 641.3043
3689 440.8147 641.8744
3706 440.8147 641.8744
3723 441.42996 643.816
3740 441.42996 643.816
3757 439.86856 643.0214
3775 439.86856 643.0214
3791 440.05316 642.3755
3808 440.05316 642.3755
3825 432.1978 645.64526
3843 432.1978 645.64526
3859 433.38943 644.4343
3877 433.38943 644.4343
3893 433.43848 644.8124
3910 433.43848 644.8124
3927 434.50833 643.2054
3944 468.12637 622.59314
3961 468.12637 622.59314
3978 522.1005 555.85675
3995 522.1005 555.85675
4012 522.1005 555.85675
