299.0 683.0 0.0 384.0
1 176.90881 110.89711
17 176.90881 110.89711
35 176.90881 110.89711
51 176.90881 110.89711
68 176.90881 110.89711
85 340.41107 201.15402
102 408.1342 229.00742
119 460.88794 255.67178
136 460.88794 255.67178
153 506.9034 274.6708
171 506.9034 274.6708
187 544.3634 292.5752
205 544.3634 292.5752
221 567.9094 305.9543
238 567.9094 305.9543
255 590.5239 317.1628
272 590.5239 317.1628
289 590.5239 317.1628
306 603.44147 315.686
324 592.52673 275.59882
340 592.52673 275.59882
357 585.76666 244.29059
375 585.76666 244.29059
391 623.46625 224.21114
408 623.46625 224.21114
426 653.11646 205.75111
442 653.11646 205.75111
459 678.5129 192.86609
476 678.5129 192.86609
494 655.2156 178.3188
510 655.2156 178.3188
527 635.83405 166.19774
544 635.83405 166.19774
562 619.889 158.47577
579 619.889 158.47577
595 619.889 158.47577
612 619.889 158.47577
629 619.889 158.47577
646 619.889 158.47577
663 619.889 158.47577
680 619.889 158.47577
697 619.889 158.47577
714 619.889 158.47577
731 653.03406 154.59972
749 653.03406 154.59972
766 678.2891 155.96416
782 678.2891 155.96416
800 697.15674 150.90807
816 697.15674 150.90807
833 669.2231 152.90604
850 669.2231 152.90604
867 690.88306 150.85695
884 695.54553 149.48212
901 695.54553 149.48212
918 700.3092 142.34015
935 700.3092 142.34015
953 702.7639 141.77664
970 702.7639 141.77664
987 702.7639 141.77664
1003 662.1482 133.77094
1020 662.1482 133.77094
1037 658.4214 132.99197
1055 658.4214 132.99197
1071 625.92 131.02827
1088 643.3264 131.85168
1105 643.3264 131.85168
1122 650.76984 125.64067
1140 650.76984 125.64067
1156 619.85876 121.19868
1173 619.85876 121.19868
1190 640.62946 125.070206
1208 640.62946 125.070206
1224 640.62946 125.070206
1241 657.3806 129.00114
1259 635.85126 128.1602
1275 635.85126 128.1602
1292 605.79297 123.48462
1309 605.79297 123.48462
1327 628.41254 127.71528
1343 628.41254 127.71528
1360 644.67896 129.64534
1378 644.67896 129.64534
1394 659.4422 126.90381
1411 659.4422 126.90381
1428 672.31616 129.28622
1445 672.31616 129.28622
1462 681.66895 131.7626
1479 681.66895 131.7626
1497 689.4696 132.68974
1514 689.4696 132.68974
1530 693.3349 134.69795
1547 693.3349 134.69795
1564 689.5393 132.63739
1581 689.5393 132.63739
1598 688.7814 132.3222
1615 688.7814 132.3222
1632 695.71063 136.18417
1649 695.71063 136.18417
1666 700.3958 137.56235
1683 704.59424 140.1737
1700 704.59424 140.1737
1717 704.59424 140.1737
1734 699.81604 137.88809
1752 699.81604 137.88809
1768 705.1901 138.75694
1785 705.1901 138.75694
1802 705.1901 138.75694
1819 705.1901 138.75694
1836 635.14935 129.83156
1853 617.33405 126.82673
1871 617.33405 126.82673
1888 652.2817 124.19037
1904 652.2817 124.19037
1922 681.60486 125.399315
1938 681.60486 125.399315
1955 691.18286 121.47035
1973 691.18286 121.47035
1989 705.0673 116.89293
2006 705.0673 116.89293
2023 722.9617 117.46762
2040 722.9617 117.46762
2057 694.71466 114.55878
2075 670.3491 111.08729
2091 670.3491 111.08729
2108 670.3491 111.08729
2125 651.2563 109.78307
2142 651.2563 109.78307
2159 681.02 110.12756
2177 681.02 110.12756
2193 660.24603 109.237915
2211 644.10767 107.02245
2227 644.10767 107.02245
2245 629.1204 108.16243
2261 629.1204 108.16243
2279 629.1204 108.16243
2295 618.0598 108.19957
2312 618.0598 108.19957
2330 610.58984 108.0627
2347 610.58984 108.0627
2363 623.0967 117.259796
2381 623.0967 117.259796
2397 687.62744 127.6837
2414 687.62744 127.6837
2431 634.2059 124.82144
2449 652.4544 132.12665
2466 652.4544 132.12665
2482 656.6034 132.83878
2500 656.6034 132.83878
2516 720.365 138.89508
2533 720.365 138.89508
2550 756.62305 142.66527
2567 756.62305 142.66527
2585 756.62305 142.66527
2601 797.92773 139.64735
2618 832.63794 144.52577
2636 832.63794 144.52577
2653 801.319 143.59676
2670 801.319 143.59676
2686 776.224 141.4003
2704 776.224 141.4003
2720 776.224 141.4003
2737 814.99084 143.82321
2754 814.99084 143.82321
2771 794.7067 146.0691
2788 794.7067 146.0691
2805 815.9496 146.17583
2822 796.5986 146.3695
2839 796.5986 146.3695
2856 831.84485 148.0437
2874 831.84485 148.0437
2890 744.39746 139.83806
2908 744.39746 139.83806
2924 744.39746 139.83806
2941 789.04944 141.35143
2958 824.64355 141.72926
2975 824.64355 141.72926
2992 795.72864 132.19714
3009 716.19604 127.98087
3027 716.19604 127.98087
3044 716.19604 127.98087
3060 759.70123 129.74554
3077 759.70123 129.74554
3094 803.0944 129.81198
3111 803.0944 129.81198
3128 831.2406 134.54729
3145 831.2406 134.54729
3162 854.06726 135.21423
3179 854.06726 135.21423
3196 871.4442 138.87999
3213 839.4287 137.07193
3230 839.4287 137.07193
3247 867.9914 140.51442
3264 867.9914 140.51442
3281 883.9722 143.71318
3298 883.9722 143.71318
3315 883.9722 143.71318
3332 896.4518 145.88089
3349 896.4518 145.88089
3366 860.31085 144.14734
3383 860.31085 144.14734
3401 884.1998 144.96146
3417 888.19824 143.62689
3434 888.19824 143.62689
3451 900.6125 148.44894
3468 900.6125 148.44894
3485 864.2401 148.81073
3502 864.2401 148.81073
3519 876.671 153.53043
3536 876.671 153.53043
3553 876.671 153.53043
3570 889.8636 154.09604
3587 901.2089 154.28767
3604 901.2089 154.28767
3622 909.91833 153.48782
3638 909.91833 153.48782
3655 864.3122 148.90225
3672 864.3122 148.90225
3689 879.78894 149.56248
3706 879.78894 149.56248
3723 839.1366 146.09879
3740 839.1366 146.09879
3757 860.05255 149.13121
3775 860.05255 149.13121
3791 884.3018 149.06396
3808 851.92676 148.28949
3825 851.92676 148.28949
3842 851.92676 148.28949
3859 864.74805 144.14885
3876 864.74805 144.14885
3893 885.3079 146.23068
3910 885.3079 146.23068
3927 897.61017 146.25351
3944 897.61017 146.25351
3961 859.0596 143.22502
3979 877.33234 145.49983
3995 877.33234 145.49983
