299.0 683.0 0.0 384.0
0 402.28656 415.75708
18 403.02686 417.4346
34 404.519 429.02295
51 404.519 429.02295
68 404.8853 426.80188
85 404.8853 426.80188
103 403.90417 438.0957
119 403.90417 438.0957
136 402.4049 445.11496
154 402.4049 445.11496
170 403.48764 450.78925
188 403.48764 450.78925
204 401.98163 459.245
222 401.98163 459.245
239 403.77692 455.99182
255 403.77692 455.99182
272 439.65845 416.89444
289 474.36343 385.06027
306 474.36343 385.06027
323 474.36343 385.06027
340 502.08112 355.2889
358 502.08112 355.2889
374 521.50116 329.96915
391 521.50116 329.96915
409 538.39343 315.1926
425 538.39343 315.1926
443 554.80426 295.30075
460 567.537 282.87933
477 567.537 282.87933
494 569.4358 274.13794
511 569.4358 274.13794
528 569.4358 274.13794
544 585.0149 270.08286
561 585.0149 270.08286
579 622.85785 266.48257
595 622.85785 266.48257
612 653.17255 263.96957
630 653.17255 263.96957
646 676.4049 260.6789
663 676.4049 260.6789
681 695.2349 255.0965
697 700.43665 246.76328
714 700.43665 246.76328
731 700.43665 246.76328
748 651.6896 233.25632
765 651.6896 233.25632
782 616.42615 223.2834
799 616.42615 223.2834
817 585.9201 215.23917
833 585.9201 215.23917
850 564.5118 207.25002
867 548.0213 201.73328
884 548.0213 201.73328
901 533.18115 198.17021
918 533.18115 198.17021
935 522.3729 199.7815
953 522.3729 199.7815
969 522.3729 199.7815
986 512.017 201.12837
1004 512.017 201.12837
1020 541.18774 199.84044
1038 606.02704 192.64568
1055 606.02704 192.64568
1071 658.01514 186.79507
1088 658.01514 186.79507
1105 698.18634 183.07733
1122 698.18634 183.07733
1139 729.6432 180.81923
1156 729.6432 180.81923
1173 757.1564 178.31313
1191 757.1564 178.31313
1207 777.7831 177.84668
1224 777.7831 177.84668
1242 795.4932 178.29056
1258 795.4932 178.29056
1276 736.9347 175.45149
1292 736.9347 175.45149
1309 674.8735 171.88321
1326 674.8735 171.88321
1343 626.3758 169.84038
1360 626.3758 169.84038
1378 587.5804 169.47758
1395 587.5804 169.47758
1412 557.3048 167.56348
1428 557.3048 167.56348
1445 531.0568 166.98068
1463 510.1939 166.7902
1479 510.1939 166.7902
1496 510.1939 166.7902
1514 498.71268 166.35469
1531 498.71268 166.35469
1547 494.732 178.29785
1564 494.732 178.29785
1581 488.5303 188.88866
1598 488.5303 188.88866
1615 488.48755 197.53308
1632 488.48755 197.53308
1649 486.46283 205.08131
1666 486.48828 210.76804
1683 486.48828 210.76804
1701 486.48828 210.76804
1718 487.29147 214.32211
1735 487.29147 214.32211
1751 485.80057 218.98207
1768 485.80057 218.98207
1786 487.8475 222.8463
1802 487.8475 222.8463
1820 488.7221 224.88242
1837 560.0631 224.25249
1854 560.0631 224.25249
1870 645.569 222.48663
1887 645.569 222.48663
1905 712.3739 221.6578
1921 712.3739 221.6578
1938 766.76794 221.42172
1955 766.76794 221.42172
1972 807.8148 219.61551
1989 807.8148 219.61551
2006 842.94794 217.18863
2023 842.94794 217.18863
2041 871.0696 217.32916
2057 871.0696 217.32916
2075 889.36584 216.20651
2092 889.36584 216.20651
2109 888.4912 213.77681
2125 888.4912 213.77681
2142 888.08655 211.83974
2160 888.08655 211.83974
2177 888.6609 205.54942
2194 888.9025 206.17667
2210 888.9025 206.17667
2228 889.23865 206.59953
2244 889.23865 206.59953
2261 887.8747 208.676
2278 887.8747 208.676
2295 885.9746 209.36852
2313 885.9746 209.36852
2329 885.9746 209.36852
2347 885.48486 209.96391
2363 885.48486 209.96391
2380 887.236 208.99057
2398 886.3821 208.4301
2414 886.3821 208.4301
2431 886.25964 208.41086
2448 886.25964 208.41086
2466 887.1792 206.6407
2482 887.1792 206.6407
2500 886.31885 205.76546
2517 886.31885 205.76546
2533 883.07446 203.37079
2550 883.07446 203.37079
2567 883.07446 203.37079
2584 885.4265 201.03604
2601 883.51685 201.16649
2618 883.51685 201.16649
2635 882.9617 199.4891
2652 882.9617 199.4891
2669 883.9078 198.67856
2686 883.9078 198.67856
2703 883.51685 198.17296
2720 883.51685 198.17296
2737 882.626 197.67667
2754 882.626 197.67667
2772 883.1481 198.72202
2788 883.06616 198.25175
2805 883.06616 198.25175
2823 883.06616 198.25175
2839 881.7373 198.45535
2856 881.7373 198.45535
2874 882.90326 198.06833
2890 882.90326 198.06833
2907 884.381 198.1011
2924 884.381 198.1011
2941 885.284 197.6681
2958 885.284 197.6681
2976 885.40564 197.25783
2992 882.9551 198.00618
3009 882.9551 198.00618
3027 884.7796 197.86395
3043 884.7796 197.86395
3060 886.53955 199.65227
3078 886.53955 199.65227
3095 886.53955 199.65227
3111 885.3734 200.96701
3128 885.3734 200.96701
3146 887.4416 198.60597
3162 887.4416 198.60597
3179 887.80273 198.65138
3196 888.1903 197.71019
3213 888.1903 197.71019
3230 887.5365 198.67574
3247 887.5365 198.67574
3264 887.9923 198.4656
3282 887.9923 198.4656
3298 888.76245 195.57625
3316 888.76245 195.57625
3332 888.76245 195.57625
3349 888.78937 195.10794
3366 887.1007 195.59671
3383 887.1007 195.59671
3401 888.4513 195.54291
3418 888.4513 195.54291
3434 886.73126 195.6504
3451 886.73126 195.6504
3468 887.0528 194.67178
3486 887.0528 194.67178
3503 887.0528 194.67178
3520 886.39075 195.00937
3536 886.39075 195.00937
3553 882.28864 195.88242
3571 878.4028 194.86833
3588 878.4028 194.86833
3604 875.65826 194.3476
3621 875.65826 194.3476
3639 873.95087 194.62042
3655 873.95087 194.62042
3673 871.4252 193.49371
3689 871.4252 193.49371
3706 870.666 193.70137
3723 870.666 193.70137
3740 868.3363 193.26079
3757 868.3363 193.26079
3774 867.6172 192.10532
3791 867.6172 192.10532
3809 868.127 192.473
3826 868.127 192.473
3842 866.39716 191.04059
3859 866.39716 191.04059
3877 866.37103 193.61555
3894 866.37103 193.61555
3910 865.96747 195.55186
3927 865.96747 195.55186
3944 868.0116 194.3522
3961 868.4412 195.98885
3978 868.4412 195.98885
3995 867.3836 197.32744
4012 867.3836 197.32744
