3 59.20476 35.0305
17 47.36381 28.024399
35 47.36381 28.024399
51 47.36381 28.024399
68 47.36381 28.024399
85 47.36381 28.024399
102 287.81946 176.51765
120 287.81946 176.51765
136 372.2649 222.74146
153 372.2649 222.74146
171 442.57452 261.42438
188 442.57452 261.42438
204 500.84607 293.5696
221 500.84607 293.5696
238 500.84607 293.5696
255 545.7723 321.87952
273 579.21094 341.66534
289 579.21094 341.66534
306 609.34125 356.5999
324 609.34125 356.5999
340 630.52124 368.3188
357 630.52124 368.3188
374 647.9913 380.35345
391 647.9913 380.35345
408 659.433 389.5193
425 659.433 389.5193
442 672.9342 391.85544
460 672.9342 391.85544
476 648.28076 397.645
493 648.28076 397.645
510 633.1104 400.97504
527 633.1104 400.97504
544 620.77264 405.35632
562 620.77264 405.35632
578 610.1375 410.65628
595 610.1375 410.65628
612 600.10535 411.0928
629 600.10535 411.0928
647 555.5999 446.64423
663 515.7074 482.5724
680 515.7074 482.5724
697 515.7074 482.5724
714 482.89276 512.4472
731 482.89276 512.4472
748 454.96054 535.1533
766 454.96054 535.1533
782 435.5614 554.73926
799 435.5614 554.73926
816 416.7373 570.962
833 406.6313 580.7254
851 406.6313 580.7254
867 393.86465 591.78033
884 393.86465 591.78033
901 430.01416 568.8434
918 430.01416 568.8434
935 457.78253 550.7928
952 457.78253 550.7928
969 457.78253 550.7928
987 482.2363 533.5902
1003 482.2363 533.5902
1020 502.1141 519.2669
1038 517.21204 507.63904
1054 517.21204 507.63904
1071 528.1246 499.55353
1088 528.1246 499.55353
1105 536.32367 496.35803
1122 536.32367 496.35803
1139 541.1818 492.52832
1156 541.1818 492.52832
1173 541.9441 485.02704
1190 541.9441 485.02704
1207 544.79297 476.01935
1225 544.79297 476.01935
1241 547.2503 469.77853
1258 547.2503 469.77853
1275 549.02124 462.4557
1292 549.02124 462.4557
1310 549.8509 456.38348
1326 549.8509 456.38348
1343 550.1529 451.36633
1360 550.1529 451.36633
1378 530.0187 443.14197
1395 530.0187 443.14197
1411 487.81778 424.10922
1429 460.93445 408.86276
1446 460.93445 408.86276
1462 460.93445 408.86276
1479 431.85825 397.04288
1496 431.85825 397.04288
1513 412.91776 386.37527
1530 412.91776 386.37527
1547 398.03845 379.12552
1565 398.03845 379.12552
1581 387.93518 374.3777
1599 387.93518 374.3777
1615 379.43 364.13794
1632 376.55746 356.51266
1649 376.55746 356.51266
1667 373.2561 353.64172
1683 373.2561 353.64172
1700 373.2561 353.64172
1717 382.31348 355.257
1734 382.31348 355.257
1751 386.0309 356.29712
1768 386.0309 356.29712
1786 396.72443 360.43344
1802 396.72443 360.43344
1819 398.3385 361.0894
1837 401.6639 360.51184
1853 401.6639 360.51184
1870 399.67303 362.7467
1887 399.67303 362.7467
1905 401.11264 363.89917
1921 401.11264 363.89917
1938 404.2023 366.28613
1955 404.2023 366.28613
1972 411.68286 365.3359
1990 411.68286 365.3359
2006 420.22693 364.0182
2023 420.22693 364.0182
2040 422.279 363.97168
2058 422.279 363.97168
2074 426.17407 363.86847
2091 426.17407 363.86847
2109 429.53766 363.4788
2125 429.53766 363.4788
2142 434.25888 365.7445
2159 434.25888 365.7445
2176 422.31534 372.78754
2193 412.8276 377.0174
2210 412.8276 377.0174
2228 412.8276 377.0174
2245 408.4616 382.73395
2261 408.4616 382.73395
2278 408.01578 388.8117
2295 408.01578 388.8117
2313 407.50143 392.43765
2329 407.50143 392.43765
2346 410.14194 397.26337
2364 410.14194 397.26337
2381 412.44766 399.79654
2397 415.62006 401.21808
2415 415.62006 401.21808
2431 413.86554 403.0669
2448 413.86554 403.0669
2465 413.86554 403.0669
2482 416.5002 401.8839
2499 416.5002 401.8839
2516 422.27966 402.2834
2533 422.27966 402.2834
2550 427.89557 398.93634
2567 427.89557 398.93634
2585 447.85495 394.4442
2601 515.4635 360.85675
2618 515.4635 360.85675
2636 564.70105 330.341
2652 564.70105 330.341
2669 604.74915 314.30826
2686 604.74915 314.30826
2703 635.1582 297.4242
2720 635.1582 297.4242
2738 658.9439 283.99417
2754 658.9439 283.99417
2771 678.7778 270.4303
2788 678.7778 270.4303
2805 695.261 259.2675
2822 695.261 259.2675
2839 697.4138 281.57318
2856 697.4138 281.57318
2873 697.90393 368.16345
2890 697.90393 368.16345
2907 696.8965 437.22266
2924 696.8965 437.22266
2942 694.37415 496.4233
2958 694.298 541.2328
2975 694.298 541.2328
2992 694.4501 579.29266
3009 694.4501 579.29266
3026 694.4501 579.29266
3044 701.11945 611.256
3060 701.11945 611.256
3077 708.5979 638.64496
3094 708.5979 638.64496
3111 710.9926 657.46106
3128 710.9926 657.46106
3146 716.83057 667.1007
3162 573.4645 533.6806
3179 573.4645 533.6806
3196 458.77158 426.9445
3213 458.77158 426.9445
3231 367.01727 341.5556
3247 367.01727 341.5556
3264 367.01727 341.5556
3281 459.26678 466.54437
3298 459.26678 466.54437
3315 511.63614 422.8778
3332 511.63614 422.8778
3349 554.04834 377.2587
3367 583.73645 366.0642
3383 583.73645 366.0642
3401 605.18085 353.9793
3417 605.18085 353.9793
3434 623.7456 347.3388
3451 623.7456 347.3388
3468 638.5851 342.90186
3485 638.5851 342.90186
3502 648.99646 338.43726
3519 648.99646 338.43726
3536 648.99646 338.43726
3553 654.76685 340.3092
3570 657.1207 344.69965
3588 657.1207 344.69965
3604 657.5002 350.824
3621 657.5002 350.824
3638 658.0379 356.62292
3656 658.0379 356.62292
3672 655.4282 361.7365
3689 655.4282 361.7365
3706 655.4282 361.7365
3724 657.08105 364.43124
3740 656.99536 366.04172
3757 656.99536 366.04172
3774 656.65015 368.10306
3791 656.65015 368.10306
3809 656.8423 369.79602
3825 656.8423 369.79602
3842 658.3889 368.05807
3860 658.3889 368.05807
3877 659.69495 365.9008
3893 659.69495 365.9008
3910 673.0362 432.88397
3927 673.0362 432.88397
3944 682.48224 485.62494
3961 687.9887 525.7058
3978 687.9887 525.7058
3995 687.9887 525.7058
4012 692.4295 561.5207
4030 692.4295 561.5207
4047 694.7657 590.7788
4063 694.7657 590.7788
4081 698.62695 614.9132
4097 698.62695 614.9132
4114 699.01294 634.1172
4131 703.30414 649.7569
4148 703.30414 649.7569
4165 709.09863 665.6802
4182 709.09863 665.6802
4199 708.8405 672.0524
4217 708.8405 672.0524
4234 710.17316 680.7475
4250 710.17316 680.7475
4267 710.17316 680.7475
4284 710.8469 684.1145
4301 710.8469 684.1145
4319 708.3336 689.1738
4335 709.60345 692.05176
4352 709.60345 692.05176
4369 707.03174 694.91986
4386 707.03174 694.91986
4404 705.1583 695.62805
4420 705.1583 695.62805
4437 704.74347 634.85596
4455 704.74347 634.85596
4471 704.74347 634.85596
4489 704.0078 586.3456
4505 704.0078 586.3456
4522 704.6559 547.3154
4539 705.9294 513.09924
4557 705.9294 513.09924
4573 703.1252 488.86975
4590 703.1252 488.86975
4607 704.0251 472.81732
4624 704.0251 472.81732
4641 707.21027 460.16797
4658 707.21027 460.16797
4675 705.4864 448.61102
4693 705.4864 448.61102
4709 707.05066 439.4725
4726 709.6204 431.05307
4743 709.6204 431.05307
4760 709.6204 431.05307
4778 708.2935 423.5613
4794 708.2935 423.5613
4812 711.1965 416.78156
4828 711.1965 416.78156
4845 721.4828 400.6319
4862 721.4828 400.6319
4879 727.7876 384.9724
4896 727.7876 384.9724
4913 735.60803 374.17767
4930 736.9964 367.2949
4947 736.9964 367.2949
4964 736.10596 359.00568
4981 736.10596 359.00568
4998 736.95465 357.2232
5015 736.95465 357.2232
5032 737.33014 356.22324
5049 737.33014 356.22324
5066 737.33014 356.22324
5083 733.24084 362.5799
5101 729.42487 360.99988
5117 729.42487 360.99988
5134 727.97253 359.3668
5151 727.97253 359.3668
5168 725.75366 362.21213
5185 725.75366 362.21213
5202 723.80566 361.5545
5219 723.80566 361.5545
5237 721.40063 364.38257
5253 721.40063 364.38257
5270 721.40063 364.38257
5288 720.60944 365.24066
5304 718.45514 367.0922
5321 718.45514 367.0922
5338 717.8905 370.39044
5356 717.8905 370.39044
5372 717.83704 370.8052
5389 717.83704 370.8052
5407 716.85736 371.90393
5423 716.85736 371.90393
5441 718.7357 367.64136
5457 718.7357 367.64136
5474 718.20984 367.61588
5492 718.20984 367.61588
5508 717.84125 364.88556
5525 717.84125 364.88556
5543 718.7362 361.03802
5559 718.7362 361.03802
5576 720.1812 356.59842
5593 720.1812 356.59842
5610 721.6173 358.63446
5627 721.6173 358.63446
5645 720.83057 358.35986
5661 720.83057 358.35986
5679 719.2146 354.722
5695 716.5209 356.38116
5712 716.5209 356.38116
5729 716.5209 356.38116
5746 717.1874 354.29962
5764 716.7322 353.755
5780 716.7322 353.755
5797 716.7322 353.755
5814 713.739 352.82715
5831 713.739 352.82715
5849 711.33673 352.8393
5865 707.70703 349.66202
5883 707.70703 349.66202
5899 704.66907 348.54663
5916 704.66907 348.54663
5933 702.87537 348.04587
5950 702.87537 348.04587
5967 700.167 346.21722
5984 700.167 346.21722
6001 700.167 346.21722
6018 701.83325 340.5929
6035 701.83325 340.5929
6052 701.3797 341.58777
6069 701.5533 341.45364
6086 701.5533 341.45364
6104 697.6623 340.49
6120 697.6623 340.49
6137 697.0515 338.02533
6155 697.0515 338.02533
6171 701.4877 333.91702
6188 701.4877 333.91702
6205 700.28235 332.0479
6222 700.28235 332.0479
6239 703.4894 332.1446
6256 703.63763 333.27612
6274 703.63763 333.27612
6290 703.63763 333.27612
6307 701.4477 335.32916
6324 701.4477 335.32916
6341 704.52594 336.5362
6358 704.52594 336.5362
6375 705.02545 337.5737
6393 705.02545 337.5737
6410 705.41254 336.34253
6426 705.41254 336.34253
6443 707.8038 337.29276
6461 710.08075 332.5547
6477 710.08075 332.5547
6494 710.08075 332.5547
6511 699.5762 334.1127
6529 699.5762 334.1127
6545 672.5935 341.10797
6562 672.5935 341.10797
6579 647.06525 352.58267
6596 647.06525 352.58267
6614 628.8418 363.58524
6630 628.8418 363.58524
6647 613.09705 367.52594
6664 608.0907 365.3642
6682 608.0907 365.3642
6698 608.0907 365.3642
6715 629.07324 361.2564
6732 644.8803 360.50656
6750 644.8803 360.50656
6766 653.7831 360.38226
6783 653.7831 360.38226
6800 653.7831 360.38226
6818 659.79 356.88663
6834 680.31213 351.32123
6851 680.31213 351.32123
6869 697.5318 348.74854
6885 697.5318 348.74854
6902 710.85034 346.5008
6919 710.85034 346.5008
6936 722.6113 341.62726
6953 722.6113 341.62726
6970 732.69916 334.4023
6987 732.69916 334.4023
7005 744.6632 330.12524
7021 744.6632 330.12524
7038 749.2621 326.64587
7055 749.2621 326.64587
7072 752.6879 327.30405
7089 752.6879 327.30405
7106 753.58997 327.62952
7123 753.58997 327.62952
7140 752.949 329.11334
7157 752.949 329.11334
7175 748.94385 330.80356
7191 748.94385 330.80356
7209 748.4834 330.12265
7225 598.78674 264.0981
7242 598.78674 264.0981
7259 598.78674 264.0981
7276 479.0294 211.27849
7293 479.0294 211.27849
7310 383.2235 169.0228
7327 383.2235 169.0228
7344 306.57883 135.21825
7362 306.57883 135.21825
7378 245.26306 108.1746
7395 245.26306 108.1746
7412 245.26306 108.1746
7429 156.96837 69.23174
7446 156.96837 69.23174
7463 125.5747 55.385395
7480 125.5747 55.385395
7497 100.45976 44.308315
7514 100.45976 44.308315
7531 80.36781 35.44665
7549 80.36781 35.44665
7565 64.29425 28.35732
7582 64.29425 28.35732
7599 51.435402 22.685858
7616 51.435402 22.685858
7633 41.148323 18.148687
7650 41.148323 18.148687
7667 32.91866 14.51895
7684 32.91866 14.51895
7701 26.334929 11.615161
7718 26.334929 11.615161
7735 26.334929 11.615161
7752 166.04126 74.37711
7769 269.3236 143.06125
7787 349.33835 249.00003
7803 349.33835 249.00003
7820 349.33835 249.00003
7838 417.77435 327.77094
7854 417.77435 327.77094
7871 471.03687 395.75848
7888 471.03687 395.75848
7905 514.8357 452.98077
7922 514.8357 452.98077
7939 558.0671 465.77972
7956 558.0671 465.77972
7973 592.4028 446.46045
7990 617.58105 425.63504
8007 617.58105 425.63504
8025 639.73193 411.3494
8041 639.73193 411.3494
8058 656.29236 399.98215
8075 656.29236 399.98215
8092 656.29236 399.98215
8109 669.4987 391.4315
8127 669.4987 391.4315
8143 678.74036 381.71146
8160 678.74036 381.71146
8177 684.3551 372.97528
8194 689.20276 369.98016
8211 689.20276 369.98016
8228 696.0353 367.93274
8245 696.0353 367.93274
8262 695.07715 434.4859
8279 695.07715 434.4859
8296 699.08276 499.2325
8313 699.08276 499.2325
8330 699.08276 499.2325
8348 703.79065 551.76843
8365 704.39813 594.05005
8381 704.39813 594.05005
8398 704.4926 624.719
8415 704.4926 624.719
8432 702.9846 652.5965
8449 702.9846 652.5965
8466 702.2079 674.7029
8483 702.2079 674.7029
8501 700.59406 687.73755
8517 700.59406 687.73755
8534 730.2189 974.13763
8552 730.2189 974.13763
8568 584.1751 779.3101
8585 584.1751 779.3101
8603 467.3401 623.4481
8619 467.3401 623.4481
8636 518.4717 604.5238
8653 518.4717 604.5238
8670 602.94196 500.2538
8687 602.94196 500.2538
8704 632.61273 458.7534
8722 632.61273 458.7534
8738 655.2229 429.5106
8756 676.1672 404.86316
8772 676.1672 404.86316
8789 694.12115 385.22318
8807 694.12115 385.22318
8823 694.12115 385.22318
8841 706.942 370.40143
8857 706.942 370.40143
8874 714.9472 360.2306
8892 714.9472 360.2306
8908 725.6061 350.6096
8925 725.6061 350.6096
8943 688.89496 355.4396
8960 658.15466 358.2271
8976 658.15466 358.2271
8994 637.1187 363.20105
9010 637.1187 363.20105
9027 617.21173 363.09155
9044 617.21173 363.09155
9061 605.9718 363.38406
9078 605.9718 363.38406
9095 484.77744 290.70724
9112 484.77744 290.70724
9129 484.77744 290.70724
9146 387.82196 232.5658
9163 450.73334 444.44263
9180 450.73334 444.44263
9197 626.26404 382.74695
9215 626.26404 382.74695
9231 658.119 367.78326
9248 658.119 367.78326
9265 684.06683 352.94543
9283 684.06683 352.94543
9299 699.6155 342.27954
9316 699.6155 342.27954
9333 715.1273 333.03345
9351 715.1273 333.03345
9367 730.6958 325.8821
9384 730.6958 325.8821
9401 741.0155 316.67374
9418 741.0155 316.67374
9436 747.5475 313.57974
9452 747.5475 313.57974
9469 749.3014 311.31805
9486 749.3014 311.31805
9503 750.757 315.59006
9521 750.757 315.59006
9537 754.05444 318.51566
9554 753.52295 325.05466
9571 753.52295 325.05466
9589 753.52295 325.05466
9606 752.47626 327.7408
9622 752.47626 327.7408
9639 754.7359 328.8078
9656 754.7359 328.8078
9673 757.84235 328.2563
9691 757.84235 328.2563
9708 757.84235 328.2563
9724 761.8895 332.70892
9741 761.8895 332.70892
9758 759.65735 332.8566
9776 759.65735 332.8566
9792 765.01514 515.9769
9809 765.01514 515.9769
9827 612.01215 412.78156
9843 612.01215 412.78156
9860 612.01215 412.78156
9878 489.6097 330.22525
9894 489.6097 330.22525
9911 391.68777 264.1802
9929 454.79993 427.3227
9945 454.79993 427.3227
9962 501.95667 435.74423
9979 501.95667 435.74423
9996 547.9341 417.97812
10013 547.9341 417.97812
10030 684.66364 378.77756
10048 684.66364 378.77756
10064 683.51447 419.3369
10081 683.51447 419.3369
10098 683.51447 419.3369
10115 689.3869 440.49023
10132 689.3732 454.10703
10150 689.3732 454.10703
10166 694.5929 467.8774
10183 694.5929 467.8774
10200 695.21533 481.18268
10218 695.21533 481.18268
10234 698.85077 490.54718
10251 698.85077 490.54718
10268 699.69617 497.60242
10285 699.69617 497.60242
10302 700.58527 501.67725
10319 700.58527 501.67725
10337 701.26587 505.5897
10353 701.26587 505.5897
10370 697.7456 509.93335
10387 697.7456 509.93335
10404 699.4316 513.678
10421 699.4316 513.678
10438 695.25073 516.5383
10455 695.25073 516.5383
10472 695.89075 516.83685
10489 695.89075 516.83685
10506 698.74945 519.8095
10523 703.5089 523.24384
10540 703.5089 523.24384
10557 705.1598 527.25183
10575 705.1598 527.25183
10591 705.1598 527.25183
10608 702.45953 530.15546
10625 702.45953 530.15546
10642 703.8636 536.6357
10659 703.8636 536.6357
10677 707.3257 537.502
10693 705.75146 536.6815
10710 705.75146 536.6815
10727 707.4607 537.42395
10745 707.4607 537.42395
10761 709.3464 542.20514
10778 709.3464 542.20514
10795 714.0165 540.66473
10812 714.0165 540.66473
10829 716.48676 539.88446
10846 716.48676 539.88446
10863 716.48676 539.88446
10880 719.7046 538.345
10898 724.59656 540.08496
10914 724.59656 540.08496
10931 729.00635 545.28455
10948 729.00635 545.28455
10965 731.0033 545.3148
10982 731.0033 545.3148
10999 736.5026 540.75256
11016 736.5026 540.75256
11033 744.92505 544.403
11050 744.92505 544.403
11068 744.92505 544.403
11084 756.0331 547.9277
11101 764.76135 549.801
11118 764.76135 549.801
11135 769.4129 550.15356
11152 769.4129 550.15356
11170 771.00323 553.31177
11186 771.00323 553.31177
11203 778.1953 556.337
11220 778.1953 556.337
11237 778.0939 555.976
11254 778.0939 555.976
11271 780.0555 557.3941
11288 780.4639 555.34814
11305 780.4639 555.34814
11323 779.8858 560.74207
11339 779.8858 560.74207
11356 779.8858 560.74207
11373 781.2309 562.7569
11390 781.2309 562.7569
11408 780.7428 564.5428
11424 780.7428 564.5428
11441 782.65875 566.4381
11458 782.65875 566.4381
11476 781.2141 567.5906
11492 780.7477 569.49945
11509 780.7477 569.49945
11527 780.0477 569.79614
11543 780.0477 569.79614
11560 778.2223 572.8996
11578 778.2223 572.8996
11594 778.2223 572.8996
11611 776.76935 570.0121
11628 776.76935 570.0121
11646 774.3417 569.72565
11662 776.73065 572.8571
11679 776.73065 572.8571
11696 775.4698 566.9154
11713 775.4698 566.9154
11730 776.2371 567.2983
11747 776.2371 567.2983
11765 777.6728 566.5166
11781 777.6728 566.5166
11798 737.60913 529.2116
11815 737.60913 529.2116
11832 713.1698 503.57477
11850 713.1698 503.57477
11866 686.6929 484.56827
11883 686.6929 484.56827
11901 665.9375 469.59393
11917 665.9375 469.59393
11934 646.35205 455.4497
11951 646.35205 455.4497
11968 633.24243 452.43076
11986 633.24243 452.43076
12002 620.23615 447.94565
12020 620.23615 447.94565
12036 627.0835 434.75873
12053 659.3767 415.13013
12071 659.3767 415.13013
12087 683.98505 401.71335
12104 683.98505 401.71335
12121 683.98505 401.71335
12138 706.65027 386.56604
12155 706.65027 386.56604
12172 726.2693 377.20834
12190 726.2693 377.20834
12206 737.204 367.9973
12224 746.42737 360.1215
12240 746.42737 360.1215
12257 752.0034 356.29645
12274 752.0034 356.29645
12291 755.30005 352.28876
12308 755.30005 352.28876
12325 760.5874 347.21432
12343 760.5874 347.21432
12359 765.19446 343.39374
12376 765.19446 343.39374
12394 765.19446 343.39374
12410 768.9608 339.72327
12427 769.4426 339.96313
12444 769.4426 339.96313
12461 772.2328 341.45013
12478 772.2328 341.45013
12496 768.53796 340.45346
12512 768.53796 340.45346
12529 771.17413 339.172
12546 771.17413 339.172
12563 773.698 341.5756
12580 773.698 341.5756
12597 774.3755 341.50003
12614 774.3755 341.50003
12631 777.1258 338.3533
12648 777.1258 338.3533
12665 781.09216 339.81714
12683 781.09216 339.81714
12699 769.1433 306.61722
12716 769.1433 306.61722
12733 758.8386 275.4623
12750 758.8386 275.4623
12767 751.32544 249.3887
12784 751.32544 249.3887
12801 746.91223 236.07793
12819 739.1996 217.70535
12835 739.1996 217.70535
12852 727.5211 197.86005
12870 727.5211 197.86005
12886 724.2312 186.25012
12903 724.2312 186.25012
12920 724.2312 186.25012
12937 717.7517 174.1016
12954 717.7517 174.1016
12971 710.39856 167.82085
12988 710.39856 167.82085
13005 700.34875 322.35748
13022 560.279 257.886
13039 560.279 257.886
13056 448.2232 206.30879
13073 448.2232 206.30879
13090 448.2232 206.30879
13107 557.03357 324.68625
13124 557.03357 324.68625
13141 683.0421 286.70886
13158 683.0421 286.70886
13176 695.1918 225.67183
13192 695.1918 225.67183
13209 696.5238 210.22862
13226 697.72797 200.8306
13243 697.72797 200.8306
13261 698.3557 191.28308
13277 698.3557 191.28308
13294 699.26575 179.36859
13311 699.26575 179.36859
13328 693.8739 170.97574
13345 693.8739 170.97574
13362 691.05426 165.58575
13379 691.05426 165.58575
13397 718.2764 197.72476
13413 718.2764 197.72476
13430 731.9147 222.53587
13447 731.9147 222.53587
13464 747.1373 240.32903
13481 747.1373 240.32903
13498 755.5409 258.49203
13515 755.5409 258.49203
13532 767.98 273.6771
13549 767.98 273.6771
13567 771.51587 287.7194
13583 771.51587 287.7194
13600 778.61786 299.82477
13617 778.61786 299.82477
13635 776.78217 315.17996
13651 776.78217 315.17996
13668 774.22253 322.34155
13686 774.22253 322.34155
13702 773.2111 334.1619
13719 773.2111 334.1619
13736 767.0614 340.30972
13754 767.0614 340.30972
13770 737.19116 350.93027
13787 713.5168 356.45752
13804 713.5168 356.45752
13822 691.2725 362.4669
13838 691.2725 362.4669
13855 691.2725 362.4669
13872 669.69183 368.19708
13889 652.51685 372.71887
13906 652.51685 372.71887
13923 652.51685 372.71887
13941 642.10406 376.275
13957 642.10406 376.275
13974 630.2524 377.53665
13991 624.84625 383.18127
14008 624.84625 383.18127
14026 626.5961 386.84564
14042 626.5961 386.84564
14059 624.9302 388.74863
14076 624.9302 388.74863
14093 624.9302 388.74863
14110 624.37335 395.19083
14128 640.13245 393.97925
14144 640.13245 393.97925
14162 640.13245 393.97925
14178 671.27673 384.53305
14195 688.4757 383.74445
14212 688.4757 383.74445
14229 708.3761 382.51123
14246 708.3761 382.51123
14263 720.78406 384.4777
14281 720.78406 384.4777
14297 730.603 383.17633
14314 730.603 383.17633
14331 739.0517 384.50693
14349 745.8249 381.10797
14365 745.8249 381.10797
14383 745.8249 381.10797
14399 750.6918 378.02625
14416 750.6918 378.02625
14433 748.52 376.80252
14451 748.52 376.80252
14468 720.59106 384.51086
14484 720.59106 384.51086
14501 699.9297 393.00677
14518 699.9297 393.00677
14535 684.3858 399.52298
14552 673.22797 406.7116
14569 673.22797 406.7116
14586 664.4667 408.1285
14603 664.4667 408.1285
14621 654.08704 412.2417
14637 654.08704 412.2417
14654 654.08704 412.2417
14671 648.53326 416.88568
14688 648.53326 416.88568
14706 644.1505 421.71194
14722 644.1505 421.71194
14739 671.9148 405.78223
14757 695.571 387.49017
14773 695.571 387.49017
14790 713.1748 374.2057
14808 713.1748 374.2057
14824 722.05945 367.25458
14841 722.05945 367.25458
14858 734.2736 362.2622
14876 734.2736 362.2622
14892 742.718 354.04434
14909 742.718 354.04434
14927 742.718 354.04434
14943 746.85547 351.2071
14960 754.89264 348.47464
14977 754.89264 348.47464
14995 759.1317 348.83
15011 759.1317 348.83
15028 760.5109 349.62286
15045 760.5109 349.62286
15062 767.7081 344.86255
15079 767.7081 344.86255
15096 768.5669 346.55634
15113 768.5669 346.55634
15131 770.1117 346.24307
15147 770.1117 346.24307
15164 765.80115 343.11395
15182 765.80115 343.11395
15198 727.7262 354.30115
15215 727.7262 354.30115
15232 698.0185 366.8202
15249 698.0185 366.8202
15267 676.6373 382.2427
15283 676.6373 382.2427
15301 656.9465 389.25317
15317 656.9465 389.25317
15334 638.82904 394.26044
15351 628.2929 399.61234
15369 628.2929 399.61234
15386 614.2818 403.7924
15402 614.2818 403.7924
15419 614.2818 403.7924
15436 609.19653 406.27094
15453 609.19653 406.27094
15471 599.9286 408.94733
15487 599.9286 408.94733
15505 597.80927 412.25537
15521 597.80927 412.25537
15538 599.58295 416.16656
15555 599.58295 416.16656
15572 631.3494 408.26733
15589 655.6716 405.7561
15606 655.6716 405.7561
15623 655.6716 405.7561
15640 674.2275 399.7565
15658 674.2275 399.7565
15674 691.1958 397.0183
15691 691.1958 397.0183
15708 710.1613 385.89404
15726 721.054 378.496
15742 721.054 378.496
15759 695.8665 382.95148
15777 695.8665 382.95148
15793 676.9161 385.41342
15810 676.9161 385.41342
15827 657.7414 388.91534
15844 657.7414 388.91534
15861 657.7414 388.91534
15878 641.5605 391.62698
15895 641.5605 391.62698
15913 622.6199 402.13547
15929 622.6199 402.13547
15946 663.8062 493.90408
15963 531.045 395.12326
15980 531.045 395.12326
15998 424.836 316.0986
16014 424.836 316.0986
16032 339.8688 252.87889
16048 339.8688 252.87889
16065 339.8688 252.87889
16082 339.8688 252.87889
16100 217.51604 161.8425
16116 174.01283 129.474
16133 174.01283 129.474
16150 139.21027 103.5792
16168 139.21027 103.5792
16184 139.21027 103.5792
16201 111.36822 82.863365
16219 111.36822 82.863365
16235 89.094574 66.290695
16253 89.094574 66.290695
16269 71.27566 53.03256
16286 71.27566 53.03256
16303 57.020527 42.42605
16320 45.61642 33.940838
16338 45.61642 33.940838
16355 36.493137 27.15267
16371 36.493137 27.15267
16388 36.493137 27.15267
16405 36.493137 27.15267
16422 36.493137 27.15267
16439 275.5689 153.0929
16456 275.5689 153.0929
16473 358.6967 200.06955
16490 431.2313 239.55983
16508 431.2313 239.55983
16524 490.70337 269.7478
16541 490.70337 269.7478
16558 525.1774 344.30243
16576 525.1774 344.30243
16592 555.0637 400.42957
16609 555.0637 400.42957
16626 578.3949 447.8938
16644 578.3949 447.8938
16660 578.3949 447.8938
16678 596.39465 489.22583
16694 610.813 514.062
16711 610.813 514.062
16728 622.3692 535.6897
16745 622.3692 535.6897
16763 632.4876 555.9932
16779 632.4876 555.9932
16796 645.67084 569.8134
16813 645.67084 569.8134
16830 649.80316 586.71436
16847 649.80316 586.71436
16864 655.6835 594.5606
16882 657.8769 603.0785
16898 657.8769 603.0785
16915 657.8769 603.0785
16933 667.7428 613.088
16949 667.7428 613.088
16966 676.99817 630.007
16983 676.99817 630.007
17000 687.19055 641.44904
17017 687.19055 641.44904
17034 687.19055 641.44904
17051 694.28674 650.05176
17069 701.7619 657.1099
17085 704.8532 659.51294
17102 704.8532 659.51294
17119 707.2721 664.1767
17137 707.2721 664.1767
17153 708.82086 669.47754
17171 708.82086 669.47754
17187 708.82086 669.47754
17204 721.7185 646.5051
17222 721.7185 646.5051
17238 726.8956 606.4755
17255 726.8956 606.4755
17272 727.00165 572.28577
17289 731.8782 542.65137
17307 731.8782 542.65137
17323 733.39746 519.91644
17340 733.39746 519.91644
17358 733.62683 503.2951
17374 733.62683 503.2951
17391 729.4586 491.1587
17409 729.4586 491.1587
17425 729.4586 491.1587
17443 732.78 480.809
17459 722.24023 469.1073
17476 722.24023 469.1073
17493 721.6343 448.08527
17511 721.6343 448.08527
17527 718.4529 432.44437
17544 718.4529 432.44437
17561 716.80945 419.44757
17578 716.80945 419.44757
17595 711.936 407.3453
17612 711.936 407.3453
17629 708.69727 401.12976
17646 706.8523 392.40433
17663 706.8523 392.40433
17680 706.8523 392.40433
17697 703.04004 388.58316
17714 703.04004 388.58316
17731 699.8248 381.70718
17749 699.8248 381.70718
17765 701.67084 331.271
17782 701.67084 331.271
17799 700.88184 276.8517
17816 700.88184 276.8517
17833 696.5657 234.49619
17850 695.42334 202.0318
17868 695.42334 202.0318
17884 695.94165 176.01079
17901 695.94165 176.01079
17919 695.993 158.67072
17935 695.993 158.67072
17952 693.45544 146.09995
17969 693.45544 146.09995
17986 693.45544 146.09995
18003 689.3705 138.40598
18020 689.3705 138.40598
18037 686.8506 130.03665
18054 687.473 120.0049
18071 687.473 120.0049
18088 685.68945 114.02966
18105 685.68945 114.02966
18122 683.70654 108.92177
18140 683.70654 108.92177
18156 684.44226 107.08589
18173 684.44226 107.08589
18190 682.4103 106.103
18207 682.4103 106.103
18225 681.0469 104.96628
18241 681.0469 104.96628
18258 680.5115 101.024025
18275 680.5115 101.024025
18292 675.90295 106.5154
18309 675.90295 106.5154
18326 658.5089 150.23749
18344 658.5089 150.23749
18360 645.19385 191.39226
18377 645.19385 191.39226
18394 638.6297 223.78177
18411 638.6297 223.78177
18428 626.05597 251.72108
18446 626.05597 251.72108
18462 618.5138 274.61716
18479 618.5138 274.61716
18497 613.73 288.40024
18513 613.73 288.40024
18530 611.1383 300.49536
18547 611.1383 300.49536
18565 608.26135 311.45715
18581 608.26135 311.45715
18598 605.9459 318.2575
18615 605.9459 318.2575
18632 625.63226 314.09766
18649 637.591 308.91345
18666 637.591 308.91345
18683 649.07684 307.22592
18700 649.07684 307.22592
18718 649.07684 307.22592
18734 656.60693 305.2055
18752 656.60693 305.2055
18768 664.6443 301.95233
18785 664.6443 301.95233
18803 670.4392 296.31024
18819 677.4781 297.0101
18836 677.4781 297.0101
18853 682.81995 294.0708
18871 682.81995 294.0708
18887 689.7085 292.7924
18904 689.7085 292.7924
18922 694.82043 289.17227
18938 694.82043 289.17227
18955 694.82043 289.17227
18972 694.9319 289.29932
18989 694.9319 289.29932
19006 698.6756 289.9844
19023 699.6612 293.69562
19040 699.6612 293.69562
19058 701.77826 296.22638
19074 701.77826 296.22638
19092 706.2097 301.92566
19108 706.2097 301.92566
19125 705.497 303.89737
19143 705.497 303.89737
19159 705.497 303.89737
19177 704.87494 304.66705
19193 704.4593 304.53253
19210 704.4593 304.53253
19227 703.38245 302.42664
19244 703.38245 302.42664
19261 710.90985 302.6591
19279 710.90985 302.6591
19295 716.56256 306.5742
19312 716.56256 306.5742
19329 716.1382 305.5043
19346 716.1382 305.5043
19364 717.2853 304.5778
19380 721.58966 304.7563
19397 721.58966 304.7563
19414 720.1205 308.15137
19431 720.1205 308.15137
19449 720.1205 308.15137
19465 719.01227 308.70248
19482 719.01227 308.70248
19500 722.42126 309.12726
19517 722.42126 309.12726
19533 721.32263 307.72623
19550 721.32263 307.72623
19567 718.8696 307.72925
19584 721.09314 308.4319
19602 721.09314 308.4319
19618 719.0022 312.10693
19636 719.0022 312.10693
19652 719.0022 312.10693
19670 721.1727 314.03296
19686 576.9382 251.22636
19703 576.9382 251.22636
19720 576.9382 251.22636
19737 461.55054 200.9811
19754 461.55054 200.9811
19771 369.24045 160.78488
19788 474.99478 248.6552
19806 474.99478 248.6552
19822 639.4028 233.89842
19839 639.4028 233.89842
19857 716.1963 204.13947
19874 716.1963 204.13947
19890 717.9732 229.03326
19907 717.9732 229.03326
19925 718.31024 248.861
19941 718.31024 248.861
19958 718.31024 248.861
19975 722.3554 263.50647
19993 719.573 275.8698
20009 719.573 275.8698
20026 719.3991 286.2989
20043 719.3991 286.2989
20061 722.4645 294.09818
20077 722.4645 294.09818
20094 722.47217 300.29602
20111 722.47217 300.29602
20129 733.8468 300.75836
20145 733.8468 300.75836
20163 743.86316 299.14908
20179 752.3536 304.62115
20196 752.3536 304.62115
20213 752.3536 304.62115
20231 756.0263 305.93378
20247 756.0263 305.93378
20264 759.574 307.5127
20281 759.574 307.5127
20298 762.90784 305.67484
20316 762.90784 305.67484
20332 766.2567 305.6081
20349 766.2567 305.6081
20366 764.93616 307.8272
20384 766.7458 308.2947
20400 766.7458 308.2947
20418 769.5444 311.62122
20434 769.5444 311.62122
20451 769.5444 311.62122
20469 769.0445 310.2761
20485 769.0445 310.2761
20503 766.6504 308.2293
20519 766.6504 308.2293
20537 765.12115 307.8048
20553 757.82556 310.28256
20571 757.82556 310.28256
20587 754.3742 312.79987
20604 754.3742 312.79987
20621 749.7141 317.1048
20638 749.7141 317.1048
20655 749.7141 317.1048
20672 745.69366 321.46893
20689 738.11554 324.01465
20707 738.11554 324.01465
20723 738.11554 324.01465
20740 733.52295 329.7943
20757 731.16974 330.59048
20775 731.16974 330.59048
20791 728.8876 331.81772
20808 728.8876 331.81772
20825 734.7136 330.45743
20843 734.7136 330.45743
20859 738.5731 330.70145
20876 738.5731 330.70145
20893 738.989 328.6134
20911 738.989 328.6134
20927 739.2737 332.14618
20944 744.07214 332.94543
20962 744.07214 332.94543
20978 744.07214 332.94543
20995 743.4674 333.13327
21013 743.4674 333.13327
21029 747.8029 336.28354
21046 747.8029 336.28354
21063 748.4496 332.47733
21080 748.4496 332.47733
21097 752.0062 330.2635
21115 752.0062 330.2635
21131 754.7002 325.2307
21148 755.59717 324.97726
21165 755.59717 324.97726
21182 751.826 324.26758
21199 751.826 324.26758
21217 751.826 324.26758
21233 752.9414 326.91974
21250 752.9414 326.91974
21267 755.68494 322.85516
21284 755.68494 322.85516
21301 756.4336 323.88272
21318 756.41565 322.1288
21336 756.41565 322.1288
21352 755.1491 323.8878
21370 755.1491 323.8878
21386 742.824 324.5963
21403 742.824 324.5963
21421 716.1796 335.8725
21437 716.1796 335.8725
21454 696.9069 347.59534
21471 696.9069 347.59534
21488 696.9069 347.59534
21506 682.4481 356.0781
21523 664.3696 362.0092
21539 664.3696 362.0092
21556 653.5755 367.1571
21573 653.5755 367.1571
21591 644.52954 372.07413
21607 644.52954 372.07413
21624 654.39056 364.81738
21641 654.39056 364.81738
21658 654.39056 364.81738
21676 666.11945 357.24713
21692 678.9342 352.73364
21710 687.8992 349.34055
21727 687.8992 349.34055
21743 687.8992 349.34055
21760 695.0251 345.59375
21777 695.0251 345.59375
21795 698.77246 341.19894
21811 698.77246 341.19894
21828 702.68304 338.95544
21846 702.68304 338.95544
21862 704.53326 337.67963
21880 704.53326 337.67963
21896 705.8938 335.2027
21914 709.2611 334.7254
21930 709.2611 334.7254
21947 709.2611 334.7254
21964 708.3183 329.68347
21981 708.3183 329.68347
21999 710.53625 329.42825
22015 710.53625 329.42825
22032 710.9165 327.1511
22049 710.9165 327.1511
22066 716.2036 330.14734
22083 722.1858 330.70682
22101 722.1858 330.70682
22117 726.40295 333.4616
22134 726.40295 333.4616
22151 726.87006 335.6215
22168 726.87006 335.6215
22186 730.71606 333.48535
22202 730.71606 333.48535
22219 730.9886 333.31952
22236 730.9886 333.31952
22253 730.9886 333.31952
22271 734.8876 333.04187
22287 733.49835 337.0272
22305 733.49835 337.0272
22321 733.3879 341.66364
22338 733.3879 341.66364
22355 734.5249 339.10358
22372 734.5249 339.10358
22390 734.2741 338.23547
22410 734.2741 338.23547
22423 734.2741 338.23547
22440 734.21423 336.10678
22458 736.2165 337.2119
22474 736.2165 337.2119
22491 736.9092 335.89294
22508 736.9092 335.89294
22526 733.3688 338.00787
22542 733.3688 338.00787
22559 736.9752 341.4936
22576 736.9752 341.4936
22593 736.27734 342.22144
22610 736.27734 342.22144
22627 736.1576 340.98352
22644 736.1576 340.98352
22661 735.5213 340.6979
22678 737.4738 338.92075
22695 737.4738 338.92075
22712 738.6905 339.04242
22729 738.6905 339.04242
22746 726.1806 415.1804
22763 726.1806 415.1804
22780 726.1806 415.1804
22797 718.2159 477.94586
22814 718.2159 477.94586
22831 709.6395 530.8272
22849 704.65643 572.8124
22865 704.65643 572.8124
22883 703.7209 601.1571
22899 703.7209 601.1571
22916 702.3268 627.2225
22933 702.3268 627.2225
22950 699.9011 642.7552
22967 699.9011 642.7552
22984 707.9884 616.36816
23002 707.9884 616.36816
23018 707.9884 616.36816
23035 711.4497 553.57
23052 711.4497 553.57
23070 709.16064 502.37704
23086 712.1433 462.6534
23103 712.1433 462.6534
23120 714.5782 428.99185
23137 714.5782 428.99185
23154 571.66254 343.19348
23171 571.66254 343.19348
23188 457.33005 274.55478
23205 457.33005 274.55478
23222 365.86404 219.64383
23239 365.86404 219.64383
23257 483.90588 351.88354
23273 483.90588 351.88354
23290 542.0952 323.3451
23307 542.0952 323.3451
23324 587.5783 326.50317
23341 587.5783 326.50317
23358 622.8639 330.76437
23375 622.8639 330.76437
23392 648.03 335.84113
23410 648.03 335.84113
23426 668.39075 337.8579
23443 690.1036 340.20642
23460 690.1036 340.20642
23477 703.0042 343.76324
23494 703.0042 343.76324
23511 703.0042 343.76324
23528 720.0026 345.47668
23545 720.0026 345.47668
23562 734.74194 347.15875
23579 734.74194 347.15875
23596 747.9989 344.93927
23614 747.9989 344.93927
23630 752.1875 344.7201
23647 693.8943 357.09326
23664 693.8943 357.09326
23681 648.5042 367.82007
23699 648.5042 367.82007
23715 613.3895 377.17688
23732 613.3895 377.17688
23749 613.3895 377.17688
23766 549.21 390.98334
23784 549.21 390.98334
23800 302.75665 426.44897
23817 302.75665 426.44897
23835 3.870453 472.24554
23851 -231.21483 510.90482
23868 -231.21483 510.90482
23886 -422.54257 539.9035
23902 -422.54257 539.9035
23920 -574.3971 566.5845
23936 -574.3971 566.5845
23954 -657.5588 585.1005
23970 -657.5588 585.1005
23987 -526.04706 468.0804
24005 -526.04706 468.0804
24022 -420.83765 374.46432
24038 -420.83765 374.46432
24055 -336.67014 299.57147
24073 -336.67014 299.57147
24089 -65.242935 377.24774
24106 -65.242935 377.24774
24123 107.51199 336.61548
24140 107.51199 336.61548
24157 241.94165 343.87482
24175 241.94165 343.87482
24191 345.6256 350.6703
24208 345.6256 350.6703
24225 428.62497 354.78238
24243 494.84952 361.815
24259 494.84952 361.815
24276 494.84952 361.815
24293 549.74945 364.6906
24311 549.74945 364.6906
24328 593.6957 367.799
24344 593.6957 367.799
24361 626.31665 366.5636
24379 626.31665 366.5636
24395 652.0597 369.51923
24413 652.0597 369.51923
24429 619.884 381.70184
24447 594.6942 392.51233
24463 594.6942 392.51233
24480 576.35706 403.4472
24498 576.35706 403.4472
24514 576.35706 403.4472
24531 561.555 405.96503
24549 561.555 405.96503
24566 552.6565 411.24692
24582 552.6565 411.24692
24600 545.6053 413.24762
24616 545.6053 413.24762
24633 592.19653 402.122
24651 629.0986 389.15585
24667 629.0986 389.15585
24684 656.5313 381.27112
24702 656.5313 381.27112
24719 678.1886 377.64838
24736 678.1886 377.64838
24753 678.1886 377.64838
24769 698.77734 368.8332
24786 698.77734 368.8332
24804 715.8396 366.81238
24820 730.08 362.09247
24837 730.08 362.09247
24854 741.58215 356.34335
24871 741.58215 356.34335
24888 758.8158 358.52594
24906 758.8158 358.52594
24922 770.4072 353.1951
24939 770.4072 353.1951
24957 770.4072 353.1951
24973 782.52344 353.33035
24990 791.75037 353.10645
25007 791.75037 353.10645
25024 801.92017 354.68198
25041 801.92017 354.68198
25058 805.4575 353.45215
25076 805.4575 353.45215
25093 810.37195 351.01855
25109 810.37195 351.01855
25126 812.50354 352.59732
25143 812.50354 352.59732
25161 815.829 350.707
25177 821.04236 348.5287
25194 821.04236 348.5287
25211 821.04236 348.5287
25229 824.7493 349.18134
25246 824.7493 349.18134
25262 826.9679 346.3487
25279 826.9679 346.3487
25297 827.30066 341.073
25313 827.30066 341.073
25331 755.4523 343.13245
25347 755.4523 343.13245
25364 695.2471 345.1708
25381 648.21295 347.64954
25398 648.21295 347.64954
25415 648.21295 347.64954
25432 609.06854 351.4187
25450 580.9672 354.3959
25467 580.9672 354.3959
25483 580.9672 354.3959
25500 555.9664 352.91855
25517 555.9664 352.91855
25535 604.12366 346.55038
25551 604.12366 346.55038
25568 659.62695 342.78006
25586 701.9908 344.93353
25602 701.9908 344.93353
25619 735.03406 345.91766
25636 735.03406 345.91766
25654 760.05927 342.27972
25670 760.05927 342.27972
25687 777.6753 336.52924
25704 777.6753 336.52924
25721 791.18945 332.84506
25738 791.18945 332.84506
25756 798.24133 331.25546
25772 804.6836 330.2697
25789 804.6836 330.2697
25807 804.6836 330.2697
25823 810.4651 328.5324
25840 810.4651 328.5324
25857 813.57544 324.35614
25875 813.57544 324.35614
25891 819.0868 321.31393
25908 819.0868 321.31393
25925 757.6166 332.46844
25942 757.6166 332.46844
25959 712.5398 338.45917
25976 676.6716 348.78882
25993 676.6716 348.78882
26010 676.6716 348.78882
26028 647.3554 356.6231
26044 647.3554 356.6231
26061 623.78705 360.28345
26079 623.78705 360.28345
26096 661.19666 350.87872
26112 661.19666 350.87872
26129 693.5979 347.5724
26146 718.6071 342.33118
26164 718.6071 342.33118
26180 741.44257 337.23785
26198 741.44257 337.23785
26214 741.44257 337.23785
26231 755.83374 332.75745
26249 753.157 289.11676
26265 753.157 289.11676
26282 753.157 289.11676
26299 745.37994 259.50726
26316 745.37994 259.50726
26334 736.5082 232.46724
26350 731.5323 214.7759
26368 731.5323 214.7759
26384 726.0513 202.99408
26401 726.0513 202.99408
26418 726.0513 202.99408
26436 724.7334 192.94006
26452 722.62177 181.1749
26469 722.62177 181.1749
26486 722.9867 168.95274
26503 722.9867 168.95274
26520 722.9867 168.95274
26537 722.6184 160.23828
26555 722.07056 150.37437
26571 722.07056 150.37437
26588 724.621 143.35922
26605 724.621 143.35922
26622 724.1309 135.88074
26639 724.1309 135.88074
26656 721.9721 134.25284
26673 721.9721 134.25284
26691 721.5023 129.57816
26707 721.5023 129.57816
26724 719.97046 131.7077
26742 719.7866 125.188644
26758 719.7866 125.188644
26775 719.7866 125.188644
26792 716.5713 120.78064
26810 716.5713 120.78064
26827 715.75555 118.328575
26843 715.75555 118.328575
26861 714.38055 114.954185
26877 714.38055 114.954185
26895 714.96985 114.39649
26911 714.96985 114.39649
26929 713.65375 121.144775
26946 717.73956 124.174164
26962 717.73956 124.174164
26979 719.80005 126.27181
26996 719.80005 126.27181
27014 720.6616 128.63116
27030 720.6616 128.63116
27048 720.6616 128.63116
27064 721.1724 133.66415
27082 721.1724 133.66415
27098 723.11346 133.36334
27115 721.95087 135.42767
27132 721.95087 135.42767
27149 722.71716 135.8536
27166 722.71716 135.8536
27183 721.6569 138.5813
27200 721.6569 138.5813
27217 724.4534 195.5708
27234 724.4534 195.5708
27251 724.4534 195.5708
27268 723.2915 264.95776
27285 727.6184 320.3546
27303 727.6184 320.3546
27319 731.7883 370.0922
27336 731.7883 370.0922
27353 733.7173 406.61646
27371 733.7173 406.61646
27387 732.04407 434.77466
27404 732.04407 434.77466
27422 733.99634 457.09625
27438 733.99634 457.09625
27455 734.1237 474.8678
27473 734.1237 474.8678
27490 730.8333 490.92288
27506 730.99927 503.6423
27523 730.99927 503.6423
27540 730.99927 503.6423
27557 732.71545 514.87854
27574 732.71545 514.87854
27591 731.5701 534.124
27608 731.5701 534.124
27625 731.35834 553.91626
27642 731.35834 553.91626
27659 730.9985 566.66846
27676 730.9985 566.66846
27693 729.39856 579.4246
27710 725.6287 587.02576
27727 725.6287 587.02576
27744 704.8702 630.7853
27761 704.8702 630.7853
27778 704.8702 630.7853
27795 692.1466 669.12366
27813 683.50946 702.6358
27829 683.50946 702.6358
27846 683.50946 702.6358
27863 671.8857 729.80945
27880 671.8857 729.80945
27898 667.1824 751.05066
27914 663.4822 768.3508
27931 663.4822 768.3508
27948 684.8662 653.00037
27965 684.8662 653.00037
27982 698.5576 548.63544
27999 698.5576 548.63544
28017 707.00366 464.76813
28033 707.00366 464.76813
28051 711.98816 396.285
28067 711.98816 396.285
28084 718.0932 341.18863
28101 718.0932 341.18863
28118 719.381 298.9715
28135 719.381 298.9715
28152 722.9041 267.3902
28169 722.9041 267.3902
28186 725.877 242.3498
28203 725.877 242.3498
28221 719.0912 280.8473
28238 719.0912 280.8473
28254 706.8046 312.6648
28271 706.8046 312.6648
28288 698.1565 335.00693
28305 698.1565 335.00693
28322 686.5234 351.89697
28339 686.5234 351.89697
28356 678.73 365.93207
28373 678.73 365.93207
28390 668.9215 375.32388
28407 668.9215 375.32388
28424 639.3548 375.01685
28441 639.3548 375.01685
28458 610.5683 378.92062
28475 591.1519 378.17108
28492 591.1519 378.17108
28510 576.9485 378.59866
28526 576.9485 378.59866
28543 613.63293 362.6293
28560 613.63293 362.6293
28578 613.63293 362.6293
28594 666.9672 352.28067
28611 666.9672 352.28067
28628 709.32574 340.919
28646 709.32574 340.919
28662 740.65375 333.9203
28679 765.36584 326.25525
28697 765.36584 326.25525
28713 786.0835 319.47342
28730 786.0835 319.47342
28748 804.2059 314.7806
28764 804.2059 314.7806
28781 814.09845 312.4489
28798 814.09845 312.4489
28815 814.09845 312.4489
28833 821.7606 310.13666
28849 821.7606 310.13666
28866 828.05115 306.05115
28883 832.4664 304.84015
28900 832.4664 304.84015
28917 835.9515 302.44675
28935 835.9515 302.44675
28951 839.55664 297.9956
28968 839.55664 297.9956
28985 780.2955 316.5296
29002 780.2955 316.5296
29019 734.2843 331.60916
29036 734.2843 331.60916
29053 699.4977 341.8899
29070 699.4977 341.8899
29088 672.3745 352.38263
29104 672.3745 352.38263
29121 644.28577 362.1449
29138 644.28577 362.1449
29156 623.4878 363.6985
29173 623.4878 363.6985
29189 606.7981 370.49847
29207 606.7981 370.49847
29223 593.2556 376.1612
29240 581.21857 380.63043
29258 581.21857 380.63043
29274 570.68414 386.966
29291 570.68414 386.966
29308 565.68097 384.38818
29326 565.68097 384.38818
29342 565.68097 384.38818
29359 561.245 385.25232
29376 561.245 385.25232
29394 555.4876 387.99997
29410 555.4876 387.99997
29428 553.17126 390.89096
29444 553.4399 390.79047
29461 553.4399 390.79047
29479 442.75192 312.6324
29496 442.75192 312.6324
29512 354.20154 250.10591
29529 354.20154 250.10591
29547 283.36124 200.08473
29563 283.36124 200.08473
29580 283.36124 200.08473
29597 349.3026 331.30438
29615 398.92545 308.99902
29631 398.92545 308.99902
29648 456.05377 277.53287
29665 456.05377 277.53287
29682 480.00885 289.71704
29699 480.00885 289.71704
29716 502.62976 300.2095
29734 502.62976 300.2095
29750 517.3657 311.38034
29768 517.3657 311.38034
29784 531.96436 321.26465
29802 531.96436 321.26465
29818 547.8528 329.3521
29835 547.8528 329.3521
29853 586.6207 405.65527
29869 586.6207 405.65527
29886 608.7967 460.79883
29903 608.7967 460.79883
29920 631.83826 496.40067
29937 631.83826 496.40067
29954 646.12866 525.15906
29971 646.12866 525.15906
29989 657.56964 546.9054
