1 722.04736 425.46008 333.00042067616835 433.00042067616835 333.4976002348308 433.4976002348308
17 722.04736 425.46008 333.1215672298508 433.1215672298508 325.460353677165 425.460353677165
34 719.975 426.6671 333.4861703954607 433.4861703954607 316.92762829531256 416.92762829531256
51 719.975 426.6671 334.0935140048509 434.0935140048509 308.4087391863609 408.4087391863609
69 720.0702 424.83798 335.00061216007174 435.00061216007174 299.41149255853884 399.41149255853884
85 720.0702 424.83798 336.0342573431978 436.0342573431978 291.44006945149073 391.44006945149073
103 720.0702 424.83798 337.4518999466856 437.4518999466856 282.5090245297676 382.5090245297676
119 723.1824 429.19128 338.93750703184975 438.93750703184975 274.6093422383909 374.6093422383909
169 722.39294 431.6345 344.9349494218276 444.9349494218276 250.22335268468328 350.2233526846833
169 722.39294 431.6345 344.9349494218276 444.9349494218276 250.22335268468328 350.2233526846833
170 722.39294 431.6345 345.0756512552929 445.0756512552929 249.74105744826687 349.7410574482669
188 722.39294 431.6345 347.745971055829 447.745971055829 241.10145872448777 341.10145872448777
204 721.9053 433.6821 350.3372521925565 450.3372521925565 233.4924331110061 333.4924331110061
221 721.9053 433.6821 353.31279086333535 453.31279086333535 225.48702821623766 325.48702821623766
238 720.0005 436.93094 356.51500152904384 456.51500152904384 217.5695674640201 317.5695674640201
255 720.0005 436.93094 359.9412889638151 459.9412889638151 209.74646754616077 309.7464675461608
272 716.8149 437.81146 363.5888763391684 463.5888763391684 202.0240686798987 302.02406867989873
289 716.8149 437.81146 367.4548074744846 467.4548074744846 194.40862946948707 294.4086294694871
306 716.725 435.4609 371.53594923283765 471.53594923283765 186.90632183391858 286.9063218339186
323 716.725 435.4609 375.8289940602396 475.8289940602396 179.52322600490484 279.5232260049048
358 716.305 432.3693 385.31984113972976 485.31984113972976 164.72348388819168 264.7234838881917
359 716.305 432.3693 385.60367005667456 485.60367005667456 164.3089397446841 264.3089397446841
374 715.131 430.3682 389.9439124255555 489.9439124255555 158.14853343516307 258.1485334351631
392 715.131 430.3682 395.3543956887837 495.3543956887837 150.90284887099742 250.90284887099742
409 714.16626 425.59067 400.66264512599264 500.66264512599264 144.21234621253794 244.21234621253794
425 714.16626 425.59067 405.83073236238414 505.83073236238414 138.05581447516937 238.05581447516937
442 715.24255 425.45688 411.50043363562395 511.50043363562395 131.66873177782583 231.66873177782583
460 715.24255 425.45688 417.69921012162035 517.6992101216204 125.08477825264669 225.0847782526467
476 715.09705 426.49542 423.3736374701024 523.3736374701024 119.39154692211227 219.39154692211227
493 715.09705 426.49542 429.5675174146769 529.5675174146769 113.51139478609738 213.51139478609738
511 712.9996 427.47037 436.30533797716447 536.3053379771645 107.48022176480373 207.48022176480373
527 712.9996 427.47037 442.44473833256984 542.4447383325698 102.29179502905546 202.29179502905546
544 710.52496 421.94318 449.1176429853873 549.1176429853873 96.96144031244515 196.96144031244515
562 711.7201 423.17685 456.34538828338435 556.3453882833844 91.52701560946679 191.5270156094668
579 711.7201 423.17685 463.31908475446505 563.319084754465 86.5967118216947 186.5967118216947
595 711.7201 423.17685 470.0082881070341 570.0082881070341 82.13951907017963 182.13951907017963
612 711.2465 426.70438 477.24366770951156 577.2436677095116 77.60194042970028 177.60194042970028
630 711.2465 426.70438 485.0421198581312 585.0421198581312 73.02401316610684 173.02401316610684
646 710.2623 425.5351 492.08715802621145 592.0871580262115 69.15368424901567 169.15368424901567
663 710.2623 425.5351 499.6832388604396 599.6832388604396 65.24985358281685 165.24985358281685
680 707.88745 422.9817 507.3873660236304 607.3873660236304 61.563830988764266 161.56383098876427
698 707.88745 422.9817 515.6555035702502 615.6555035702502 57.90170381248561 157.9017038124856
714 708.87006 419.47382 523.0947016472838 623.0947016472838 54.85698039535282 154.85698039535282
731 727.63855 395.1012 531.0851801258791 631.0851801258791 51.84158795097835 151.84158795097835
748 727.63855 395.1012 539.158255286693 639.158255286693 49.0548702834833 149.0548702834833
765 742.5599 363.43985 547.3073843205016 647.3073843205016 46.49908588318232 146.49908588318232
782 742.5599 363.43985 555.5259627803556 655.5259627803556 44.176306080939696 144.1763060809397
799 756.66003 344.68808 563.8073299341439 663.8073299341439 42.08841336946284 142.08841336946284
816 756.66003 344.68808 572.1447741627716 672.1447741627716 40.23709987763954 140.23709987763954
833 766.09875 327.4232 580.531538399579 680.531538399579 38.62386599915499 138.623865999155
850 766.09875 327.4232 588.960825606595 688.960825606595 37.25001917650059 137.2500191765006
867 766.09875 327.4232 597.4258042831839 697.4258042831839 36.116672841359446 136.11667284135945
884 774.48 311.47064 605.9196140026227 705.9196140026227 35.2247455122278 135.2247455122278
901 774.48 311.47064 614.4353709721212 714.4353709721212 34.574960050003085 134.57496005000309
918 780.146 300.49167 622.9661736117806 722.9661736117806 34.167843072143 134.167843072143
936 791.76135 291.73117 632.0075037720162 732.0075037720162 34.00164175242986 134.00164175242986
952 791.76135 291.73117 640.0452542165596 740.0452542165596 34.08273742076125 134.08273742076125
969 796.8273 284.9079 648.5796904715623 748.5796904715623 34.40481772096149 134.4048177209615
987 796.8273 284.9079 657.6022422323567 757.6022422323567 35.01048567359351 135.0104856735935
1003 802.69867 279.68915 665.6037768999744 765.6037768999744 35.77693963769889 135.7769396376989
1020 802.69867 279.68915 674.0796299331981 774.0796299331981 36.82586922049978 136.82586922049978
1037 810.29 277.77155 682.5221900543268 782.5221900543268 38.115643042381976 138.11564304238198
1054 810.29 277.77155 690.9246150057149 790.9246150057149 39.645215808474234 139.64521580847423
1071 817.2193 274.09598 699.2800950571935 799.2800950571935 41.41334787928315 141.41334787928315
1088 817.2193 274.09598 707.5818585250034 807.5818585250034 43.41860627535635 143.41860627535635
1105 817.2193 274.09598 715.8231772598931 815.8231772598931 45.65936583863811 145.6593658386381
1123 821.92017 270.47214 724.4759748533495 824.4759748533495 48.286601601133555 148.28660160113355
1139 830.519 268.5339 732.0978182836474 832.0978182836474 50.839934998910564 150.83993499891056
1156 830.519 268.5339 740.117950819005 840.117950819005 53.77554601295549 153.7755460129555
1173 833.70404 264.50427 748.0512698040402 848.0512698040402 56.93826443105149 156.9382644310515
1191 833.70404 264.50427 756.3494866729714 856.3494866729714 60.53171273890922 160.53171273890922
1208 836.72906 264.69122 764.0839106673807 864.0839106673807 64.15373198032523 164.15373198032523
1225 836.72906 264.69122 771.712097942471 871.712097942471 67.99444764366609 167.9944476436661
1241 842.84064 265.97116 778.788983721744 878.788983721744 71.80623152831976 171.80623152831976
1259 842.84064 265.97116 786.6251244418916 886.6251244418916 76.31934271231506 176.31934271231506
1275 845.3835 263.08838 793.4736210088488 893.4736210088488 80.52768009049117 180.52768009049117
1293 845.3835 263.08838 801.040231024628 901.040231024628 85.47941582800502 185.47941582800502
1309 850.4236 262.8504 807.638141470708 907.638141470708 90.0706669060545 190.0706669060545
1326 858.657 268.93884 814.5109413283826 914.5109413283826 95.14067282585665 195.14067282585665
1344 858.657 268.93884 821.6275668282935 921.6275668282935 100.71982289007568 200.71982289007568
1360 858.657 268.93884 827.809774570124 927.809774570124 105.85716813378187 205.85716813378187
1377 860.2069 269.22467 834.2250299387413 934.2250299387413 111.49497235758312 211.49497235758312
1394 860.2069 269.22467 840.4772028442499 940.4772028442499 117.31310538030687 217.31310538030687
1411 859.0952 269.8212 846.5612262243785 946.5612262243785 123.30685190652298 223.30685190652298
1428 859.0952 269.8212 852.4721692933363 952.4721692933363 129.47135431515434 229.47135431515434
1445 858.5285 272.08575 858.2052415379586 958.2052415379586 135.80161659632608 235.80161659632608
1462 858.5285 272.08575 863.7557966001699 963.7557966001699 142.29250840037312 242.29250840037312
1479 861.01697 275.20224 869.1193360426164 969.1193360426164 148.93876919572267 248.93876919572267
1496 861.3879 275.56708 874.2915129944168 974.2915129944168 155.73501253228335 255.73501253228335
1513 861.3879 275.56708 879.2681356740757 979.2681356740757 162.675730406883 262.67573040688296
1530 882.5538 288.61227 884.0451707867052 984.0451707867052 169.7552977272204 269.7552977272204
1548 882.5538 288.61227 888.8813645222324 988.8813645222324 177.39627306401533 277.3962730640153
1564 925.0322 317.94968 892.9851570459276 992.9851570459276 184.30792233453255 284.3079223345326
1581 925.0322 317.94968 897.1408627967578 997.1408627967578 191.76918547310373 291.76918547310373
1599 925.0322 317.94968 901.3076210713034 1001.3076210713034 199.79485674886422 299.7948567488642
1615 956.4886 347.09277 904.8068623492258 1004.8068623492258 207.03138348446487 307.03138348446487
1633 956.4886 347.09277 908.5101439647128 1008.5101439647128 215.28117010118746 315.28117010118746
1649 982.7889 369.32495 911.5918989033121 1011.5918989033121 222.7051040458423 322.7051040458423
1667 982.7889 369.32495 914.8197010204906 1014.8197010204906 231.15226732338112 331.1522673233811
1684 1003.97296 386.0689 917.6331117598017 1017.6331117598017 239.21607894831448 339.2160789483145
1703 1020.64685 401.61905 920.5044278326337 1020.5044278326337 248.31917380983123 348.3191738098312
1717 1020.64685 401.61905 922.4340447096293 1022.4340447096293 255.08274103198784 355.08274103198784
1734 1034.509 414.78375 924.5631773273444 1024.5631773273444 263.35360145921436 363.35360145921436
1751 1034.509 414.78375 926.4560130930984 1026.4560130930984 271.6817171329047 371.6817171329047
1768 1047.3018 424.85544 928.1110179615537 1028.1110179615537 280.0603385467098 380.0603385467098
1786 1047.3018 424.85544 929.6026611419293 1029.6026611419293 288.97932248926173 388.97932248926173
1802 1058.6835 437.15274 930.7023636603816 1030.7023636603817 296.94190141113677 396.94190141113677
1819 1058.6835 437.15274 931.6366043392997 1031.6366043392995 305.4311612295389 405.4311612295389
1836 1068.6693 448.38147 932.3288155200738 1032.328815520074 313.9435746118702 413.9435746118702
1853 1068.6693 448.38147 932.7784362013994 1032.7784362013995 322.4722426880359 422.4722426880359
1870 1068.6693 448.38147 932.9851019890048 1032.9851019890048 331.01025341435343 431.01025341435343
1887 1074.5757 457.52792 932.9486453909749 1032.948645390975 339.5506871754069 439.5506871754069
1904 1074.5757 457.52792 932.6690959534936 1032.6690959534935 348.08662239203596 448.08662239203596
1921 1079.2018 465.36664 932.1466802368993 1032.1466802368993 356.6111411309172 456.6111411309172
1938 1083.1122 472.51804 931.3818216320687 1031.3818216320687 365.1173347111916 465.1173347111916
1956 1083.1122 472.51804 930.3084090841814 1030.3084090841814 374.09625777841393 474.09625777841393
1972 1082.1703 480.89066 929.1274512558361 1029.1274512558361 382.04719151753216 482.04719151753216
1990 1082.1703 480.89066 927.5448065389205 1027.5448065389205 390.9504779694597 490.9504779694597
2006 1080.7462 483.04388 925.9132915457113 1025.9132915457112 398.8213208432003 498.8213208432003
2023 1080.7462 483.04388 923.9494255069792 1023.9494255069792 407.13297339202586 507.13297339202586
2040 1079.242 487.5341 921.7497600303433 1021.7497600303433 415.385355454278 515.3853554542779
2057 1079.242 487.5341 919.3160778307275 1019.3160778307275 423.5717789017766 523.5717789017766
2075 1076.1622 494.09656 916.4863627748334 1016.4863627748334 432.1604916486035 532.1604916486035
2091 1076.1622 494.09656 913.7547408159044 1013.7547408159044 439.7202700970553 539.7202700970553
2108 1077.0183 495.05746 910.6315931762647 1010.6315931762647 447.6692503292295 547.6692503292295
2125 1077.0183 495.05746 907.2834395119482 1007.2834395119482 455.52610752219204 555.526107522192
2143 1072.2205 499.28238 903.4961054216201 1003.4961054216201 463.737646624778 563.737646624778
2159 1072.2205 499.28238 899.9231482862865 999.9231482862865 470.9380623089762 570.9380623089762
2176 1069.2102 503.94702 895.9169758597092 995.9169758597092 478.4806693117979 578.4806693117979
2194 1069.2102 503.94702 891.4429679827582 991.4429679827582 486.339201456037 586.339201456037
2210 1062.7505 514.095 887.2688087238421 987.2688087238421 493.20858302917645 593.2085830291765
2228 1062.7505 514.095 882.3548386747549 982.3548386747549 500.79977346953126 600.7997734695313
2244 1060.1777 515.3991 877.7965218060378 977.7965218060378 507.42048008140796 607.420480081408
2262 1060.1777 515.3991 872.4585164298949 972.4585164298949 514.719724737489 614.719724737489
2278 1055.2041 515.4375 867.5308160761413 967.5308160761413 521.0702977777584 621.0702977777584
2295 1049.1931 520.073 862.1107312689596 962.1107312689596 527.6705264551181 627.6705264551181
2313 1049.1931 520.073 856.169526925818 956.169526925818 534.4878107309933 634.4878107309933
2329 1042.355 523.07806 850.7180576999276 950.7180576999276 540.394882086187 640.394882086187
2346 1042.355 523.07806 844.754702109853 944.754702109853 546.5086966087915 646.5086966087915
2364 1042.355 523.07806 838.2536107340788 938.2536107340788 552.7943218655896 652.7943218655896
2381 1037.0369 533.00165 831.9423499372441 931.9423499372441 558.5483052740481 658.5483052740481
2397 1037.0369 533.00165 825.8549614017456 925.8549614017456 563.7976585231695 663.7976585231695
2414 1032.8381 533.63605 819.2355094916655 919.2355094916655 569.1942495138428 669.1942495138428
2431 1032.8381 533.63605 812.4651233483269 912.4651233483269 574.4002277485814 674.4002277485814
2449 1028.8839 539.20074 805.1380660054275 905.1380660054275 579.6999923319313 679.6999923319313
2465 1028.8839 539.20074 798.4936144283101 898.4936144283101 584.2236271487043 684.2236271487043
2482 1019.7834 546.53046 791.3038148358737 891.3038148358737 588.8330869577367 688.8330869577367
2499 815.8267 437.22437 783.9857182018081 883.9857182018081 593.2360177503971 693.2360177503971
2516 815.8267 437.22437 776.54525546435 876.54525546435 597.4288511793545 697.4288511793545
2533 652.6614 349.7795 768.9884567331254 868.9884567331254 601.4081891703074 701.4081891703074
2550 652.6614 349.7795 761.3214464020558 861.3214464020558 605.1708066759479 705.1708066759479
2567 522.1291 279.8236 753.5504381858558 853.5504381858558 608.7136542896951 708.7136542896951
2584 522.1291 279.8236 745.6817300841386 845.6817300841386 612.0338607170812 712.0338607170812
2601 522.1291 279.8236 737.721699277214 837.721699277214 615.1287351027865 715.1287351027865
2619 417.70328 223.85889 729.2010633664289 829.2010633664289 618.1572723108953 718.1572723108953
2635 417.70328 223.85889 721.553543102233 821.553543102233 620.6326394604092 720.6326394604092
2652 334.16263 179.08711 713.3585211872297 813.3585211872297 623.0372088029525 723.0372088029525
2670 399.07315 253.09805 704.6105964401853 804.6105964401853 625.327860798587 725.327860798587
2686 399.07315 253.09805 696.7797925232513 796.7797925232513 627.1418395004217 727.1418395004217
2703 451.8604 316.3935 688.4095219750633 788.4095219750633 628.8385742647915 728.8385742647915
2720 451.8604 316.3935 679.9943448795832 779.9943448795832 630.296357637651 730.296357637651
2737 497.1952 350.59235 671.5410813019316 771.5410813019316 631.5140081610913 731.5140081610913
2754 497.1952 350.59235 663.0565821743512 763.0565821743512 632.4905389924386 732.4905389924386
2771 528.3477 385.11954 654.5477237438794 754.5477237438794 633.2251587040392 733.2251587040392
2788 528.3477 385.11954 646.0214019995067 746.0214019995067 633.7172719246712 733.7172719246712
2805 551.756 412.70715 637.4845270833351 737.4845270833351 633.9664798220608 733.9664798220608
2822 551.756 412.70715 628.9440176902656 728.9440176902656 633.9725804261168 733.9725804261168
2839 570.7799 430.66656 620.4067954607539 720.4067954607539 633.7355687926154 733.7355687926154
2857 570.7799 430.66656 611.3786557812324 711.3786557812324 633.2198480618783 733.2198480618783
2873 587.77075 450.95905 603.3698801263789 703.3698801263789 632.5331740297464 732.5331740297464
2891 587.77075 450.95905 594.3857197476881 694.3857197476881 631.5045165381459 731.5045165381459
2907 604.9103 464.04895 586.4290000393138 686.4290000393138 630.3631926583694 730.3631926583694
2925 604.9103 464.04895 577.5179378468152 677.5179378468152 628.8249324247021 728.8249324247021
2941 616.8633 473.45212 569.6390628953682 669.6390628953682 627.232657883161 727.232657883161
2958 616.8633 473.45212 561.3177276452934 661.3177276452934 625.3102329649023 725.3102329649023
2975 620.81177 485.91815 553.0544871637487 653.0544871637487 623.1517161929854 723.1517161929854
2993 620.81177 485.91815 544.3759367047026 644.3759367047026 620.6108431393186 720.6108431393186
3009 622.319 495.8801 536.7290257094023 636.7290257094023 618.1335944747455 718.1335944747455
3027 622.319 495.8801 528.2091351954737 628.2091351954737 615.1029609476205 715.1029609476205
3043 623.5664 500.53726 520.7155915726703 620.7155915726703 612.1945571432422 712.1945571432422
3061 620.5785 508.0066 512.3819751274623 612.3819751274623 608.6839858379951 708.6839858379951
3077 620.5785 508.0066 505.066086470933 605.066086470933 605.3538534259965 705.3538534259965
3094 617.444 510.5587 497.3937085871838 597.3937085871838 601.6021930576474 701.6021930576474
3112 617.444 510.5587 489.38993504921393 589.3899350492139 597.3935254421243 697.3935254421243
3128 617.444 510.5587 482.38478743869564 582.3847874386956 593.4514554692516 693.4514554692516
3145 611.6846 513.3519 475.06040812706976 575.0604081270698 589.058983999804 689.058983999804
3162 611.6846 513.3519 467.8640306732291 567.8640306732291 584.4598004361334 684.4598004361334
3179 608.6737 515.64746 460.8014873683203 560.8014873683203 579.6576321782761 679.6576321782761
3196 608.6737 515.64746 453.87850203784535 553.8785020378454 574.6563711348483 674.6563711348483
3213 604.3627 516.03784 447.10068540279684 547.1006854027969 569.4600705688548 669.4600705688548
3230 604.3627 516.03784 440.47353053246013 540.4735305324601 564.0729418127313 664.0729418127313
3247 598.5869 517.7466 434.0024083925641 534.0024083925641 558.4993508552757 658.4993508552757
3264 593.21765 517.5455 427.69256349239276 527.6925634923928 552.7438148032415 652.7438148032415
3281 593.21765 517.5455 421.54910963438175 521.5491096343817 546.8109982204569 646.8109982204569
3298 585.77264 518.2291 415.5770257696452 515.5770257696452 540.7057093474355 640.7057093474355
3315 585.77264 518.2291 409.7811519627961 509.7811519627961 534.4328962045494 634.4328962045494
3332 578.8824 518.70245 404.1661854693228 504.1661854693228 527.9976425819129 627.9976425819129
3350 578.8824 518.70245 398.4231643908829 498.4231643908829 521.0125883346178 621.0125883346178
3366 571.05005 517.54065 393.49702667636814 493.49702667636814 514.6608030789737 614.6608030789737
3383 571.05005 517.54065 388.45148117741576 488.45148117741576 507.7700260162269 607.7700260162269
3401 571.05005 517.54065 383.3252481623738 483.3252481623738 500.3205287834901 600.3205287834901
3417 566.1827 516.40173 378.95890042682595 478.95890042682595 493.5716758314352 593.5716758314352
3434 566.8387 517.23865 374.519558420162 474.519558420162 486.2756097367269 586.2756097367269
3451 566.8387 517.23865 370.28970142185455 470.28970142185455 478.85613214835485 578.8561321483548
3468 563.74976 518.0083 366.2727575118902 466.2727575118902 471.3192561685689 571.3192561685689
3485 563.74976 518.0083 362.4719822152257 462.4719822152257 463.6710900449318 563.6710900449318
3502 559.2361 513.59265 358.8904558633554 458.8904558633554 455.9178322199049 555.9178322199049
3519 559.2361 513.59265 355.5310810978608 455.5310810978608 448.06576630732854 548.0657663073285
3536 555.10596 513.0226 352.3965805179704 452.3965805179704 440.1212559998803 540.1212559998803
3553 555.10596 513.0226 349.4894944740342 449.4894944740342 432.0907399116313 532.0907399116313
3570 553.681 507.25848 346.8121790087004 446.8121790087004 423.9807263598813 523.9807263598814
3587 553.681 507.25848 344.3668039474663 444.3668039474663 415.79778809050777 515.7977880905078
3604 553.7298 500.26453 342.155351140146 442.155351140146 407.5485569510936 507.5485569510936
3622 553.7298 500.26453 340.07076873233893 440.07076873233893 398.74925072104793 498.74925072104793
3638 549.26086 497.7266 338.44119032461737 438.44119032461737 390.87800666884965 490.87800666884965
3655 549.26086 497.7266 336.9414924513526 436.9414924513526 382.4701981434725 482.4701981434725
3672 548.117 494.25018 335.68173466233077 435.68173466233077 374.02310703330426 474.02310703330426
3689 548.117 494.25018 334.66293792598333 434.66293792598333 365.5435792681223 465.5435792681223
3707 546.3684 493.71722 333.8477655898568 433.8477655898568 356.5375386282254 456.5375386282254
3723 546.3684 493.71722 333.35133438360816 433.35133438360816 348.5147233633919 448.5147233633919
3741 544.7866 485.69238 333.0499980009779 433.0499980009779 339.4768878742076 439.4768878742076
3757 544.7866 485.69238 453.02406576024066 553.0240657602407 331.056686471707 431.056686471707
3774 538.5309 481.97885 453.36623095517183 553.3662309551719 322.5235450269113 422.5235450269113
3792 538.5309 481.97885 454.16922084104294 554.1692208410429 313.5170210808991 413.5170210808991
3808 534.73615 476.91537 455.26193415828243 555.2619341582824 305.553911501838 405.553911501838
3825 533.3871 475.19302 456.81120498653286 556.8112049865329 297.15561763711503 397.15561763711503
3842 533.3871 475.19302 458.7570723329198 558.7570723329197 288.84025954453836 388.84025954453836
3860 533.3871 475.19302 461.2447967163995 561.2447967163995 280.14695788528695 380.14695788528695
3877 530.33954 472.05893 463.99241332353733 563.9924133235373 272.0610328969076 372.0610328969076
3893 530.33954 472.05893 466.92605000007745 566.9260500000775 264.5777907912517 364.5777907912517
3911 530.6237 470.3543 470.6219007798122 570.6219007798122 256.3253394366035 356.3253394366035
3927 530.6237 470.3543 474.251415455004 574.251415455004 249.15374548655507 349.15374548655507
3944 528.6493 458.53665 478.4544350159092 578.4544350159092 241.71962102511617 341.71962102511617
3962 528.6493 458.53665 483.2836511094473 583.2836511094473 234.07495371588607 334.07495371588607
3978 528.4222 450.52148 487.893864647575 587.893864647575 227.49080094619188 327.4908009461919
3996 528.4222 450.52148 493.4257256503695 593.4257256503695 220.33812451057264 320.33812451057264
4012 527.67334 439.27164 498.63907999467915 598.6390799946792 214.22043924223226 314.22043924223226
4029 528.6838 430.5489 504.47157621838664 604.4715762183866 207.98236520147657 307.98236520147657
4046 528.6838 430.5489 510.59338667089924 610.5933866708992 202.0279536670738 302.0279536670738
4063 527.73315 421.90488 516.9907313118342 616.9907313118342 196.37060786867886 296.37060786867886
4080 527.73315 421.90488 523.6492098803254 623.6492098803254 191.0230623484931 291.0230623484931
4097 530.22 410.83023 530.5538343096449 630.5538343096449 185.9973542961332 285.9973542961332
4115 530.22 410.83023 538.1156224410547 638.1156224410547 181.0393681522872 281.03936815228724
4131 530.22 410.83023 545.0388331282979 645.0388331282979 176.95595164869005 276.9559516486901
4148 531.63257 401.88354 552.5866021519138 652.5866021519138 172.9606090221234 272.96060902212344
4166 531.63257 401.88354 560.7752807325808 660.7752807325808 169.12553282347662 269.12553282347665
4182 556.3209 390.28107 568.2077684862486 668.2077684862486 166.06558799499004 266.06558799499004
4199 556.3209 390.28107 576.2460029469295 676.2460029469295 163.1814301122385 263.1814301122385
4216 596.5198 379.3274 584.4119892185008 684.4119892185008 160.68178050678887 260.68178050678887
4233 629.5568 368.49 592.6873458725511 692.6873458725511 158.57226582663537 258.5722658266354
4250 629.5568 368.49 601.053445290706 701.053445290706 156.85763453593017 256.8576345359302
4268 658.35864 358.72244 609.9896433324445 709.9896433324445 155.4768264733346 255.4768264733346
4284 658.35864 358.72244 617.9823830375866 717.9823830375866 154.6275629290547 254.6275629290547
4302 681.2708 348.63806 627.009212437205 727.009212437205 154.09972077737774 254.09972077737774
4318 681.2708 348.63806 635.0464617946108 735.0464617946108 154.01163372561214 254.01163372561214
4335 699.4036 343.16626 643.581202299593 743.581202299593 154.31127426047263 254.31127426047263
4352 699.4036 343.16626 652.0921247860152 752.0921247860152 155.01538956894865 255.01538956894865
4369 699.4036 343.16626 660.5600713827765 760.5600713827765 156.12239470530233 256.1223947053023
4386 715.6575 340.74112 668.9659809564164 768.9659809564164 157.6297978289907 257.6297978289907
4403 733.8607 338.57733 677.2909320172428 777.2909320172428 159.53420581373558 259.5342058137356
4420 733.8607 338.57733 685.5161853111272 785.5161853111272 161.83133188536496 261.831331885365
4438 750.82605 335.40173 694.0960379112927 794.0960379112927 164.68587137647998 264.68587137648
4454 750.82605 335.40173 701.5938053437343 801.5938053437343 167.58218283949915 267.5821828394992
4471 763.9156 336.22037 709.4099817666976 809.4099817666976 171.0229627020636 271.02296270206364
4488 763.9156 336.22037 717.0541612546845 817.0541612546845 174.83059975054408 274.8305997505441
4505 776.14636 333.93674 724.5091369531456 824.5091369531456 178.99652309031762 278.9965230903176
4522 776.14636 333.93674 731.7581279004737 831.7581279004737 183.51135533338842 283.51135533338845
4539 786.31476 334.33862 738.7848168015221 838.7848168015221 188.36493370665013 288.36493370665016
4557 786.31476 334.33862 745.9649695491788 845.9649695491788 193.86108443850046 293.8610844385005
4573 796.82153 335.2653 752.108556869033 852.108556869033 199.0438897990301 299.0438897990301
4590 796.82153 335.2653 758.3756166338345 858.3756166338345 204.8452294582745 304.8452294582745
4607 804.5027 333.35333 764.3604590589218 864.3604590589218 210.9372932370277 310.9372932370277
4624 813.0439 335.32812 770.0496124154753 870.0496124154753 217.30636805391646 317.30636805391646
4641 813.0439 335.32812 775.4302705632856 875.4302705632856 223.93811728273374 323.93811728273374
4659 813.0439 335.32812 780.7777404132385 880.7777404132385 231.2296762758943 331.2296762758943
4675 821.5556 338.58884 785.2183760095571 885.2183760095571 237.9293697063817 337.9293697063817
4692 821.5556 338.58884 789.6037905304013 889.6037905304013 245.25737894613326 345.25737894613326
4709 829.2308 344.10495 793.6366938824929 893.6366938824929 252.78514557975075 352.78514557975075
4726 829.2308 344.10495 797.3080081024611 897.3080081024611 260.4957247950736 360.4957247950736
4743 836.69293 341.20892 800.6094691549205 900.6094691549205 268.3717602734482 368.3717602734482
4760 836.69293 341.20892 803.5336455346032 903.5336455346032 276.3955232583588 376.3955232583588
4778 841.1718 343.01105 806.2113040348377 906.2113040348377 285.032213093187 385.032213093187
4794 849.2648 345.5788 808.2246793622878 908.2246793622878 292.8136947228397 392.8136947228397
4811 849.2648 345.5788 809.980977411876 909.980977411876 301.17114631399613 401.17114631399613
4829 856.0064 350.97565 811.4062971637562 911.4062971637562 310.1003528829921 410.1003528829921
4845 856.0064 350.97565 812.2953777692248 912.2953777692248 318.08876150040663 418.08876150040663
4863 861.28 352.4663 812.8681938134266 912.8681938134266 327.11284860805364 427.11284860805364
4879 861.28 352.4663 812.9963291668411 912.9963291668411 335.1495592469291 435.1495592469291
4897 861.28 352.4663 812.7114868280897 912.7114868280897 344.18732065055974 444.18732065055974
4913 863.1934 359.096 812.0775238609478 912.0775238609478 352.200012303063 452.200012303063
4930 863.1934 359.096 811.0127280160616 911.0127280160616 360.6733699460652 460.6733699460652
4947 864.6084 360.99954 809.5472300260149 909.5472300260149 369.0866865084376 469.0866865084376
4964 864.6084 360.99954 807.6843286896907 907.6843286896907 377.4210238275436 477.4210238275436
4981 867.8093 360.63354 805.4282173508461 905.4282173508461 385.65762152102405 485.65762152102405
4998 869.89453 363.5671 802.7839744590015 902.7839744590015 393.77793921594457 493.77793921594457
5015 869.89453 363.5671 799.7575521379785 899.7575521379785 401.7636982827043 501.7636982827043
5032 871.09906 362.9178 796.3557627878217 896.3557627878217 409.59692297976756 509.59692297976756
5050 871.09906 362.9178 792.3532545820084 892.3532545820084 417.70507902225296 517.7050790222529
5066 869.7383 367.6571 788.4575400722103 888.4575400722103 424.73562274375536 524.7356227437554
5083 869.7383 367.6571 783.9788854061801 883.9788854061801 432.00702098068035 532.0070209806804
5100 863.0822 379.8982 779.1603810904619 879.1603810904619 439.057807893992 539.057807893992
5117 863.0822 379.8982 774.0128734563121 874.0128734563121 445.8721123408068 545.8721123408068
5134 829.71844 410.03854 768.5479494131282 868.5479494131282 452.4345954942897 552.4345954942896
5151 829.71844 410.03854 762.7779103666112 862.7779103666112 458.73048537096236 558.7304853709624
5168 829.71844 410.03854 756.7157445286122 856.7157445286122 464.7456100820642 564.7456100820642
5185 797.8074 435.0603 750.3750976809954 850.3750976809954 470.46642973411736 570.4664297341174
5202 775.6121 455.70312 743.7702424593289 843.7702424593289 475.8800669068827 575.8800669068827
5219 775.6121 455.70312 736.9160462255444 836.9160462255444 480.9743356401059 580.9743356401059
5236 754.6905 469.82852 729.8279376018812 829.8279376018812 485.73776886380733 585.7377688638073
5253 754.6905 469.82852 722.5218717414465 822.5218717414465 490.15964421036574 590.1596442103657
5271 739.02783 484.2424 714.5667557803298 814.5667557803298 494.45829474187997 594.45829474188
5288 739.02783 484.2424 706.864242169551 806.864242169551 498.14650081167713 598.1465008116771
5304 725.96185 502.30048 699.4626183788416 799.4626183788416 501.28036453280606 601.2803645328061
5321 725.96185 502.30048 691.4535261011198 791.4535261011198 504.2444868016163 604.2444868016163
5338 710.5954 517.44867 683.3128564156366 783.3128564156366 506.8253930396211 606.8253930396211
5355 710.5954 517.44867 675.0589337638094 775.0589337638094 509.01727369220305 609.017273692203
5372 706.14874 526.46594 666.710337516615 766.710337516615 510.8151948914908 610.8151948914908
5389 700.1587 534.0266 658.2858601528986 758.2858601528986 512.2151095623715 612.2151095623715
5407 700.1587 534.0266 649.3041943374132 749.3041943374132 513.2600715357657 613.2600715357657
5423 700.1587 534.0266 641.2852433377668 741.2852433377668 513.8092176247758 613.8092176247758
5440 696.08167 535.64795 632.7473718445073 732.7473718445073 513.9998227193989 613.9998227193989
5458 696.08167 535.64795 623.7083032838261 723.7083032838261 513.7600188365996 613.7600188365996
5474 689.927 530.66064 615.692552089333 715.692552089333 513.1659907650433 613.1659907650433
5491 689.927 530.66064 607.2139937950213 707.2139937950213 512.1434306506889 612.1434306506889
5508 690.57855 528.3098 598.7934791480179 698.7934791480179 510.71987418285164 610.7198741828516
5525 690.57855 528.3098 590.4499625136663 690.4499625136663 508.8985257511097 608.8985257511097
5542 682.7016 523.87915 582.2022249367301 682.2022249367301 506.68348516468336 606.6834851646834
5559 679.03937 519.6233 574.0688318657412 674.0688318657412 504.079738423869 604.079738423869
5576 679.03937 519.6233 566.0680913626405 666.0680913626405 501.0931464966776 601.0931464966776
5594 676.0933 516.4661 557.7613149437265 657.7613149437265 497.5210698075416 597.5210698075416
5611 676.0933 516.4661 550.0900131230868 650.0900131230868 493.7683763329592 593.7683763329592
5627 673.09436 511.91156 543.0401444467964 643.0401444467964 489.90774319720856 589.9077431972086
5644 673.09436 511.91156 535.7465194703461 635.7465194703461 485.4653773139863 585.4653773139863
5661 673.09436 511.91156 528.6718096170268 628.6718096170268 480.6820667001052 580.6820667001052
5678 665.9819 514.9263 521.8319398796541 621.8319398796541 475.56857846668925 575.5685784666892
5696 665.9819 514.9263 514.8627939261758 614.8627939261758 469.80721829516574 569.8072182951657
5712 659.3087 519.2205 508.91774297137306 608.9177429713731 464.3978277836013 564.3978277836013
5729 659.3087 519.2205 502.8724853308397 602.8724853308397 458.36571041097886 558.3657104109789
5746 654.3796 521.9457 497.1201414322254 597.1201414322254 452.0536489719888 552.0536489719889
5763 653.72906 522.4995 491.67365965604995 591.67365965605 445.47585175716756 545.4758517571676
5780 653.72906 522.4995 486.5452998949387 586.5452998949387 438.6471252215585 538.6471252215586
5798 648.32715 523.3594 481.47483091410595 581.474830914106 431.16029607556385 531.1602960755638
5814 648.32715 523.3594 477.2883795805666 577.2883795805666 424.29889958551144 524.2988995855114
5831 644.0771 525.5106 473.18065612063515 573.1806561206351 416.8116979778178 516.8116979778179
5849 644.0771 525.5106 469.2236005938714 569.2236005938714 408.68126269395975 508.68126269395975
5865 638.5706 521.93713 466.05289368960894 566.0528936896089 401.295346752855 501.295346752855
5882 638.5706 521.93713 463.04889913133843 563.0488991313384 393.30112404946493 493.30112404946493
5900 632.85004 521.5531 460.2853018905736 560.2853018905736 384.6915481808328 484.6915481808328
5917 632.85004 521.5531 458.07533489037223 558.0753348903722 376.44244969702606 476.44244969702606
5933 632.85004 521.5531 456.35497798067684 556.3549779806768 368.59098431373195 468.59098431373195
5951 627.15247 517.16864 454.8407421273871 554.8407421273871 359.67642565233353 459.67642565233353
5967 623.5463 510.5254 453.8720946157316 553.8720946157316 351.69727415859836 451.69727415859836
5984 623.5463 510.5254 453.23429986469176 553.2342998646918 343.18112492358273 443.18112492358273
6001 618.1354 510.19324 453.0036526131048 553.0036526131048 335.1467028281774 435.1467028281774
