1 483.84033 298.17908 333.00042067616835 433.00042067616835 333.4976002348308 433.4976002348308
18 387.07227 238.54326 333.13628878990846 433.13628878990846 324.9581694712406 424.9581694712406
34 309.6578 190.83461 333.4861703954607 433.4861703954607 316.92762829531256 416.92762829531256
51 309.6578 190.83461 334.0935140048509 434.0935140048509 308.4087391863609 408.4087391863609
68 309.6578 190.83461 334.94310583748677 434.94310583748677 299.91059046864586 399.91059046864586
85 247.72624 152.6677 336.0342573431978 436.0342573431978 291.44006945149073 391.44006945149073
103 247.72624 152.6677 337.4518999466856 437.4518999466856 282.5090245297676 382.5090245297676
119 198.181 122.134155 338.93750703184975 438.93750703184975 274.6093422383909 374.6093422383909
136 198.181 122.134155 340.74725228130916 440.74725228130916 266.2627764750041 366.2627764750041
153 158.5448 97.70733 342.7938532438116 442.7938532438116 257.9711082224287 357.9711082224287
171 158.5448 97.70733 345.21716057483684 445.21716057483684 249.25899851671107 349.2589985167111
187 268.0332 159.04355 347.59079703666407 447.59079703666407 241.57929418234613 341.57929418234613
204 268.0332 159.04355 350.3372521925565 450.3372521925565 233.4924331110061 333.4924331110061
222 356.09964 207.67438 353.4949060276202 453.4949060276202 225.01879775167134 325.01879775167134
238 427.87994 249.61392 356.51500152904384 456.51500152904384 217.5695674640201 317.5695674640201
255 427.87994 249.61392 359.9412889638151 459.9412889638151 209.74646754616077 309.7464675461608
272 482.4416 285.23752 363.5888763391684 463.5888763391684 202.0240686798987 302.02406867989873
290 482.4416 285.23752 367.68894874217887 467.68894874217887 193.9641257374746 293.9641257374746
306 528.1828 307.78885 371.53594923283765 471.53594923283765 186.90632183391858 286.9063218339186
323 528.1828 307.78885 375.8289940602396 475.8289940602396 179.52322600490484 279.5232260049048
340 561.59863 330.53195 380.3304626662418 480.3304626662418 172.26532559916362 272.2653255991636
358 561.59863 330.53195 385.31984113972976 485.31984113972976 164.72348388819168 264.7234838881917
374 561.59863 330.53195 389.9439124255555 489.9439124255555 158.14853343516307 258.1485334351631
392 593.3126 342.95026 395.3543956887837 495.3543956887837 150.90284887099742 250.90284887099742
408 614.0243 359.3319 400.34514001297055 500.34514001297055 144.601699784777 244.601699784777
426 614.0243 359.3319 406.15919195402086 506.15919195402086 137.675656616284 237.675656616284
442 625.74036 371.03204 411.50043363562395 511.50043363562395 131.66873177782583 231.66873177782583
459 625.74036 371.03204 417.3496488335043 517.3496488335043 125.44562809241546 225.44562809241546
476 638.7426 378.9279 423.3736374701024 523.3736374701024 119.39154692211227 219.39154692211227
493 638.7426 378.9279 429.5675174146769 529.5675174146769 113.51139478609738 213.51139478609738
510 648.8418 387.4245 435.9262688483818 535.9262688483818 107.8099372430793 207.8099372430793
527 648.8418 387.4245 442.44473833256984 542.4447383325698 102.29179502905546 202.29179502905546
544 657.2868 392.88052 449.1176429853873 549.1176429853873 96.96144031244515 196.96144031244515
561 657.2868 392.88052 455.939574763276 555.939574763276 91.82319306962836 191.82319306962836
578 665.6131 399.63574 462.90500484391305 562.905004843913 86.88121758382923 186.88121758382923
595 665.6131 399.63574 470.0082881070341 570.0082881070341 82.13951907017963 182.13951907017963
613 670.324 402.46393 477.673267202495 577.673267202495 77.34146014899 177.34146014899
629 670.324 402.46393 484.6052797509776 584.6052797509776 73.27215913482809 173.2721591348281
646 674.13336 407.87067 492.08715802621145 592.0871580262115 69.15368424901567 169.15368424901567
663 674.13336 407.87067 499.6832388604396 599.6832388604396 65.24985358281685 165.24985358281685
680 680.1188 412.1835 507.3873660236304 607.3873660236304 61.563830988764266 161.56383098876427
697 680.1188 412.1835 515.1932957197998 615.1932957197998 58.09860379723074 158.09860379723074
714 681.554 414.9759 523.0947016472838 623.0947016472838 54.85698039535282 154.85698039535282
731 681.554 414.9759 531.0851801258791 631.0851801258791 51.84158795097835 151.84158795097835
749 673.6112 363.69193 539.6355747641641 639.6355747641641 48.89811628054434 148.89811628054434
765 673.6112 363.69193 547.3073843205016 647.3073843205016 46.49908588318232 146.49908588318232
782 673.2457 323.3487 555.5259627803556 655.5259627803556 44.176306080939696 144.1763060809397
800 671.8054 293.61206 564.2962813350795 664.2962813350795 41.972948099647 141.972948099647
816 671.8054 293.61206 572.1447741627716 672.1447741627716 40.23709987763954 140.23709987763954
833 673.2784 267.48727 580.531538399579 680.531538399579 38.62386599915499 138.623865999155
851 673.2784 267.48727 589.4578444296311 689.4578444296311 37.176684392405264 137.17668439240526
868 673.2784 267.48727 597.9247092126128 697.9247092126128 36.05751565750103 136.05751565750103
884 675.43823 246.46306 605.9196140026227 705.9196140026227 35.2247455122278 135.2247455122278
901 675.43823 246.46306 614.4353709721212 714.4353709721212 34.574960050003085 134.57496005000309
919 677.0092 228.4766 623.4683063658551 723.4683063658551 34.151460206215404 134.1514602062154
935 677.0092 228.4766 631.5051081479654 731.5051081479654 34.00372452586896 134.00372452586896
953 682.4834 212.73302 640.5475055449577 740.5475055449577 34.09495642779058 134.09495642779058
969 682.4834 212.73302 648.5796904715623 748.5796904715623 34.40481772096149 134.4048177209615
987 687.9898 201.93544 657.6022422323567 757.6022422323567 35.01048567359351 135.0104856735935
1003 699.83026 197.39578 665.6037768999744 765.6037768999744 35.77693963769889 135.7769396376989
1020 699.83026 197.39578 674.0796299331981 774.0796299331981 36.82586922049978 136.82586922049978
1037 711.9031 192.17274 682.5221900543268 782.5221900543268 38.115643042381976 138.11564304238198
1054 711.9031 192.17274 690.9246150057149 790.9246150057149 39.645215808474234 139.64521580847423
1071 725.2201 185.26901 699.2800950571935 799.2800950571935 41.41334787928315 141.41334787928315
1088 725.2201 185.26901 707.5818585250034 807.5818585250034 43.41860627535635 143.41860627535635
1106 725.2201 185.26901 716.3059353437416 816.3059353437416 45.79847131476845 145.79847131476845
1122 736.65546 174.92677 723.9973720999366 823.9973720999366 48.133810549576026 148.13381054957603
1139 736.65546 174.92677 732.0978182836474 832.0978182836474 50.839934998910564 150.83993499891056
1156 743.0597 160.79343 740.117950819005 840.117950819005 53.77554601295549 153.7755460129555
1174 749.1456 155.01895 748.5150943092397 848.5150943092397 57.13132537838908 157.13132537838908
1190 749.1456 155.01895 755.8913456946693 855.8913456946693 60.32552703375262 160.32552703375262
1207 759.254 152.1226 763.6318245155068 863.6318245155068 63.93458862018292 163.93458862018292
1225 759.254 152.1226 771.712097942471 871.712097942471 67.99444764366609 167.9944476436661
1241 766.35406 144.66692 778.788983721744 878.788983721744 71.80623152831976 171.80623152831976
1258 766.35406 144.66692 786.1933800147626 886.1933800147626 76.06243329120804 176.06243329120804
1275 780.3531 143.89462 793.4736210088488 893.4736210088488 80.52768009049117 180.52768009049117
1292 780.3531 143.89462 800.6238064458005 900.6238064458005 85.19835307494287 185.19835307494287
1309 793.90936 142.68694 807.638141470708 907.638141470708 90.0706669060545 190.0706669060545
1327 793.90936 142.68694 814.9106963702274 914.9106963702274 95.4449779482751 195.4449779482751
1343 793.90936 142.68694 821.2366359705578 921.2366359705578 100.40426185718263 200.40426185718263
1360 808.83545 149.41187 827.809774570124 927.809774570124 105.85716813378187 205.85716813378187
1377 808.83545 149.41187 834.2250299387413 934.2250299387413 111.49497235758312 211.49497235758312
1394 822.99347 150.91217 840.4772028442499 940.4772028442499 117.31310538030687 217.31310538030687
1411 838.89557 158.27777 846.5612262243785 946.5612262243785 123.30685190652298 223.30685190652298
1428 838.89557 158.27777 852.4721692933363 952.4721692933363 129.47135431515434 229.47135431515434
1445 854.8435 167.38086 858.2052415379586 958.2052415379586 135.80161659632608 235.80161659632608
1462 854.8435 167.38086 863.7557966001699 963.7557966001699 142.29250840037312 242.29250840037312
1479 868.5652 174.83246 869.1193360426164 969.1193360426164 148.93876919572267 248.93876919572267
1497 868.5652 174.83246 874.5897089352587 974.5897089352587 156.13934516994212 256.1393451699421
1513 883.5209 183.93018 879.2681356740757 979.2681356740757 162.675730406883 262.67573040688296
1530 883.5209 183.93018 884.0451707867052 984.0451707867052 169.7552977272204 269.7552977272204
1547 894.5686 194.0006 888.6187467928016 988.6187467928016 176.96797687071094 276.9679768707109
1565 908.42725 201.41914 893.2354766962846 993.2354766962846 184.74352051365594 284.74352051365594
1581 908.42725 201.41914 897.1408627967578 997.1408627967578 191.76918547310373 291.76918547310373
1598 908.42725 201.41914 901.0824960610505 1001.0824960610505 199.34571931915121 299.3457193191512
1616 920.7312 208.77916 905.0191112173986 1005.0191112173986 207.48674720608716 307.48674720608716
1633 920.7312 208.77916 908.5101439647128 1008.5101439647128 215.28117010118746 315.28117010118746
1649 934.1351 222.33879 911.5918989033121 1011.5918989033121 222.7051040458423 322.7051040458423
1666 934.1351 222.33879 914.6470702485676 1014.6470702485676 230.6804577033056 330.6804577033056
1684 943.77075 233.61136 917.6331117598017 1017.6331117598017 239.21607894831448 339.2160789483145
1700 943.77075 233.61136 920.0703407916484 1020.0703407916484 246.87583895516212 346.8758389551621
1717 949.78516 251.6513 922.4340447096293 1022.4340447096293 255.08274103198784 355.08274103198784
1734 949.78516 251.6513 924.5631773273444 1024.5631773273444 263.35360145921436 363.35360145921436
1752 955.0057 270.46683 926.5599638955216 1026.5599638955216 272.17324529251096 372.17324529251096
1768 955.0057 270.46683 928.1110179615537 1028.1110179615537 280.0603385467098 380.0603385467098
1785 953.7184 283.5188 929.5268506369953 1029.5268506369953 288.4826752619944 388.4826752619944
1803 959.6073 298.53864 930.7640061395116 1030.7640061395116 297.4405053679775 397.4405053679775
1819 959.6073 298.53864 931.6366043392997 1031.6366043392995 305.4311612295389 405.4311612295389
1836 963.1193 314.6576 932.3288155200738 1032.328815520074 313.9435746118702 413.9435746118702
1854 963.1193 314.6576 932.7973209778079 1032.7973209778079 322.97428757271297 422.97428757271297
1870 963.1193 314.6576 932.9851019890048 1032.9851019890048 331.01025341435343 431.01025341435343
1887 977.2269 345.86594 932.9486453909749 1032.948645390975 339.5506871754069 439.5506871754069
1904 977.2269 345.86594 932.6690959534936 1032.6690959534935 348.08662239203596 448.08662239203596
1921 992.00885 373.25882 932.1466802368993 1032.1466802368993 356.6111411309172 456.6111411309172
1938 992.00885 373.25882 931.3818216320687 1031.3818216320687 365.1173347111916 465.1173347111916
1955 1001.80865 398.06696 930.3751400172805 1030.3751400172805 373.5983093035911 473.5983093035911
1973 1011.57935 422.42572 929.0465730175129 1029.0465730175129 382.54303868307437 482.54303868307437
1989 1011.57935 422.42572 927.6397665348454 1027.6397665348454 390.4571339716405 490.4571339716405
2007 1018.33636 441.72968 925.8043267523421 1025.8043267523421 399.3117618435425 499.3117618435425
2023 1018.33636 441.72968 923.9494255069792 1023.9494255069792 407.13297339202586 507.13297339202586
2040 1023.96 457.46426 921.7497600303433 1021.7497600303433 415.385355454278 515.3853554542779
2057 1023.96 457.46426 919.3160778307275 1019.3160778307275 423.5717789017766 523.5717789017766
2074 1025.6765 467.78555 916.6503512814876 1016.6503512814876 431.68560906238275 531.6856090623828
2091 1025.6765 467.78555 913.7547408159044 1013.7547408159044 439.7202700970553 539.7202700970553
2108 1025.6765 467.78555 910.6315931762647 1010.6315931762647 447.6692503292295 547.6692503292295
2125 1023.83997 480.1301 907.2834395119482 1007.2834395119482 455.52610752219204 555.526107522192
2142 1023.83997 480.1301 903.7129933280626 1003.7129933280626 463.2844741001809 563.2844741001809
2159 1022.6474 493.8011 899.9231482862865 999.9231482862865 470.9380623089762 570.9380623089762
2176 1020.1243 508.12326 895.9169758597092 995.9169758597092 478.4806693117979 578.4806693117979
2193 1020.1243 508.12326 891.6977228435584 991.6977228435584 485.90618221638465 585.9061822163847
2210 1012.2805 519.67175 887.2688087238421 987.2688087238421 493.20858302917645 593.2085830291765
2227 1012.2805 519.67175 882.6338229060326 982.6338229060326 500.38195353258584 600.3819535325858
2244 1011.6638 531.5657 877.7965218060378 977.7965218060378 507.42048008140796 607.420480081408
2262 1011.6638 531.5657 872.4585164298949 972.4585164298949 514.719724737489 614.719724737489
2278 1008.80414 542.1939 867.5308160761413 967.5308160761413 521.0702977777584 621.0702977777584
2295 1008.80414 542.1939 862.1107312689596 962.1107312689596 527.6705264551181 627.6705264551181
2313 971.3421 562.8173 856.169526925818 956.169526925818 534.4878107309933 634.4878107309933
2329 971.3421 562.8173 850.7180576999276 950.7180576999276 540.394882086187 640.394882086187
2347 912.87946 580.3881 844.398524111755 944.398524111755 546.8630169930223 646.8630169930223
2363 912.87946 580.3881 838.6197303028227 938.6197303028227 552.4502838409564 652.4502838409564
2381 860.6066 597.1722 831.9423499372441 931.9423499372441 558.5483052740481 658.5483052740481
2397 860.6066 597.1722 825.8549614017456 925.8549614017456 563.7976585231695 663.7976585231695
2414 815.7681 611.4306 819.2355094916655 919.2355094916655 569.1942495138428 669.1942495138428
2431 815.7681 611.4306 812.4651233483269 912.4651233483269 574.4002277485814 674.4002277485814
2448 778.4118 623.369 805.5492900189863 905.5492900189863 579.4113740517007 679.4113740517007
2466 778.4118 623.369 798.0743413925139 898.0743413925139 584.5004227817345 684.5004227817345
2482 748.27875 630.58734 791.3038148358737 891.3038148358737 588.8330869577367 688.8330869577367
2499 748.27875 630.58734 783.9857182018081 883.9857182018081 593.2360177503971 693.2360177503971
2516 722.08777 635.16547 776.54525546435 876.54525546435 597.4288511793545 697.4288511793545
2534 702.5337 640.98615 768.5404466713042 868.5404466713042 601.6355494252274 701.6355494252274
2550 702.5337 640.98615 761.3214464020558 861.3214464020558 605.1708066759479 705.1708066759479
2567 684.52484 647.6624 753.5504381858558 853.5504381858558 608.7136542896951 708.7136542896951
2584 684.52484 647.6624 745.6817300841386 845.6817300841386 612.0338607170812 712.0338607170812
2601 684.52484 647.6624 737.721699277214 837.721699277214 615.1287351027865 715.1287351027865
2618 665.04944 652.20734 729.6767969577133 829.6767969577133 617.9957692114392 717.9957692114392
2635 665.04944 652.20734 721.553543102233 821.553543102233 620.6326394604092 720.6326394604092
2652 650.9285 653.3032 713.3585211872297 813.3585211872297 623.0372088029525 723.0372088029525
2670 650.9285 653.3032 704.6105964401853 804.6105964401853 625.327860798587 725.327860798587
2686 638.54175 651.76636 696.7797925232513 796.7797925232513 627.1418395004217 727.1418395004217
2703 638.54175 651.76636 688.4095219750633 788.4095219750633 628.8385742647915 728.8385742647915
2720 627.14984 655.23975 679.9943448795832 779.9943448795832 630.296357637651 730.296357637651
2737 621.4542 657.1588 671.5410813019316 771.5410813019316 631.5140081610913 731.5140081610913
2754 621.4542 657.1588 663.0565821743512 763.0565821743512 632.4905389924386 732.4905389924386
2771 613.693 660.21375 654.5477237438794 754.5477237438794 633.2251587040392 733.2251587040392
2789 613.693 660.21375 645.5194574500881 745.5194574500881 633.7386581426483 733.7386581426483
2805 608.8491 662.20245 637.4845270833351 737.4845270833351 633.9664798220608 733.9664798220608
2822 608.8491 662.20245 628.9440176902656 728.9440176902656 633.9725804261168 733.9725804261168
2840 600.589 629.4273 619.9048561883765 719.9048561883765 633.714059077236 733.714059077236
2856 600.589 629.4273 611.8797793711809 711.8797793711809 633.2556370072082 733.2556370072082
2873 600.589 629.4273 603.3698801263789 703.3698801263789 632.5331740297464 732.5331740297464
2890 593.2287 604.0043 594.8839945588649 694.8839945588649 631.5687653790487 731.5687653790487
2907 593.2287 604.0043 586.4290000393138 686.4290000393138 630.3631926583694 730.3631926583694
2924 586.7778 585.1171 578.0117489028069 678.0117489028069 628.9174329219486 728.9174329219486
2941 580.7303 567.6548 569.6390628953682 669.6390628953682 627.232657883161 727.232657883161
2958 580.7303 567.6548 561.3177276452934 661.3177276452934 625.3102329649023 725.3102329649023
2975 571.50134 553.6724 553.0544871637487 653.0544871637487 623.1517161929854 723.1517161929854
2993 571.50134 553.6724 544.3759367047026 644.3759367047026 620.6108431393186 720.6108431393186
3009 569.69165 545.5731 536.7290257094023 636.7290257094023 618.1335944747455 718.1335944747455
3026 569.69165 545.5731 528.6800356774336 628.6800356774336 615.278056456131 715.278056456131
3043 564.71515 534.6403 520.7155915726703 620.7155915726703 612.1945571432422 712.1945571432422
3060 564.71515 534.6403 512.8421481644934 612.8421481644934 608.8855955525434 708.8855955525434
3077 558.7584 528.2462 505.066086470933 605.066086470933 605.3538534259965 705.3538534259965
3094 558.7584 528.2462 497.3937085871838 597.3937085871838 601.6021930576474 701.6021930576474
3111 555.76294 521.3931 489.8312325780845 589.8312325780845 597.6336549738851 697.6336549738851
3128 555.76294 521.3931 482.38478743869564 582.3847874386956 593.4514554692516 693.4514554692516
3145 546.33746 510.8011 475.06040812706976 575.0604081270698 589.058983999804 689.058983999804
3162 546.33746 510.8011 467.8640306732291 567.8640306732291 584.4598004361334 684.4598004361334
3179 541.7854 507.74298 460.8014873683203 560.8014873683203 579.6576321782761 679.6576321782761
3197 541.7854 507.74298 453.4757341971813 553.4757341971813 574.3560650118047 674.3560650118047
3213 539.97424 498.36652 447.10068540279684 547.1006854027969 569.4600705688548 669.4600705688548
3230 539.97424 498.36652 440.47353053246013 540.4735305324601 564.0729418127313 664.0729418127313
3247 535.704 491.27808 434.0024083925641 534.0024083925641 558.4993508552757 658.4993508552757
3264 535.704 491.27808 427.69256349239276 527.6925634923928 552.7438148032415 652.7438148032415
3282 535.4136 490.46112 421.193018823778 521.193018823778 546.4565902131905 646.4565902131905
3298 535.4136 490.46112 415.5770257696452 515.5770257696452 540.7057093474355 640.7057093474355
3316 529.5365 485.84888 409.4458068390105 509.4458068390105 534.0587981572892 634.0587981572892
3333 526.42737 480.80798 403.8416251188419 503.8416251188419 527.6141503656863 627.6141503656863
3349 526.42737 480.80798 398.7366769287074 498.7366769287074 521.4051639192346 621.4051639192346
3366 493.4498 485.04633 393.49702667636814 493.49702667636814 514.6608030789737 614.6608030789737
3384 493.4498 485.04633 388.16081736231547 488.16081736231547 507.3602452851014 607.3602452851014
3401 493.4498 485.04633 383.3252481623738 483.3252481623738 500.3205287834901 600.3205287834901
3417 465.16544 491.34662 378.95890042682595 478.95890042682595 493.5716758314352 593.5716758314352
3434 465.16544 491.34662 374.519558420162 474.519558420162 486.2756097367269 586.2756097367269
3451 445.02826 494.12466 370.28970142185455 470.28970142185455 478.85613214835485 578.8561321483548
3469 445.02826 494.12466 366.043167657697 466.043167657697 470.8723845988062 570.8723845988062
3485 428.605 498.0931 362.4719822152257 462.4719822152257 463.6710900449318 563.6710900449318
3502 410.6964 500.04904 358.8904558633554 458.8904558633554 455.9178322199049 555.9178322199049
3519 410.6964 500.04904 355.5310810978608 455.5310810978608 448.06576630732854 548.0657663073285
3536 400.7021 496.39163 352.3965805179704 452.3965805179704 440.1212559998803 540.1212559998803
3553 400.7021 496.39163 349.4894944740342 449.4894944740342 432.0907399116313 532.0907399116313
3571 391.26892 496.36145 346.66189266404376 446.66189266404376 423.5013312038564 523.5013312038564
3588 391.26892 496.36145 344.23022471939606 444.23022471939606 415.31430922285153 515.3143092228515
3604 382.126 493.40973 342.155351140146 442.155351140146 407.5485569510936 507.5485569510936
3621 382.126 493.40973 340.17961285468476 440.17961285468476 399.23971851615926 499.23971851615926
3639 380.27686 492.8221 338.34635171354296 438.34635171354296 390.3846393220784 490.3846393220784
3655 380.27686 492.8221 336.9414924513526 436.9414924513526 382.4701981434725 482.4701981434725
3673 380.27686 492.8221 335.61512624611004 435.61512624611004 373.52514215512616 473.52514215512616
3689 371.29483 487.7112 334.66293792598333 434.66293792598333 365.5435792681223 465.5435792681223
3706 384.73645 490.4547 333.8859279242903 433.8859279242903 357.03848706593226 457.03848706593226
3724 384.73645 490.4547 333.32744725508564 433.32744725508564 348.0128916126015 448.0128916126015
3740 397.56396 494.02557 333.05959056430925 433.05959056430925 339.9791962294431 439.9791962294431
3758 397.56396 494.02557 453.0329818975829 553.0329818975829 330.55436575878036 430.55436575878036
3774 408.63205 493.0851 453.36623095517183 553.3662309551719 322.5235450269113 422.5235450269113
3791 408.63205 493.0851 454.11274721758974 554.1127472175897 314.01623679178385 414.01623679178385
3808 413.7996 484.91595 455.26193415828243 555.2619341582824 305.553911501838 405.553911501838
3825 413.7996 484.91595 456.81120498653286 556.8112049865329 297.15561763711503 397.15561763711503
3842 419.66736 476.69986 458.7570723329198 558.7570723329197 288.84025954453836 388.84025954453836
3859 419.66736 476.69986 461.09515609929747 561.0951560992975 280.62655488470796 380.62655488470796
3876 425.49228 462.97107 463.8201933182859 563.8201933182859 272.53299249891984 372.53299249891984
3893 425.49228 462.97107 466.92605000007745 566.9260500000775 264.5777907912517 364.5777907912517
3910 429.2088 449.3267 470.40573493989234 570.4057349398923 256.7788567193968 356.7788567193968
3927 429.2088 449.3267 474.251415455004 574.251415455004 249.15374548655507 349.15374548655507
3944 433.626 439.89572 478.4544350159092 578.4544350159092 241.71962102511617 341.71962102511617
3961 433.626 439.89572 483.0053327319572 583.0053327319572 234.49321736108072 334.4932173610807
3978 440.74478 430.1529 487.893864647575 587.893864647575 227.49080094619188 327.4908009461919
3997 440.74478 430.1529 493.7435118245228 593.7435118245228 219.94900043825493 319.9490004382549
4012 442.9885 416.5872 498.63907999467915 598.6390799946792 214.22043924223226 314.22043924223226
4030 442.9885 416.5872 504.82380561963384 604.8238056196338 207.62411941289355 307.62411941289355
4046 470.0437 400.66086 510.59338667089924 610.5933866708992 202.0279536670738 302.0279536670738
4063 470.0437 400.66086 516.9907313118342 616.9907313118342 196.37060786867886 296.37060786867886
4080 491.9405 388.58582 523.6492098803254 623.6492098803254 191.0230623484931 291.0230623484931
4098 510.53995 377.78162 530.9673246451781 630.9673246451781 185.71199252826437 285.7119925282644
4114 510.53995 377.78162 537.689062464963 637.689062464963 181.30479645322103 281.304796453221
4131 531.0185 368.3358 545.0388331282979 645.0388331282979 176.95595164869005 276.9559516486901
4148 531.0185 368.3358 552.5866021519138 652.5866021519138 172.9606090221234 272.96060902212344
4165 531.0185 368.3358 560.3153796987771 660.3153796987771 169.32776198864897 269.32776198864894
4182 545.99585 355.56805 568.2077684862486 668.2077684862486 166.06558799499004 266.06558799499004
4200 545.99585 355.56805 576.7229970015156 676.7229970015156 163.02368896976233 263.02368896976236
4216 561.4821 343.4121 584.4119892185008 684.4119892185008 160.68178050678887 260.68178050678887
4234 561.4821 343.4121 593.1771405586188 693.1771405586188 158.46043219287566 258.46043219287566
4250 577.34155 334.46365 601.053445290706 701.053445290706 156.85763453593017 256.8576345359302
4268 590.72754 326.03656 609.9896433324445 709.9896433324445 155.4768264733346 255.4768264733346
4284 590.72754 326.03656 617.9823830375866 717.9823830375866 154.6275629290547 254.6275629290547
4301 632.8235 318.53925 626.507114755926 726.507114755926 154.1171424476271 254.1171424476271
4319 632.8235 318.53925 635.5488207000526 735.5488207000526 154.01804670179018 254.01804670179018
4335 666.7424 313.56433 643.581202299593 743.581202299593 154.31127426047263 254.31127426047263
4353 666.7424 313.56433 652.5916157056257 752.5916157056257 155.06937491294823 255.06937491294823
4369 697.5938 310.51718 660.5600713827765 760.5600713827765 156.12239470530233 256.1223947053023
4387 697.5938 310.51718 669.4581090553891 769.4581090553891 157.73086973577773 257.73086973577773
4404 724.7742 308.3742 677.7777122819134 777.7777122819134 159.65850613580778 259.6585061358078
4420 724.7742 308.3742 685.5161853111272 785.5161853111272 161.83133188536496 261.831331885365
4437 724.7742 308.3742 693.6232260010909 793.6232260010909 164.5160052712332 264.5160052712332
4454 752.73315 308.23584 701.5938053437343 801.5938053437343 167.58218283949915 267.5821828394992
4472 770.67554 307.74854 709.8645705675439 809.8645705675439 171.23686599396328 271.2368659939633
4488 770.67554 307.74854 717.0541612546845 817.0541612546845 174.83059975054408 274.8305997505441
4505 789.9599 306.07178 724.5091369531456 824.5091369531456 178.99652309031762 278.9965230903176
4522 789.9599 306.07178 731.7581279004737 831.7581279004737 183.51135533338842 283.51135533338845
4539 802.2053 317.9235 738.7848168015221 838.7848168015221 188.36493370665013 288.36493370665016
4556 802.2053 317.9235 745.5733867574248 845.5733867574248 193.54633292803192 293.5463329280319
4573 813.8782 326.56274 752.108556869033 852.108556869033 199.0438897990301 299.0438897990301
4590 813.8782 326.56274 758.3756166338345 858.3756166338345 204.8452294582745 304.8452294582745
4607 823.36017 336.846 764.3604590589218 864.3604590589218 210.9372932370277 310.9372932370277
4624 823.36017 336.846 770.0496124154753 870.0496124154753 217.30636805391646 317.30636805391646
4641 834.5802 343.69055 775.4302705632856 875.4302705632856 223.93811728273374 323.93811728273374
4658 834.5802 343.69055 780.4903217770493 880.4903217770493 230.81761302381858 330.8176130238186
4675 834.5802 343.69055 785.2183760095571 885.2183760095571 237.9293697063817 337.9293697063817
4692 842.9564 347.87012 789.6037905304013 889.6037905304013 245.25737894613326 345.25737894613326
4709 851.8795 356.99725 793.6366938824929 893.6366938824929 252.78514557975075 352.78514557975075
4727 851.8795 356.99725 797.5125264313018 897.5125264313018 260.95461241672945 360.95461241672945
4743 860.1323 362.56183 800.6094691549205 900.6094691549205 268.3717602734482 368.3717602734482
4761 860.1323 362.56183 803.6937615671286 903.6937615671286 276.8717253711941 376.8717253711941
4777 867.7659 368.49692 806.0739549944915 906.0739549944915 284.5489524624127 384.5489524624127
4794 867.7659 368.49692 808.2246793622878 908.2246793622878 292.8136947228397 392.8136947228397
4811 873.5835 373.34387 809.980977411876 909.980977411876 301.17114631399613 401.17114631399613
4828 873.5835 373.34387 811.3388957607996 911.3388957607996 309.60249482388303 409.60249482388303
4846 876.7407 382.11307 812.3390893640834 912.3390893640834 318.5892561483454 418.5892561483454
4862 881.82275 386.10028 812.84827042036 912.84827042036 326.6108439720703 426.6108439720703
4880 881.82275 386.10028 812.9924195110625 912.9924195110625 335.6519438712278 435.6519438712278
4896 889.4723 389.92725 812.7392207321774 912.7392207321774 343.68568689301895 443.68568689301895
4913 889.4723 389.92725 812.0775238609478 912.0775238609478 352.200012303063 452.200012303063
4930 889.4723 389.92725 811.0127280160616 911.0127280160616 360.6733699460652 460.6733699460652
4947 892.7686 396.6834 809.5472300260149 909.5472300260149 369.0866865084376 469.0866865084376
4964 892.7686 396.6834 807.6843286896907 907.6843286896907 377.4210238275436 477.4210238275436
4981 895.596 405.70865 805.4282173508461 905.4282173508461 385.65762152102405 485.65762152102405
4998 895.596 405.70865 802.7839744590015 902.7839744590015 393.77793921594457 493.77793921594457
5016 899.23145 413.0347 799.5677668269823 899.5677668269823 402.2288725853804 502.2288725853804
5033 899.23145 413.0347 796.1441273551981 896.1441273551981 410.05257201114836 510.05257201114836
5050 899.6115 422.37613 792.3532545820084 892.3532545820084 417.70507902225296 517.7050790222529
5066 900.25085 427.8183 788.4575400722103 888.4575400722103 424.73562274375536 524.7356227437554
5083 900.25085 427.8183 783.9788854061801 883.9788854061801 432.00702098068035 532.0070209806804
5100 897.4962 438.62848 779.1603810904619 879.1603810904619 439.057807893992 539.057807893992
5117 897.4962 438.62848 774.0128734563121 874.0128734563121 445.8721123408068 545.8721123408068
5135 893.30664 445.62704 768.2168577475671 868.2168577475671 452.81246307048013 552.8124630704801
5151 893.30664 445.62704 762.7779103666112 862.7779103666112 458.73048537096236 558.7304853709624
5168 893.30664 445.62704 756.7157445286122 856.7157445286122 464.7456100820642 564.7456100820642
5185 888.1239 454.00995 750.3750976809954 850.3750976809954 470.46642973411736 570.4664297341174
5202 888.1239 454.00995 743.7702424593289 843.7702424593289 475.8800669068827 575.8800669068827
5219 875.1718 467.67755 736.9160462255444 836.9160462255444 480.9743356401059 580.9743356401059
5237 861.73254 478.60345 729.404044019961 829.404044019961 486.007435004336 586.007435004336
5253 861.73254 478.60345 722.5218717414465 822.5218717414465 490.15964421036574 590.1596442103657
5270 852.243 488.37662 715.014294413571 815.014294413571 494.2300081502966 594.2300081502966
5287 852.243 488.37662 707.3221049847989 807.3221049847989 497.93969839739407 597.9396983973941
5305 838.8142 498.18335 698.995462019195 798.995462019195 501.46521726278866 601.4652172627887
5321 838.8142 498.18335 691.4535261011198 791.4535261011198 504.2444868016163 604.2444868016163
5338 827.8616 504.79626 683.3128564156366 783.3128564156366 506.8253930396211 606.8253930396211
5355 827.8616 504.79626 675.0589337638094 775.0589337638094 509.01727369220305 609.017273692203
5372 815.9673 511.935 666.710337516615 766.710337516615 510.8151948914908 610.8151948914908
5390 815.9673 511.935 657.788344134101 757.788344134101 512.2849909417206 612.2849909417206
5406 803.60455 518.52637 649.8044649579773 749.8044649579773 513.2138665323532 613.2138665323532
5424 803.60455 518.52637 640.7833442119403 740.7833442119403 513.8316422459586 613.8316422459586
5440 791.43494 525.54865 632.7473718445073 732.7473718445073 513.9998227193989 613.9998227193989
5457 791.43494 525.54865 624.2100690108309 724.2100690108309 513.7852527689789 613.7852527689789
5474 780.887 528.3453 615.692552089333 715.692552089333 513.1659907650433 613.1659907650433
5491 780.887 528.3453 607.2139937950213 707.2139937950213 512.1434306506889 612.1434306506889
5508 767.47833 530.5666 598.7934791480179 698.7934791480179 510.71987418285164 610.7198741828516
5525 767.47833 530.5666 590.4499625136663 690.4499625136663 508.8985257511097 608.8985257511097
5542 746.6818 515.5865 582.2022249367301 682.2022249367301 506.68348516468336 606.6834851646834
5559 746.6818 515.5865 574.0688318657412 674.0688318657412 504.079738423869 604.079738423869
5576 724.56415 504.38068 566.0680913626405 666.0680913626405 501.0931464966776 601.0931464966776
5593 724.56415 504.38068 558.218012891798 658.218012891798 497.7304321259451 597.7304321259451
5610 706.77216 496.92105 550.5362667811617 650.5362667811617 493.99916469660786 593.9991646966079
5627 706.77216 496.92105 543.0401444467964 643.0401444467964 489.90774319720856 589.9077431972086
5644 689.405 485.49924 535.7465194703461 635.7465194703461 485.4653773139863 585.4653773139863
5661 674.4327 479.80594 528.6718096170268 628.6718096170268 480.6820667001052 580.6820667001052
5678 674.4327 479.80594 521.8319398796541 621.8319398796541 475.56857846668925 575.5685784666892
5695 674.4327 479.80594 515.2423066318847 615.2423066318847 470.13642294632587 570.1364229463259
5712 667.55286 475.49414 508.91774297137306 608.9177429713731 464.3978277836013 564.3978277836013
5729 667.55286 475.49414 502.8724853308397 602.8724853308397 458.36571041097886 558.3657104109789
5747 657.7672 468.47867 496.7911702808618 596.7911702808618 451.6739338449379 551.6739338449379
5764 657.7672 468.47867 491.36306905859533 591.3630690585953 445.0809605355471 545.0809605355471
5780 644.85 460.06985 486.5452998949387 586.5452998949387 438.6471252215585 538.6471252215586
5797 644.85 460.06985 481.74660595691194 581.7466059569119 431.58284065575424 531.5828406557542
5814 637.3573 454.17188 477.2883795805666 577.2883795805666 424.29889958551144 524.2988995855114
5831 629.6791 451.39777 473.18065612063515 573.1806561206351 416.8116979778178 516.8116979778179
5849 629.6791 451.39777 469.2236005938714 569.2236005938714 408.68126269395975 508.68126269395975
5865 622.59235 450.81952 466.05289368960894 566.0528936896089 401.295346752855 501.295346752855
5883 622.59235 450.81952 462.88404530471144 562.8840453047114 392.8265412727159 492.8265412727159
5899 607.10394 441.69003 460.427460199564 560.4274601995639 385.1734160167848 485.1734160167848
5916 607.10394 441.69003 458.1944776869708 558.1944776869708 376.9305179198789 476.9305179198789
5933 607.10394 441.69003 456.35497798067684 556.3549779806768 368.59098431373195 468.59098431373195
5951 595.5689 434.5489 454.8407421273871 554.8407421273871 359.67642565233353 459.67642565233353
5967 595.5689 434.5489 453.8720946157316 553.8720946157316 351.69727415859836 451.69727415859836
5984 584.75 423.87244 453.23429986469176 553.2342998646918 343.18112492358273 443.18112492358273
6002 575.3857 418.22687 453.0036526131048 553.0036526131048 335.1467028281774 435.1467028281774
6018 575.3857 418.22687 453.0036526131048 553.0036526131048 335.1467028281774 435.1467028281774
