0 718.94934 406.78973 333.0 433.0 334.0 434.0
17 718.94934 406.78973 333.1215672298508 433.1215672298508 325.460353677165 425.460353677165
34 718.551 406.96637 333.4861703954607 433.4861703954607 316.92762829531256 416.92762829531256
51 718.9182 406.18146 334.0935140048509 434.0935140048509 308.4087391863609 408.4087391863609
68 718.9182 406.18146 334.94310583748677 434.94310583748677 299.91059046864586 399.91059046864586
85 718.9182 406.18146 336.0342573431978 436.0342573431978 291.44006945149073 391.44006945149073
103 718.7296 408.48907 337.4518999466856 437.4518999466856 282.5090245297676 382.5090245297676
119 718.7296 408.48907 338.93750703184975 438.93750703184975 274.6093422383909 374.6093422383909
136 717.6827 411.21075 340.74725228130916 440.74725228130916 266.2627764750041 366.2627764750041
153 717.6827 411.21075 342.7938532438116 442.7938532438116 257.9711082224287 357.9711082224287
170 718.08563 408.72833 345.0756512552929 445.0756512552929 249.74105744826687 349.7410574482669
187 718.8999 407.33762 347.59079703666407 447.59079703666407 241.57929418234613 341.57929418234613
204 718.8999 407.33762 350.3372521925565 450.3372521925565 233.4924331110061 333.4924331110061
221 722.04706 404.59048 353.31279086333535 453.31279086333535 225.48702821623766 325.48702821623766
238 722.04706 404.59048 356.51500152904384 456.51500152904384 217.5695674640201 317.5695674640201
255 720.6196 402.0939 359.9412889638151 459.9412889638151 209.74646754616077 309.7464675461608
272 720.6196 402.0939 363.5888763391684 463.5888763391684 202.0240686798987 302.02406867989873
290 721.715 407.57257 367.68894874217887 467.68894874217887 193.9641257374746 293.9641257374746
306 721.715 407.57257 371.53594923283765 471.53594923283765 186.90632183391858 286.9063218339186
323 719.80554 412.0193 375.8289940602396 475.8289940602396 179.52322600490484 279.5232260049048
340 719.80554 412.0193 380.3304626662418 480.3304626662418 172.26532559916362 272.2653255991636
357 719.80554 412.0193 385.0367068437197 485.0367068437197 165.13850276900726 265.13850276900723
374 718.62384 412.76498 389.9439124255555 489.9439124255555 158.14853343516307 258.1485334351631
391 716.2563 413.24976 395.0481023758233 495.0481023758233 151.30108260568883 251.30108260568883
408 716.2563 413.24976 400.34514001297055 500.34514001297055 144.601699784777 244.601699784777
425 573.00507 330.59982 405.83073236238414 505.83073236238414 138.05581447516937 238.05581447516937
442 573.00507 330.59982 411.50043363562395 511.50043363562395 131.66873177782583 231.66873177782583
459 458.40405 264.47986 417.3496488335043 517.3496488335043 125.44562809241546 225.44562809241546
476 458.40405 264.47986 423.3736374701024 523.3736374701024 119.39154692211227 219.39154692211227
493 366.72324 211.5839 429.5675174146769 529.5675174146769 113.51139478609738 213.51139478609738
511 366.72324 211.5839 436.30533797716447 536.3053379771645 107.48022176480373 207.48022176480373
528 607.44385 324.646 442.83303936531155 542.8330393653116 101.97300354707676 201.97300354707676
544 648.0139 334.93143 449.1176429853873 549.1176429853873 96.96144031244515 196.96144031244515
561 648.0139 334.93143 455.939574763276 555.939574763276 91.82319306962836 191.82319306962836
578 648.0139 334.93143 462.90500484391305 562.905004843913 86.88121758382923 186.88121758382923
596 663.8859 345.08383 470.430298817712 570.430298817712 81.86691558325475 181.86691558325475
612 663.8859 345.08383 477.24366770951156 577.2436677095116 77.60194042970028 177.60194042970028
630 679.74963 356.9237 485.0421198581312 585.0421198581312 73.02401316610684 173.02401316610684
646 679.74963 356.9237 492.08715802621145 592.0871580262115 69.15368424901567 169.15368424901567
663 693.031 370.10193 499.6832388604396 599.6832388604396 65.24985358281685 165.24985358281685
681 693.031 370.10193 507.8437817222184 607.8437817222184 61.353853820736504 161.3538538207365
697 705.6526 374.24188 515.1932957197998 615.1932957197998 58.09860379723074 158.09860379723074
715 705.6526 374.24188 523.5623270540765 623.5623270540765 54.6733171711283 154.6733171711283
731 711.4177 378.2911 531.0851801258791 631.0851801258791 51.84158795097835 151.84158795097835
749 720.25964 385.11078 539.6355747641641 639.6355747641641 48.89811628054434 148.89811628054434
765 720.25964 385.11078 547.3073843205016 647.3073843205016 46.49908588318232 146.49908588318232
782 730.73694 344.63385 555.5259627803556 655.5259627803556 44.176306080939696 144.1763060809397
800 730.73694 344.63385 564.2962813350795 664.2962813350795 41.972948099647 141.972948099647
816 746.8731 312.55737 572.1447741627716 672.1447741627716 40.23709987763954 140.23709987763954
833 746.8731 312.55737 580.531538399579 680.531538399579 38.62386599915499 138.623865999155
851 746.8731 312.55737 589.4578444296311 689.4578444296311 37.176684392405264 137.17668439240526
867 757.6074 288.21063 597.4258042831839 697.4258042831839 36.116672841359446 136.11667284135945
884 757.6074 288.21063 605.9196140026227 705.9196140026227 35.2247455122278 135.2247455122278
902 766.2999 267.74448 614.9368339036334 714.9368339036334 34.54429036905128 134.54429036905128
918 766.2999 267.74448 622.9661736117806 722.9661736117806 34.167843072143 134.167843072143
936 773.66315 246.14919 632.0075037720162 732.0075037720162 34.00164175242986 134.00164175242986
952 783.437 235.3363 640.0452542165596 740.0452542165596 34.08273742076125 134.08273742076125
970 783.437 235.3363 649.0813904556234 749.0813904556234 34.431328605587055 134.43132860558705
986 797.21826 224.79968 657.1015001944813 757.1015001944813 34.96970439707047 134.96970439707047
1004 797.21826 224.79968 666.1031551661815 766.1031551661815 35.831958255007294 135.8319582550073
1020 808.42456 216.98465 674.0796299331981 774.0796299331981 36.82586922049978 136.82586922049978
1037 808.42456 216.98465 682.5221900543268 782.5221900543268 38.115643042381976 138.11564304238198
1054 816.6062 213.921 690.9246150057149 790.9246150057149 39.645215808474234 139.64521580847423
1071 816.6062 213.921 699.2800950571935 799.2800950571935 41.41334787928315 141.41334787928315
1088 816.6062 213.921 707.5818585250034 807.5818585250034 43.41860627535635 143.41860627535635
1105 827.40717 209.45091 715.8231772598931 815.8231772598931 45.65936583863811 145.6593658386381
1122 840.08435 201.94562 723.9973720999366 823.9973720999366 48.133810549576026 148.13381054957603
1139 840.08435 201.94562 732.0978182836474 832.0978182836474 50.839934998910564 150.83993499891056
1156 850.6617 199.11032 740.117950819005 840.117950819005 53.77554601295549 153.7755460129555
1173 850.6617 199.11032 748.0512698040402 848.0512698040402 56.93826443105149 156.9382644310515
1190 864.30945 201.04442 755.8913456946693 855.8913456946693 60.32552703375262 160.32552703375262
1207 864.30945 201.04442 763.6318245155068 863.6318245155068 63.93458862018292 163.93458862018292
1224 876.061 202.7326 771.2664330094331 871.2664330094331 67.76252423287974 167.76252423287974
1241 876.061 202.7326 778.788983721744 878.788983721744 71.80623152831976 171.80623152831976
1258 890.8208 210.63736 786.1933800147626 886.1933800147626 76.06243329120804 176.06243329120804
1276 890.8208 210.63736 793.8978774307536 893.8978774307536 80.79677522140798 180.79677522140798
1293 903.6925 214.30197 801.040231024628 901.040231024628 85.47941582800502 185.47941582800502
1309 913.3071 216.13226 807.638141470708 907.638141470708 90.0706669060545 190.0706669060545
1326 913.3071 216.13226 814.5109413283826 914.5109413283826 95.14067282585665 195.14067282585665
1344 913.3071 216.13226 821.6275668282935 921.6275668282935 100.71982289007568 200.71982289007568
1360 927.2411 220.241 827.809774570124 927.809774570124 105.85716813378187 205.85716813378187
1377 927.2411 220.241 834.2250299387413 934.2250299387413 111.49497235758312 211.49497235758312
1395 940.5964 224.12938 840.8397900584413 940.8397900584413 117.66086422363836 217.66086422363836
1411 940.5964 224.12938 846.5612262243785 946.5612262243785 123.30685190652298 223.30685190652298
1429 956.4016 231.98276 852.8143786828404 952.8143786828404 129.83918367062486 229.83918367062486
1446 956.4016 231.98276 858.5368418139614 958.5368418139614 136.17903805565956 236.17903805565956
1463 966.7913 242.09279 864.0765190178248 964.0765190178248 142.67921608302754 242.67921608302754
1479 966.7913 242.09279 869.1193360426164 969.1193360426164 148.93876919572267 248.93876919572267
1496 980.2106 251.19406 874.2915129944168 974.2915129944168 155.73501253228335 255.73501253228335
1514 995.3419 256.3059 879.5547012529947 979.5547012529947 163.08838749211185 263.08838749211185
1530 995.3419 256.3059 884.0451707867052 984.0451707867052 169.7552977272204 269.7552977272204
1547 1010.00995 267.31735 888.6187467928016 988.6187467928016 176.96797687071094 276.9679768707109
1564 1010.00995 267.31735 892.9851570459276 992.9851570459276 184.30792233453255 284.3079223345326
1581 1024.0582 276.54077 897.1408627967578 997.1408627967578 191.76918547310373 291.76918547310373
1598 1024.0582 276.54077 901.0824960610505 1001.0824960610505 199.34571931915121 299.3457193191512
1615 1024.0582 276.54077 904.8068623492258 1004.8068623492258 207.03138348446487 307.03138348446487
1633 1033.828 285.72296 908.5101439647128 1008.5101439647128 215.28117010118746 315.28117010118746
1649 1033.828 285.72296 911.5918989033121 1011.5918989033121 222.7051040458423 322.7051040458423
1666 1042.0536 291.53027 914.6470702485676 1014.6470702485676 230.6804577033056 330.6804577033056
1684 1053.2211 298.3753 917.6331117598017 1017.6331117598017 239.21607894831448 339.2160789483145
1701 1053.2211 298.3753 920.21584210631 1020.21584210631 247.35670803135872 347.3567080313587
1717 1058.5261 307.4832 922.4340447096293 1022.4340447096293 255.08274103198784 355.08274103198784
1735 1058.5261 307.4832 924.6810775952 1024.6810775952 263.8419714294728 363.8419714294728
1751 1064.7621 319.63593 926.4560130930984 1026.4560130930984 271.6817171329047 371.6817171329047
1768 1064.7621 319.63593 928.1110179615537 1028.1110179615537 280.0603385467098 380.0603385467098
1785 1069.6045 331.21448 929.5268506369953 1029.5268506369953 288.4826752619944 388.4826752619944
1802 1069.6045 331.21448 930.7023636603816 1030.7023636603817 296.94190141113677 396.94190141113677
1820 1073.5721 339.49615 931.6840288345896 1031.6840288345898 305.9313178232743 405.9313178232743
1836 1073.5721 339.49615 932.3288155200738 1032.328815520074 313.9435746118702 413.9435746118702
1853 1073.5721 339.49615 932.7784362013994 1032.7784362013995 322.4722426880359 422.4722426880359
1870 1077.9156 351.7847 932.9851019890048 1032.9851019890048 331.01025341435343 431.01025341435343
1887 1077.9156 351.7847 932.9486453909749 1032.948645390975 339.5506871754069 439.5506871754069
1904 1083.2299 363.7755 932.6690959534936 1032.6690959534935 348.08662239203596 448.08662239203596
1921 1083.9854 372.53442 932.1466802368993 1032.1466802368993 356.6111411309172 456.6111411309172
1939 1083.9854 372.53442 931.3292920861586 1031.3292920861586 365.61698093385 465.61698093385
1955 1085.136 384.16034 930.3751400172805 1030.3751400172805 373.5983093035911 473.5983093035911
1972 1085.136 384.16034 929.1274512558361 1029.1274512558361 382.04719151753216 482.04719151753216
1989 1088.606 397.50842 927.6397665348454 1027.6397665348454 390.4571339716405 490.4571339716405
2007 1088.606 397.50842 925.8043267523421 1025.8043267523421 399.3117618435425 499.3117618435425
2023 1092.4197 408.9757 923.9494255069792 1023.9494255069792 407.13297339202586 507.13297339202586
2040 1092.4197 408.9757 921.7497600303433 1021.7497600303433 415.385355454278 515.3853554542779
2057 1090.9061 420.58234 919.3160778307275 1019.3160778307275 423.5717789017766 523.5717789017766
2074 1090.9061 420.58234 916.6503512814876 1016.6503512814876 431.68560906238275 531.6856090623828
2091 1090.9061 420.58234 913.7547408159044 1013.7547408159044 439.7202700970553 539.7202700970553
2108 1088.9866 434.5476 910.6315931762647 1010.6315931762647 447.6692503292295 547.6692503292295
2125 1084.704 442.70288 907.2834395119482 1007.2834395119482 455.52610752219204 555.526107522192
2143 1084.704 442.70288 903.4961054216201 1003.4961054216201 463.737646624778 563.737646624778
2159 1077.9927 452.4558 899.9231482862865 999.9231482862865 470.9380623089762 570.9380623089762
2177 1077.9927 452.4558 895.6746503355766 995.6746503355766 478.92076480298647 578.9207648029865
2193 1072.7035 460.82 891.6977228435584 991.6977228435584 485.90618221638465 585.9061822163847
2210 1072.7035 460.82 887.2688087238421 987.2688087238421 493.20858302917645 593.2085830291765
2227 1068.8206 470.20572 882.6338229060326 982.6338229060326 500.38195353258584 600.3819535325858
2245 1068.8206 470.20572 877.5057571776003 977.5057571776003 507.8301892854297 607.8301892854297
2261 1060.5898 479.41974 872.7608258058228 972.7608258058228 514.3184583144773 614.3184583144773
2278 1055.1346 484.59393 867.5308160761413 967.5308160761413 521.0702977777584 621.0702977777584
2295 1055.1346 484.59393 862.1107312689596 962.1107312689596 527.6705264551181 627.6705264551181
2313 1052.927 490.37894 856.169526925818 956.169526925818 534.4878107309933 634.4878107309933
2329 1052.927 490.37894 850.7180576999276 950.7180576999276 540.394882086187 640.394882086187
2347 1046.8555 497.09235 844.398524111755 944.398524111755 546.8630169930223 646.8630169930223
2363 1046.8555 497.09235 838.6197303028227 938.6197303028227 552.4502838409564 652.4502838409564
2381 1046.8555 497.09235 831.9423499372441 931.9423499372441 558.5483052740481 658.5483052740481
2397 1044.6044 499.2959 825.8549614017456 925.8549614017456 563.7976585231695 663.7976585231695
2414 1044.6044 499.2959 819.2355094916655 919.2355094916655 569.1942495138428 669.1942495138428
2432 1039.5223 507.6801 812.0622816327669 912.0622816327669 574.7004347658467 674.7004347658467
2448 1039.5223 507.6801 805.5492900189863 905.5492900189863 579.4113740517007 679.4113740517007
2465 1031.437 512.3567 798.4936144283101 898.4936144283101 584.2236271487043 684.2236271487043
2483 1025.5957 518.10406 790.8768325769166 890.8768325769166 589.0978356150445 689.0978356150445
2499 1025.5957 518.10406 783.9857182018081 883.9857182018081 593.2360177503971 693.2360177503971
2516 1021.35254 521.54047 776.54525546435 876.54525546435 597.4288511793545 697.4288511793545
2534 1021.35254 521.54047 768.5404466713042 868.5404466713042 601.6355494252274 701.6355494252274
2551 1014.6695 524.04016 760.8671459641587 860.8671459641587 605.3853219740902 705.3853219740902
2567 1014.6695 524.04016 753.5504381858558 853.5504381858558 608.7136542896951 708.7136542896951
2584 1009.37036 528.04175 745.6817300841386 845.6817300841386 612.0338607170812 712.0338607170812
2602 1009.37036 528.04175 737.2507557291436 837.2507557291436 615.3037147460062 715.3037147460062
2618 1009.37036 528.04175 729.6767969577133 829.6767969577133 617.9957692114392 717.9957692114392
2635 1002.673 531.4479 721.553543102233 821.553543102233 620.6326394604092 720.6326394604092
2653 995.0177 532.0192 712.8743677514212 812.8743677514212 623.1713771733134 723.1713771733134
2669 995.0177 532.0192 705.0983728534557 805.0983728534557 625.2075284601758 725.2075284601758
2686 986.6974 534.84503 696.7797925232513 796.7797925232513 627.1418395004217 727.1418395004217
2703 986.6974 534.84503 688.4095219750633 788.4095219750633 628.8385742647915 728.8385742647915
2720 980.95874 537.29706 679.9943448795832 779.9943448795832 630.296357637651 730.296357637651
2737 980.95874 537.29706 671.5410813019316 771.5410813019316 631.5140081610913 731.5140081610913
2755 974.1345 535.50574 662.5566681050749 762.5566681050749 632.5404551656717 732.5404551656717
2771 974.1345 535.50574 654.5477237438794 754.5477237438794 633.2251587040392 733.2251587040392
2788 970.91077 538.3349 646.0214019995067 746.0214019995067 633.7172719246712 733.7172719246712
2805 970.91077 538.3349 637.4845270833351 737.4845270833351 633.9664798220608 733.9664798220608
2823 962.61414 538.9973 628.4416695312384 728.4416695312384 633.9653673731979 733.9653673731979
2839 962.61414 538.9973 620.4067954607539 720.4067954607539 633.7355687926154 733.7355687926154
2856 962.61414 538.9973 611.8797793711809 711.8797793711809 633.2556370072082 733.2556370072082
2873 938.7769 542.64453 603.3698801263789 703.3698801263789 632.5331740297464 732.5331740297464
2890 872.09827 563.46063 594.8839945588649 694.8839945588649 631.5687653790487 731.5687653790487
2907 872.09827 563.46063 586.4290000393138 686.4290000393138 630.3631926583694 730.3631926583694
2924 812.41425 568.802 578.0117489028069 678.0117489028069 628.9174329219486 728.9174329219486
2941 812.41425 568.802 569.6390628953682 669.6390628953682 627.232657883161 727.232657883161
2958 764.9588 577.1229 561.3177276452934 661.3177276452934 625.3102329649023 725.3102329649023
2975 764.9588 577.1229 553.0544871637487 653.0544871637487 623.1517161929854 723.1517161929854
2992 725.3652 584.75037 544.8560383791012 644.8560383791012 620.7588569334407 720.7588569334407
3010 725.3652 584.75037 536.2533318686146 636.2533318686146 617.9719743310518 717.9719743310518
3026 694.6334 587.8794 528.6800356774336 628.6800356774336 615.278056456131 715.278056456131
3043 694.6334 587.8794 520.7155915726703 620.7155915726703 612.1945571432422 712.1945571432422
3060 668.9246 593.661 512.8421481644934 612.8421481644934 608.8855955525434 708.8855955525434
3079 668.9246 593.661 504.15795124659496 604.157951246595 604.9238388791678 704.9238388791678
3094 647.71027 596.3907 497.3937085871838 597.3937085871838 601.6021930576474 701.6021930576474
3112 647.71027 596.3907 489.38993504921393 589.3899350492139 597.3935254421243 697.3935254421243
3128 626.8787 597.809 482.38478743869564 582.3847874386956 593.4514554692516 693.4514554692516
3145 626.8787 597.809 475.06040812706976 575.0604081270698 589.058983999804 689.058983999804
3162 608.3986 600.0477 467.8640306732291 567.8640306732291 584.4598004361334 684.4598004361334
3180 608.3986 600.0477 460.39033437862736 560.3903343786274 579.3689127295427 679.3689127295427
3196 591.5548 596.6018 453.87850203784535 553.8785020378454 574.6563711348483 674.6563711348483
3213 591.5548 596.6018 447.10068540279684 547.1006854027969 569.4600705688548 669.4600705688548
3230 576.9623 594.5624 440.47353053246013 540.4735305324601 564.0729418127313 664.0729418127313
3248 565.1592 591.2459 433.6267260338776 533.6267260338776 558.165781572544 658.165781572544
3265 565.1592 591.2459 427.3265285815807 527.3265285815808 552.3996867092457 652.3996867092457
3281 553.12537 586.57794 421.54910963438175 521.5491096343817 546.8109982204569 646.8109982204569
3298 553.12537 586.57794 415.5770257696452 515.5770257696452 540.7057093474355 640.7057093474355
3315 544.0921 587.63 409.7811519627961 509.7811519627961 534.4328962045494 634.4328962045494
3332 544.0921 587.63 404.1661854693228 504.1661854693228 527.9976425819129 627.9976425819129
3350 544.0921 587.63 398.4231643908829 498.4231643908829 521.0125883346178 621.0125883346178
3366 536.1388 585.5393 393.49702667636814 493.49702667636814 514.6608030789737 614.6608030789737
3383 536.1388 585.5393 388.45148117741576 488.45148117741576 507.7700260162269 607.7700260162269
3401 527.7446 582.8214 383.3252481623738 483.3252481623738 500.3205287834901 600.3205287834901
3417 527.7446 582.8214 378.95890042682595 478.95890042682595 493.5716758314352 593.5716758314352
3435 518.2366 578.97284 374.2649101067921 474.2649101067921 485.8425278304917 585.8425278304917
3451 510.9872 572.42084 370.28970142185455 470.28970142185455 478.85613214835485 578.8561321483548
3469 510.9872 572.42084 366.043167657697 466.043167657697 470.8723845988062 570.8723845988062
3485 506.07812 561.18115 362.4719822152257 462.4719822152257 463.6710900449318 563.6710900449318
3502 506.07812 561.18115 358.8904558633554 458.8904558633554 455.9178322199049 555.9178322199049
3520 499.39886 559.49915 355.3404481323775 455.3404481323775 447.60093862583636 547.6009386258363
3536 499.39886 559.49915 352.3965805179704 452.3965805179704 440.1212559998803 540.1212559998803
3553 495.04907 551.66144 349.4894944740342 449.4894944740342 432.0907399116313 532.0907399116313
3570 495.04907 551.66144 346.8121790087004 446.8121790087004 423.9807263598813 523.9807263598814
3587 495.04907 551.66144 344.3668039474663 444.3668039474663 415.79778809050777 515.7977880905078
3604 491.56848 548.07654 342.155351140146 442.155351140146 407.5485569510936 507.5485569510936
3621 491.56848 548.07654 340.17961285468476 440.17961285468476 399.23971851615926 499.23971851615926
3639 487.36066 539.2235 338.34635171354296 438.34635171354296 390.3846393220784 490.3846393220784
3655 478.07428 527.6327 336.9414924513526 436.9414924513526 382.4701981434725 482.4701981434725
3672 478.07428 527.6327 335.68173466233077 435.68173466233077 374.02310703330426 474.02310703330426
3689 472.53387 518.7749 334.66293792598333 434.66293792598333 365.5435792681223 465.5435792681223
3706 472.53387 518.7749 333.8859279242903 433.8859279242903 357.03848706593226 457.03848706593226
3723 468.64075 509.2714 333.35133438360816 433.35133438360816 348.5147233633919 448.5147233633919
3740 468.64075 509.2714 333.05959056430925 433.05959056430925 339.9791962294431 439.9791962294431
3757 463.49963 495.12515 453.02406576024066 553.0240657602407 331.056686471707 431.056686471707
3775 463.49963 495.12515 453.3989626747057 553.3989626747057 322.0222125716715 422.0222125716715
3791 459.01617 486.79425 454.11274721758974 554.1127472175897 314.01623679178385 414.01623679178385
3808 459.01617 486.79425 455.26193415828243 555.2619341582824 305.553911501838 405.553911501838
3826 454.37375 476.2905 456.91472789945465 556.9147278994546 296.66399928652106 396.66399928652106
3842 454.37375 476.2905 458.7570723329198 558.7570723329197 288.84025954453836 388.84025954453836
3859 453.94186 468.19635 461.09515609929747 561.0951560992975 280.62655488470796 380.62655488470796
3877 453.94186 468.19635 463.99241332353733 563.9924133235373 272.0610328969076 372.0610328969076
3893 454.11688 461.86176 466.92605000007745 566.9260500000775 264.5777907912517 364.5777907912517
3910 454.11688 461.86176 470.40573493989234 570.4057349398923 256.7788567193968 356.7788567193968
3928 462.56235 454.31317 474.4888488204813 574.4888488204813 248.71099161237862 348.7109916123786
3944 462.56235 454.31317 478.4544350159092 578.4544350159092 241.71962102511617 341.71962102511617
3961 465.258 443.96277 483.0053327319572 583.0053327319572 234.49321736108072 334.4932173610807
3978 465.258 443.96277 487.893864647575 587.893864647575 227.49080094619188 327.4908009461919
3996 466.63208 435.08307 493.4257256503695 593.4257256503695 220.33812451057264 320.33812451057264
4012 466.63208 435.08307 498.63907999467915 598.6390799946792 214.22043924223226 314.22043924223226
4029 467.2663 425.17062 504.47157621838664 604.4715762183866 207.98236520147657 307.98236520147657
4046 467.75848 416.3061 510.59338667089924 610.5933866708992 202.0279536670738 302.0279536670738
4063 467.75848 416.3061 516.9907313118342 616.9907313118342 196.37060786867886 296.37060786867886
4080 469.92633 408.50775 523.6492098803254 623.6492098803254 191.0230623484931 291.0230623484931
4097 469.92633 408.50775 530.5538343096449 630.5538343096449 185.9973542961332 285.9973542961332
4115 469.92633 408.50775 538.1156224410547 638.1156224410547 181.0393681522872 281.03936815228724
4131 534.64233 397.14825 545.0388331282979 645.0388331282979 176.95595164869005 276.9559516486901
4148 534.64233 397.14825 552.5866021519138 652.5866021519138 172.9606090221234 272.96060902212344
4166 584.9993 384.49615 560.7752807325808 660.7752807325808 169.12553282347662 269.12553282347665
4182 584.9993 384.49615 568.2077684862486 668.2077684862486 166.06558799499004 266.06558799499004
4200 623.6781 376.11627 576.7229970015156 676.7229970015156 163.02368896976233 263.02368896976236
4217 657.2805 365.5612 584.8959282560902 684.8959282560902 160.54684124624086 260.5468412462409
4233 657.2805 365.5612 592.6873458725511 692.6873458725511 158.57226582663537 258.5722658266354
4250 686.81665 358.347 601.053445290706 701.053445290706 156.85763453593017 256.8576345359302
4267 686.81665 358.347 609.4914555949256 709.4914555949256 155.54174622631027 255.54174622631027
4285 711.1397 351.72177 618.4830892855312 718.4830892855312 154.5863458281167 254.5863458281167
4301 711.1397 351.72177 626.507114755926 726.507114755926 154.1171424476271 254.1171424476271
4318 730.07794 350.69348 635.0464617946108 735.0464617946108 154.01163372561214 254.01163372561214
4335 730.07794 350.69348 643.581202299593 743.581202299593 154.31127426047263 254.31127426047263
4352 730.07794 350.69348 652.0921247860152 752.0921247860152 155.01538956894865 255.01538956894865
4369 747.9173 347.9164 660.5600713827765 760.5600713827765 156.12239470530233 256.1223947053023
4386 747.9173 347.9164 668.9659809564164 768.9659809564164 157.6297978289907 257.6297978289907
4403 760.7461 348.44153 677.2909320172428 777.2909320172428 159.53420581373558 259.5342058137356
4420 773.6186 348.68863 685.5161853111272 785.5161853111272 161.83133188536496 261.831331885365
4437 773.6186 348.68863 693.6232260010909 793.6232260010909 164.5160052712332 264.5160052712332
4454 784.052 346.9799 701.5938053437343 801.5938053437343 167.58218283949915 267.5821828394992
4472 784.052 346.9799 709.8645705675439 809.8645705675439 171.23686599396328 271.2368659939633
4488 793.16626 345.1036 717.0541612546845 817.0541612546845 174.83059975054408 274.8305997505441
4505 793.16626 345.1036 724.5091369531456 824.5091369531456 178.99652309031762 278.9965230903176
4522 799.9379 343.9459 731.7581279004737 831.7581279004737 183.51135533338842 283.51135533338845
4539 799.9379 343.9459 738.7848168015221 838.7848168015221 188.36493370665013 288.36493370665016
4556 810.3454 344.9256 745.5733867574248 845.5733867574248 193.54633292803192 293.5463329280319
4573 810.3454 344.9256 752.108556869033 852.108556869033 199.0438897990301 299.0438897990301
4590 815.1992 344.58682 758.3756166338345 858.3756166338345 204.8452294582745 304.8452294582745
4607 815.1992 344.58682 764.3604590589218 864.3604590589218 210.9372932370277 310.9372932370277
4624 827.917 345.5305 770.0496124154753 870.0496124154753 217.30636805391646 317.30636805391646
4641 827.917 345.5305 775.4302705632856 875.4302705632856 223.93811728273374 323.93811728273374
4658 922.31665 349.54803 780.4903217770493 880.4903217770493 230.81761302381858 330.8176130238186
4675 922.31665 349.54803 785.2183760095571 885.2183760095571 237.9293697063817 337.9293697063817
4692 999.89844 353.9166 789.6037905304013 889.6037905304013 245.25737894613326 345.25737894613326
4709 999.89844 353.9166 793.6366938824929 893.6366938824929 252.78514557975075 352.78514557975075
4726 1066.9729 360.8439 797.3080081024611 897.3080081024611 260.4957247950736 360.4957247950736
4743 1066.9729 360.8439 800.6094691549205 900.6094691549205 268.3717602734482 368.3717602734482
4760 1121.1891 366.13324 803.5336455346032 903.5336455346032 276.3955232583588 376.3955232583588
4777 1121.1891 366.13324 806.0739549944915 906.0739549944915 284.5489524624127 384.5489524624127
4794 1166.0654 368.5008 808.2246793622878 908.2246793622878 292.8136947228397 392.8136947228397
4811 1197.3832 373.0666 809.980977411876 909.980977411876 301.17114631399613 401.17114631399613
4829 1197.3832 373.0666 811.4062971637562 911.4062971637562 310.1003528829921 410.1003528829921
4846 1197.3832 373.0666 812.3390893640834 912.3390893640834 318.5892561483454 418.5892561483454
4862 1176.9934 381.2127 812.84827042036 912.84827042036 326.6108439720703 426.6108439720703
4879 1176.9934 381.2127 812.9963291668411 912.9963291668411 335.1495592469291 435.1495592469291
4897 1136.0138 390.94687 812.7114868280897 912.7114868280897 344.18732065055974 444.18732065055974
4913 1136.0138 390.94687 812.0775238609478 912.0775238609478 352.200012303063 452.200012303063
4930 1103.271 401.29016 811.0127280160616 911.0127280160616 360.6733699460652 460.6733699460652
4947 1103.271 401.29016 809.5472300260149 909.5472300260149 369.0866865084376 469.0866865084376
4965 1073.9299 409.50223 807.5624555236557 907.5624555236557 377.90841743392417 477.90841743392417
4981 1073.9299 409.50223 805.4282173508461 905.4282173508461 385.65762152102405 485.65762152102405
4998 1051.176 420.29495 802.7839744590015 902.7839744590015 393.77793921594457 493.77793921594457
5015 1031.0483 423.8542 799.7575521379785 899.7575521379785 401.7636982827043 501.7636982827043
5032 1031.0483 423.8542 796.3557627878217 896.3557627878217 409.59692297976756 509.59692297976756
5049 1012.2256 435.54413 792.5862637502574 892.5862637502574 417.25998091660404 517.259980916604
5066 1012.2256 435.54413 788.4575400722103 888.4575400722103 424.73562274375536 524.7356227437554
5083 998.0293 444.39233 783.9788854061801 883.9788854061801 432.00702098068035 532.0070209806804
5101 998.0293 444.39233 778.8665841399335 878.8665841399335 439.4653480122629 539.4653480122629
5117 998.0293 444.39233 774.0128734563121 874.0128734563121 445.8721123408068 545.8721123408068
5134 916.5283 472.23227 768.5479494131282 868.5479494131282 452.4345954942897 552.4345954942896
5151 916.5283 472.23227 762.7779103666112 862.7779103666112 458.73048537096236 558.7304853709624
5168 856.52985 500.96988 756.7157445286122 856.7157445286122 464.7456100820642 564.7456100820642
5186 808.47736 527.9191 749.993748013828 849.993748013828 470.79350469111057 570.7935046911106
5202 808.47736 527.9191 743.7702424593289 843.7702424593289 475.8800669068827 575.8800669068827
5219 771.51154 546.9946 736.9160462255444 836.9160462255444 480.9743356401059 580.9743356401059
5236 771.51154 546.9946 729.8279376018812 829.8279376018812 485.73776886380733 585.7377688638073
5253 735.3665 565.6305 722.5218717414465 822.5218717414465 490.15964421036574 590.1596442103657
5270 735.3665 565.6305 715.014294413571 815.014294413571 494.2300081502966 594.2300081502966
5287 710.8131 580.80963 707.3221049847989 807.3221049847989 497.93969839739407 597.9396983973941
5304 710.8131 580.80963 699.4626183788416 799.4626183788416 501.28036453280606 601.2803645328061
5321 686.77216 593.12146 691.4535261011198 791.4535261011198 504.2444868016163 604.2444868016163
5338 686.77216 593.12146 683.3128564156366 783.3128564156366 506.8253930396211 606.8253930396211
5356 686.77216 593.12146 674.5702779150454 774.5702779150454 509.133982978935 609.133982978935
5372 669.5572 601.46313 666.710337516615 766.710337516615 510.8151948914908 610.8151948914908
5389 654.11334 607.5958 658.2858601528986 758.2858601528986 512.2151095623715 612.2151095623715
5406 654.11334 607.5958 649.8044649579773 749.8044649579773 513.2138665323532 613.2138665323532
5423 639.74976 609.68384 641.2852433377668 741.2852433377668 513.8092176247758 613.8092176247758
5440 639.74976 609.68384 632.7473718445073 732.7473718445073 513.9998227193989 613.9998227193989
5457 628.1288 614.1171 624.2100690108309 724.2100690108309 513.7852527689789 613.7852527689789
5475 628.1288 614.1171 615.1925479661336 715.1925479661336 513.1169859395293 613.1169859395293
5491 618.82904 616.8668 607.2139937950213 707.2139937950213 512.1434306506889 612.1434306506889
5508 618.82904 616.8668 598.7934791480179 698.7934791480179 510.71987418285164 610.7198741828516
5526 609.2787 614.9773 589.9619676676424 689.9619676676424 508.7790827672435 608.7790827672435
5543 609.2787 614.9773 581.7204446332313 681.7204446332313 506.5410304866251 606.5410304866251
5559 600.00037 614.06604 574.0688318657412 674.0688318657412 504.079738423869 604.079738423869
5577 591.30566 614.16125 565.6019771400934 665.6019771400934 500.9056814927985 600.9056814927985
5594 591.30566 614.16125 557.7613149437265 657.7613149437265 497.5210698075416 597.5210698075416
5610 591.30566 614.16125 550.5362667811617 650.5362667811617 493.99916469660786 593.9991646966079
5627 584.25745 611.7855 543.0401444467964 643.0401444467964 489.90774319720856 589.9077431972086
5644 584.25745 611.7855 535.7465194703461 635.7465194703461 485.4653773139863 585.4653773139863
5661 579.2474 615.78845 528.6718096170268 628.6718096170268 480.6820667001052 580.6820667001052
5678 579.2474 615.78845 521.8319398796541 621.8319398796541 475.56857846668925 575.5685784666892
5695 577.42816 618.4237 515.2423066318847 615.2423066318847 470.13642294632587 570.1364229463259
5712 577.42816 618.4237 508.91774297137306 608.9177429713731 464.3978277836013 564.3978277836013
5730 573.6519 612.2053 502.52587413130334 602.5258741313033 458.00202610763864 558.0020261076386
5746 573.6519 612.2053 497.1201414322254 597.1201414322254 452.0536489719888 552.0536489719889
5763 568.6256 606.8258 491.67365965604995 591.67365965605 445.47585175716756 545.4758517571676
5780 562.8451 603.4131 486.5452998949387 586.5452998949387 438.6471252215585 538.6471252215586
5797 562.8451 603.4131 481.74660595691194 581.7466059569119 431.58284065575424 531.5828406557542
5814 558.78345 601.1271 477.2883795805666 577.2883795805666 424.29889958551144 524.2988995855114
5831 558.78345 601.1271 473.18065612063515 573.1806561206351 416.8116979778178 516.8116979778179
5848 555.6549 602.61096 469.43268195865755 569.4326819586576 409.1380893339877 509.1380893339877
5865 555.6549 602.61096 466.05289368960894 566.0528936896089 401.295346752855 501.295346752855
5882 555.6549 602.61096 463.04889913133843 563.0488991313384 393.30112404946493 493.30112404946493
5900 544.8851 595.8644 460.2853018905736 560.2853018905736 384.6915481808328 484.6915481808328
5916 544.8851 595.8644 458.1944776869708 558.1944776869708 376.9305179198789 476.9305179198789
5934 527.98 567.3071 456.2591188838897 556.2591188838896 368.0978143331939 468.0978143331939
5951 514.3805 545.4648 454.8407421273871 554.8407421273871 359.67642565233353 459.67642565233353
5967 514.3805 545.4648 453.8720946157316 553.8720946157316 351.69727415859836 451.69727415859836
5984 502.61517 524.3749 453.23429986469176 553.2342998646918 343.18112492358273 443.18112492358273
6002 502.61517 524.3749 453.0036526131048 553.0036526131048 335.1467028281774 435.1467028281774
