1 706.9429 422.26895 333.00042067616835 433.00042067616835 333.4976002348308 433.4976002348308
17 707.74115 423.4225 333.1215672298508 433.1215672298508 325.460353677165 425.460353677165
34 707.74115 423.4225 333.4861703954607 433.4861703954607 316.92762829531256 416.92762829531256
52 707.74115 423.4225 334.1367899590455 434.1367899590455 307.9082065772343 407.9082065772343
68 707.6146 425.1027 334.94310583748677 434.94310583748677 299.91059046864586 399.91059046864586
86 707.6146 425.1027 336.1059474282776 436.1059474282776 290.9428107334055 390.9428107334055
102 706.2792 423.04242 337.3660842002114 437.3660842002114 283.00404105339845 383.00404105339845
119 706.2792 423.04242 338.93750703184975 438.93750703184975 274.6093422383909 374.6093422383909
136 707.931 421.9278 340.74725228130916 440.74725228130916 266.2627764750041 366.2627764750041
153 709.0525 420.90408 342.7938532438116 442.7938532438116 257.9711082224287 357.9711082224287
170 709.0525 420.90408 345.0756512552929 445.0756512552929 249.74105744826687 349.7410574482669
187 708.0735 420.73294 347.59079703666407 447.59079703666407 241.57929418234613 341.57929418234613
204 708.0735 420.73294 350.3372521925565 450.3372521925565 233.4924331110061 333.4924331110061
221 709.96277 422.4652 353.31279086333535 453.31279086333535 225.48702821623766 325.48702821623766
238 709.96277 422.4652 356.51500152904384 456.51500152904384 217.5695674640201 317.5695674640201
255 708.17865 422.56384 359.9412889638151 459.9412889638151 209.74646754616077 309.7464675461608
272 708.17865 422.56384 363.5888763391684 463.5888763391684 202.0240686798987 302.02406867989873
290 708.17865 422.56384 367.68894874217887 467.68894874217887 193.9641257374746 293.9641257374746
306 706.8706 425.27536 371.53594923283765 471.53594923283765 186.90632183391858 286.9063218339186
323 706.8706 425.27536 375.8289940602396 475.8289940602396 179.52322600490484 279.5232260049048
340 709.69684 423.7245 380.3304626662418 480.3304626662418 172.26532559916362 272.2653255991636
357 708.3347 425.01385 385.0367068437197 485.0367068437197 165.13850276900726 265.13850276900723
374 708.3347 425.01385 389.9439124255555 489.9439124255555 158.14853343516307 258.1485334351631
391 712.29004 425.13675 395.0481023758233 495.0481023758233 151.30108260568883 251.30108260568883
408 712.29004 425.13675 400.34514001297055 500.34514001297055 144.601699784777 244.601699784777
425 713.10913 423.83084 405.83073236238414 505.83073236238414 138.05581447516937 238.05581447516937
443 713.10913 423.83084 411.8395815063909 511.8395815063909 131.2980777305462 231.2980777305462
459 713.3381 424.34875 417.3496488335043 517.3496488335043 125.44562809241546 225.44562809241546
476 713.3381 424.34875 423.3736374701024 523.3736374701024 119.39154692211227 219.39154692211227
493 715.22314 425.53076 429.5675174146769 529.5675174146769 113.51139478609738 213.51139478609738
511 715.22314 425.53076 436.30533797716447 536.3053379771645 107.48022176480373 207.48022176480373
527 715.22314 425.53076 442.44473833256984 542.4447383325698 102.29179502905546 202.29179502905546
544 713.81464 429.22986 449.1176429853873 549.1176429853873 96.96144031244515 196.96144031244515
561 712.6316 429.46487 455.939574763276 555.939574763276 91.82319306962836 191.82319306962836
578 712.6316 429.46487 462.90500484391305 562.905004843913 86.88121758382923 186.88121758382923
595 712.5388 428.1576 470.0082881070341 570.0082881070341 82.13951907017963 182.13951907017963
613 712.5388 428.1576 477.673267202495 577.673267202495 77.34146014899 177.34146014899
630 713.7981 428.73254 485.0421198581312 585.0421198581312 73.02401316610684 173.02401316610684
647 713.7981 428.73254 492.53088471125693 592.5308847112569 68.91807370173689 168.9180737017369
663 698.07227 394.56723 499.6832388604396 599.6832388604396 65.24985358281685 165.24985358281685
681 698.07227 394.56723 507.8437817222184 607.8437817222184 61.353853820736504 161.3538538207365
697 683.3821 372.88037 515.1932957197998 615.1932957197998 58.09860379723074 158.09860379723074
714 683.3821 372.88037 523.0947016472838 623.0947016472838 54.85698039535282 154.85698039535282
732 671.27026 351.7583 531.5578441028453 631.5578441028453 51.6713103368038 151.6713103368038
748 663.8126 335.8434 539.158255286693 639.158255286693 49.0548702834833 149.0548702834833
765 663.8126 335.8434 547.3073843205016 647.3073843205016 46.49908588318232 146.49908588318232
783 663.8126 335.8434 556.0114292711773 656.0114292711773 44.04696936032366 144.04696936032366
799 659.0302 318.83145 563.8073299341439 663.8073299341439 42.08841336946284 142.08841336946284
816 659.0302 318.83145 572.1447741627716 672.1447741627716 40.23709987763954 140.23709987763954
833 702.92114 297.9225 580.531538399579 680.531538399579 38.62386599915499 138.623865999155
851 702.92114 297.9225 589.4578444296311 689.4578444296311 37.176684392405264 137.17668439240526
867 755.6248 281.62204 597.4258042831839 697.4258042831839 36.116672841359446 136.11667284135945
884 755.6248 281.62204 605.9196140026227 705.9196140026227 35.2247455122278 135.2247455122278
902 798.3347 264.74255 614.9368339036334 714.9368339036334 34.54429036905128 134.54429036905128
918 835.4227 253.32848 622.9661736117806 722.9661736117806 34.167843072143 134.167843072143
935 835.4227 253.32848 631.5051081479654 731.5051081479654 34.00372452586896 134.00372452586896
952 865.0966 242.50726 640.0452542165596 740.0452542165596 34.08273742076125 134.08273742076125
969 865.0966 242.50726 648.5796904715623 748.5796904715623 34.40481772096149 134.4048177209615
987 888.7258 236.41562 657.6022422323567 757.6022422323567 35.01048567359351 135.0104856735935
1003 888.7258 236.41562 665.6037768999744 765.6037768999744 35.77693963769889 135.7769396376989
1020 888.7258 236.41562 674.0796299331981 774.0796299331981 36.82586922049978 136.82586922049978
1037 909.5324 230.95006 682.5221900543268 782.5221900543268 38.115643042381976 138.11564304238198
1055 909.5324 230.95006 691.4174796955454 791.4174796955454 39.74263294520472 139.74263294520472
1071 927.8839 225.97447 699.2800950571935 799.2800950571935 41.41334787928315 141.41334787928315
1088 927.8839 225.97447 707.5818585250034 807.5818585250034 43.41860627535635 143.41860627535635
1105 944.23663 226.20677 715.8231772598931 815.8231772598931 45.65936583863811 145.6593658386381
1122 958.1369 224.86876 723.9973720999366 823.9973720999366 48.133810549576026 148.13381054957603
1139 958.1369 224.86876 732.0978182836474 832.0978182836474 50.839934998910564 150.83993499891056
1156 971.7262 223.0466 740.117950819005 840.117950819005 53.77554601295549 153.7755460129555
1173 971.7262 223.0466 748.0512698040402 848.0512698040402 56.93826443105149 156.9382644310515
1190 981.55334 218.11697 755.8913456946693 855.8913456946693 60.32552703375262 160.32552703375262
1207 981.55334 218.11697 763.6318245155068 863.6318245155068 63.93458862018292 163.93458862018292
1224 990.1981 218.87988 771.2664330094331 871.2664330094331 67.76252423287974 167.76252423287974
1242 990.1981 218.87988 779.2278662476037 879.2278662476037 72.05074702783952 172.05074702783952
1258 999.8202 220.07547 786.1933800147626 886.1933800147626 76.06243329120804 176.06243329120804
1275 999.8202 220.07547 793.4736210088488 893.4736210088488 80.52768009049117 180.52768009049117
1293 999.8202 220.07547 801.040231024628 901.040231024628 85.47941582800502 185.47941582800502
1309 1007.78235 221.39853 807.638141470708 907.638141470708 90.0706669060545 190.0706669060545
1326 1017.01074 225.80325 814.5109413283826 914.5109413283826 95.14067282585665 195.14067282585665
1343 1017.01074 225.80325 821.2366359705578 921.2366359705578 100.40426185718263 200.40426185718263
1360 1024.0022 229.58072 827.809774570124 927.809774570124 105.85716813378187 205.85716813378187
1377 1024.0022 229.58072 834.2250299387413 934.2250299387413 111.49497235758312 211.49497235758312
1394 1032.7572 235.34335 840.4772028442499 940.4772028442499 117.31310538030687 217.31310538030687
1411 1032.7572 235.34335 846.5612262243785 946.5612262243785 123.30685190652298 223.30685190652298
1428 1038.3296 238.41005 852.4721692933363 952.4721692933363 129.47135431515434 229.47135431515434
1445 1038.3296 238.41005 858.2052415379586 958.2052415379586 135.80161659632608 235.80161659632608
1462 1046.6594 245.90115 863.7557966001699 963.7557966001699 142.29250840037312 242.29250840037312
1480 1046.6594 245.90115 869.4289206730178 969.4289206730178 149.33444969515332 249.33444969515332
1496 1056.0017 251.42325 874.2915129944168 974.2915129944168 155.73501253228335 255.73501253228335
1513 1062.5848 259.9275 879.2681356740757 979.2681356740757 162.675730406883 262.67573040688296
1531 1062.5848 259.9275 884.3198737571439 984.3198737571439 170.1759448228275 270.1759448228275
1547 1062.5848 259.9275 888.6187467928016 988.6187467928016 176.96797687071094 276.9679768707109
1564 1067.9114 269.30682 892.9851570459276 992.9851570459276 184.30792233453255 284.3079223345326
1581 1067.9114 269.30682 897.1408627967578 997.1408627967578 191.76918547310373 291.76918547310373
1598 1074.5034 279.9794 901.0824960610505 1001.0824960610505 199.34571931915121 299.3457193191512
1616 1074.5034 279.9794 905.0191112173986 1005.0191112173986 207.48674720608716 307.48674720608716
1632 1081.654 285.77982 908.3109432553329 1008.3109432553329 214.8199491363638 314.8199491363638
1649 1081.654 285.77982 911.5918989033121 1011.5918989033121 222.7051040458423 322.7051040458423
1666 1086.5587 292.5417 914.6470702485676 1014.6470702485676 230.6804577033056 330.6804577033056
1683 1086.5587 292.5417 917.4739812329851 1017.4739812329851 238.73954649774532 338.7395464977453
1700 1091.9956 303.76825 920.0703407916484 1020.0703407916484 246.87583895516212 346.8758389551621
1717 1097.898 312.3297 922.4340447096293 1022.4340447096293 255.08274103198784 355.08274103198784
1735 1097.898 312.3297 924.6810775952 1024.6810775952 263.8419714294728 363.8419714294728
1752 1103.561 321.49768 926.5599638955216 1026.5599638955216 272.17324529251096 372.17324529251096
1768 1103.561 321.49768 928.1110179615537 1028.1110179615537 280.0603385467098 380.0603385467098
1785 1103.561 321.49768 929.5268506369953 1029.5268506369953 288.4826752619944 388.4826752619944
1803 1102.4537 342.2776 930.7640061395116 1030.7640061395116 297.4405053679775 397.4405053679775
1819 1102.4537 342.2776 931.6366043392997 1031.6366043392995 305.4311612295389 405.4311612295389
1836 1104.2748 363.62933 932.3288155200738 1032.328815520074 313.9435746118702 413.9435746118702
1853 1104.2748 363.62933 932.7784362013994 1032.7784362013995 322.4722426880359 422.4722426880359
1870 1103.8204 380.9414 932.9851019890048 1032.9851019890048 331.01025341435343 431.01025341435343
1887 1102.4358 396.42175 932.9486453909749 1032.948645390975 339.5506871754069 439.5506871754069
1905 1102.4358 396.42175 932.6450853553974 1032.6450853553974 348.5884482504665 448.5884482504665
1921 1103.9519 408.7632 932.1466802368993 1032.1466802368993 356.6111411309172 456.6111411309172
1938 1103.9519 408.7632 931.3818216320687 1031.3818216320687 365.1173347111916 465.1173347111916
1955 1102.3849 420.2443 930.3751400172805 1030.3751400172805 373.5983093035911 473.5983093035911
1973 1102.3849 420.2443 929.0465730175129 1029.0465730175129 382.54303868307437 482.54303868307437
1989 1099.1416 430.74005 927.6397665348454 1027.6397665348454 390.4571339716405 490.4571339716405
2006 1099.1416 430.74005 925.9132915457113 1025.9132915457112 398.8213208432003 498.8213208432003
2023 1099.1416 430.74005 923.9494255069792 1023.9494255069792 407.13297339202586 507.13297339202586
2040 1095.7964 446.07483 921.7497600303433 1021.7497600303433 415.385355454278 515.3853554542779
2057 1095.7964 446.07483 919.3160778307275 1019.3160778307275 423.5717789017766 523.5717789017766
2074 1094.13 457.48477 916.6503512814876 1016.6503512814876 431.68560906238275 531.6856090623828
2091 1091.6821 466.2057 913.7547408159044 1013.7547408159044 439.7202700970553 539.7202700970553
2108 1091.6821 466.2057 910.6315931762647 1010.6315931762647 447.6692503292295 547.6692503292295
2125 1087.4077 477.14392 907.2834395119482 1007.2834395119482 455.52610752219204 555.526107522192
2142 1087.4077 477.14392 903.7129933280626 1003.7129933280626 463.2844741001809 563.2844741001809
2159 1082.9402 486.4274 899.9231482862865 999.9231482862865 470.9380623089762 570.9380623089762
2176 1082.9402 486.4274 895.9169758597092 995.9169758597092 478.4806693117979 578.4806693117979
2193 1080.0233 496.04877 891.6977228435584 991.6977228435584 485.90618221638465 585.9061822163847
2210 1080.0233 496.04877 887.2688087238421 987.2688087238421 493.20858302917645 593.2085830291765
2227 1072.2247 508.6071 882.6338229060326 982.6338229060326 500.38195353258584 600.3819535325858
2244 1072.2247 508.6071 877.7965218060378 977.7965218060378 507.42048008140796 607.420480081408
2261 1065.6115 513.80164 872.7608258058228 972.7608258058228 514.3184583144773 614.3184583144773
2278 1065.6115 513.80164 867.5308160761413 967.5308160761413 521.0702977777584 621.0702977777584
2295 1061.1719 521.036 862.1107312689596 962.1107312689596 527.6705264551181 627.6705264551181
2312 1061.1719 521.036 856.5049640822481 956.5049640822481 534.1137952031119 634.1137952031119
2329 1052.3873 527.9938 850.7180576999276 950.7180576999276 540.394882086187 640.394882086187
2346 1052.3873 527.9938 844.754702109853 944.754702109853 546.5086966087915 646.5086966087915
2364 1006.5426 542.11865 838.2536107340788 938.2536107340788 552.7943218655896 652.7943218655896
2380 1006.5426 542.11865 832.3181143556885 932.3181143556885 558.2148284340103 658.2148284340103
2397 962.3256 558.64703 825.8549614017456 925.8549614017456 563.7976585231695 663.7976585231695
2414 962.3256 558.64703 819.2355094916655 919.2355094916655 569.1942495138428 669.1942495138428
2431 929.72723 566.56946 812.4651233483269 912.4651233483269 574.4002277485814 674.4002277485814
2449 929.72723 566.56946 805.1380660054275 905.1380660054275 579.6999923319313 679.6999923319313
2465 900.28485 579.04486 798.4936144283101 898.4936144283101 584.2236271487043 684.2236271487043
2482 877.65204 588.1448 791.3038148358737 891.3038148358737 588.8330869577367 688.8330869577367
2499 877.65204 588.1448 783.9857182018081 883.9857182018081 593.2360177503971 693.2360177503971
2516 856.4065 589.48553 776.54525546435 876.54525546435 597.4288511793545 697.4288511793545
2533 856.4065 589.48553 768.9884567331254 868.9884567331254 601.4081891703074 701.4081891703074
2550 856.4065 589.48553 761.3214464020558 861.3214464020558 605.1708066759479 705.1708066759479
2567 834.08765 598.01544 753.5504381858558 853.5504381858558 608.7136542896951 708.7136542896951
2584 834.08765 598.01544 745.6817300841386 845.6817300841386 612.0338607170812 712.0338607170812
2601 815.2854 601.0588 737.721699277214 837.721699277214 615.1287351027865 715.1287351027865
2618 815.2854 601.0588 729.6767969577133 829.6767969577133 617.9957692114392 717.9957692114392
2636 800.54736 603.73145 721.0734050251664 821.0734050251664 620.7805351262059 720.7805351262059
2652 788.77734 602.0739 713.3585211872297 813.3585211872297 623.0372088029525 723.0372088029525
2670 788.77734 602.0739 704.6105964401853 804.6105964401853 625.327860798587 725.327860798587
2686 776.3563 603.4002 696.7797925232513 796.7797925232513 627.1418395004217 727.1418395004217
2703 776.3563 603.4002 688.4095219750633 788.4095219750633 628.8385742647915 728.8385742647915
2720 765.6389 604.62915 679.9943448795832 779.9943448795832 630.296357637651 730.296357637651
2738 765.6389 604.62915 671.0427906981013 771.0427906981013 631.5781344048996 731.5781344048996
2754 757.4729 604.9806 663.0565821743512 763.0565821743512 632.4905389924386 732.4905389924386
2771 757.4729 604.9806 654.5477237438794 754.5477237438794 633.2251587040392 733.2251587040392
2788 748.16144 607.29425 646.0214019995067 746.0214019995067 633.7172719246712 733.7172719246712
2805 748.16144 607.29425 637.4845270833351 737.4845270833351 633.9664798220608 733.9664798220608
2822 748.16144 607.29425 628.9440176902656 728.9440176902656 633.9725804261168 733.9725804261168
2839 740.19476 609.33887 620.4067954607539 720.4067954607539 633.7355687926154 733.7355687926154
2856 732.99915 612.734 611.8797793711809 711.8797793711809 633.2556370072082 733.2556370072082
2873 732.99915 612.734 603.3698801263789 703.3698801263789 632.5331740297464 732.5331740297464
2890 725.909 615.3113 594.8839945588649 694.8839945588649 631.5687653790487 731.5687653790487
2907 725.909 615.3113 586.4290000393138 686.4290000393138 630.3631926583694 730.3631926583694
2924 718.07294 611.6345 578.0117489028069 678.0117489028069 628.9174329219486 728.9174329219486
2941 718.07294 611.6345 569.6390628953682 669.6390628953682 627.232657883161 727.232657883161
2958 710.3865 612.6384 561.3177276452934 661.3177276452934 625.3102329649023 725.3102329649023
2975 710.3865 612.6384 553.0544871637487 653.0544871637487 623.1517161929854 723.1517161929854
2993 703.5997 610.892 544.3759367047026 644.3759367047026 620.6108431393186 720.6108431393186
3009 703.5997 610.892 536.7290257094023 636.7290257094023 618.1335944747455 718.1335944747455
3026 697.11896 609.57965 528.6800356774336 628.6800356774336 615.278056456131 715.278056456131
3044 697.11896 609.57965 520.2498660899855 620.2498660899855 612.0061281757542 712.0061281757542
3060 687.63525 611.4432 512.8421481644934 612.8421481644934 608.8855955525434 708.8855955525434
3077 687.63525 611.4432 505.066086470933 605.066086470933 605.3538534259965 705.3538534259965
3094 683.6762 604.55206 497.3937085871838 597.3937085871838 601.6021930576474 701.6021930576474
3112 683.6762 604.55206 489.38993504921393 589.3899350492139 597.3935254421243 697.3935254421243
3128 675.6293 603.66113 482.38478743869564 582.3847874386956 593.4514554692516 693.4514554692516
3145 675.6293 603.66113 475.06040812706976 575.0604081270698 589.058983999804 689.058983999804
3162 668.1873 603.36487 467.8640306732291 567.8640306732291 584.4598004361334 684.4598004361334
3179 668.1873 603.36487 460.8014873683203 560.8014873683203 579.6576321782761 679.6576321782761
3196 664.1255 600.5679 453.87850203784535 553.8785020378454 574.6563711348483 674.6563711348483
3213 664.1255 600.5679 447.10068540279684 547.1006854027969 569.4600705688548 669.4600705688548
3230 657.1688 599.8932 440.47353053246013 540.4735305324601 564.0729418127313 664.0729418127313
3248 649.94104 596.32336 433.6267260338776 533.6267260338776 558.165781572544 658.165781572544
3265 649.94104 596.32336 427.3265285815807 527.3265285815808 552.3996867092457 652.3996867092457
3282 642.14453 593.54456 421.193018823778 521.193018823778 546.4565902131905 646.4565902131905
3298 642.14453 593.54456 415.5770257696452 515.5770257696452 540.7057093474355 640.7057093474355
3315 642.14453 593.54456 409.7811519627961 509.7811519627961 534.4328962045494 634.4328962045494
3333 639.3328 592.6361 403.8416251188419 503.8416251188419 527.6141503656863 627.6141503656863
3349 639.3328 592.6361 398.7366769287074 498.7366769287074 521.4051639192346 621.4051639192346
3366 633.57153 595.48096 393.49702667636814 493.49702667636814 514.6608030789737 614.6608030789737
3383 633.57153 595.48096 388.45148117741576 488.45148117741576 507.7700260162269 607.7700260162269
3400 626.30206 592.2087 383.6041295851123 483.6041295851123 500.7384173488538 600.7384173488538
3417 626.30206 592.2087 378.95890042682595 478.95890042682595 493.5716758314352 593.5716758314352
3435 621.36743 590.19934 374.2649101067921 474.2649101067921 485.8425278304917 585.8425278304917
3451 618.6326 581.83716 370.28970142185455 470.28970142185455 478.85613214835485 578.8561321483548
3468 618.6326 581.83716 366.2727575118902 466.2727575118902 471.3192561685689 571.3192561685689
3486 613.7418 574.6274 362.2552058135661 462.2552058135661 463.2178641711182 563.2178641711182
3502 613.7418 574.6274 358.8904558633554 458.8904558633554 455.9178322199049 555.9178322199049
3519 610.4828 569.27826 355.5310810978608 455.5310810978608 448.06576630732854 548.0657663073285
3536 610.4828 569.27826 352.3965805179704 452.3965805179704 440.1212559998803 540.1212559998803
3554 605.9279 566.1807 349.3256228120883 449.3256228120883 431.61581699217805 531.615816992178
3570 605.9279 566.1807 346.8121790087004 446.8121790087004 423.9807263598813 523.9807263598814
3588 605.9279 566.1807 344.23022471939606 444.23022471939606 415.31430922285153 515.3143092228515
3604 601.78174 566.5569 342.155351140146 442.155351140146 407.5485569510936 507.5485569510936
3621 601.78174 566.5569 340.17961285468476 440.17961285468476 399.23971851615926 499.23971851615926
3638 599.5885 563.0099 338.44119032461737 438.44119032461737 390.87800666884965 490.87800666884965
3655 595.5179 564.4405 336.9414924513526 436.9414924513526 382.4701981434725 482.4701981434725
3672 595.5179 564.4405 335.68173466233077 435.68173466233077 374.02310703330426 474.02310703330426
3689 594.0485 558.88837 334.66293792598333 434.66293792598333 365.5435792681223 465.5435792681223
3706 594.0485 558.88837 333.8859279242903 433.8859279242903 357.03848706593226 457.03848706593226
3723 592.3935 557.0162 333.35133438360816 433.35133438360816 348.5147233633919 448.5147233633919
3740 592.3935 557.0162 333.05959056430925 433.05959056430925 339.9791962294431 439.9791962294431
3757 590.02594 553.9993 453.02406576024066 553.0240657602407 331.056686471707 431.056686471707
3774 590.02594 553.9993 453.36623095517183 553.3662309551719 322.5235450269113 422.5235450269113
3791 591.4364 553.0208 454.11274721758974 554.1127472175897 314.01623679178385 414.01623679178385
3808 591.4364 553.0208 455.26193415828243 555.2619341582824 305.553911501838 405.553911501838
3825 589.0694 553.8232 456.81120498653286 556.8112049865329 297.15561763711503 397.15561763711503
3843 589.0694 553.8232 458.8837967246308 558.8837967246309 288.35410470841526 388.35410470841526
3859 589.0298 547.4442 461.09515609929747 561.0951560992975 280.62655488470796 380.62655488470796
3876 589.0298 547.4442 463.8201933182859 563.8201933182859 272.53299249891984 372.53299249891984
3894 587.4778 545.33844 467.1204617306055 567.1204617306055 264.1145309557668 364.1145309557668
3910 587.4778 545.33844 470.40573493989234 570.4057349398923 256.7788567193968 356.7788567193968
3928 585.6366 541.01166 474.4888488204813 574.4888488204813 248.71099161237862 348.7109916123786
3944 585.6366 541.01166 478.4544350159092 578.4544350159092 241.71962102511617 341.71962102511617
3961 586.7194 546.25183 483.0053327319572 583.0053327319572 234.49321736108072 334.4932173610807
3978 586.7194 546.25183 487.893864647575 587.893864647575 227.49080094619188 327.4908009461919
3995 585.61194 547.2209 493.109026801152 593.109026801152 220.7281340425647 320.7281340425647
4013 585.8699 545.7127 498.9739209792019 598.9739209792019 213.84589003154827 313.84589003154827
4029 585.8699 545.7127 504.47157621838664 604.4715762183866 207.98236520147657 307.98236520147657
4046 586.84515 541.6387 510.59338667089924 610.5933866708992 202.0279536670738 302.0279536670738
4063 586.84515 541.6387 516.9907313118342 616.9907313118342 196.37060786867886 296.37060786867886
4081 586.84515 541.6387 524.0486998190197 624.0486998190197 190.7184094558065 290.7184094558065
4097 587.3957 540.9114 530.5538343096449 630.5538343096449 185.9973542961332 285.9973542961332
4114 587.3957 540.9114 537.689062464963 637.689062464963 181.30479645322103 281.304796453221
4131 584.8832 541.7809 545.0388331282979 645.0388331282979 176.95595164869005 276.9559516486901
4148 584.8832 541.7809 552.5866021519138 652.5866021519138 172.9606090221234 272.96060902212344
4165 584.9609 543.29083 560.3153796987771 660.3153796987771 169.32776198864897 269.32776198864894
4183 584.9609 543.29083 568.6767438562879 668.6767438562879 165.88540004190477 265.88540004190475
4199 585.7661 542.911 576.2460029469295 676.2460029469295 163.1814301122385 263.1814301122385
4216 587.5789 542.5166 584.4119892185008 684.4119892185008 160.68178050678887 260.68178050678887
4234 587.5789 542.5166 593.1771405586188 693.1771405586188 158.46043219287566 258.46043219287566
4251 589.261 542.8509 601.547993109811 701.547993109811 156.76915826363768 256.7691582636377
4267 589.261 542.8509 609.4914555949256 709.4914555949256 155.54174622631027 255.54174622631027
4284 591.1929 543.2083 617.9823830375866 717.9823830375866 154.6275629290547 254.6275629290547
4302 591.1929 543.2083 627.009212437205 727.009212437205 154.09972077737774 254.09972077737774
4318 591.1929 543.2083 635.0464617946108 735.0464617946108 154.01163372561214 254.01163372561214
4335 592.73334 546.573 643.581202299593 743.581202299593 154.31127426047263 254.31127426047263
4352 592.73334 546.573 652.0921247860152 752.0921247860152 155.01538956894865 255.01538956894865
4370 593.11304 539.26385 661.0564395481568 761.0564395481568 156.20001068650026 256.20001068650026
4386 593.11304 539.26385 668.9659809564164 768.9659809564164 157.6297978289907 257.6297978289907
4403 597.8145 541.0606 677.2909320172428 777.2909320172428 159.53420581373558 259.5342058137356
4420 598.7871 541.58795 685.5161853111272 785.5161853111272 161.83133188536496 261.831331885365
4437 598.7871 541.58795 693.6232260010909 793.6232260010909 164.5160052712332 264.5160052712332
4454 602.4473 539.96027 701.5938053437343 801.5938053437343 167.58218283949915 267.5821828394992
4471 602.4473 539.96027 709.4099817666976 809.4099817666976 171.0229627020636 271.02296270206364
4488 603.7487 539.4623 717.0541612546845 817.0541612546845 174.83059975054408 274.8305997505441
4506 603.7487 539.4623 724.9414118764473 824.9414118764473 179.25253868910977 279.25253868910977
4522 602.76245 543.0764 731.7581279004737 831.7581279004737 183.51135533338842 283.51135533338845
4539 602.76245 543.0764 738.7848168015221 838.7848168015221 188.36493370665013 288.36493370665016
4556 669.4344 545.5274 745.5733867574248 845.5733867574248 193.54633292803192 293.5463329280319
4573 669.4344 545.5274 752.108556869033 852.108556869033 199.0438897990301 299.0438897990301
4590 669.4344 545.5274 758.3756166338345 858.3756166338345 204.8452294582745 304.8452294582745
4607 743.87115 546.96686 764.3604590589218 864.3604590589218 210.9372932370277 310.9372932370277
4624 805.4688 549.36304 770.0496124154753 870.0496124154753 217.30636805391646 317.30636805391646
4642 805.4688 549.36304 775.7369103211945 875.7369103211945 224.33608418463587 324.33608418463587
4658 855.2725 550.45447 780.4903217770493 880.4903217770493 230.81761302381858 330.8176130238186
4675 855.2725 550.45447 785.2183760095571 885.2183760095571 237.9293697063817 337.9293697063817
4693 895.4262 549.06903 789.8508707295014 889.8508707295014 245.69482262405427 345.69482262405427
4710 895.4262 549.06903 793.8627475670244 893.8627475670244 253.233816202647 353.233816202647
4727 928.25525 548.9533 797.5125264313018 897.5125264313018 260.95461241672945 360.95461241672945
4743 928.25525 548.9533 800.6094691549205 900.6094691549205 268.3717602734482 368.3717602734482
4760 954.2344 546.9959 803.5336455346032 903.5336455346032 276.3955232583588 376.3955232583588
4777 954.2344 546.9959 806.0739549944915 906.0739549944915 284.5489524624127 384.5489524624127
4794 973.4252 548.40515 808.2246793622878 908.2246793622878 292.8136947228397 392.8136947228397
4811 973.4252 548.40515 809.980977411876 909.980977411876 301.17114631399613 401.17114631399613
4828 985.28796 554.732 811.3388957607996 911.3388957607996 309.60249482388303 409.60249482388303
4845 985.28796 554.732 812.2953777692248 912.2953777692248 318.08876150040663 418.08876150040663
4862 996.736 557.52594 812.84827042036 912.84827042036 326.6108439720703 426.6108439720703
4879 996.736 557.52594 812.9963291668411 912.9963291668411 335.1495592469291 435.1495592469291
4896 1005.1454 559.1422 812.7392207321774 912.7392207321774 343.68568689301895 443.68568689301895
4914 1005.1454 559.1422 812.0260281368674 912.0260281368674 352.69976602895355 452.69976602895355
4930 1012.34607 557.80084 811.0127280160616 911.0127280160616 360.6733699460652 460.6733699460652
4947 1012.34607 557.80084 809.5472300260149 909.5472300260149 369.0866865084376 469.0866865084376
4965 1011.72504 565.859 807.5624555236557 907.5624555236557 377.90841743392417 477.90841743392417
4981 1015.7439 565.8501 805.4282173508461 905.4282173508461 385.65762152102405 485.65762152102405
4998 1015.7439 565.8501 802.7839744590015 902.7839744590015 393.77793921594457 493.77793921594457
5016 1019.2504 564.97766 799.5677668269823 899.5677668269823 402.2288725853804 502.2288725853804
5032 1019.2504 564.97766 796.3557627878217 896.3557627878217 409.59692297976756 509.59692297976756
5049 1021.8746 565.546 792.5862637502574 892.5862637502574 417.25998091660404 517.259980916604
5066 1021.8746 565.546 788.4575400722103 888.4575400722103 424.73562274375536 524.7356227437554
5083 1021.8746 565.546 783.9788854061801 883.9788854061801 432.00702098068035 532.0070209806804
5100 1022.835 569.50165 779.1603810904619 879.1603810904619 439.057807893992 539.057807893992
5118 1022.835 569.50165 773.7000770999266 873.7000770999266 446.265258669255 546.265258669255
5134 1018.9889 576.8852 768.5479494131282 868.5479494131282 452.4345954942897 552.4345954942896
5151 1018.9889 576.8852 762.7779103666112 862.7779103666112 458.73048537096236 558.7304853709624
5169 1014.01215 582.35645 756.3503375862501 856.3503375862501 465.09040474938706 565.0904047493871
5186 1009.64014 587.74976 749.993748013828 849.993748013828 470.79350469111057 570.7935046911106
5202 1009.64014 587.74976 743.7702424593289 843.7702424593289 475.8800669068827 575.8800669068827
5219 1005.2568 591.86304 736.9160462255444 836.9160462255444 480.9743356401059 580.9743356401059
5237 1005.2568 591.86304 729.404044019961 829.404044019961 486.007435004336 586.007435004336
5253 996.45557 597.0427 722.5218717414465 822.5218717414465 490.15964421036574 590.1596442103657
5270 996.45557 597.0427 715.014294413571 815.014294413571 494.2300081502966 594.2300081502966
5287 989.52515 601.0812 707.3221049847989 807.3221049847989 497.93969839739407 597.9396983973941
5304 989.52515 601.0812 699.4626183788416 799.4626183788416 501.28036453280606 601.2803645328061
5321 989.52515 601.0812 691.4535261011198 791.4535261011198 504.2444868016163 604.2444868016163
5338 982.59607 607.975 683.3128564156366 783.3128564156366 506.8253930396211 606.8253930396211
5355 982.59607 607.975 675.0589337638094 775.0589337638094 509.01727369220305 609.017273692203
5373 975.51715 612.3769 666.2166959955493 766.2166959955493 510.90859534556046 610.9085953455605
5389 943.8626 616.19586 658.2858601528986 758.2858601528986 512.2151095623715 612.2151095623715
5406 943.8626 616.19586 649.8044649579773 749.8044649579773 513.2138665323532 613.2138665323532
5423 875.4803 602.96484 641.2852433377668 741.2852433377668 513.8092176247758 613.8092176247758
5440 875.4803 602.96484 632.7473718445073 732.7473718445073 513.9998227193989 613.9998227193989
5457 839.8789 583.75684 624.2100690108309 724.2100690108309 513.7852527689789 613.7852527689789
5474 839.8789 583.75684 615.692552089333 715.692552089333 513.1659907650433 613.1659907650433
5491 811.27014 571.12964 607.2139937950213 707.2139937950213 512.1434306506889 612.1434306506889
5509 811.27014 571.12964 598.3003682235171 698.3003682235171 510.6237117563112 610.6237117563112
5526 784.551 559.5876 589.9619676676424 689.9619676676424 508.7790827672435 608.7790827672435
5542 784.551 559.5876 582.2022249367301 682.2022249367301 506.68348516468336 606.6834851646834
5560 764.6126 550.59265 573.5943505800357 673.5943505800357 503.9145927134932 603.9145927134932
5577 764.6126 550.59265 565.6019771400934 665.6019771400934 500.9056814927985 600.9056814927985
5593 742.97327 542.8225 558.218012891798 658.218012891798 497.7304321259451 597.7304321259451
5610 742.97327 542.8225 550.5362667811617 650.5362667811617 493.99916469660786 593.9991646966079
5627 728.4915 538.32825 543.0401444467964 643.0401444467964 489.90774319720856 589.9077431972086
5644 728.4915 538.32825 535.7465194703461 635.7465194703461 485.4653773139863 585.4653773139863
5662 719.24817 530.8843 528.2628105761767 628.2628105761767 480.3903041584317 580.3903041584317
5679 719.24817 530.8843 521.4372397764029 621.4372397764029 475.25774503117407 575.2577450311741
5695 707.1044 522.7685 515.2423066318847 615.2423066318847 470.13642294632587 570.1364229463259
5712 707.1044 522.7685 508.91774297137306 608.9177429713731 464.3978277836013 564.3978277836013
5729 643.52014 525.427 502.8724853308397 602.8724853308397 458.36571041097886 558.3657104109789
5746 601.3825 528.2009 497.1201414322254 597.1201414322254 452.0536489719888 552.0536489719889
5763 601.3825 528.2009 491.67365965604995 591.67365965605 445.47585175716756 545.4758517571676
5780 566.79956 531.5244 486.5452998949387 586.5452998949387 438.6471252215585 538.6471252215586
5798 566.79956 531.5244 481.47483091410595 581.474830914106 431.16029607556385 531.1602960755638
5814 537.5404 530.8483 477.2883795805666 577.2883795805666 424.29889958551144 524.2988995855114
5831 537.5404 530.8483 473.18065612063515 573.1806561206351 416.8116979778178 516.8116979778179
5849 537.5404 530.8483 469.2236005938714 569.2236005938714 408.68126269395975 508.68126269395975
5865 513.21216 529.51196 466.05289368960894 566.0528936896089 401.295346752855 501.295346752855
5882 513.21216 529.51196 463.04889913133843 563.0488991313384 393.30112404946493 493.30112404946493
5899 493.58737 527.29535 460.427460199564 560.4274601995639 385.1734160167848 485.1734160167848
5916 493.58737 527.29535 458.1944776869708 558.1944776869708 376.9305179198789 476.9305179198789
5933 477.18872 525.1372 456.35497798067684 556.3549779806768 368.59098431373195 468.59098431373195
5950 496.1602 521.4354 454.91310174796206 554.9131017479621 360.1735872774116 460.1735872774116
5967 496.1602 521.4354 453.8720946157316 553.8720946157316 351.69727415859836 451.69727415859836
5985 513.03546 517.02576 453.2093745722001 553.2093745722001 342.6793437701557 442.6793437701557
6001 513.03546 517.02576 453.0036526131048 553.0036526131048 335.1467028281774 435.1467028281774
