0 744.6218 206.87248 333.0 433.0 334.0 434.0
17 738.64844 203.99767 333.1215672298508 433.1215672298508 325.460353677165 425.460353677165
34 737.2318 203.48059 333.4861703954607 433.4861703954607 316.92762829531256 416.92762829531256
51 737.2318 203.48059 334.0935140048509 434.0935140048509 308.4087391863609 408.4087391863609
68 737.2318 203.48059 334.94310583748677 434.94310583748677 299.91059046864586 399.91059046864586
85 735.17944 196.17014 336.0342573431978 436.0342573431978 291.44006945149073 391.44006945149073
102 735.17944 196.17014 337.3660842002114 437.3660842002114 283.00404105339845 383.00404105339845
119 732.0249 199.03891 338.93750703184975 438.93750703184975 274.6093422383909 374.6093422383909
136 732.0249 199.03891 340.74725228130916 440.74725228130916 266.2627764750041 366.2627764750041
153 727.01215 196.52873 342.7938532438116 442.7938532438116 257.9711082224287 357.9711082224287
170 727.01215 196.52873 345.0756512552929 445.0756512552929 249.74105744826687 349.7410574482669
187 726.688 200.36845 347.59079703666407 447.59079703666407 241.57929418234613 341.57929418234613
204 726.688 200.36845 350.3372521925565 450.3372521925565 233.4924331110061 333.4924331110061
221 724.2766 199.57834 353.31279086333535 453.31279086333535 225.48702821623766 325.48702821623766
238 727.44885 198.2514 356.51500152904384 456.51500152904384 217.5695674640201 317.5695674640201
255 727.44885 198.2514 359.9412889638151 459.9412889638151 209.74646754616077 309.7464675461608
273 723.6205 195.10486 363.8102697116431 463.8102697116431 201.57308012612515 301.57308012612515
289 723.6205 195.10486 367.4548074744846 467.4548074744846 194.40862946948707 294.4086294694871
306 723.6205 195.10486 371.53594923283765 471.53594923283765 186.90632183391858 286.9063218339186
323 722.9308 190.24608 375.8289940602396 475.8289940602396 179.52322600490484 279.5232260049048
340 722.9308 190.24608 380.3304626662418 480.3304626662418 172.26532559916362 272.2653255991636
357 722.59314 197.14249 385.0367068437197 485.0367068437197 165.13850276900726 265.13850276900723
374 722.59314 197.14249 389.9439124255555 489.9439124255555 158.14853343516307 258.1485334351631
391 721.41406 195.74911 395.0481023758233 495.0481023758233 151.30108260568883 251.30108260568883
408 721.41406 195.74911 400.34514001297055 500.34514001297055 144.601699784777 244.601699784777
425 723.5902 191.80005 405.83073236238414 505.83073236238414 138.05581447516937 238.05581447516937
442 723.1159 192.0965 411.50043363562395 511.50043363562395 131.66873177782583 231.66873177782583
459 723.1159 192.0965 417.3496488335043 517.3496488335043 125.44562809241546 225.44562809241546
476 723.7236 191.0759 423.3736374701024 523.3736374701024 119.39154692211227 219.39154692211227
494 723.7236 191.0759 429.9370474236076 529.9370474236076 113.17102252884061 213.1710225288406
510 676.22253 177.45343 435.9262688483818 535.9262688483818 107.8099372430793 207.8099372430793
527 676.22253 177.45343 442.44473833256984 542.4447383325698 102.29179502905546 202.29179502905546
544 613.3604 146.40332 449.1176429853873 549.1176429853873 96.96144031244515 196.96144031244515
561 613.3604 146.40332 455.939574763276 555.939574763276 91.82319306962836 191.82319306962836
578 613.3604 146.40332 462.90500484391305 562.905004843913 86.88121758382923 186.88121758382923
596 571.77136 101.0255 470.430298817712 570.430298817712 81.86691558325475 181.86691558325475
612 533.06305 72.66113 477.24366770951156 577.2436677095116 77.60194042970028 177.60194042970028
629 533.06305 72.66113 484.6052797509776 584.6052797509776 73.27215913482809 173.2721591348281
646 501.18677 42.108265 492.08715802621145 592.0871580262115 69.15368424901567 169.15368424901567
664 501.18677 42.108265 500.1334925058843 600.1334925058843 65.02696940712423 165.02696940712423
680 493.88358 19.896912 507.3873660236304 607.3873660236304 61.563830988764266 161.56383098876427
697 493.88358 19.896912 515.1932957197998 615.1932957197998 58.09860379723074 158.09860379723074
714 487.73022 1.5378685 523.0947016472838 623.0947016472838 54.85698039535282 154.85698039535282
731 487.73022 1.5378685 531.0851801258791 631.0851801258791 51.84158795097835 151.84158795097835
748 486.17792 -10.010165 539.158255286693 639.158255286693 49.0548702834833 149.0548702834833
766 486.17792 -10.010165 547.7889724557664 647.7889724557664 46.355982532478436 146.35598253247844
782 491.10477 -24.893772 555.5259627803556 655.5259627803556 44.176306080939696 144.1763060809397
799 491.10477 -24.893772 563.8073299341439 663.8073299341439 42.08841336946284 142.08841336946284
816 497.94653 -36.42038 572.1447741627716 672.1447741627716 40.23709987763954 140.23709987763954
833 497.94653 -36.42038 580.531538399579 680.531538399579 38.62386599915499 138.623865999155
850 518.4526 -51.434124 588.960825606595 688.960825606595 37.25001917650059 137.2500191765006
867 518.4526 -51.434124 597.4258042831839 697.4258042831839 36.116672841359446 136.11667284135945
884 531.7505 -70.48448 605.9196140026227 705.9196140026227 35.2247455122278 135.2247455122278
901 531.7505 -70.48448 614.4353709721212 714.4353709721212 34.574960050003085 134.57496005000309
918 538.85455 -81.03858 622.9661736117806 722.9661736117806 34.167843072143 134.167843072143
935 538.85455 -81.03858 631.5051081479654 731.5051081479654 34.00372452586896 134.00372452586896
952 551.87024 -91.35683 640.0452542165596 740.0452542165596 34.08273742076125 134.08273742076125
969 551.87024 -91.35683 648.5796904715623 748.5796904715623 34.40481772096149 134.4048177209615
986 564.5156 -97.03932 657.1015001944813 757.1015001944813 34.96970439707047 134.96970439707047
1003 564.5156 -97.03932 665.6037768999744 765.6037768999744 35.77693963769889 135.7769396376989
1020 580.33826 -103.63193 674.0796299331981 774.0796299331981 36.82586922049978 136.82586922049978
1037 600.3312 -112.239685 682.5221900543268 782.5221900543268 38.115643042381976 138.11564304238198
1054 600.3312 -112.239685 690.9246150057149 790.9246150057149 39.645215808474234 139.64521580847423
1071 600.3312 -112.239685 699.2800950571935 799.2800950571935 41.41334787928315 141.41334787928315
1088 614.6998 -119.541245 707.5818585250034 807.5818585250034 43.41860627535635 143.41860627535635
1105 614.6998 -119.541245 715.8231772598931 815.8231772598931 45.65936583863811 145.6593658386381
1122 635.4125 -114.832275 723.9973720999366 823.9973720999366 48.133810549576026 148.13381054957603
1139 635.4125 -114.832275 732.0978182836474 832.0978182836474 50.839934998910564 150.83993499891056
1156 657.6054 -109.795746 740.117950819005 840.117950819005 53.77554601295549 153.7755460129555
1173 657.6054 -109.795746 748.0512698040402 848.0512698040402 56.93826443105149 156.9382644310515
1190 677.2229 -105.984406 755.8913456946693 855.8913456946693 60.32552703375262 160.32552703375262
1207 699.3048 -102.75795 763.6318245155068 863.6318245155068 63.93458862018292 163.93458862018292
1225 699.3048 -102.75795 771.712097942471 871.712097942471 67.99444764366609 167.9944476436661
1241 721.96216 -92.5424 778.788983721744 878.788983721744 71.80623152831976 171.80623152831976
1258 721.96216 -92.5424 786.1933800147626 886.1933800147626 76.06243329120804 176.06243329120804
1275 746.86664 -90.8068 793.4736210088488 893.4736210088488 80.52768009049117 180.52768009049117
1292 746.86664 -90.8068 800.6238064458005 900.6238064458005 85.19835307494287 185.19835307494287
1309 766.0229 -95.1789 807.638141470708 907.638141470708 90.0706669060545 190.0706669060545
1326 766.0229 -95.1789 814.5109413283826 914.5109413283826 95.14067282585665 195.14067282585665
1343 787.70966 -90.46348 821.2366359705578 921.2366359705578 100.40426185718263 200.40426185718263
1360 787.70966 -90.46348 827.809774570124 927.809774570124 105.85716813378187 205.85716813378187
1378 808.0675 -86.56736 834.5973693489477 934.5973693489477 111.83226905874935 211.83226905874935
1394 808.0675 -86.56736 840.4772028442499 940.4772028442499 117.31310538030687 217.31310538030687
1411 832.8275 -77.21867 846.5612262243785 946.5612262243785 123.30685190652298 223.30685190652298
1428 832.8275 -77.21867 852.4721692933363 952.4721692933363 129.47135431515434 229.47135431515434
1446 848.5773 -69.04142 858.5368418139614 958.5368418139614 136.17903805565956 236.17903805565956
1462 848.5773 -69.04142 863.7557966001699 963.7557966001699 142.29250840037312 242.29250840037312
1480 866.1846 -62.382935 869.4289206730178 969.4289206730178 149.33444969515332 249.33444969515332
1496 866.1846 -62.382935 874.2915129944168 974.2915129944168 155.73501253228335 255.73501253228335
1513 885.75464 -55.73075 879.2681356740757 979.2681356740757 162.675730406883 262.67573040688296
1531 885.75464 -55.73075 884.3198737571439 984.3198737571439 170.1759448228275 270.1759448228275
1547 897.67053 -42.86206 888.6187467928016 988.6187467928016 176.96797687071094 276.9679768707109
1564 897.67053 -42.86206 892.9851570459276 992.9851570459276 184.30792233453255 284.3079223345326
1581 916.4381 -32.06869 897.1408627967578 997.1408627967578 191.76918547310373 291.76918547310373
1598 916.4381 -32.06869 901.0824960610505 1001.0824960610505 199.34571931915121 299.3457193191512
1615 930.4595 -12.905753 904.8068623492258 1004.8068623492258 207.03138348446487 307.03138348446487
1632 930.4595 -12.905753 908.3109432553329 1008.3109432553329 214.8199491363638 314.8199491363638
1649 940.55396 6.9175177 911.5918989033121 1011.5918989033121 222.7051040458423 322.7051040458423
1666 940.55396 6.9175177 914.6470702485676 1014.6470702485676 230.6804577033056 330.6804577033056
1683 958.4133 21.059395 917.4739812329851 1017.4739812329851 238.73954649774532 338.7395464977453
1700 958.4133 21.059395 920.0703407916484 1020.0703407916484 246.87583895516212 346.8758389551621
1717 974.1539 24.925777 922.4340447096293 1022.4340447096293 255.08274103198784 355.08274103198784
1734 974.1539 24.925777 924.5631773273444 1024.5631773273444 263.35360145921436 363.35360145921436
1751 986.5801 40.28604 926.4560130930984 1026.4560130930984 271.6817171329047 371.6817171329047
1768 986.5801 40.28604 928.1110179615537 1028.1110179615537 280.0603385467098 380.0603385467098
1785 1001.44556 49.09585 929.5268506369953 1029.5268506369953 288.4826752619944 388.4826752619944
1803 1014.44385 61.596626 930.7640061395116 1030.7640061395116 297.4405053679775 397.4405053679775
1819 1014.44385 61.596626 931.6366043392997 1031.6366043392995 305.4311612295389 405.4311612295389
1836 1030.0836 76.863884 932.3288155200738 1032.328815520074 313.9435746118702 413.9435746118702
1853 1030.0836 76.863884 932.7784362013994 1032.7784362013995 322.4722426880359 422.4722426880359
1871 1030.0836 76.863884 932.9896881603357 1032.9896881603358 331.5126324227158 431.5126324227158
1887 1045.0337 90.30905 932.9486453909749 1032.948645390975 339.5506871754069 439.5506871754069
1904 1045.0337 90.30905 932.6690959534936 1032.6690959534935 348.08662239203596 448.08662239203596
1922 1058.1168 100.70833 932.1083946506541 1032.1083946506542 357.1120801640305 457.1120801640305
1938 1058.1168 100.70833 931.3818216320687 1031.3818216320687 365.1173347111916 465.1173347111916
1955 1060.9409 118.49739 930.3751400172805 1030.3751400172805 373.5983093035911 473.5983093035911
1972 1063.9877 137.63977 929.1274512558361 1029.1274512558361 382.04719151753216 482.04719151753216
1990 1063.9877 137.63977 927.5448065389205 1027.5448065389205 390.9504779694597 490.9504779694597
2006 1068.9824 152.36362 925.9132915457113 1025.9132915457112 398.8213208432003 498.8213208432003
2023 1068.9824 152.36362 923.9494255069792 1023.9494255069792 407.13297339202586 507.13297339202586
2040 1073.1178 165.13477 921.7497600303433 1021.7497600303433 415.385355454278 515.3853554542779
2057 1073.1178 165.13477 919.3160778307275 1019.3160778307275 423.5717789017766 523.5717789017766
2074 1076.1617 171.77388 916.6503512814876 1016.6503512814876 431.68560906238275 531.6856090623828
2091 1076.1617 171.77388 913.7547408159044 1013.7547408159044 439.7202700970553 539.7202700970553
2109 1076.1617 171.77388 910.4408458507073 1010.4408458507073 448.13403109346496 548.134031093465
2125 1077.321 185.65297 907.2834395119482 1007.2834395119482 455.52610752219204 555.526107522192
2143 1077.321 185.65297 903.4961054216201 1003.4961054216201 463.737646624778 563.737646624778
2160 1074.4498 199.4787 899.6934484911064 999.6934484911064 471.3848773771026 571.3848773771026
2177 1074.5637 226.19409 895.6746503355766 995.6746503355766 478.92076480298647 578.9207648029865
2193 1074.5637 226.19409 891.6977228435584 991.6977228435584 485.90618221638465 585.9061822163847
2210 1070.8025 244.50116 887.2688087238421 987.2688087238421 493.20858302917645 593.2085830291765
2227 1070.8025 244.50116 882.6338229060326 982.6338229060326 500.38195353258584 600.3819535325858
2244 1064.4639 265.21524 877.7965218060378 977.7965218060378 507.42048008140796 607.420480081408
2261 1064.4639 265.21524 872.7608258058228 972.7608258058228 514.3184583144773 614.3184583144773
2279 1061.475 282.2888 867.2172069588121 967.2172069588121 521.4627962141102 621.4627962141102
2295 1061.475 282.2888 862.1107312689596 962.1107312689596 527.6705264551181 627.6705264551181
2312 1056.5983 302.33835 856.5049640822481 956.5049640822481 534.1137952031119 634.1137952031119
2330 1056.5983 302.33835 850.3721099362925 950.3721099362925 540.7591976716982 640.7591976716982
2346 1051.0023 317.71707 844.754702109853 944.754702109853 546.5086966087915 646.5086966087915
2363 1051.0023 317.71707 838.6197303028227 938.6197303028227 552.4502838409564 652.4502838409564
2380 1040.5621 338.34323 832.3181143556885 932.3181143556885 558.2148284340103 658.2148284340103
2398 1040.5621 338.34323 825.4698566711968 925.4698566711968 564.1203039129076 664.1203039129076
2414 1027.3242 355.59818 819.2355094916655 919.2355094916655 569.1942495138428 669.1942495138428
2431 1027.3242 355.59818 812.4651233483269 912.4651233483269 574.4002277485814 674.4002277485814
2449 1015.8954 364.00024 805.1380660054275 905.1380660054275 579.6999923319313 679.6999923319313
2465 1015.8954 364.00024 798.4936144283101 898.4936144283101 584.2236271487043 684.2236271487043
2482 999.7397 378.8097 791.3038148358737 891.3038148358737 588.8330869577367 688.8330869577367
2499 999.7397 378.8097 783.9857182018081 883.9857182018081 593.2360177503971 693.2360177503971
2516 986.36096 393.37173 776.54525546435 876.54525546435 597.4288511793545 697.4288511793545
2534 986.36096 393.37173 768.5404466713042 868.5404466713042 601.6355494252274 701.6355494252274
2550 972.072 403.13882 761.3214464020558 861.3214464020558 605.1708066759479 705.1708066759479
2567 954.6284 413.1938 753.5504381858558 853.5504381858558 608.7136542896951 708.7136542896951
2584 954.6284 413.1938 745.6817300841386 845.6817300841386 612.0338607170812 712.0338607170812
2601 954.6284 413.1938 737.721699277214 837.721699277214 615.1287351027865 715.1287351027865
2618 935.3213 422.90552 729.6767969577133 829.6767969577133 617.9957692114392 717.9957692114392
2635 935.3213 422.90552 721.553543102233 821.553543102233 620.6326394604092 720.6326394604092
2652 924.91833 430.34354 713.3585211872297 813.3585211872297 623.0372088029525 723.0372088029525
2669 924.91833 430.34354 705.0983728534557 805.0983728534557 625.2075284601758 725.2075284601758
2686 913.6294 435.52203 696.7797925232513 796.7797925232513 627.1418395004217 727.1418395004217
2703 913.6294 435.52203 688.4095219750633 788.4095219750633 628.8385742647915 728.8385742647915
2720 900.51587 445.1309 679.9943448795832 779.9943448795832 630.296357637651 730.296357637651
2737 900.51587 445.1309 671.5410813019316 771.5410813019316 631.5140081610913 731.5140081610913
2754 884.182 460.13947 663.0565821743512 763.0565821743512 632.4905389924386 732.4905389924386
2771 865.83746 465.4934 654.5477237438794 754.5477237438794 633.2251587040392 733.2251587040392
2788 865.83746 465.4934 646.0214019995067 746.0214019995067 633.7172719246712 733.7172719246712
2805 854.12213 470.45566 637.4845270833351 737.4845270833351 633.9664798220608 733.9664798220608
2822 854.12213 470.45566 628.9440176902656 728.9440176902656 633.9725804261168 733.9725804261168
2839 839.4892 475.3747 620.4067954607539 720.4067954607539 633.7355687926154 733.7355687926154
2857 839.4892 475.3747 611.3786557812324 711.3786557812324 633.2198480618783 733.2198480618783
2873 839.4892 475.3747 603.3698801263789 703.3698801263789 632.5331740297464 732.5331740297464
2890 818.00757 486.59982 594.8839945588649 694.8839945588649 631.5687653790487 731.5687653790487
2907 818.00757 486.59982 586.4290000393138 686.4290000393138 630.3631926583694 730.3631926583694
2925 798.3301 485.60577 577.5179378468152 677.5179378468152 628.8249324247021 728.8249324247021
2941 767.7084 488.60803 569.6390628953682 669.6390628953682 627.232657883161 727.232657883161
2959 767.7084 488.60803 560.8299808532626 660.8299808532626 625.189780618001 725.189780618001
2975 742.0926 485.61105 553.0544871637487 653.0544871637487 623.1517161929854 723.1517161929854
2992 742.0926 485.61105 544.8560383791012 644.8560383791012 620.7588569334407 720.7588569334407
3009 715.1347 486.84814 536.7290257094023 636.7290257094023 618.1335944747455 718.1335944747455
3026 715.1347 486.84814 528.6800356774336 628.6800356774336 615.278056456131 715.278056456131
3043 694.2666 488.13116 520.7155915726703 620.7155915726703 612.1945571432422 712.1945571432422
3060 694.2666 488.13116 512.8421481644934 612.8421481644934 608.8855955525434 708.8855955525434
3077 672.6351 490.93564 505.066086470933 605.066086470933 605.3538534259965 705.3538534259965
3094 672.6351 490.93564 497.3937085871838 597.3937085871838 601.6021930576474 701.6021930576474
3111 660.91846 493.8321 489.8312325780845 589.8312325780845 597.6336549738851 697.6336549738851
3129 660.91846 493.8321 481.9505041384623 581.9505041384623 593.1988614943655 693.1988614943655
3146 646.07513 492.92535 474.6334910195917 574.6334910195917 588.7941302961241 688.7941302961241
3162 646.07513 492.92535 467.8640306732291 567.8640306732291 584.4598004361334 684.4598004361334
3179 640.1716 490.38574 460.8014873683203 560.8014873683203 579.6576321782761 679.6576321782761
3197 640.1716 490.38574 453.4757341971813 553.4757341971813 574.3560650118047 674.3560650118047
3214 613.89606 486.01523 446.7066291336331 546.7066291336331 569.1484211540582 669.1484211540582
3230 613.89606 486.01523 440.47353053246013 540.4735305324601 564.0729418127313 664.0729418127313
3247 590.7814 486.11517 434.0024083925641 534.0024083925641 558.4993508552757 658.4993508552757
3265 590.7814 486.11517 427.3265285815807 527.3265285815808 552.3996867092457 652.3996867092457
3281 582.6481 478.44955 421.54910963438175 521.5491096343817 546.8109982204569 646.8109982204569
3298 582.6481 478.44955 415.5770257696452 515.5770257696452 540.7057093474355 640.7057093474355
3316 571.8221 468.68246 409.4458068390105 509.4458068390105 534.0587981572892 634.0587981572892
3332 599.9236 460.71893 404.1661854693228 504.1661854693228 527.9976425819129 627.9976425819129
3349 599.9236 460.71893 398.7366769287074 498.7366769287074 521.4051639192346 621.4051639192346
3366 599.9236 460.71893 393.49702667636814 493.49702667636814 514.6608030789737 614.6608030789737
3383 578.7927 455.98322 388.45148117741576 488.45148117741576 507.7700260162269 607.7700260162269
3400 578.7927 455.98322 383.6041295851123 483.6041295851123 500.7384173488538 600.7384173488538
3417 557.17224 449.7203 378.95890042682595 478.95890042682595 493.5716758314352 593.5716758314352
3434 557.17224 449.7203 374.519558420162 474.519558420162 486.2756097367269 586.2756097367269
3451 540.42206 435.1098 370.28970142185455 470.28970142185455 478.85613214835485 578.8561321483548
3468 540.42206 435.1098 366.2727575118902 466.2727575118902 471.3192561685689 571.3192561685689
3485 523.3941 425.06235 362.4719822152257 462.4719822152257 463.6710900449318 563.6710900449318
3503 509.1542 412.60522 358.68666860027383 458.68666860027383 455.45861935813366 555.4586193581337
3519 509.1542 412.60522 355.5310810978608 455.5310810978608 448.06576630732854 548.0657663073285
3536 497.34116 404.5813 352.3965805179704 452.3965805179704 440.1212559998803 540.1212559998803
3554 497.34116 404.5813 349.3256228120883 449.3256228120883 431.61581699217805 531.615816992178
3570 484.1191 382.6718 346.8121790087004 446.8121790087004 423.9807263598813 523.9807263598814
3588 484.1191 382.6718 344.23022471939606 444.23022471939606 415.31430922285153 515.3143092228515
3604 472.26297 368.2512 342.155351140146 442.155351140146 407.5485569510936 507.5485569510936
3621 472.26297 368.2512 340.17961285468476 440.17961285468476 399.23971851615926 499.23971851615926
3639 472.26297 368.2512 338.34635171354296 438.34635171354296 390.3846393220784 490.3846393220784
3655 460.9238 352.6948 336.9414924513526 436.9414924513526 382.4701981434725 482.4701981434725
3672 460.9238 352.6948 335.68173466233077 435.68173466233077 374.02310703330426 474.02310703330426
3689 445.28122 341.70782 334.66293792598333 434.66293792598333 365.5435792681223 465.5435792681223
3707 419.76065 293.59894 333.8477655898568 433.8477655898568 356.5375386282254 456.5375386282254
3723 419.76065 293.59894 333.35133438360816 433.35133438360816 348.5147233633919 448.5147233633919
3740 406.15652 285.12518 333.05959056430925 433.05959056430925 339.9791962294431 439.9791962294431
3757 406.15652 285.12518 453.02406576024066 553.0240657602407 331.056686471707 431.056686471707
3774 397.10706 264.1478 453.36623095517183 553.3662309551719 322.5235450269113 422.5235450269113
3791 397.10706 264.1478 454.11274721758974 554.1127472175897 314.01623679178385 414.01623679178385
3808 388.26038 251.80486 455.26193415828243 555.2619341582824 305.553911501838 405.553911501838
3825 388.26038 251.80486 456.81120498653286 556.8112049865329 297.15561763711503 397.15561763711503
3842 381.92392 244.50008 458.7570723329198 558.7570723329197 288.84025954453836 388.84025954453836
3860 381.92392 244.50008 461.2447967163995 561.2447967163995 280.14695788528695 380.14695788528695
3877 381.92392 244.50008 463.99241332353733 563.9924133235373 272.0610328969076 372.0610328969076
3893 375.50146 232.02739 466.92605000007745 566.9260500000775 264.5777907912517 364.5777907912517
3910 368.9901 211.65524 470.40573493989234 570.4057349398923 256.7788567193968 356.7788567193968
3928 368.9901 211.65524 474.4888488204813 574.4888488204813 248.71099161237862 348.7109916123786
3944 371.13522 200.04176 478.4544350159092 578.4544350159092 241.71962102511617 341.71962102511617
3961 371.13522 200.04176 483.0053327319572 583.0053327319572 234.49321736108072 334.4932173610807
3978 371.38617 188.12936 487.893864647575 587.893864647575 227.49080094619188 327.4908009461919
3996 371.38617 188.12936 493.4257256503695 593.4257256503695 220.33812451057264 320.33812451057264
4012 371.26465 183.1025 498.63907999467915 598.6390799946792 214.22043924223226 314.22043924223226
4029 371.26465 183.1025 504.47157621838664 604.4715762183866 207.98236520147657 307.98236520147657
4047 393.13162 170.1218 510.9622116294033 610.9622116294033 201.6868177027948 301.68681770279477
4063 393.13162 170.1218 516.9907313118342 616.9907313118342 196.37060786867886 296.37060786867886
4080 414.99152 155.62685 523.6492098803254 623.6492098803254 191.0230623484931 291.0230623484931
4097 439.34668 134.70306 530.5538343096449 630.5538343096449 185.9973542961332 285.9973542961332
4115 439.34668 134.70306 538.1156224410547 638.1156224410547 181.0393681522872 281.03936815228724
4131 439.34668 134.70306 545.0388331282979 645.0388331282979 176.95595164869005 276.9559516486901
4148 459.62228 129.62878 552.5866021519138 652.5866021519138 172.9606090221234 272.96060902212344
4165 459.62228 129.62878 560.3153796987771 660.3153796987771 169.32776198864897 269.32776198864894
4182 478.4859 114.24263 568.2077684862486 668.2077684862486 166.06558799499004 266.06558799499004
4199 478.4859 114.24263 576.2460029469295 676.2460029469295 163.1814301122385 263.1814301122385
4216 498.98224 100.438484 584.4119892185008 684.4119892185008 160.68178050678887 260.68178050678887
4233 498.98224 100.438484 592.6873458725511 692.6873458725511 158.57226582663537 258.5722658266354
4250 514.88257 81.31281 601.053445290706 701.053445290706 156.85763453593017 256.8576345359302
4268 544.5586 54.276955 609.9896433324445 709.9896433324445 155.4768264733346 255.4768264733346
4284 544.5586 54.276955 617.9823830375866 717.9823830375866 154.6275629290547 254.6275629290547
4301 557.65125 38.724686 626.507114755926 726.507114755926 154.1171424476271 254.1171424476271
4318 557.65125 38.724686 635.0464617946108 735.0464617946108 154.01163372561214 254.01163372561214
4335 572.19824 21.93981 643.581202299593 743.581202299593 154.31127426047263 254.31127426047263
4353 572.19824 21.93981 652.5916157056257 752.5916157056257 155.06937491294823 255.06937491294823
4369 572.19824 21.93981 660.5600713827765 760.5600713827765 156.12239470530233 256.1223947053023
4387 581.2051 7.4508467 669.4581090553891 769.4581090553891 157.73086973577773 257.73086973577773
4403 581.2051 7.4508467 677.2909320172428 777.2909320172428 159.53420581373558 259.5342058137356
4420 595.82263 -1.3485427 685.5161853111272 785.5161853111272 161.83133188536496 261.831331885365
4438 595.82263 -1.3485427 694.0960379112927 794.0960379112927 164.68587137647998 264.68587137648
4454 613.4683 -4.866174 701.5938053437343 801.5938053437343 167.58218283949915 267.5821828394992
4471 627.6828 -4.9044595 709.4099817666976 809.4099817666976 171.0229627020636 271.02296270206364
4488 627.6828 -4.9044595 717.0541612546845 817.0541612546845 174.83059975054408 274.8305997505441
4506 649.6681 -13.292748 724.9414118764473 824.9414118764473 179.25253868910977 279.25253868910977
4522 649.6681 -13.292748 731.7581279004737 831.7581279004737 183.51135533338842 283.51135533338845
4539 671.22144 -13.803539 738.7848168015221 838.7848168015221 188.36493370665013 288.36493370665016
4556 671.22144 -13.803539 745.5733867574248 845.5733867574248 193.54633292803192 293.5463329280319
4574 690.86945 -9.567171 752.4847699331881 852.4847699331881 199.3768602579292 299.3768602579292
4590 690.86945 -9.567171 758.3756166338345 858.3756166338345 204.8452294582745 304.8452294582745
4607 715.9682 -7.813597 764.3604590589218 864.3604590589218 210.9372932370277 310.9372932370277
4625 715.9682 -7.813597 770.3747830567704 870.3747830567704 217.68934279222185 317.68934279222185
4641 715.9682 -7.813597 775.4302705632856 875.4302705632856 223.93811728273374 323.93811728273374
4658 740.7812 -3.9968977 780.4903217770493 880.4903217770493 230.81761302381858 330.8176130238186
4675 762.42456 0.7996018 785.2183760095571 885.2183760095571 237.9293697063817 337.9293697063817
4692 762.42456 0.7996018 789.6037905304013 889.6037905304013 245.25737894613326 345.25737894613326
4710 787.36865 7.338321 793.8627475670244 893.8627475670244 253.233816202647 353.233816202647
4726 787.36865 7.338321 797.3080081024611 897.3080081024611 260.4957247950736 360.4957247950736
4744 813.6948 17.862177 800.7919917624882 900.7919917624882 268.8398319494411 368.8398319494411
4760 813.6948 17.862177 803.5336455346032 903.5336455346032 276.3955232583588 376.3955232583588
4777 843.58356 25.817802 806.0739549944915 906.0739549944915 284.5489524624127 384.5489524624127
4795 843.58356 25.817802 808.3389522412413 908.3389522412413 293.3029260641045 393.3029260641045
4811 863.54553 32.46942 809.980977411876 909.980977411876 301.17114631399613 401.17114631399613
4828 863.54553 32.46942 811.3388957607996 911.3388957607996 309.60249482388303 409.60249482388303
4845 869.7401 50.74804 812.2953777692248 912.2953777692248 318.08876150040663 418.08876150040663
4863 869.7401 50.74804 812.8681938134266 912.8681938134266 327.11284860805364 427.11284860805364
4879 883.05334 65.37779 812.9963291668411 912.9963291668411 335.1495592469291 435.1495592469291
4896 883.05334 65.37779 812.7392207321774 912.7392207321774 343.68568689301895 443.68568689301895
4914 891.69666 79.91028 812.0260281368674 912.0260281368674 352.69976602895355 452.69976602895355
4930 891.69666 79.91028 811.0127280160616 911.0127280160616 360.6733699460652 460.6733699460652
4947 904.2655 91.76962 809.5472300260149 909.5472300260149 369.0866865084376 469.0866865084376
4965 904.2655 91.76962 807.5624555236557 907.5624555236557 377.90841743392417 477.90841743392417
4981 911.77 107.43735 805.4282173508461 905.4282173508461 385.65762152102405 485.65762152102405
4998 911.77 107.43735 802.7839744590015 902.7839744590015 393.77793921594457 493.77793921594457
5015 914.4941 119.70534 799.7575521379785 899.7575521379785 401.7636982827043 501.7636982827043
5032 914.4941 119.70534 796.3557627878217 896.3557627878217 409.59692297976756 509.59692297976756
5049 916.6141 143.37656 792.5862637502574 892.5862637502574 417.25998091660404 517.259980916604
5066 916.6141 143.37656 788.4575400722103 888.4575400722103 424.73562274375536 524.7356227437554
5083 918.9635 160.93855 783.9788854061801 883.9788854061801 432.00702098068035 532.0070209806804
5101 919.09705 178.07214 778.8665841399335 878.8665841399335 439.4653480122629 539.4653480122629
5117 919.09705 178.07214 774.0128734563121 874.0128734563121 445.8721123408068 545.8721123408068
5134 919.09705 178.07214 768.5479494131282 868.5479494131282 452.4345954942897 552.4345954942896
5151 917.98596 199.15556 762.7779103666112 862.7779103666112 458.73048537096236 558.7304853709624
5168 917.98596 199.15556 756.7157445286122 856.7157445286122 464.7456100820642 564.7456100820642
5185 926.5344 209.23788 750.3750976809954 850.3750976809954 470.46642973411736 570.4664297341174
5202 926.5344 209.23788 743.7702424593289 843.7702424593289 475.8800669068827 575.8800669068827
5219 929.3681 222.06935 736.9160462255444 836.9160462255444 480.9743356401059 580.9743356401059
5236 929.3681 222.06935 729.8279376018812 829.8279376018812 485.73776886380733 585.7377688638073
5254 927.9238 235.67131 722.0856646883476 822.0856646883476 490.40890111191015 590.4089011119102
5270 931.8549 251.87772 715.014294413571 815.014294413571 494.2300081502966 594.2300081502966
5287 931.8549 251.87772 707.3221049847989 807.3221049847989 497.93969839739407 597.9396983973941
5304 927.38806 266.20752 699.4626183788416 799.4626183788416 501.28036453280606 601.2803645328061
5321 927.38806 266.20752 691.4535261011198 791.4535261011198 504.2444868016163 604.2444868016163
5338 918.3873 279.10306 683.3128564156366 783.3128564156366 506.8253930396211 606.8253930396211
5355 918.3873 279.10306 675.0589337638094 775.0589337638094 509.01727369220305 609.017273692203
5372 907.15875 294.89056 666.710337516615 766.710337516615 510.8151948914908 610.8151948914908
5390 907.15875 294.89056 657.788344134101 757.788344134101 512.2849909417206 612.2849909417206
5406 907.15875 294.89056 649.8044649579773 749.8044649579773 513.2138665323532 613.2138665323532
5424 894.5102 300.9304 640.7833442119403 740.7833442119403 513.8316422459586 613.8316422459586
5440 881.3618 303.60822 632.7473718445073 732.7473718445073 513.9998227193989 613.9998227193989
5457 881.3618 303.60822 624.2100690108309 724.2100690108309 513.7852527689789 613.7852527689789
5474 862.70795 309.05087 615.692552089333 715.692552089333 513.1659907650433 613.1659907650433
5491 862.70795 309.05087 607.2139937950213 707.2139937950213 512.1434306506889 612.1434306506889
5508 842.4142 320.2568 598.7934791480179 698.7934791480179 510.71987418285164 610.7198741828516
5526 842.4142 320.2568 589.9619676676424 689.9619676676424 508.7790827672435 608.7790827672435
5542 817.64734 333.20618 582.2022249367301 682.2022249367301 506.68348516468336 606.6834851646834
5559 817.64734 333.20618 574.0688318657412 674.0688318657412 504.079738423869 604.079738423869
5576 796.79364 341.78732 566.0680913626405 666.0680913626405 501.0931464966776 601.0931464966776
5593 796.79364 341.78732 558.218012891798 658.218012891798 497.7304321259451 597.7304321259451
5610 780.8224 354.242 550.5362667811617 650.5362667811617 493.99916469660786 593.9991646966079
5627 780.8224 354.242 543.0401444467964 643.0401444467964 489.90774319720856 589.9077431972086
5645 755.4166 360.0577 535.3241421383856 635.3241421383856 485.19334241625086 585.1933424162509
5662 755.4166 360.0577 528.2628105761767 628.2628105761767 480.3903041584317 580.3903041584317
5678 741.8461 354.974 521.8319398796541 621.8319398796541 475.56857846668925 575.5685784666892
5695 741.8461 354.974 515.2423066318847 615.2423066318847 470.13642294632587 570.1364229463259
5712 743.6783 349.57587 508.91774297137306 608.9177429713731 464.3978277836013 564.3978277836013
5730 743.6783 349.57587 502.52587413130334 602.5258741313033 458.00202610763864 558.0020261076386
5746 734.5033 341.80057 497.1201414322254 597.1201414322254 452.0536489719888 552.0536489719889
5763 734.5033 341.80057 491.67365965604995 591.67365965605 445.47585175716756 545.4758517571676
5781 695.2488 355.39792 486.25378898296606 586.2537889829661 438.23794679551276 538.2379467955127
5797 695.2488 355.39792 481.74660595691194 581.7466059569119 431.58284065575424 531.5828406557542
5814 679.5156 352.90707 477.2883795805666 577.2883795805666 424.29889958551144 524.2988995855114
5831 667.80347 340.7182 473.18065612063515 573.1806561206351 416.8116979778178 516.8116979778179
5848 667.80347 340.7182 469.43268195865755 569.4326819586576 409.1380893339877 509.1380893339877
5865 646.29504 334.45627 466.05289368960894 566.0528936896089 401.295346752855 501.295346752855
5882 646.29504 334.45627 463.04889913133843 563.0488991313384 393.30112404946493 493.30112404946493
5899 646.29504 334.45627 460.427460199564 560.4274601995639 385.1734160167848 485.1734160167848
5916 629.63745 327.74948 458.1944776869708 558.1944776869708 376.9305179198789 476.9305179198789
5933 629.63745 327.74948 456.35497798067684 556.3549779806768 368.59098431373195 468.59098431373195
5951 613.977 319.2986 454.8407421273871 554.8407421273871 359.67642565233353 459.67642565233353
5967 613.977 319.2986 453.8720946157316 553.8720946157316 351.69727415859836 451.69727415859836
5984 599.2809 302.0405 453.23429986469176 553.2342998646918 343.18112492358273 443.18112492358273
6002 599.2809 302.0405 453.0036526131048 553.0036526131048 335.1467028281774 435.1467028281774
