1 767.00635 160.46916 333.00042067616835 433.00042067616835 333.4976002348308 433.4976002348308
17 763.76935 163.83084 333.1215672298508 433.1215672298508 325.460353677165 425.460353677165
34 763.76935 163.83084 333.4861703954607 433.4861703954607 316.92762829531256 416.92762829531256
51 763.6513 164.55838 334.0935140048509 434.0935140048509 308.4087391863609 408.4087391863609
68 763.6513 164.55838 334.94310583748677 434.94310583748677 299.91059046864586 399.91059046864586
86 764.5246 161.60344 336.1059474282776 436.1059474282776 290.9428107334055 390.9428107334055
102 764.5246 161.60344 337.3660842002114 437.3660842002114 283.00404105339845 383.00404105339845
119 766.77234 165.19362 338.93750703184975 438.93750703184975 274.6093422383909 374.6093422383909
137 766.77234 165.19362 340.8610993111701 440.8610993111701 265.7734457537099 365.7734457537099
153 773.24 168.35678 342.7938532438116 442.7938532438116 257.9711082224287 357.9711082224287
171 778.17114 157.86392 345.21716057483684 445.21716057483684 249.25899851671107 349.2589985167111
187 778.17114 157.86392 347.59079703666407 447.59079703666407 241.57929418234613 341.57929418234613
205 783.8019 149.44604 350.50596515083794 450.50596515083794 233.0192083877314 333.0192083877314
221 783.8019 149.44604 353.31279086333535 453.31279086333535 225.48702821623766 325.48702821623766
238 783.8019 149.44604 356.51500152904384 456.51500152904384 217.5695674640201 317.5695674640201
256 780.34125 148.4437 360.14975501321027 460.14975501321027 209.2893596734873 309.2893596734873
272 780.34125 148.4437 363.5888763391684 463.5888763391684 202.0240686798987 302.02406867989873
290 784.27466 143.6646 367.68894874217887 467.68894874217887 193.9641257374746 293.9641257374746
306 784.27466 143.6646 371.53594923283765 471.53594923283765 186.90632183391858 286.9063218339186
324 787.00574 137.43867 376.0880516625483 476.0880516625483 179.0927671105879 279.09276711058794
340 787.00574 137.43867 380.3304626662418 480.3304626662418 172.26532559916362 272.2653255991636
357 780.1223 140.10503 385.0367068437197 485.0367068437197 165.13850276900726 265.13850276900723
374 772.3666 140.18466 389.9439124255555 489.9439124255555 158.14853343516307 258.1485334351631
391 772.3666 140.18466 395.0481023758233 495.0481023758233 151.30108260568883 251.30108260568883
408 768.13245 142.02083 400.34514001297055 500.34514001297055 144.601699784777 244.601699784777
426 768.13245 142.02083 406.15919195402086 506.15919195402086 137.675656616284 237.675656616284
442 768.562 140.55186 411.50043363562395 511.50043363562395 131.66873177782583 231.66873177782583
459 768.562 140.55186 417.3496488335043 517.3496488335043 125.44562809241546 225.44562809241546
476 765.3793 138.046 423.3736374701024 523.3736374701024 119.39154692211227 219.39154692211227
493 765.3793 138.046 429.5675174146769 529.5675174146769 113.51139478609738 213.51139478609738
510 765.3793 138.046 435.9262688483818 535.9262688483818 107.8099372430793 207.8099372430793
528 765.3069 134.07416 442.83303936531155 542.8330393653116 101.97300354707676 201.97300354707676
544 765.3069 134.07416 449.1176429853873 549.1176429853873 96.96144031244515 196.96144031244515
562 747.62006 128.70148 456.34538828338435 556.3453882833844 91.52701560946679 191.5270156094668
578 690.27167 85.59058 462.90500484391305 562.905004843913 86.88121758382923 186.88121758382923
595 690.27167 85.59058 470.0082881070341 570.0082881070341 82.13951907017963 182.13951907017963
612 650.63043 47.464325 477.24366770951156 577.2436677095116 77.60194042970028 177.60194042970028
629 650.63043 47.464325 484.6052797509776 584.6052797509776 73.27215913482809 173.2721591348281
646 617.8619 18.579243 492.08715802621145 592.0871580262115 69.15368424901567 169.15368424901567
663 617.8619 18.579243 499.6832388604396 599.6832388604396 65.24985358281685 165.24985358281685
680 598.69165 -8.193706 507.3873660236304 607.3873660236304 61.563830988764266 161.56383098876427
697 598.69165 -8.193706 515.1932957197998 615.1932957197998 58.09860379723074 158.09860379723074
714 591.83325 -34.892826 523.0947016472838 623.0947016472838 54.85698039535282 154.85698039535282
731 591.83325 -34.892826 531.0851801258791 631.0851801258791 51.84158795097835 151.84158795097835
748 585.9334 -49.46354 539.158255286693 639.158255286693 49.0548702834833 149.0548702834833
765 585.9334 -49.46354 547.3073843205016 647.3073843205016 46.49908588318232 146.49908588318232
782 582.6545 -66.16625 555.5259627803556 655.5259627803556 44.176306080939696 144.1763060809397
800 582.6545 -66.16625 564.2962813350795 664.2962813350795 41.972948099647 141.972948099647
816 582.80817 -77.51776 572.1447741627716 672.1447741627716 40.23709987763954 140.23709987763954
833 582.80817 -77.51776 580.531538399579 680.531538399579 38.62386599915499 138.623865999155
852 587.4883 -90.87535 589.9549853669816 689.9549853669816 37.10418205161051 137.1041820516105
867 587.4883 -90.87535 597.4258042831839 697.4258042831839 36.116672841359446 136.11667284135945
885 593.4205 -103.40822 606.4200007018427 706.4200007018427 35.17981387243941 135.1798138724394
901 593.4205 -103.40822 614.4353709721212 714.4353709721212 34.574960050003085 134.57496005000309
918 605.4463 -121.12872 622.9661736117806 722.9661736117806 34.167843072143 134.167843072143
936 605.4463 -121.12872 632.0075037720162 732.0075037720162 34.00164175242986 134.00164175242986
952 612.9678 -135.37425 640.0452542165596 740.0452542165596 34.08273742076125 134.08273742076125
969 626.7031 -150.22491 648.5796904715623 748.5796904715623 34.40481772096149 134.4048177209615
987 626.7031 -150.22491 657.6022422323567 757.6022422323567 35.01048567359351 135.0104856735935
1003 626.7031 -150.22491 665.6037768999744 765.6037768999744 35.77693963769889 135.7769396376989
1020 638.49243 -154.81665 674.0796299331981 774.0796299331981 36.82586922049978 136.82586922049978
1037 638.49243 -154.81665 682.5221900543268 782.5221900543268 38.115643042381976 138.11564304238198
1055 653.7849 -158.01175 691.4174796955454 791.4174796955454 39.74263294520472 139.74263294520472
1071 653.7849 -158.01175 699.2800950571935 799.2800950571935 41.41334787928315 141.41334787928315
1088 671.4739 -162.48312 707.5818585250034 807.5818585250034 43.41860627535635 143.41860627535635
1105 671.4739 -162.48312 715.8231772598931 815.8231772598931 45.65936583863811 145.6593658386381
1122 688.51636 -165.57178 723.9973720999366 823.9973720999366 48.133810549576026 148.13381054957603
1139 707.96875 -165.51991 732.0978182836474 832.0978182836474 50.839934998910564 150.83993499891056
1156 707.96875 -165.51991 740.117950819005 840.117950819005 53.77554601295549 153.7755460129555
1173 727.8565 -161.5264 748.0512698040402 848.0512698040402 56.93826443105149 156.9382644310515
1190 727.8565 -161.5264 755.8913456946693 855.8913456946693 60.32552703375262 160.32552703375262
1208 746.46765 -160.4895 764.0839106673807 864.0839106673807 64.15373198032523 164.15373198032523
1225 746.46765 -160.4895 771.712097942471 871.712097942471 67.99444764366609 167.9944476436661
1242 766.3619 -158.93634 779.2278662476037 879.2278662476037 72.05074702783952 172.05074702783952
1258 766.3619 -158.93634 786.1933800147626 886.1933800147626 76.06243329120804 176.06243329120804
1276 766.3619 -158.93634 793.8978774307536 893.8978774307536 80.79677522140798 180.79677522140798
1292 782.7456 -154.16609 800.6238064458005 900.6238064458005 85.19835307494287 185.19835307494287
1309 782.7456 -154.16609 807.638141470708 907.638141470708 90.0706669060545 190.0706669060545
1326 798.845 -145.35925 814.5109413283826 914.5109413283826 95.14067282585665 195.14067282585665
1343 819.7142 -147.48471 821.2366359705578 921.2366359705578 100.40426185718263 200.40426185718263
1360 819.7142 -147.48471 827.809774570124 927.809774570124 105.85716813378187 205.85716813378187
1378 840.3031 -144.75876 834.5973693489477 934.5973693489477 111.83226905874935 211.83226905874935
1394 840.3031 -144.75876 840.4772028442499 940.4772028442499 117.31310538030687 217.31310538030687
1411 860.6952 -131.19305 846.5612262243785 946.5612262243785 123.30685190652298 223.30685190652298
1428 860.6952 -131.19305 852.4721692933363 952.4721692933363 129.47135431515434 229.47135431515434
1445 881.8568 -127.72624 858.2052415379586 958.2052415379586 135.80161659632608 235.80161659632608
1462 881.8568 -127.72624 863.7557966001699 963.7557966001699 142.29250840037312 242.29250840037312
1479 900.79565 -120.46912 869.1193360426164 969.1193360426164 148.93876919572267 248.93876919572267
1496 900.79565 -120.46912 874.2915129944168 974.2915129944168 155.73501253228335 255.73501253228335
1513 900.79565 -120.46912 879.2681356740757 979.2681356740757 162.675730406883 262.67573040688296
1530 919.8036 -116.55324 884.0451707867052 984.0451707867052 169.7552977272204 269.7552977272204
1547 939.4504 -109.36171 888.6187467928016 988.6187467928016 176.96797687071094 276.9679768707109
1565 939.4504 -109.36171 893.2354766962846 993.2354766962846 184.74352051365594 284.74352051365594
1581 954.16095 -101.69603 897.1408627967578 997.1408627967578 191.76918547310373 291.76918547310373
1598 954.16095 -101.69603 901.0824960610505 1001.0824960610505 199.34571931915121 299.3457193191512
1615 971.2613 -93.902664 904.8068623492258 1004.8068623492258 207.03138348446487 307.03138348446487
1632 971.2613 -93.902664 908.3109432553329 1008.3109432553329 214.8199491363638 314.8199491363638
1649 986.84576 -89.00519 911.5918989033121 1011.5918989033121 222.7051040458423 322.7051040458423
1666 986.84576 -89.00519 914.6470702485676 1014.6470702485676 230.6804577033056 330.6804577033056
1684 1002.79224 -77.473976 917.6331117598017 1017.6331117598017 239.21607894831448 339.2160789483145
1700 1002.79224 -77.473976 920.0703407916484 1020.0703407916484 246.87583895516212 346.8758389551621
1718 1013.86285 -71.183426 922.5657988908573 1022.5657988908573 255.56755701433508 355.5675570143351
1734 1028.6647 -61.360245 924.5631773273444 1024.5631773273444 263.35360145921436 363.35360145921436
1751 1028.6647 -61.360245 926.4560130930984 1026.4560130930984 271.6817171329047 371.6817171329047
1768 1028.6647 -61.360245 928.1110179615537 1028.1110179615537 280.0603385467098 380.0603385467098
1785 1039.6158 -41.349777 929.5268506369953 1029.5268506369953 288.4826752619944 388.4826752619944
1802 1039.6158 -41.349777 930.7023636603816 1030.7023636603817 296.94190141113677 396.94190141113677
1819 1052.6632 -27.318882 931.6366043392997 1031.6366043392995 305.4311612295389 405.4311612295389
1837 1052.6632 -27.318882 932.361983596427 1032.3619835964269 314.44487849148953 414.44487849148953
1853 1064.4542 -15.893546 932.7784362013994 1032.7784362013995 322.4722426880359 422.4722426880359
1871 1064.4542 -15.893546 932.9896881603357 1032.9896881603358 331.5126324227158 431.5126324227158
1887 981.02185 15.306764 932.9486453909749 1032.948645390975 339.5506871754069 439.5506871754069
1905 1014.62604 24.69833 932.6450853553974 1032.6450853553974 348.5884482504665 448.5884482504665
1922 1014.62604 24.69833 932.1083946506541 1032.1083946506542 357.1120801640305 457.1120801640305
1938 1041.2869 36.504887 931.3818216320687 1031.3818216320687 365.1173347111916 465.1173347111916
1956 1041.2869 36.504887 930.3084090841814 1030.3084090841814 374.09625777841393 474.09625777841393
1973 1057.5039 49.74677 929.0465730175129 1029.0465730175129 382.54303868307437 482.54303868307437
1989 1057.5039 49.74677 927.6397665348454 1027.6397665348454 390.4571339716405 490.4571339716405
2007 1057.5039 49.74677 925.8043267523421 1025.8043267523421 399.3117618435425 499.3117618435425
2024 1069.0737 67.61364 923.8265442264865 1023.8265442264865 407.6201139178652 507.6201139178652
2040 1069.0737 67.61364 921.7497600303433 1021.7497600303433 415.385355454278 515.3853554542779
2058 1084.2688 87.00237 919.1656735406054 1019.1656735406054 424.0511370669554 524.0511370669553
2074 1084.2688 87.00237 916.6503512814876 1016.6503512814876 431.68560906238275 531.6856090623828
2091 1100.4833 108.18306 913.7547408159044 1013.7547408159044 439.7202700970553 539.7202700970553
2108 1097.0504 119.19873 910.6315931762647 1010.6315931762647 447.6692503292295 547.6692503292295
2125 1097.0504 119.19873 907.2834395119482 1007.2834395119482 455.52610752219204 555.526107522192
2142 1099.4121 129.3719 903.7129933280626 1003.7129933280626 463.2844741001809 563.2844741001809
2159 1099.4121 129.3719 899.9231482862865 999.9231482862865 470.9380623089762 570.9380623089762
2176 1118.4261 130.37769 895.9169758597092 995.9169758597092 478.4806693117979 578.4806693117979
2193 1118.4261 130.37769 891.6977228435584 991.6977228435584 485.90618221638465 585.9061822163847
2210 1111.1008 166.85231 887.2688087238421 987.2688087238421 493.20858302917645 593.2085830291765
2227 1111.1008 166.85231 882.6338229060326 982.6338229060326 500.38195353258584 600.3819535325858
2244 1098.4249 203.57391 877.7965218060378 977.7965218060378 507.42048008140796 607.420480081408
2262 1098.4249 203.57391 872.4585164298949 972.4585164298949 514.719724737489 614.719724737489
2278 1098.4249 203.57391 867.5308160761413 967.5308160761413 521.0702977777584 621.0702977777584
2295 1078.4799 235.24228 862.1107312689596 962.1107312689596 527.6705264551181 627.6705264551181
2312 1061.1832 266.45544 856.5049640822481 956.5049640822481 534.1137952031119 634.1137952031119
2330 1061.1832 266.45544 850.3721099362925 950.3721099362925 540.7591976716982 640.7591976716982
2346 1054.0175 289.4388 844.754702109853 944.754702109853 546.5086966087915 646.5086966087915
2363 1054.0175 289.4388 838.6197303028227 938.6197303028227 552.4502838409564 652.4502838409564
2380 1039.093 314.05173 832.3181143556885 932.3181143556885 558.2148284340103 658.2148284340103
2398 1039.093 314.05173 825.4698566711968 925.4698566711968 564.1203039129076 664.1203039129076
2414 1028.9279 331.26306 819.2355094916655 919.2355094916655 569.1942495138428 669.1942495138428
2431 1028.9279 331.26306 812.4651233483269 912.4651233483269 574.4002277485814 674.4002277485814
2448 1030.2305 351.69995 805.5492900189863 905.5492900189863 579.4113740517007 679.4113740517007
2465 1030.2305 351.69995 798.4936144283101 898.4936144283101 584.2236271487043 684.2236271487043
2482 976.1766 367.9373 791.3038148358737 891.3038148358737 588.8330869577367 688.8330869577367
2499 976.1766 367.9373 783.9857182018081 883.9857182018081 593.2360177503971 693.2360177503971
2517 976.9489 378.91476 776.1038988675523 876.1038988675523 597.6688721273433 697.6688721273433
2533 976.9489 378.91476 768.9884567331254 868.9884567331254 601.4081891703074 701.4081891703074
2551 928.77844 391.74023 760.8671459641587 860.8671459641587 605.3853219740902 705.3853219740902
2567 928.77844 391.74023 753.5504381858558 853.5504381858558 608.7136542896951 708.7136542896951
2586 968.329 374.9199 744.7498717145976 844.7498717145976 612.409709190917 712.409709190917
2601 968.329 374.9199 737.721699277214 837.721699277214 615.1287351027865 715.1287351027865
2618 962.31195 393.10092 729.6767969577133 829.6767969577133 617.9957692114392 717.9957692114392
2636 962.31195 393.10092 721.0734050251664 821.0734050251664 620.7805351262059 720.7805351262059
2653 953.8932 409.02823 712.8743677514212 812.8743677514212 623.1713771733134 723.1713771733134
2669 953.8932 409.02823 705.0983728534557 805.0983728534557 625.2075284601758 725.2075284601758
2686 942.4242 423.43805 696.7797925232513 796.7797925232513 627.1418395004217 727.1418395004217
2703 929.07806 436.268 688.4095219750633 788.4095219750633 628.8385742647915 728.8385742647915
2720 929.07806 436.268 679.9943448795832 779.9943448795832 630.296357637651 730.296357637651
2737 920.107 446.1575 671.5410813019316 771.5410813019316 631.5140081610913 731.5140081610913
2754 920.107 446.1575 663.0565821743512 763.0565821743512 632.4905389924386 732.4905389924386
2772 920.107 446.1575 654.0465913636143 754.0465913636143 633.2608243522246 733.2608243522246
2789 908.8404 454.86407 645.5194574500881 745.5194574500881 633.7386581426483 733.7386581426483
2805 908.8404 454.86407 637.4845270833351 737.4845270833351 633.9664798220608 733.9664798220608
2822 880.1311 461.41974 628.9440176902656 728.9440176902656 633.9725804261168 733.9725804261168
2840 880.1311 461.41974 619.9048561883765 719.9048561883765 633.714059077236 733.714059077236
2856 853.8978 472.5566 611.8797793711809 711.8797793711809 633.2556370072082 733.2556370072082
2873 853.8978 472.5566 603.3698801263789 703.3698801263789 632.5331740297464 732.5331740297464
2890 820.58093 484.18082 594.8839945588649 694.8839945588649 631.5687653790487 731.5687653790487
2907 802.1014 486.85565 586.4290000393138 686.4290000393138 630.3631926583694 730.3631926583694
2924 802.1014 486.85565 578.0117489028069 678.0117489028069 628.9174329219486 728.9174329219486
2941 789.02795 486.21667 569.6390628953682 669.6390628953682 627.232657883161 727.232657883161
2959 789.02795 486.21667 560.8299808532626 660.8299808532626 625.189780618001 725.189780618001
2975 774.03455 488.96045 553.0544871637487 653.0544871637487 623.1517161929854 723.1517161929854
2992 774.03455 488.96045 544.8560383791012 644.8560383791012 620.7588569334407 720.7588569334407
3010 755.70795 492.66302 536.2533318686146 636.2533318686146 617.9719743310518 717.9719743310518
3026 755.70795 492.66302 528.6800356774336 628.6800356774336 615.278056456131 715.278056456131
3043 755.70795 492.66302 520.7155915726703 620.7155915726703 612.1945571432422 712.1945571432422
3060 742.3718 489.21304 512.8421481644934 612.8421481644934 608.8855955525434 708.8855955525434
3077 730.8695 489.52234 505.066086470933 605.066086470933 605.3538534259965 705.3538534259965
3094 730.8695 489.52234 497.3937085871838 597.3937085871838 601.6021930576474 701.6021930576474
3111 719.40704 484.1504 489.8312325780845 589.8312325780845 597.6336549738851 697.6336549738851
3128 719.40704 484.1504 482.38478743869564 582.3847874386956 593.4514554692516 693.4514554692516
3145 709.209 476.98773 475.06040812706976 575.0604081270698 589.058983999804 689.058983999804
3162 709.209 476.98773 467.8640306732291 567.8640306732291 584.4598004361334 684.4598004361334
3179 687.22 476.72986 460.8014873683203 560.8014873683203 579.6576321782761 679.6576321782761
3197 687.22 476.72986 453.4757341971813 553.4757341971813 574.3560650118047 674.3560650118047
3213 665.3591 468.1714 447.10068540279684 547.1006854027969 569.4600705688548 669.4600705688548
3230 665.3591 468.1714 440.47353053246013 540.4735305324601 564.0729418127313 664.0729418127313
3247 640.10156 457.74188 434.0024083925641 534.0024083925641 558.4993508552757 658.4993508552757
3264 640.10156 457.74188 427.69256349239276 527.6925634923928 552.7438148032415 652.7438148032415
3281 608.86566 446.4243 421.54910963438175 521.5491096343817 546.8109982204569 646.8109982204569
3298 608.86566 446.4243 415.5770257696452 515.5770257696452 540.7057093474355 640.7057093474355
3316 587.78784 454.04947 409.4458068390105 509.4458068390105 534.0587981572892 634.0587981572892
3332 587.78784 454.04947 404.1661854693228 504.1661854693228 527.9976425819129 627.9976425819129
3349 573.0344 434.367 398.7366769287074 498.7366769287074 521.4051639192346 621.4051639192346
3366 573.0344 434.367 393.49702667636814 493.49702667636814 514.6608030789737 614.6608030789737
3383 597.21436 415.75266 388.45148117741576 488.45148117741576 507.7700260162269 607.7700260162269
3401 597.21436 415.75266 383.3252481623738 483.3252481623738 500.3205287834901 600.3205287834901
3417 570.6636 399.8302 378.95890042682595 478.95890042682595 493.5716758314352 593.5716758314352
3434 570.6636 399.8302 374.519558420162 474.519558420162 486.2756097367269 586.2756097367269
3452 544.55896 392.65952 370.04748418581175 470.04748418581175 478.4159770489023 578.4159770489023
3468 523.0503 378.7659 366.2727575118902 466.2727575118902 471.3192561685689 571.3192561685689
3485 523.0503 378.7659 362.4719822152257 462.4719822152257 463.6710900449318 563.6710900449318
3502 510.3924 369.43018 358.8904558633554 458.8904558633554 455.9178322199049 555.9178322199049
3520 510.3924 369.43018 355.3404481323775 455.3404481323775 447.60093862583636 547.6009386258363
3536 510.3924 369.43018 352.3965805179704 452.3965805179704 440.1212559998803 540.1212559998803
3553 485.8831 352.86887 349.4894944740342 449.4894944740342 432.0907399116313 532.0907399116313
3571 485.8831 352.86887 346.66189266404376 446.66189266404376 423.5013312038564 523.5013312038564
3587 459.0484 340.3569 344.3668039474663 444.3668039474663 415.79778809050777 515.7977880905078
3604 459.0484 340.3569 342.155351140146 442.155351140146 407.5485569510936 507.5485569510936
3621 435.84378 335.40604 340.17961285468476 440.17961285468476 399.23971851615926 499.23971851615926
3639 434.81216 315.7171 338.34635171354296 438.34635171354296 390.3846393220784 490.3846393220784
3655 434.81216 315.7171 336.9414924513526 436.9414924513526 382.4701981434725 482.4701981434725
3672 417.95697 301.87448 335.68173466233077 435.68173466233077 374.02310703330426 474.02310703330426
3690 417.95697 301.87448 334.61053131423415 434.61053131423415 365.043920136258 465.043920136258
3706 414.11365 290.66125 333.8859279242903 433.8859279242903 357.03848706593226 457.03848706593226
3723 414.11365 290.66125 333.35133438360816 433.35133438360816 348.5147233633919 448.5147233633919
3740 410.59256 270.51697 333.05959056430925 433.05959056430925 339.9791962294431 439.9791962294431
3758 410.59256 270.51697 453.0329818975829 553.0329818975829 330.55436575878036 430.55436575878036
3774 410.59256 270.51697 453.36623095517183 553.3662309551719 322.5235450269113 422.5235450269113
3791 403.92624 258.50473 454.11274721758974 554.1127472175897 314.01623679178385 414.01623679178385
3809 403.92624 258.50473 455.34202256495803 555.342022564958 305.0579362572376 405.0579362572376
3825 405.25928 249.19345 456.81120498653286 556.8112049865329 297.15561763711503 397.15561763711503
3842 401.3446 242.34251 458.7570723329198 558.7570723329197 288.84025954453836 388.84025954453836
3859 401.3446 242.34251 461.09515609929747 561.0951560992975 280.62655488470796 380.62655488470796
3876 399.94727 218.45982 463.8201933182859 563.8201933182859 272.53299249891984 372.53299249891984
3893 399.94727 218.45982 466.92605000007745 566.9260500000775 264.5777907912517 364.5777907912517
3910 399.97406 205.14334 470.40573493989234 570.4057349398923 256.7788567193968 356.7788567193968
3927 399.97406 205.14334 474.251415455004 574.251415455004 249.15374548655507 349.15374548655507
3944 405.00122 187.97647 478.4544350159092 578.4544350159092 241.71962102511617 341.71962102511617
3962 405.00122 187.97647 483.2836511094473 583.2836511094473 234.07495371588607 334.07495371588607
3978 347.47473 175.48828 487.893864647575 587.893864647575 227.49080094619188 327.4908009461919
3995 347.47473 175.48828 493.109026801152 593.109026801152 220.7281340425647 320.7281340425647
4013 362.75977 154.90413 498.9739209792019 598.9739209792019 213.84589003154827 313.84589003154827
4030 362.75977 154.90413 504.82380561963384 604.8238056196338 207.62411941289355 307.62411941289355
4046 376.76993 146.90236 510.59338667089924 610.5933866708992 202.0279536670738 302.0279536670738
4063 376.76993 146.90236 516.9907313118342 616.9907313118342 196.37060786867886 296.37060786867886
4080 402.8773 138.27332 523.6492098803254 623.6492098803254 191.0230623484931 291.0230623484931
4097 402.8773 138.27332 530.5538343096449 630.5538343096449 185.9973542961332 285.9973542961332
4114 447.54727 119.338715 537.689062464963 637.689062464963 181.30479645322103 281.304796453221
4131 447.54727 119.338715 545.0388331282979 645.0388331282979 176.95595164869005 276.9559516486901
4148 489.4192 103.89241 552.5866021519138 652.5866021519138 172.9606090221234 272.96060902212344
4165 489.4192 103.89241 560.3153796987771 660.3153796987771 169.32776198864897 269.32776198864894
4182 516.6163 97.05939 568.2077684862486 668.2077684862486 166.06558799499004 266.06558799499004
4199 516.6163 97.05939 576.2460029469295 676.2460029469295 163.1814301122385 263.1814301122385
4217 543.1835 86.47663 584.8959282560902 684.8959282560902 160.54684124624086 260.5468412462409
4233 506.76913 76.23125 592.6873458725511 692.6873458725511 158.57226582663537 258.5722658266354
4251 506.76913 76.23125 601.547993109811 701.547993109811 156.76915826363768 256.7691582636377
4267 506.76913 76.23125 609.4914555949256 709.4914555949256 155.54174622631027 255.54174622631027
4284 540.0034 62.358738 617.9823830375866 717.9823830375866 154.6275629290547 254.6275629290547
4301 540.0034 62.358738 626.507114755926 726.507114755926 154.1171424476271 254.1171424476271
4318 569.347 52.37439 635.0464617946108 735.0464617946108 154.01163372561214 254.01163372561214
4335 569.347 52.37439 643.581202299593 743.581202299593 154.31127426047263 254.31127426047263
4353 598.59546 42.350613 652.5916157056257 752.5916157056257 155.06937491294823 255.06937491294823
4370 598.59546 42.350613 661.0564395481568 761.0564395481568 156.20001068650026 256.20001068650026
4386 629.5668 31.73029 668.9659809564164 768.9659809564164 157.6297978289907 257.6297978289907
4404 629.5668 31.73029 677.7777122819134 777.7777122819134 159.65850613580778 259.6585061358078
4420 646.4272 19.261091 685.5161853111272 785.5161853111272 161.83133188536496 261.831331885365
4437 665.9537 15.695614 693.6232260010909 793.6232260010909 164.5160052712332 264.5160052712332
4454 665.9537 15.695614 701.5938053437343 801.5938053437343 167.58218283949915 267.5821828394992
4471 684.89636 8.973751 709.4099817666976 809.4099817666976 171.0229627020636 271.02296270206364
4488 684.89636 8.973751 717.0541612546845 817.0541612546845 174.83059975054408 274.8305997505441
4505 705.13934 1.5997205 724.5091369531456 824.5091369531456 178.99652309031762 278.9965230903176
4522 705.13934 1.5997205 731.7581279004737 831.7581279004737 183.51135533338842 283.51135533338845
4540 705.13934 1.5997205 739.1908878779227 839.1908878779227 188.66075777100514 288.66075777100514
4556 728.25964 -0.2546835 745.5733867574248 845.5733867574248 193.54633292803192 293.5463329280319
4573 728.25964 -0.2546835 752.108556869033 852.108556869033 199.0438897990301 299.0438897990301
4591 750.82367 -2.8218267 758.735613124305 858.735613124305 205.19566935752866 305.1956693575287
4607 775.83685 -0.012341261 764.3604590589218 864.3604590589218 210.9372932370277 310.9372932370277
4625 775.83685 -0.012341261 770.3747830567704 870.3747830567704 217.68934279222185 317.68934279222185
4641 799.8047 -7.650293 775.4302705632856 875.4302705632856 223.93811728273374 323.93811728273374
4659 799.8047 -7.650293 780.7777404132385 880.7777404132385 231.2296762758943 331.2296762758943
4675 818.84644 -9.3955345 785.2183760095571 885.2183760095571 237.9293697063817 337.9293697063817
4692 818.84644 -9.3955345 789.6037905304013 889.6037905304013 245.25737894613326 345.25737894613326
4709 837.49536 -5.9578476 793.6366938824929 893.6366938824929 252.78514557975075 352.78514557975075
4726 837.49536 -5.9578476 797.3080081024611 897.3080081024611 260.4957247950736 360.4957247950736
4743 861.1464 4.4651012 800.6094691549205 900.6094691549205 268.3717602734482 368.3717602734482
4760 861.1464 4.4651012 803.5336455346032 903.5336455346032 276.3955232583588 376.3955232583588
4777 884.9245 13.464081 806.0739549944915 906.0739549944915 284.5489524624127 384.5489524624127
4794 884.9245 13.464081 808.2246793622878 908.2246793622878 292.8136947228397 392.8136947228397
4813 899.734 22.730606 810.1614769536039 910.1614769536039 302.1595998200765 402.1595998200765
4829 899.734 22.730606 811.4062971637562 911.4062971637562 310.1003528829921 410.1003528829921
4845 915.95483 27.823124 812.2953777692248 912.2953777692248 318.08876150040663 418.08876150040663
4862 915.95483 27.823124 812.84827042036 912.84827042036 326.6108439720703 426.6108439720703
4879 931.9804 39.99182 812.9963291668411 912.9963291668411 335.1495592469291 435.1495592469291
4896 931.9804 39.99182 812.7392207321774 912.7392207321774 343.68568689301895 443.68568689301895
4913 943.68604 49.355457 812.0775238609478 912.0775238609478 352.200012303063 452.200012303063
4930 943.68604 49.355457 811.0127280160616 911.0127280160616 360.6733699460652 460.6733699460652
4947 958.8868 64.4324 809.5472300260149 909.5472300260149 369.0866865084376 469.0866865084376
4965 958.8868 64.4324 807.5624555236557 907.5624555236557 377.90841743392417 477.90841743392417
4982 972.18024 75.93942 805.2833637432075 905.2833637432075 386.13868599538773 486.13868599538773
4999 972.18024 75.93942 802.6164664715639 902.6164664715639 394.25159169433493 494.25159169433493
5015 982.4233 97.615814 799.7575521379785 899.7575521379785 401.7636982827043 501.7636982827043
5033 982.4233 97.615814 796.1441273551981 896.1441273551981 410.05257201114836 510.05257201114836
5050 979.39886 112.34879 792.3532545820084 892.3532545820084 417.70507902225296 517.7050790222529
5066 979.39886 112.34879 788.4575400722103 888.4575400722103 424.73562274375536 524.7356227437554
5083 968.1407 135.8366 783.9788854061801 883.9788854061801 432.00702098068035 532.0070209806804
5100 968.1407 135.8366 779.1603810904619 879.1603810904619 439.057807893992 539.057807893992
5117 965.92993 157.34286 774.0128734563121 874.0128734563121 445.8721123408068 545.8721123408068
5134 965.92993 157.34286 768.5479494131282 868.5479494131282 452.4345954942897 552.4345954942896
5151 964.4639 183.51302 762.7779103666112 862.7779103666112 458.73048537096236 558.7304853709624
5169 964.4639 183.51302 756.3503375862501 856.3503375862501 465.09040474938706 565.0904047493871
5185 904.0718 215.79474 750.3750976809954 850.3750976809954 470.46642973411736 570.4664297341174
5202 911.118 236.26537 743.7702424593289 843.7702424593289 475.8800669068827 575.8800669068827
5219 911.118 236.26537 736.9160462255444 836.9160462255444 480.9743356401059 580.9743356401059
5236 902.37726 255.81113 729.8279376018812 829.8279376018812 485.73776886380733 585.7377688638073
5253 902.37726 255.81113 722.5218717414465 822.5218717414465 490.15964421036574 590.1596442103657
5270 904.5942 271.61316 715.014294413571 815.014294413571 494.2300081502966 594.2300081502966
5288 904.5942 271.61316 706.864242169551 806.864242169551 498.14650081167713 598.1465008116771
5304 904.5942 271.61316 699.4626183788416 799.4626183788416 501.28036453280606 601.2803645328061
5322 902.45776 290.10312 690.9781277542164 790.9781277542164 504.40697374848173 604.4069737484817
5339 902.45776 290.10312 682.8302861911227 782.8302861911227 506.96514844936485 606.9651484493648
5355 894.86755 311.9057 675.0589337638094 775.0589337638094 509.01727369220305 609.017273692203
5373 896.7097 323.37262 666.2166959955493 766.2166959955493 510.90859534556046 610.9085953455605
5390 896.7097 323.37262 657.788344134101 757.788344134101 512.2849909417206 612.2849909417206
5406 878.97815 339.2485 649.8044649579773 749.8044649579773 513.2138665323532 613.2138665323532
5423 878.97815 339.2485 641.2852433377668 741.2852433377668 513.8092176247758 613.8092176247758
5440 872.07916 349.16742 632.7473718445073 732.7473718445073 513.9998227193989 613.9998227193989
5457 872.07916 349.16742 624.2100690108309 724.2100690108309 513.7852527689789 613.7852527689789
5474 855.77167 353.08356 615.692552089333 715.692552089333 513.1659907650433 613.1659907650433
5491 855.77167 353.08356 607.2139937950213 707.2139937950213 512.1434306506889 612.1434306506889
5508 843.37714 362.52496 598.7934791480179 698.7934791480179 510.71987418285164 610.7198741828516
5525 843.37714 362.52496 590.4499625136663 690.4499625136663 508.8985257511097 608.8985257511097
5542 843.37714 362.52496 582.2022249367301 682.2022249367301 506.68348516468336 606.6834851646834
5559 833.099 369.16132 574.0688318657412 674.0688318657412 504.079738423869 604.079738423869
5576 817.60004 376.31866 566.0680913626405 666.0680913626405 501.0931464966776 601.0931464966776
5593 817.60004 376.31866 558.218012891798 658.218012891798 497.7304321259451 597.7304321259451
5610 850.9768 374.0457 550.5362667811617 650.5362667811617 493.99916469660786 593.9991646966079
5627 850.9768 374.0457 543.0401444467964 643.0401444467964 489.90774319720856 589.9077431972086
5644 826.42883 375.99976 535.7465194703461 635.7465194703461 485.4653773139863 585.4653773139863
5662 826.42883 375.99976 528.2628105761767 628.2628105761767 480.3903041584317 580.3903041584317
5678 803.2856 381.05673 521.8319398796541 621.8319398796541 475.56857846668925 575.5685784666892
5695 803.2856 381.05673 515.2423066318847 615.2423066318847 470.13642294632587 570.1364229463259
5712 822.2757 377.4981 508.91774297137306 608.9177429713731 464.3978277836013 564.3978277836013
5730 822.2757 377.4981 502.52587413130334 602.5258741313033 458.00202610763864 558.0020261076386
5747 798.16077 385.4024 496.7911702808618 596.7911702808618 451.6739338449379 551.6739338449379
5764 798.16077 385.4024 491.36306905859533 591.3630690585953 445.0809605355471 545.0809605355471
5781 767.8722 380.78308 486.25378898296606 586.2537889829661 438.23794679551276 538.2379467955127
5797 767.8722 380.78308 481.74660595691194 581.7466059569119 431.58284065575424 531.5828406557542
5815 741.67346 373.73862 477.03695216566996 577.03695216567 423.8639399883317 523.8639399883317
5831 741.67346 373.73862 473.18065612063515 573.1806561206351 416.8116979778178 516.8116979778179
5848 717.73004 362.06357 469.43268195865755 569.4326819586576 409.1380893339877 509.1380893339877
5865 717.73004 362.06357 466.05289368960894 566.0528936896089 401.295346752855 501.295346752855
5883 692.17474 352.5736 462.88404530471144 562.8840453047114 392.8265412727159 492.8265412727159
5899 692.17474 352.5736 460.427460199564 560.4274601995639 385.1734160167848 485.1734160167848
5917 602.72974 337.89697 458.07533489037223 558.0753348903722 376.44244969702606 476.44244969702606
5933 602.72974 337.89697 456.35497798067684 556.3549779806768 368.59098431373195 468.59098431373195
5950 591.9669 322.95468 454.91310174796206 554.9131017479621 360.1735872774116 460.1735872774116
5967 573.1899 293.17798 453.8720946157316 553.8720946157316 351.69727415859836 451.69727415859836
5984 573.1899 293.17798 453.23429986469176 553.2342998646918 343.18112492358273 443.18112492358273
6001 565.535 284.53162 453.0036526131048 553.0036526131048 335.1467028281774 435.1467028281774
