683.0 1067.0 0.0 384.0
2 780.95734 337.6329
17 780.95734 337.6329
34 784.8931 333.71744
51 784.8931 333.71744
69 787.86 338.4109
85 787.86 338.4109
103 787.86 338.4109
119 796.6013 333.82947
137 796.6013 333.82947
153 799.7392 336.37912
170 799.7392 336.37912
188 800.54944 335.28342
205 804.45856 328.3881
222 804.45856 328.3881
238 808.5869 333.43036
255 808.5869 333.43036
272 808.41986 334.2294
290 808.41986 334.2294
306 822.54297 318.44058
323 822.54297 318.44058
340 822.54297 318.44058
357 658.03436 254.75247
374 526.4275 203.80199
391 526.4275 203.80199
408 421.142 163.0416
425 421.142 163.0416
443 336.9136 130.43327
460 336.9136 130.43327
476 269.53088 104.34662
493 269.53088 104.34662
511 215.62471 83.477295
527 215.62471 83.477295
545 172.49977 66.78184
561 172.49977 66.78184
578 137.99982 53.425472
595 137.99982 53.425472
613 137.99982 53.425472
629 137.99982 53.425472
646 110.39986 42.74038
663 70.65591 27.353842
680 70.65591 27.353842
697 70.65591 27.353842
714 56.524727 21.883074
731 56.524727 21.883074
748 45.219784 17.50646
765 45.219784 17.50646
782 36.175827 14.005168
799 28.940662 11.204135
817 28.940662 11.204135
834 23.15253 8.963308
850 23.15253 8.963308
867 18.522024 7.1706467
884 18.522024 7.1706467
901 18.522024 7.1706467
918 14.817619 5.7365174
936 14.817619 5.7365174
953 14.817619 5.7365174
969 14.817619 5.7365174
986 14.817619 5.7365174
1004 223.53252 61.66427
1020 223.53252 61.66427
1037 297.19974 78.08502
1054 297.19974 78.08502
1071 363.24762 84.29438
1088 363.24762 84.29438
1105 413.69568 95.67321
1122 413.69568 95.67321
1140 452.09277 102.98993
1156 452.09277 102.98993
1173 475.01193 109.189384
1190 475.01193 109.189384
1208 509.87292 110.31213
1225 509.87292 110.31213
1241 527.1408 118.56827
1258 527.1408 118.56827
1275 535.8742 119.33865
1292 535.8742 119.33865
1309 543.225 127.76677
1326 543.225 127.76677
1343 554.65735 134.26654
1360 554.65735 134.26654
1377 564.8515 130.92241
1394 574.9092 132.36043
1411 574.9092 132.36043
1428 591.78845 126.495026
1445 591.78845 126.495026
1462 591.78845 126.495026
1479 609.93115 129.40726
1497 609.93115 129.40726
1513 614.90393 110.26027
1530 614.90393 110.26027
1547 643.50745 84.316055
1564 644.92285 87.25314
1582 644.92285 87.25314
1598 669.2296 102.76935
1615 669.2296 102.76935
1632 692.25586 99.37356
1649 692.25586 99.37356
1666 682.6747 105.93493
1683 682.6747 105.93493
1700 682.6747 105.93493
1717 676.00415 110.44985
1734 676.00415 110.44985
1751 668.4163 102.81342
1769 676.3343 134.68555
1785 676.3343 134.68555
1802 541.06744 107.748436
1819 541.06744 107.748436
1836 432.85397 86.19875
1853 432.85397 86.19875
1871 346.28317 68.95901
1887 346.28317 68.95901
1904 277.02655 55.167206
1921 277.02655 55.167206
1938 221.62125 44.133766
1956 221.62125 44.133766
1972 221.62125 44.133766
1989 221.62125 44.133766
2006 141.8376 28.245611
2023 141.8376 28.245611
2040 113.470085 22.596489
2058 113.470085 22.596489
2074 90.77607 18.077192
2091 90.77607 18.077192
2108 72.62086 14.461754
2125 72.62086 14.461754
2142 58.096687 11.569404
2160 46.477352 9.255523
2177 46.477352 9.255523
2193 37.18188 7.4044185
2211 37.18188 7.4044185
2228 37.18188 7.4044185
2244 29.745504 5.923535
2262 29.745504 5.923535
2278 23.796404 4.738828
2296 23.796404 4.738828
2312 23.796404 4.738828
2329 23.796404 4.738828
2347 23.796404 4.738828
2363 23.796404 4.738828
2380 23.796404 4.738828
2397 12.183759 2.42628
2414 12.183759 2.42628
2431 9.747007 1.9410241
2448 9.747007 1.9410241
2465 9.747007 1.9410241
2482 7.797606 1.5528193
2499 7.797606 1.5528193
2516 6.238085 1.2422554
2533 6.238085 1.2422554
2551 4.990468 0.9938044
2567 3.9923744 0.7950435
2585 3.9923744 0.7950435
2601 3.1938996 0.63603485
2618 3.1938996 0.63603485
2635 2.5551198 0.50882787
2653 2.5551198 0.50882787
2669 2.5551198 0.50882787
2686 2.5551198 0.50882787
2703 2.5551198 0.50882787
2721 2.5551198 0.50882787
2737 2.5551198 0.50882787
2754 214.94685 58.808407
2771 481.67386 150.49689
2788 481.67386 150.49689
2805 385.33908 120.397514
2822 385.33908 120.397514
2839 308.27127 96.318016
2856 308.27127 96.318016
2873 308.27127 96.318016
2891 246.61702 77.05441
2907 246.61702 77.05441
2924 197.29362 61.64353
2942 157.8349 49.314827
2958 157.8349 49.314827
2975 126.26792 39.451862
2993 126.26792 39.451862
3009 101.014336 31.561491
3027 101.014336 31.561491
3043 101.014336 31.561491
3060 101.014336 31.561491
3077 101.014336 31.561491
3095 101.014336 31.561491
3111 301.31122 89.868256
3129 531.88696 180.90115
3145 531.88696 180.90115
3162 613.0507 219.01633
3179 613.0507 219.01633
3196 613.0507 219.01633
3213 689.5959 239.69467
3230 689.5959 239.69467
3248 751.2377 253.16142
3264 751.2377 253.16142
3281 798.4816 273.5534
3298 798.4816 273.5534
3316 826.17096 290.33496
3332 826.17096 290.33496
3350 826.17096 290.33496
3366 826.17096 290.33496
3383 826.17096 290.33496
3400 826.17096 290.33496
3417 826.17096 290.33496
3434 826.17096 290.33496
3451 862.5631 298.57095
3469 862.5631 298.57095
3486 886.8603 309.39746
3502 886.8603 309.39746
3519 886.8603 309.39746
3536 886.8603 309.39746
3554 886.8603 309.39746
3570 886.8603 309.39746
3587 886.8603 309.39746
3604 747.64905 240.3877
3621 747.64905 240.3877
3638 772.1434 242.9978
3655 772.1434 242.9978
3672 793.0028 252.9185
3690 808.87103 260.18256
3706 808.87103 260.18256
3723 808.87103 260.18256
3740 816.49207 268.65283
3758 816.49207 268.65283
3775 835.8055 241.98438
3792 835.8055 241.98438
3808 852.77545 238.40059
3825 852.77545 238.40059
3843 856.6641 213.66478
3860 856.6641 213.66478
3876 856.6641 213.66478
3894 855.15015 179.54146
3910 860.5707 194.17178
3928 860.5707 194.17178
3944 865.5008 205.2456
3961 865.5008 205.2456
3978 872.22894 216.21432
3995 872.22894 216.21432
