683.0 1067.0 0.0 384.0
6 29.39264 -10.76235
17 29.39264 -10.76235
34 29.39264 -10.76235
52 29.39264 -10.76235
68 29.39264 -10.76235
86 29.39264 -10.76235
103 29.39264 -10.76235
119 23.514112 -8.60988
136 23.514112 -8.60988
153 23.514112 -8.60988
171 18.81129 -6.8879046
187 18.81129 -6.8879046
204 15.049033 -5.510324
221 12.039227 -4.4082594
238 12.039227 -4.4082594
255 9.631381 -3.5266075
273 9.631381 -3.5266075
289 9.631381 -3.5266075
306 7.705105 -2.821286
323 7.705105 -2.821286
340 7.705105 -2.821286
357 7.705105 -2.821286
374 7.705105 -2.821286
391 7.705105 -2.821286
408 3.9450138 -1.4444984
425 3.9450138 -1.4444984
443 3.156011 -1.1555988
460 3.156011 -1.1555988
476 3.156011 -1.1555988
493 2.524809 -0.924479
510 2.524809 -0.924479
527 2.0198472 -0.7395832
544 2.0198472 -0.7395832
561 1.6158777 -0.5916666
578 1.6158777 -0.5916666
595 1.2927022 -0.47333327
612 1.0341618 -0.3786666
630 1.0341618 -0.3786666
646 0.82732946 -0.3029333
664 0.82732946 -0.3029333
681 0.82732946 -0.3029333
698 0.82732946 -0.3029333
714 0.82732946 -0.3029333
731 0.82732946 -0.3029333
749 0.82732946 -0.3029333
766 329.78717 -90.43382
782 444.01447 -106.61513
799 444.01447 -106.61513
817 543.9469 -118.080505
833 543.9469 -118.080505
850 527.43427 -219.00343
868 527.43427 -219.00343
884 527.43427 -219.00343
902 421.94742 -175.20274
918 421.94742 -175.20274
935 536.96045 -139.73839
952 536.96045 -139.73839
970 626.35895 -116.35671
986 697.57306 -91.63271
1003 697.57306 -91.63271
1020 750.91266 -76.09946
1037 750.91266 -76.09946
1054 795.17944 -56.918926
1072 795.17944 -56.918926
1088 828.2738 -44.044422
1105 828.2738 -44.044422
1122 847.66046 -14.547419
1139 847.66046 -14.547419
1156 868.1997 -3.140895
1173 868.1997 -3.140895
1191 883.7398 13.129765
1207 883.7398 13.129765
1224 908.1953 23.285992
1241 908.1953 23.285992
1258 918.2355 34.34445
1275 918.2355 34.34445
1292 922.1707 42.02944
1309 922.1707 42.02944
1327 933.88165 42.675934
1344 933.88165 42.675934
1360 942.727 43.043587
1377 942.727 43.043587
1394 951.3782 46.172432
1412 951.3782 46.172432
1429 956.824 43.155006
1445 956.824 43.155006
1462 962.17786 42.528404
1480 962.17786 42.528404
1497 980.9396 52.362663
1513 980.9396 52.362663
1531 986.5289 104.31131
1547 986.5289 104.31131
1565 989.27905 162.00812
1581 990.36 199.01917
1598 990.36 199.01917
1615 985.50836 262.77087
1633 985.50836 262.77087
1649 985.50836 262.77087
1667 980.81256 314.5873
1683 980.81256 314.5873
1701 977.8264 355.51736
1717 977.8264 355.51736
1734 975.0868 385.38535
1751 974.0779 415.6087
1768 974.0779 415.6087
1786 977.4473 443.16968
1803 977.4473 443.16968
1819 981.5552 463.53406
1837 981.5552 463.53406
1853 981.24915 473.47937
1870 981.24915 473.47937
1887 981.24915 473.47937
1905 981.157 484.6348
1921 981.157 484.6348
1938 984.79425 494.75015
1955 990.3501 506.64325
1972 990.3501 506.64325
1989 998.38074 515.01373
2006 998.38074 515.01373
2024 999.30444 516.5372
2040 999.30444 516.5372
2057 998.418 518.32825
2074 998.418 518.32825
2092 1002.8841 524.51996
2108 1002.8841 524.51996
2125 1002.27594 527.81445
2143 1001.7293 530.229
2159 1001.7293 530.229
2176 1001.7293 530.229
2194 995.8982 493.9928
2211 995.8982 493.9928
2227 997.7992 421.6454
2244 997.7992 421.6454
2262 994.5422 372.7032
2278 994.5422 372.7032
2296 992.2739 333.19913
2312 992.2739 333.19913
2329 983.77014 304.03973
2346 975.9815 275.26685
2363 975.9815 275.26685
2380 975.9815 275.26685
2397 981.38904 271.74277
2414 981.22003 254.25089
2431 981.22003 254.25089
2448 981.22003 254.25089
2465 987.38416 234.0404
2483 987.38416 234.0404
2500 980.0464 232.07726
2516 980.0464 232.07726
2533 986.30853 221.74406
2550 990.05054 215.19147
2567 990.05054 215.19147
2584 984.41516 212.57605
2601 984.41516 212.57605
2618 979.7119 172.03806
2635 979.7119 172.03806
2653 979.7119 172.03806
2669 976.6322 141.44786
2686 973.53577 114.60933
2703 973.53577 114.60933
2721 974.68335 91.28558
2737 974.68335 91.28558
2754 973.1774 78.456406
2771 973.1774 78.456406
2789 969.0533 61.774887
2805 969.0533 61.774887
2822 968.9799 43.78157
2839 968.9799 43.78157
2856 973.44116 32.130096
2874 973.44116 32.130096
2890 973.44116 32.130096
2907 973.2441 24.525076
2924 976.8586 24.438581
2942 976.8586 24.438581
2958 980.9965 13.8362255
2975 980.9965 13.8362255
2992 990.33575 8.87722
3009 990.33575 8.87722
3027 997.933 5.712216
3044 997.933 5.712216
3060 998.77515 -1.0453072
3077 998.77515 -1.0453072
3094 998.9536 -2.3553257
3111 998.9536 -2.3553257
3128 989.46075 10.2177
3145 989.46075 10.2177
3163 987.3262 22.81974
3179 987.3262 22.81974
3197 986.60345 14.120432
3213 986.60345 14.120432
3231 985.8713 15.371725
3247 985.8713 15.371725
3265 983.60767 19.816261
3281 980.8568 23.62637
3298 980.8568 23.62637
3315 977.5393 24.717216
3332 977.5393 24.717216
3349 980.2266 21.452034
3366 980.2266 21.452034
3383 980.3797 25.461586
3400 980.3797 25.461586
3418 978.7216 31.401628
3434 978.7216 31.401628
3451 978.7216 31.401628
3469 982.95435 24.025263
3485 982.95435 24.025263
3502 976.97943 12.074011
3519 975.3341 5.964589
3537 975.3341 5.964589
3553 972.287 -2.9221687
3571 972.287 -2.9221687
3588 967.79285 -3.286055
3604 967.79285 -3.286055
3621 968.2568 -4.866304
3638 968.2568 -4.866304
3655 962.9433 -11.690503
3672 962.9433 -11.690503
3689 963.21674 -14.287143
3706 963.21674 -14.287143
3723 961.45984 -18.413494
3740 961.45984 -18.413494
3757 963.3863 -22.690876
3775 963.3863 -22.690876
3792 961.1628 -28.04236
3809 961.1628 -28.04236
3826 926.0447 -26.85667
3843 926.0447 -26.85667
3860 926.0447 -26.85667
3876 895.5009 -41.4646
3893 874.7873 -41.64792
3910 858.3798 -51.675896
3928 858.3798 -51.675896
3944 816.2224 -34.838596
3961 816.2224 -34.838596
3978 816.2224 -34.838596
3995 810.1388 -40.8871
