299.0 683.0 384.0 768.0
0 83.216194 26.93197
17 83.216194 26.93197
34 66.57296 21.545576
51 66.57296 21.545576
68 66.57296 21.545576
86 53.25837 17.236462
102 42.606697 13.789169
119 42.606697 13.789169
137 34.085358 11.031336
153 34.085358 11.031336
170 27.268286 8.825068
187 27.268286 8.825068
204 21.814629 7.060055
221 21.814629 7.060055
239 17.451704 5.648044
256 17.451704 5.648044
272 17.451704 5.648044
289 17.451704 5.648044
306 17.451704 5.648044
323 17.451704 5.648044
340 286.79196 -53.998226
357 286.79196 -53.998226
375 397.16858 -59.18492
392 397.16858 -59.18492
408 492.18 -57.485058
425 492.18 -57.485058
442 393.744 -45.98805
459 393.744 -45.98805
476 314.9952 -36.79044
493 415.01123 65.173134
510 415.01123 65.173134
527 508.11456 132.38599
544 508.11456 132.38599
561 508.11456 132.38599
578 549.4758 208.54764
596 549.4758 208.54764
613 584.86115 262.37103
630 584.86115 262.37103
646 584.86115 262.37103
663 584.86115 262.37103
681 584.86115 262.37103
697 584.86115 262.37103
714 598.482 351.30814
731 589.24084 382.0338
748 589.24084 382.0338
765 589.24084 382.0338
783 589.24084 382.0338
799 589.24084 382.0338
816 589.24084 382.0338
833 589.24084 382.0338
851 589.24084 382.0338
867 589.24084 382.0338
884 580.14294 401.1408
901 575.93384 422.97006
918 575.93384 422.97006
935 570.7223 433.12866
952 570.7223 433.12866
969 642.2913 425.54333
986 642.2913 425.54333
1004 677.2358 439.75317
1021 677.2358 439.75317
1037 677.2358 439.75317
1054 709.156 429.72488
1071 729.2448 439.13232
1088 729.2448 439.13232
1106 583.3959 351.30588
1122 583.3959 351.30588
1139 466.7167 281.0447
1156 466.7167 281.0447
1173 466.7167 281.0447
1190 373.37338 224.83577
1207 298.6987 179.86862
1225 238.95897 143.8949
1241 238.95897 143.8949
1258 191.16718 115.11592
1275 191.16718 115.11592
1292 191.16718 115.11592
1310 152.93375 92.092735
1327 152.93375 92.092735
1343 152.93375 92.092735
1361 122.347 73.67419
1377 97.8776 58.93935
1394 97.8776 58.93935
1412 78.302086 47.15148
1428 78.302086 47.15148
1446 78.302086 47.15148
1462 78.302086 47.15148
1479 78.302086 47.15148
1496 78.302086 47.15148
1513 78.302086 47.15148
1530 40.09067 24.141562
1547 40.09067 24.141562
1565 40.09067 24.141562
1582 32.072536 19.31325
1598 32.072536 19.31325
1616 25.65803 15.4506
1633 20.526424 12.36048
1650 20.526424 12.36048
1666 16.42114 9.888385
1684 16.42114 9.888385
1700 13.136912 7.910708
1718 13.136912 7.910708
1734 10.50953 6.3285666
1751 10.50953 6.3285666
1768 8.407624 5.0628533
1786 8.407624 5.0628533
1802 8.407624 5.0628533
1819 8.407624 5.0628533
1836 8.407624 5.0628533
1853 8.407624 5.0628533
1870 5.38088 3.2402265
1888 5.38088 3.2402265
1904 4.304704 2.5921812
1921 4.304704 2.5921812
1938 3.4437635 2.073745
1955 3.4437635 2.073745
1972 2.7550108 1.658996
1989 2.7550108 1.658996
2006 2.2040088 1.3271968
2023 1.7632071 1.0617574
2040 1.7632071 1.0617574
2057 1.7632071 1.0617574
2075 1.4105657 0.84940594
2091 1.4105657 0.84940594
2109 1.1284527 0.6795248
2126 1.1284527 0.6795248
2142 0.9027621 0.5436198
2159 0.9027621 0.5436198
2176 0.9027621 0.5436198
2194 0.9027621 0.5436198
2210 0.9027621 0.5436198
2227 0.7222097 0.43489584
2244 0.5777678 0.3479167
2261 0.46221423 0.27833337
2278 0.46221423 0.27833337
2295 0.46221423 0.27833337
2313 0.3697714 0.2226667
2329 0.3697714 0.2226667
2346 0.2958171 0.17813335
2363 0.2958171 0.17813335
2381 0.23665369 0.14250669
2397 0.23665369 0.14250669
2414 0.18932295 0.11400535
2432 0.15145837 0.09120428
2448 0.15145837 0.09120428
2465 0.1211667 0.072963424
2483 0.1211667 0.072963424
2500 0.09693336 0.05837074
2516 0.09693336 0.05837074
2533 0.09693336 0.05837074
2550 0.09693336 0.05837074
2567 0.09693336 0.05837074
2584 0.09693336 0.05837074
2601 0.09693336 0.05837074
2619 0.077546686 0.046696592
2635 0.04962988 0.02988582
2653 0.04962988 0.02988582
2669 0.0397039 0.023908656
2686 0.0397039 0.023908656
2703 0.03176312 0.019126926
2721 0.03176312 0.019126926
2737 0.025410498 0.0153015405
2754 0.025410498 0.0153015405
2771 0.020328399 0.012241232
2789 0.020328399 0.012241232
2806 0.01626272 0.009792986
2822 0.01626272 0.009792986
2840 0.013010176 0.007834389
2856 0.013010176 0.007834389
2874 0.010408141 0.0062675113
2891 0.010408141 0.0062675113
2907 0.008326513 0.0050140093
2925 0.008326513 0.0050140093
2941 0.008326513 0.0050140093
2959 0.00666121 0.0040112077
2975 0.005328968 0.0032089662
2992 0.0042631747 0.002567173
3009 0.0042631747 0.002567173
3027 0.0042631747 0.002567173
3043 0.0034105398 0.0020537383
3060 0.0034105398 0.0020537383
3078 0.002728432 0.0016429907
3094 0.002728432 0.0016429907
3112 0.0021827456 0.0013143927
3128 0.0021827456 0.0013143927
3146 0.0017461965 0.0010515142
3162 0.0017461965 0.0010515142
3179 0.0013969572 8.4121135E-4
3197 0.0011175658 6.729691E-4
3213 0.0011175658 6.729691E-4
3230 0.0011175658 6.729691E-4
3248 0.0011175658 6.729691E-4
3265 0.0011175658 6.729691E-4
3281 0.0011175658 6.729691E-4
3298 0.0011175658 6.729691E-4
3315 7.152421E-4 4.3070022E-4
3332 5.721937E-4 3.445602E-4
3349 5.721937E-4 3.445602E-4
3366 4.5775497E-4 2.7564817E-4
3383 4.5775497E-4 2.7564817E-4
3400 3.6620398E-4 2.2051854E-4
3418 3.6620398E-4 2.2051854E-4
3435 2.929632E-4 1.7641483E-4
3451 2.929632E-4 1.7641483E-4
3468 2.3437057E-4 1.4113187E-4
3485 2.3437057E-4 1.4113187E-4
3502 1.8749647E-4 1.12905494E-4
3519 1.8749647E-4 1.12905494E-4
3536 1.4999717E-4 9.03244E-5
3554 1.4999717E-4 9.03244E-5
3571 1.19997734E-4 7.225952E-5
3587 1.19997734E-4 7.225952E-5
3604 1.19997734E-4 7.225952E-5
3621 1.19997734E-4 7.225952E-5
3639 1.19997734E-4 7.225952E-5
3655 1.19997734E-4 7.225952E-5
3672 1.19997734E-4 7.225952E-5
3690 7.6798555E-5 4.6246096E-5
3706 6.143885E-5 3.6996877E-5
3723 6.143885E-5 3.6996877E-5
3740 4.915108E-5 2.9597502E-5
3757 4.915108E-5 2.9597502E-5
3774 3.9320865E-5 2.3678002E-5
3792 3.1456693E-5 1.89424E-5
3808 3.1456693E-5 1.89424E-5
3825 3.1456693E-5 1.89424E-5
3842 2.5165355E-5 1.5153921E-5
3860 2.5165355E-5 1.5153921E-5
3876 2.0132284E-5 1.2123137E-5
3893 2.0132284E-5 1.2123137E-5
3910 1.6105827E-5 9.6985095E-6
3927 1.6105827E-5 9.6985095E-6
3945 1.2884661E-5 7.758807E-6
3961 1.2884661E-5 7.758807E-6
3978 1.2884661E-5 7.758807E-6
3995 1.2884661E-5 7.758807E-6
