25 633.5308 364.95306 333.26288426428346 433.26288426428346 321.4436689103202 421.4436689103202
26 633.5308 364.95306 333.2843322311241 433.2843322311241 320.9417269956239 420.9417269956239
35 633.5308 364.95306 333.5151809083458 433.5151809083458 316.4260666429181 416.4260666429181
52 631.7395 369.154 334.1367899590455 434.1367899590455 307.9082065772343 407.9082065772343
68 631.95447 371.7978 334.94310583748677 434.94310583748677 299.91059046864586 399.91059046864586
85 633.4898 366.51044 336.0342573431978 436.0342573431978 291.44006945149073 391.44006945149073
102 633.4898 366.51044 337.3660842002114 437.3660842002114 283.00404105339845 383.00404105339845
120 634.9163 370.96854 339.0373788905013 439.0373788905013 274.11696909446454 374.11696909446454
136 634.9163 370.96854 340.74725228130916 440.74725228130916 266.2627764750041 366.2627764750041
154 633.669 384.60544 342.92158317776153 442.92158317776153 257.4852165009684 357.4852165009684
170 633.669 384.60544 345.0756512552929 445.0756512552929 249.74105744826687 349.7410574482669
188 633.4477 392.86685 347.745971055829 447.745971055829 241.10145872448777 341.10145872448777
205 633.4477 392.86685 350.50596515083794 450.50596515083794 233.0192083877314 333.0192083877314
221 629.5174 388.90088 353.31279086333535 453.31279086333535 225.48702821623766 325.48702821623766
238 629.5174 388.90088 356.51500152904384 456.51500152904384 217.5695674640201 317.5695674640201
256 626.78577 396.25967 360.14975501321027 460.14975501321027 209.2893596734873 309.2893596734873
272 624.7849 392.3261 363.5888763391684 463.5888763391684 202.0240686798987 302.02406867989873
289 624.7849 392.3261 367.4548074744846 467.4548074744846 194.40862946948707 294.4086294694871
306 624.7849 392.3261 371.53594923283765 471.53594923283765 186.90632183391858 286.9063218339186
323 624.174 398.24988 375.8289940602396 475.8289940602396 179.52322600490484 279.5232260049048
340 624.174 398.24988 380.3304626662418 480.3304626662418 172.26532559916362 272.2653255991636
357 624.09143 394.12466 385.0367068437197 485.0367068437197 165.13850276900726 265.13850276900723
374 624.09143 394.12466 389.9439124255555 489.9439124255555 158.14853343516307 258.1485334351631
391 614.90875 363.53668 395.0481023758233 495.0481023758233 151.30108260568883 251.30108260568883
408 614.90875 363.53668 400.34514001297055 500.34514001297055 144.601699784777 244.601699784777
425 605.9751 339.027 405.83073236238414 505.83073236238414 138.05581447516937 238.05581447516937
442 595.43994 318.87173 411.50043363562395 511.50043363562395 131.66873177782583 231.66873177782583
459 595.43994 318.87173 417.3496488335043 517.3496488335043 125.44562809241546 225.44562809241546
477 588.8404 298.4187 423.73332887425113 523.7333288742511 119.04079373995708 219.04079373995708
493 588.8404 298.4187 429.5675174146769 529.5675174146769 113.51139478609738 213.51139478609738
510 583.40985 285.19427 435.9262688483818 535.9262688483818 107.8099372430793 207.8099372430793
527 583.40985 285.19427 442.44473833256984 542.4447383325698 102.29179502905546 202.29179502905546
545 583.40985 285.19427 449.51486122421545 549.5148612242155 96.65383119074559 196.6538311907456
562 576.72424 262.25485 456.34538828338435 556.3453882833844 91.52701560946679 191.5270156094668
578 576.72424 262.25485 462.90500484391305 562.905004843913 86.88121758382923 186.88121758382923
595 564.0909 227.27757 470.0082881070341 570.0082881070341 82.13951907017963 182.13951907017963
612 564.0909 227.27757 477.24366770951156 577.2436677095116 77.60194042970028 177.60194042970028
629 559.3748 202.42332 484.6052797509776 584.6052797509776 73.27215913482809 173.2721591348281
646 555.45306 179.83342 492.08715802621145 592.0871580262115 69.15368424901567 169.15368424901567
664 555.45306 179.83342 500.1334925058843 600.1334925058843 65.02696940712423 165.02696940712423
680 552.6922 161.36642 507.3873660236304 607.3873660236304 61.563830988764266 161.56383098876427
698 552.6922 161.36642 515.6555035702502 615.6555035702502 57.90170381248561 157.9017038124856
714 555.9215 148.84532 523.0947016472838 623.0947016472838 54.85698039535282 154.85698039535282
731 555.9215 148.84532 531.0851801258791 631.0851801258791 51.84158795097835 151.84158795097835
748 559.58026 139.36838 539.158255286693 639.158255286693 49.0548702834833 149.0548702834833
765 559.58026 139.36838 547.3073843205016 647.3073843205016 46.49908588318232 146.49908588318232
783 559.58026 139.36838 556.0114292711773 656.0114292711773 44.04696936032366 144.04696936032366
801 564.25604 125.955025 564.7854254161292 664.7854254161292 41.858301821972816 141.85830182197282
817 564.25604 125.955025 572.6368142040386 672.6368142040386 40.13559963724384 140.13559963724384
833 566.9008 114.5102 580.531538399579 680.531538399579 38.62386599915499 138.623865999155
851 607.13446 95.68274 589.4578444296311 689.4578444296311 37.176684392405264 137.17668439240526
868 607.13446 95.68274 597.9247092126128 697.9247092126128 36.05751565750103 136.05751565750103
884 696.98914 79.44146 605.9196140026227 705.9196140026227 35.2247455122278 135.2247455122278
901 696.98914 79.44146 614.4353709721212 714.4353709721212 34.574960050003085 134.57496005000309
918 765.3968 69.354385 622.9661736117806 722.9661736117806 34.167843072143 134.167843072143
936 765.3968 69.354385 632.0075037720162 732.0075037720162 34.00164175242986 134.00164175242986
952 827.67163 55.99355 640.0452542165596 740.0452542165596 34.08273742076125 134.08273742076125
969 827.67163 55.99355 648.5796904715623 748.5796904715623 34.40481772096149 134.4048177209615
986 879.988 43.9789 657.1015001944813 757.1015001944813 34.96970439707047 134.96970439707047
1003 879.988 43.9789 665.6037768999744 765.6037768999744 35.77693963769889 135.7769396376989
1020 879.988 43.9789 674.0796299331981 774.0796299331981 36.82586922049978 136.82586922049978
1037 922.287 34.35888 682.5221900543268 782.5221900543268 38.115643042381976 138.11564304238198
1055 956.33734 22.020365 691.4174796955454 791.4174796955454 39.74263294520472 139.74263294520472
1071 956.33734 22.020365 699.2800950571935 799.2800950571935 41.41334787928315 141.41334787928315
1088 980.5462 13.400873 707.5818585250034 807.5818585250034 43.41860627535635 143.41860627535635
1105 980.5462 13.400873 715.8231772598931 815.8231772598931 45.65936583863811 145.6593658386381
1122 1004.68567 11.547519 723.9973720999366 823.9973720999366 48.133810549576026 148.13381054957603
1139 1004.68567 11.547519 732.0978182836474 832.0978182836474 50.839934998910564 150.83993499891056
1156 1023.75397 12.113476 740.117950819005 840.117950819005 53.77554601295549 153.7755460129555
1173 1023.75397 12.113476 748.0512698040402 848.0512698040402 56.93826443105149 156.9382644310515
1190 1033.606 12.590681 755.8913456946693 855.8913456946693 60.32552703375262 160.32552703375262
1207 1033.606 12.590681 763.6318245155068 863.6318245155068 63.93458862018292 163.93458862018292
1225 1046.1436 18.098324 771.712097942471 871.712097942471 67.99444764366609 167.9944476436661
1241 1054.8931 22.08802 778.788983721744 878.788983721744 71.80623152831976 171.80623152831976
1258 1054.8931 22.08802 786.1933800147626 886.1933800147626 76.06243329120804 176.06243329120804
1275 1054.8931 22.08802 793.4736210088488 893.4736210088488 80.52768009049117 180.52768009049117
1293 1064.0331 25.475777 801.040231024628 901.040231024628 85.47941582800502 185.47941582800502
1309 1064.0331 25.475777 807.638141470708 907.638141470708 90.0706669060545 190.0706669060545
1326 1072.4988 31.906141 814.5109413283826 914.5109413283826 95.14067282585665 195.14067282585665
1343 1072.4988 31.906141 821.2366359705578 921.2366359705578 100.40426185718263 200.40426185718263
1360 1076.9086 36.160736 827.809774570124 927.809774570124 105.85716813378187 205.85716813378187
1377 1076.9086 36.160736 834.2250299387413 934.2250299387413 111.49497235758312 211.49497235758312
1394 1083.6051 39.14867 840.4772028442499 940.4772028442499 117.31310538030687 217.31310538030687
1411 1083.6051 39.14867 846.5612262243785 946.5612262243785 123.30685190652298 223.30685190652298
1428 1087.1077 44.705517 852.4721692933363 952.4721692933363 129.47135431515434 229.47135431515434
1445 1092.3749 51.402058 858.2052415379586 958.2052415379586 135.80161659632608 235.80161659632608
1462 1092.3749 51.402058 863.7557966001699 963.7557966001699 142.29250840037312 242.29250840037312
1479 1093.91 57.844948 869.1193360426164 969.1193360426164 148.93876919572267 248.93876919572267
1496 1093.91 57.844948 874.2915129944168 974.2915129944168 155.73501253228335 255.73501253228335
1513 1093.91 57.844948 879.2681356740757 979.2681356740757 162.675730406883 262.67573040688296
1530 1096.4133 70.27778 884.0451707867052 984.0451707867052 169.7552977272204 269.7552977272204
1547 1096.4133 70.27778 888.6187467928016 988.6187467928016 176.96797687071094 276.9679768707109
1564 1080.8082 132.21873 892.9851570459276 992.9851570459276 184.30792233453255 284.3079223345326
1581 1080.8082 132.21873 897.1408627967578 997.1408627967578 191.76918547310373 291.76918547310373
1598 1066.3904 189.57089 901.0824960610505 1001.0824960610505 199.34571931915121 299.3457193191512
1615 1052.4617 238.07385 904.8068623492258 1004.8068623492258 207.03138348446487 307.03138348446487
1632 1052.4617 238.07385 908.3109432553329 1008.3109432553329 214.8199491363638 314.8199491363638
1649 1042.1469 319.26056 911.5918989033121 1011.5918989033121 222.7051040458423 322.7051040458423
1667 1042.1469 319.26056 914.8197010204906 1014.8197010204906 231.15226732338112 331.1522673233811
1684 1034.7974 385.6914 917.6331117598017 1017.6331117598017 239.21607894831448 339.2160789483145
1700 1034.7974 385.6914 920.0703407916484 1020.0703407916484 246.87583895516212 346.8758389551621
1718 1029.9623 441.29242 922.5657988908573 1022.5657988908573 255.56755701433508 355.5675570143351
1735 1029.9623 441.29242 924.6810775952 1024.6810775952 263.8419714294728 363.8419714294728
1751 1018.4457 472.84235 926.4560130930984 1026.4560130930984 271.6817171329047 371.6817171329047
1769 1018.4457 472.84235 928.2009350518042 1028.2009350518042 280.55462653755245 380.55462653755245
1785 1014.54663 509.66107 929.5268506369953 1029.5268506369953 288.4826752619944 388.4826752619944
1802 1014.54663 509.66107 930.7023636603816 1030.7023636603817 296.94190141113677 396.94190141113677
1819 1009.818 541.72723 931.6366043392997 1031.6366043392995 305.4311612295389 405.4311612295389
1836 1009.818 541.72723 932.3288155200738 1032.328815520074 313.9435746118702 413.9435746118702
1853 1005.4119 564.46295 932.7784362013994 1032.7784362013995 322.4722426880359 422.4722426880359
1870 1005.4119 564.46295 932.9851019890048 1032.9851019890048 331.01025341435343 431.01025341435343
1887 1007.3054 586.35986 932.9486453909749 1032.948645390975 339.5506871754069 439.5506871754069
1904 1007.3054 586.35986 932.6690959534936 1032.6690959534935 348.08662239203596 448.08662239203596
1921 1003.04285 609.5537 932.1466802368993 1032.1466802368993 356.6111411309172 456.6111411309172
1938 1003.04285 609.5537 931.3818216320687 1031.3818216320687 365.1173347111916 465.1173347111916
1955 1001.8595 626.37024 930.3751400172805 1030.3751400172805 373.5983093035911 473.5983093035911
1972 1001.8595 626.37024 929.1274512558361 1029.1274512558361 382.04719151753216 482.04719151753216
1989 1004.29913 640.7275 927.6397665348454 1027.6397665348454 390.4571339716405 490.4571339716405
2006 1002.4709 650.79065 925.9132915457113 1025.9132915457112 398.8213208432003 498.8213208432003
2023 1002.4709 650.79065 923.9494255069792 1023.9494255069792 407.13297339202586 507.13297339202586
2041 1002.4709 650.79065 921.6130618516396 1021.6130618516396 415.86880070345273 515.8688007034527
2058 999.8957 666.5215 919.1656735406054 1019.1656735406054 424.0511370669554 524.0511370669553
2074 999.8957 666.5215 916.6503512814876 1016.6503512814876 431.68560906238275 531.6856090623828
2091 995.4785 676.68713 913.7547408159044 1013.7547408159044 439.7202700970553 539.7202700970553
2108 995.4785 676.68713 910.6315931762647 1010.6315931762647 447.6692503292295 547.6692503292295
2125 991.1293 674.8475 907.2834395119482 1007.2834395119482 455.52610752219204 555.526107522192
2142 991.1293 674.8475 903.7129933280626 1003.7129933280626 463.2844741001809 563.2844741001809
2159 986.2452 685.0062 899.9231482862865 999.9231482862865 470.9380623089762 570.9380623089762
2176 986.2452 685.0062 895.9169758597092 995.9169758597092 478.4806693117979 578.4806693117979
2193 992.9048 703.3956 891.6977228435584 991.6977228435584 485.90618221638465 585.9061822163847
2210 991.8574 718.25146 887.2688087238421 987.2688087238421 493.20858302917645 593.2085830291765
2227 991.8574 718.25146 882.6338229060326 982.6338229060326 500.38195353258584 600.3819535325858
2244 986.34784 713.7974 877.7965218060378 977.7965218060378 507.42048008140796 607.420480081408
2261 986.34784 713.7974 872.7608258058228 972.7608258058228 514.3184583144773 614.3184583144773
2278 985.66504 719.9722 867.5308160761413 967.5308160761413 521.0702977777584 621.0702977777584
2295 985.66504 719.9722 862.1107312689596 962.1107312689596 527.6705264551181 627.6705264551181
2312 985.66504 719.9722 856.5049640822481 956.5049640822481 534.1137952031119 634.1137952031119
2330 982.26587 729.51196 850.3721099362925 950.3721099362925 540.7591976716982 640.7591976716982
2346 982.26587 729.51196 844.754702109853 944.754702109853 546.5086966087915 646.5086966087915
2363 981.8799 743.02026 838.6197303028227 938.6197303028227 552.4502838409564 652.4502838409564
2380 981.8799 743.02026 832.3181143556885 932.3181143556885 558.2148284340103 658.2148284340103
2397 960.2225 751.92114 825.8549614017456 925.8549614017456 563.7976585231695 663.7976585231695
2414 946.6312 759.614 819.2355094916655 919.2355094916655 569.1942495138428 669.1942495138428
2433 946.6312 759.614 811.6589377356435 911.6589377356435 574.9999667368679 674.9999667368679
2449 928.9772 763.23096 805.1380660054275 905.1380660054275 579.6999923319313 679.6999923319313
2466 928.9772 763.23096 798.0743413925139 898.0743413925139 584.5004227817345 684.5004227817345
2483 919.88135 772.00354 790.8768325769166 890.8768325769166 589.0978356150445 689.0978356150445
2499 919.88135 772.00354 783.9857182018081 883.9857182018081 593.2360177503971 693.2360177503971
2516 909.0718 772.3436 776.54525546435 876.54525546435 597.4288511793545 697.4288511793545
2534 909.0718 772.3436 768.5404466713042 868.5404466713042 601.6355494252274 701.6355494252274
2550 909.0718 772.3436 761.3214464020558 861.3214464020558 605.1708066759479 705.1708066759479
2567 881.1221 774.34546 753.5504381858558 853.5504381858558 608.7136542896951 708.7136542896951
2584 786.45496 768.7042 745.6817300841386 845.6817300841386 612.0338607170812 712.0338607170812
2601 786.45496 768.7042 737.721699277214 837.721699277214 615.1287351027865 715.1287351027865
2618 704.8048 766.65356 729.6767969577133 829.6767969577133 617.9957692114392 717.9957692114392
2635 704.8048 766.65356 721.553543102233 821.553543102233 620.6326394604092 720.6326394604092
2652 640.6315 762.4265 713.3585211872297 813.3585211872297 623.0372088029525 723.0372088029525
2669 640.6315 762.4265 705.0983728534557 805.0983728534557 625.2075284601758 725.2075284601758
2687 591.37335 766.7723 696.2887884500344 796.2887884500344 627.2482382837565 727.2482382837565
2704 591.37335 766.7723 687.9156881752673 787.9156881752673 628.9309532623472 728.9309532623472
2720 546.268 768.92847 679.9943448795832 779.9943448795832 630.296357637651 730.296357637651
2737 546.268 768.92847 671.5410813019316 771.5410813019316 631.5140081610913 731.5140081610913
2754 514.7475 771.1853 663.0565821743512 763.0565821743512 632.4905389924386 732.4905389924386
2771 514.7475 771.1853 654.5477237438794 754.5477237438794 633.2251587040392 733.2251587040392
2788 488.0721 769.88684 646.0214019995067 746.0214019995067 633.7172719246712 733.7172719246712
2806 488.0721 769.88684 636.982177164819 736.982177164819 633.9735692774082 733.9735692774082
2822 459.7788 765.02985 628.9440176902656 728.9440176902656 633.9725804261168 733.9725804261168
2840 459.7788 765.02985 619.9048561883765 719.9048561883765 633.714059077236 733.714059077236
2857 441.0032 764.1594 611.3786557812324 711.3786557812324 633.2198480618783 733.2198480618783
2873 441.0032 764.1594 603.3698801263789 703.3698801263789 632.5331740297464 732.5331740297464
2890 425.87457 760.8505 594.8839945588649 694.8839945588649 631.5687653790487 731.5687653790487
2907 425.87457 760.8505 586.4290000393138 686.4290000393138 630.3631926583694 730.3631926583694
2925 412.99432 759.55505 577.5179378468152 677.5179378468152 628.8249324247021 728.8249324247021
2941 412.99432 759.55505 569.6390628953682 669.6390628953682 627.232657883161 727.232657883161
2958 403.29935 755.17883 561.3177276452934 661.3177276452934 625.3102329649023 725.3102329649023
2976 396.67224 756.54193 552.5703667532769 652.5703667532769 623.0174287059479 723.0174287059479
2993 396.67224 756.54193 544.3759367047026 644.3759367047026 620.6108431393186 720.6108431393186
3009 388.38553 756.4757 536.7290257094023 636.7290257094023 618.1335944747455 718.1335944747455
3026 388.38553 756.4757 528.6800356774336 628.6800356774336 615.278056456131 715.278056456131
3043 388.38553 756.4757 520.7155915726703 620.7155915726703 612.1945571432422 712.1945571432422
3060 384.6065 759.12695 512.8421481644934 612.8421481644934 608.8855955525434 708.8855955525434
3078 384.6065 759.12695 504.6118388259649 604.6118388259649 605.1392263586182 705.1392263586182
3095 379.07617 758.8363 496.94575447846444 596.9457544784644 601.3747225815591 701.3747225815591
3111 379.07617 758.8363 489.8312325780845 589.8312325780845 597.6336549738851 697.6336549738851
3128 375.37296 756.4459 482.38478743869564 582.3847874386956 593.4514554692516 693.4514554692516
3146 368.79202 754.3924 474.6334910195917 574.6334910195917 588.7941302961241 688.7941302961241
3162 368.79202 754.3924 467.8640306732291 567.8640306732291 584.4598004361334 684.4598004361334
3180 366.7453 754.8815 460.39033437862736 560.3903343786274 579.3689127295427 679.3689127295427
3196 366.7453 754.8815 453.87850203784535 553.8785020378454 574.6563711348483 674.6563711348483
3213 370.12238 760.0485 447.10068540279684 547.1006854027969 569.4600705688548 669.4600705688548
3231 370.12238 760.0485 440.08850519699024 540.0885051969902 563.7502016818883 663.7502016818883
3247 377.2316 737.4556 434.0024083925641 534.0024083925641 558.4993508552757 658.4993508552757
3265 377.2316 737.4556 427.3265285815807 527.3265285815808 552.3996867092457 652.3996867092457
3281 380.91412 715.6165 421.54910963438175 521.5491096343817 546.8109982204569 646.8109982204569
3298 380.91412 715.6165 415.5770257696452 515.5770257696452 540.7057093474355 640.7057093474355
3316 380.91412 715.6165 409.4458068390105 509.4458068390105 534.0587981572892 634.0587981572892
3333 386.13135 696.85175 403.8416251188419 503.8416251188419 527.6141503656863 627.6141503656863
3350 389.78992 686.44434 398.4231643908829 498.4231643908829 521.0125883346178 621.0125883346178
3366 389.78992 686.44434 393.49702667636814 493.49702667636814 514.6608030789737 614.6608030789737
3384 390.4227 676.43066 388.16081736231547 488.16081736231547 507.3602452851014 607.3602452851014
3400 390.4227 676.43066 383.6041295851123 483.6041295851123 500.7384173488538 600.7384173488538
3417 392.6748 667.1544 378.95890042682595 478.95890042682595 493.5716758314352 593.5716758314352
3434 392.6748 667.1544 374.519558420162 474.519558420162 486.2756097367269 586.2756097367269
3451 390.9643 654.7596 370.28970142185455 470.28970142185455 478.85613214835485 578.8561321483548
3468 390.9643 654.7596 366.2727575118902 466.2727575118902 471.3192561685689 571.3192561685689
3485 392.09766 640.87665 362.4719822152257 462.4719822152257 463.6710900449318 563.6710900449318
3502 392.09766 640.87665 358.8904558633554 458.8904558633554 455.9178322199049 555.9178322199049
3519 392.64832 638.1068 355.5310810978608 455.5310810978608 448.06576630732854 548.0657663073285
3537 391.98752 628.4973 352.2192563482289 452.2192563482289 439.6511902174244 539.6511902174244
3553 391.98752 628.4973 349.4894944740342 449.4894944740342 432.0907399116313 532.0907399116313
3571 391.98752 628.4973 346.66189266404376 446.66189266404376 423.5013312038564 523.5013312038564
3587 390.84958 615.01843 344.3668039474663 444.3668039474663 415.79778809050777 515.7977880905078
3604 390.84958 615.01843 342.155351140146 442.155351140146 407.5485569510936 507.5485569510936
3621 387.23337 604.8069 340.17961285468476 440.17961285468476 399.23971851615926 499.23971851615926
3638 387.23337 604.8069 338.44119032461737 438.44119032461737 390.87800666884965 490.87800666884965
3655 365.58862 584.9144 336.9414924513526 436.9414924513526 382.4701981434725 482.4701981434725
3672 365.58862 584.9144 335.68173466233077 435.68173466233077 374.02310703330426 474.02310703330426
3689 350.86957 567.0473 334.66293792598333 434.66293792598333 365.5435792681223 465.5435792681223
3706 350.86957 567.0473 333.8859279242903 433.8859279242903 357.03848706593226 457.03848706593226
3723 337.36105 552.72614 333.35133438360816 433.35133438360816 348.5147233633919 448.5147233633919
3740 326.59402 530.7843 333.05959056430925 433.05959056430925 339.9791962294431 439.9791962294431
3757 326.59402 530.7843 453.02406576024066 553.0240657602407 331.056686471707 431.056686471707
3774 317.30603 520.2808 453.36623095517183 553.3662309551719 322.5235450269113 422.5235450269113
3791 317.30603 520.2808 454.11274721758974 554.1127472175897 314.01623679178385 414.01623679178385
3808 317.30603 520.2808 455.26193415828243 555.2619341582824 305.553911501838 405.553911501838
3826 308.2359 498.48694 456.91472789945465 556.9147278994546 296.66399928652106 396.66399928652106
3842 308.2359 498.48694 458.7570723329198 558.7570723329197 288.84025954453836 388.84025954453836
3860 306.10236 486.20667 461.2447967163995 561.2447967163995 280.14695788528695 380.14695788528695
3876 306.10236 486.20667 463.8201933182859 563.8201933182859 272.53299249891984 372.53299249891984
3893 302.0338 472.12332 466.92605000007745 566.9260500000775 264.5777907912517 364.5777907912517
3910 302.0338 472.12332 470.40573493989234 570.4057349398923 256.7788567193968 356.7788567193968
3927 296.2514 447.66928 474.251415455004 574.251415455004 249.15374548655507 349.15374548655507
3944 289.2681 429.784 478.4544350159092 578.4544350159092 241.71962102511617 341.71962102511617
3961 289.2681 429.784 483.0053327319572 583.0053327319572 234.49321736108072 334.4932173610807
3978 284.4018 416.39954 487.893864647575 587.893864647575 227.49080094619188 327.4908009461919
3995 284.4018 416.39954 493.109026801152 593.109026801152 220.7281340425647 320.7281340425647
4012 288.88507 402.8855 498.63907999467915 598.6390799946792 214.22043924223226 314.22043924223226
4029 288.88507 402.8855 504.47157621838664 604.4715762183866 207.98236520147657 307.98236520147657
4046 332.2494 375.9249 510.59338667089924 610.5933866708992 202.0279536670738 302.0279536670738
4063 332.2494 375.9249 516.9907313118342 616.9907313118342 196.37060786867886 296.37060786867886
4080 332.2494 375.9249 523.6492098803254 623.6492098803254 191.0230623484931 291.0230623484931
4097 364.9723 353.2286 530.5538343096449 630.5538343096449 185.9973542961332 285.9973542961332
4114 364.9723 353.2286 537.689062464963 637.689062464963 181.30479645322103 281.304796453221
4131 392.48914 339.22943 545.0388331282979 645.0388331282979 176.95595164869005 276.9559516486901
4149 418.462 317.47864 553.0363936238961 653.0363936238961 172.73679385759596 272.73679385759596
4165 418.462 317.47864 560.3153796987771 660.3153796987771 169.32776198864897 269.32776198864894
4183 436.88757 303.0545 568.6767438562879 668.6767438562879 165.88540004190477 265.88540004190475
4199 436.88757 303.0545 576.2460029469295 676.2460029469295 163.1814301122385 263.1814301122385
4216 458.04364 289.3908 584.4119892185008 684.4119892185008 160.68178050678887 260.68178050678887
4233 458.04364 289.3908 592.6873458725511 692.6873458725511 158.57226582663537 258.5722658266354
4251 479.0061 282.9795 601.547993109811 701.547993109811 156.76915826363768 256.7691582636377
4268 479.0061 282.9795 609.9896433324445 709.9896433324445 155.4768264733346 255.4768264733346
4284 494.15753 271.9826 617.9823830375866 717.9823830375866 154.6275629290547 254.6275629290547
4301 494.15753 271.9826 626.507114755926 726.507114755926 154.1171424476271 254.1171424476271
4319 503.62555 262.42825 635.5488207000526 735.5488207000526 154.01804670179018 254.01804670179018
4335 503.62555 262.42825 643.581202299593 743.581202299593 154.31127426047263 254.31127426047263
4352 511.64316 264.74942 652.0921247860152 752.0921247860152 155.01538956894865 255.01538956894865
4369 511.64316 264.74942 660.5600713827765 760.5600713827765 156.12239470530233 256.1223947053023
4387 521.3692 264.10696 669.4581090553891 769.4581090553891 157.73086973577773 257.73086973577773
4403 521.3692 264.10696 677.2909320172428 777.2909320172428 159.53420581373558 259.5342058137356
4420 568.03595 258.36163 685.5161853111272 785.5161853111272 161.83133188536496 261.831331885365
4437 568.03595 258.36163 693.6232260010909 793.6232260010909 164.5160052712332 264.5160052712332
4454 651.8723 262.93182 701.5938053437343 801.5938053437343 167.58218283949915 267.5821828394992
4471 651.8723 262.93182 709.4099817666976 809.4099817666976 171.0229627020636 271.02296270206364
4488 719.22205 268.7771 717.0541612546845 817.0541612546845 174.83059975054408 274.8305997505441
4506 776.8191 274.80185 724.9414118764473 824.9414118764473 179.25253868910977 279.25253868910977
4522 776.8191 274.80185 731.7581279004737 831.7581279004737 183.51135533338842 283.51135533338845
4539 820.2471 285.26633 738.7848168015221 838.7848168015221 188.36493370665013 288.36493370665016
4557 820.2471 285.26633 745.9649695491788 845.9649695491788 193.86108443850046 293.8610844385005
4574 854.34033 298.85107 752.4847699331881 852.4847699331881 199.3768602579292 299.3768602579292
4590 854.34033 298.85107 758.3756166338345 858.3756166338345 204.8452294582745 304.8452294582745
4607 854.34033 298.85107 764.3604590589218 864.3604590589218 210.9372932370277 310.9372932370277
4624 882.70337 311.24753 770.0496124154753 870.0496124154753 217.30636805391646 317.30636805391646
4641 882.70337 311.24753 775.4302705632856 875.4302705632856 223.93811728273374 323.93811728273374
4658 908.8273 315.75946 780.4903217770493 880.4903217770493 230.81761302381858 330.8176130238186
4675 908.8273 315.75946 785.2183760095571 885.2183760095571 237.9293697063817 337.9293697063817
4692 926.83 321.5115 789.6037905304013 889.6037905304013 245.25737894613326 345.25737894613326
4709 940.8712 331.93674 793.6366938824929 893.6366938824929 252.78514557975075 352.78514557975075
4726 940.8712 331.93674 797.3080081024611 897.3080081024611 260.4957247950736 360.4957247950736
4743 954.4602 337.21262 800.6094691549205 900.6094691549205 268.3717602734482 368.3717602734482
4760 954.4602 337.21262 803.5336455346032 903.5336455346032 276.3955232583588 376.3955232583588
4777 962.7491 341.1702 806.0739549944915 906.0739549944915 284.5489524624127 384.5489524624127
4794 962.7491 341.1702 808.2246793622878 908.2246793622878 292.8136947228397 392.8136947228397
4811 968.7609 348.88458 809.980977411876 909.980977411876 301.17114631399613 401.17114631399613
4828 968.7609 348.88458 811.3388957607996 911.3388957607996 309.60249482388303 409.60249482388303
4845 968.7609 348.88458 812.2953777692248 912.2953777692248 318.08876150040663 418.08876150040663
4862 973.117 365.82236 812.84827042036 912.84827042036 326.6108439720703 426.6108439720703
4880 973.117 365.82236 812.9924195110625 912.9924195110625 335.6519438712278 435.6519438712278
4896 978.32544 370.3993 812.7392207321774 912.7392207321774 343.68568689301895 443.68568689301895
4913 982.42914 368.62366 812.0775238609478 912.0775238609478 352.200012303063 452.200012303063
4931 982.42914 368.62366 810.9375863875596 910.9375863875596 361.1701187073185 461.1701187073185
4947 980.5448 374.72067 809.5472300260149 909.5472300260149 369.0866865084376 469.0866865084376
4965 980.5448 374.72067 807.5624555236557 907.5624555236557 377.90841743392417 477.90841743392417
4981 983.38666 379.40527 805.4282173508461 905.4282173508461 385.65762152102405 485.65762152102405
4999 983.38666 379.40527 802.6164664715639 902.6164664715639 394.25159169433493 494.25159169433493
5015 984.9159 385.13208 799.7575521379785 899.7575521379785 401.7636982827043 501.7636982827043
5032 984.9159 385.13208 796.3557627878217 896.3557627878217 409.59692297976756 509.59692297976756
5050 983.272 399.6482 792.3532545820084 892.3532545820084 417.70507902225296 517.7050790222529
5066 983.272 399.6482 788.4575400722103 888.4575400722103 424.73562274375536 524.7356227437554
5083 985.3183 401.9508 783.9788854061801 883.9788854061801 432.00702098068035 532.0070209806804
5100 985.3183 401.9508 779.1603810904619 879.1603810904619 439.057807893992 539.057807893992
5117 983.7987 402.47137 774.0128734563121 874.0128734563121 445.8721123408068 545.8721123408068
5134 983.7987 402.47137 768.5479494131282 868.5479494131282 452.4345954942897 552.4345954942896
5151 986.80176 416.62628 762.7779103666112 862.7779103666112 458.73048537096236 558.7304853709624
5168 986.80176 416.62628 756.7157445286122 856.7157445286122 464.7456100820642 564.7456100820642
5185 981.91956 416.11746 750.3750976809954 850.3750976809954 470.46642973411736 570.4664297341174
5202 981.91956 416.11746 743.7702424593289 843.7702424593289 475.8800669068827 575.8800669068827
5219 932.54767 430.14618 736.9160462255444 836.9160462255444 480.9743356401059 580.9743356401059
5236 932.54767 430.14618 729.8279376018812 829.8279376018812 485.73776886380733 585.7377688638073
5253 897.5571 440.72623 722.5218717414465 822.5218717414465 490.15964421036574 590.1596442103657
5270 897.5571 440.72623 715.014294413571 815.014294413571 494.2300081502966 594.2300081502966
5287 867.63086 458.02893 707.3221049847989 807.3221049847989 497.93969839739407 597.9396983973941
5305 846.9614 473.6791 698.995462019195 798.995462019195 501.46521726278866 601.4652172627887
5322 846.9614 473.6791 690.9781277542164 790.9781277542164 504.40697374848173 604.4069737484817
5338 846.9614 473.6791 683.3128564156366 783.3128564156366 506.8253930396211 606.8253930396211
5355 825.7436 475.35266 675.0589337638094 775.0589337638094 509.01727369220305 609.017273692203
5372 825.7436 475.35266 666.710337516615 766.710337516615 510.8151948914908 610.8151948914908
5389 806.73553 494.13495 658.2858601528986 758.2858601528986 512.2151095623715 612.2151095623715
5406 806.73553 494.13495 649.8044649579773 749.8044649579773 513.2138665323532 613.2138665323532
5423 788.32104 505.54974 641.2852433377668 741.2852433377668 513.8092176247758 613.8092176247758
5440 788.32104 505.54974 632.7473718445073 732.7473718445073 513.9998227193989 613.9998227193989
5458 774.0321 515.49896 623.7083032838261 723.7083032838261 513.7600188365996 613.7600188365996
5475 766.72156 525.2596 615.1925479661336 715.1925479661336 513.1169859395293 613.1169859395293
5492 766.72156 525.2596 606.7168767722527 706.7168767722527 512.0707652406622 612.0707652406622
5508 758.40985 535.7076 598.7934791480179 698.7934791480179 510.71987418285164 610.7198741828516
5525 758.40985 535.7076 590.4499625136663 690.4499625136663 508.8985257511097 608.8985257511097
5542 745.4238 531.4928 582.2022249367301 682.2022249367301 506.68348516468336 606.6834851646834
5559 745.4238 531.4928 574.0688318657412 674.0688318657412 504.079738423869 604.079738423869
5576 735.88135 536.12317 566.0680913626405 666.0680913626405 501.0931464966776 601.0931464966776
5593 735.88135 536.12317 558.218012891798 658.218012891798 497.7304321259451 597.7304321259451
5611 735.88135 536.12317 550.0900131230868 650.0900131230868 493.7683763329592 593.7683763329592
5628 683.4078 528.1975 542.6053395844086 642.6053395844086 489.65604828708047 589.6560482870805
5644 683.4078 528.1975 535.7465194703461 635.7465194703461 485.4653773139863 585.4653773139863
5661 641.6887 519.6578 528.6718096170268 628.6718096170268 480.6820667001052 580.6820667001052
5679 606.7373 516.5567 521.4372397764029 621.4372397764029 475.25774503117407 575.2577450311741
5695 606.7373 516.5567 515.2423066318847 615.2423066318847 470.13642294632587 570.1364229463259
5712 578.7919 514.1328 508.91774297137306 608.9177429713731 464.3978277836013 564.3978277836013
5730 578.7919 514.1328 502.52587413130334 602.5258741313033 458.00202610763864 558.0020261076386
5747 557.6793 506.08923 496.7911702808618 596.7911702808618 451.6739338449379 551.6739338449379
5764 557.6793 506.08923 491.36306905859533 591.3630690585953 445.0809605355471 545.0809605355471
5780 535.26337 498.20816 486.5452998949387 586.5452998949387 438.6471252215585 538.6471252215586
5797 535.26337 498.20816 481.74660595691194 581.7466059569119 431.58284065575424 531.5828406557542
5814 519.901 490.02542 477.2883795805666 577.2883795805666 424.29889958551144 524.2988995855114
5832 519.901 490.02542 472.9501422903951 572.9501422903951 416.3653024466931 516.365302446693
5849 508.1575 486.8998 469.2236005938714 569.2236005938714 408.68126269395975 508.68126269395975
5866 508.1575 486.8998 465.8657154271366 565.8657154271366 400.8291173091274 500.8291173091274
5883 494.99783 478.0433 462.88404530471144 562.8840453047114 392.8265412727159 492.8265412727159
5899 494.99783 478.0433 460.427460199564 560.4274601995639 385.1734160167848 485.1734160167848
5916 484.62717 478.89072 458.1944776869708 558.1944776869708 376.9305179198789 476.9305179198789
5933 484.62717 478.89072 456.35497798067684 556.3549779806768 368.59098431373195 468.59098431373195
5950 478.8029 464.20456 454.91310174796206 554.9131017479621 360.1735872774116 460.1735872774116
5967 478.8029 464.20456 453.8720946157316 553.8720946157316 351.69727415859836 451.69727415859836
5985 470.62204 451.35345 453.2093745722001 553.2093745722001 342.6793437701557 442.6793437701557
6001 470.62204 451.35345 453.0036526131048 553.0036526131048 335.1467028281774 435.1467028281774
