2 649.59705 339.78656 333.0016827034936 433.0016827034936 332.9952018786457 432.9952018786457
18 649.59705 339.78656 333.13628878990846 433.13628878990846 324.9581694712406 424.9581694712406
34 649.59705 339.78656 333.4861703954607 433.4861703954607 316.92762829531256 416.92762829531256
52 651.66785 345.8195 334.1367899590455 434.1367899590455 307.9082065772343 407.9082065772343
68 651.66785 345.8195 334.94310583748677 434.94310583748677 299.91059046864586 399.91059046864586
86 650.421 343.65012 336.1059474282776 436.1059474282776 290.9428107334055 390.9428107334055
102 651.9006 347.14432 337.3660842002114 437.3660842002114 283.00404105339845 383.00404105339845
119 651.9006 347.14432 338.93750703184975 438.93750703184975 274.6093422383909 374.6093422383909
137 651.398 348.2128 340.8610993111701 440.8610993111701 265.7734457537099 365.7734457537099
153 651.398 348.2128 342.7938532438116 442.7938532438116 257.9711082224287 357.9711082224287
170 652.5364 353.5609 345.0756512552929 445.0756512552929 249.74105744826687 349.7410574482669
187 652.5364 353.5609 347.59079703666407 447.59079703666407 241.57929418234613 341.57929418234613
204 651.6185 352.4165 350.3372521925565 450.3372521925565 233.4924331110061 333.4924331110061
222 651.6185 352.4165 353.4949060276202 453.4949060276202 225.01879775167134 325.01879775167134
238 648.56775 355.3097 356.51500152904384 456.51500152904384 217.5695674640201 317.5695674640201
255 648.56775 355.3097 359.9412889638151 459.9412889638151 209.74646754616077 309.7464675461608
272 646.8858 354.5808 363.5888763391684 463.5888763391684 202.0240686798987 302.02406867989873
289 646.8858 354.5808 367.4548074744846 467.4548074744846 194.40862946948707 294.4086294694871
306 646.56366 354.7492 371.53594923283765 471.53594923283765 186.90632183391858 286.9063218339186
324 646.56366 354.7492 376.0880516625483 476.0880516625483 179.0927671105879 279.09276711058794
340 645.3844 352.20728 380.3304626662418 480.3304626662418 172.26532559916362 272.2653255991636
358 645.3844 352.20728 385.31984113972976 485.31984113972976 164.72348388819168 264.7234838881917
375 647.7805 347.60547 390.2387457035903 490.2387457035903 157.7417422858324 257.7417422858324
391 647.7805 347.60547 395.0481023758233 495.0481023758233 151.30108260568883 251.30108260568883
408 633.1127 333.85477 400.34514001297055 500.34514001297055 144.601699784777 244.601699784777
426 633.1127 333.85477 406.15919195402086 506.15919195402086 137.675656616284 237.675656616284
442 592.66437 304.85464 411.50043363562395 511.50043363562395 131.66873177782583 231.66873177782583
459 592.66437 304.85464 417.3496488335043 517.3496488335043 125.44562809241546 225.44562809241546
476 561.38367 286.46793 423.3736374701024 523.3736374701024 119.39154692211227 219.39154692211227
493 539.19104 267.32834 429.5675174146769 529.5675174146769 113.51139478609738 213.51139478609738
510 539.19104 267.32834 435.9262688483818 535.9262688483818 107.8099372430793 207.8099372430793
527 539.19104 267.32834 442.44473833256984 542.4447383325698 102.29179502905546 202.29179502905546
545 523.0786 244.49834 449.51486122421545 549.5148612242155 96.65383119074559 196.6538311907456
561 523.0786 244.49834 455.939574763276 555.939574763276 91.82319306962836 191.82319306962836
578 515.72217 226.93057 462.90500484391305 562.905004843913 86.88121758382923 186.88121758382923
596 515.72217 226.93057 470.430298817712 570.430298817712 81.86691558325475 181.86691558325475
612 510.64578 213.81487 477.24366770951156 577.2436677095116 77.60194042970028 177.60194042970028
630 510.64578 213.81487 485.0421198581312 585.0421198581312 73.02401316610684 173.02401316610684
647 505.95273 203.70207 492.53088471125693 592.5308847112569 68.91807370173689 168.9180737017369
664 505.95273 203.70207 500.1334925058843 600.1334925058843 65.02696940712423 165.02696940712423
680 500.2016 190.36678 507.3873660236304 607.3873660236304 61.563830988764266 161.56383098876427
697 500.2016 190.36678 515.1932957197998 615.1932957197998 58.09860379723074 158.09860379723074
715 520.8074 171.34369 523.5623270540765 623.5623270540765 54.6733171711283 154.6733171711283
731 520.8074 171.34369 531.0851801258791 631.0851801258791 51.84158795097835 151.84158795097835
748 564.0282 141.0068 539.158255286693 639.158255286693 49.0548702834833 149.0548702834833
765 564.0282 141.0068 547.3073843205016 647.3073843205016 46.49908588318232 146.49908588318232
782 594.88684 121.11296 555.5259627803556 655.5259627803556 44.176306080939696 144.1763060809397
800 594.88684 121.11296 564.2962813350795 664.2962813350795 41.972948099647 141.972948099647
816 623.12555 102.27507 572.1447741627716 672.1447741627716 40.23709987763954 140.23709987763954
833 623.12555 102.27507 580.531538399579 680.531538399579 38.62386599915499 138.623865999155
850 652.1076 85.836044 588.960825606595 688.960825606595 37.25001917650059 137.2500191765006
867 676.2693 72.214935 597.4258042831839 697.4258042831839 36.116672841359446 136.11667284135945
884 676.2693 72.214935 605.9196140026227 705.9196140026227 35.2247455122278 135.2247455122278
902 695.32 62.61953 614.9368339036334 714.9368339036334 34.54429036905128 134.54429036905128
918 695.32 62.61953 622.9661736117806 722.9661736117806 34.167843072143 134.167843072143
936 713.45386 55.113464 632.0075037720162 732.0075037720162 34.00164175242986 134.00164175242986
952 713.45386 55.113464 640.0452542165596 740.0452542165596 34.08273742076125 134.08273742076125
970 728.2307 48.16455 649.0813904556234 749.0813904556234 34.431328605587055 134.43132860558705
986 728.2307 48.16455 657.1015001944813 757.1015001944813 34.96970439707047 134.96970439707047
1004 728.2307 48.16455 666.1031551661815 766.1031551661815 35.831958255007294 135.8319582550073
1020 741.9597 38.699043 674.0796299331981 774.0796299331981 36.82586922049978 136.82586922049978
1037 741.9597 38.699043 682.5221900543268 782.5221900543268 38.115643042381976 138.11564304238198
1055 753.9925 32.997074 691.4174796955454 791.4174796955454 39.74263294520472 139.74263294520472
1072 765.66644 33.49318 699.7699870000625 799.7699870000625 41.52475517402934 141.52475517402934
1088 765.66644 33.49318 707.5818585250034 807.5818585250034 43.41860627535635 143.41860627535635
1106 771.0405 36.047306 716.3059353437416 816.3059353437416 45.79847131476845 145.79847131476845
1122 771.0405 36.047306 723.9973720999366 823.9973720999366 48.133810549576026 148.13381054957603
1139 778.72186 40.607487 732.0978182836474 832.0978182836474 50.839934998910564 150.83993499891056
1157 778.72186 40.607487 740.5870829453671 840.5870829453671 53.95532573657704 153.95532573657704
1174 787.0882 39.42275 748.5150943092397 848.5150943092397 57.13132537838908 157.13132537838908
1190 787.0882 39.42275 755.8913456946693 855.8913456946693 60.32552703375262 160.32552703375262
1208 792.9104 37.84538 764.0839106673807 864.0839106673807 64.15373198032523 164.15373198032523
1224 792.9104 37.84538 771.2664330094331 871.2664330094331 67.76252423287974 167.76252423287974
1242 792.9104 37.84538 779.2278662476037 879.2278662476037 72.05074702783952 172.05074702783952
1258 797.9836 43.452644 786.1933800147626 886.1933800147626 76.06243329120804 176.06243329120804
1276 804.97363 45.058838 793.8978774307536 893.8978774307536 80.79677522140798 180.79677522140798
1292 804.97363 45.058838 800.6238064458005 900.6238064458005 85.19835307494287 185.19835307494287
1309 813.39105 46.13695 807.638141470708 907.638141470708 90.0706669060545 190.0706669060545
1326 813.39105 46.13695 814.5109413283826 914.5109413283826 95.14067282585665 195.14067282585665
1344 821.9581 46.76752 821.6275668282935 921.6275668282935 100.71982289007568 200.71982289007568
1360 821.9581 46.76752 827.809774570124 927.809774570124 105.85716813378187 205.85716813378187
1377 855.42706 85.49957 834.2250299387413 934.2250299387413 111.49497235758312 211.49497235758312
1394 855.42706 85.49957 840.4772028442499 940.4772028442499 117.31310538030687 217.31310538030687
1411 899.76605 169.05887 846.5612262243785 946.5612262243785 123.30685190652298 223.30685190652298
1429 941.68744 245.53305 852.8143786828404 952.8143786828404 129.83918367062486 229.83918367062486
1445 941.68744 245.53305 858.2052415379586 958.2052415379586 135.80161659632608 235.80161659632608
1462 977.6797 308.87448 863.7557966001699 963.7557966001699 142.29250840037312 242.29250840037312
1480 977.6797 308.87448 869.4289206730178 969.4289206730178 149.33444969515332 249.33444969515332
1497 977.6797 308.87448 874.5897089352587 974.5897089352587 156.13934516994212 256.1393451699421
1513 1007.7129 347.38815 879.2681356740757 979.2681356740757 162.675730406883 262.67573040688296
1531 1007.7129 347.38815 884.3198737571439 984.3198737571439 170.1759448228275 270.1759448228275
1548 1032.2339 391.52582 888.8813645222324 988.8813645222324 177.39627306401533 277.3962730640153
1564 1032.2339 391.52582 892.9851570459276 992.9851570459276 184.30792233453255 284.3079223345326
1581 1051.7178 435.56512 897.1408627967578 997.1408627967578 191.76918547310373 291.76918547310373
1598 1051.7178 435.56512 901.0824960610505 1001.0824960610505 199.34571931915121 299.3457193191512
1616 1068.7893 465.28333 905.0191112173986 1005.0191112173986 207.48674720608716 307.48674720608716
1632 1083.0565 494.47968 908.3109432553329 1008.3109432553329 214.8199491363638 314.8199491363638
1649 1083.0565 494.47968 911.5918989033121 1011.5918989033121 222.7051040458423 322.7051040458423
1666 1087.708 510.4529 914.6470702485676 1014.6470702485676 230.6804577033056 330.6804577033056
1683 1087.708 510.4529 917.4739812329851 1017.4739812329851 238.73954649774532 338.7395464977453
1700 1087.708 510.4529 920.0703407916484 1020.0703407916484 246.87583895516212 346.8758389551621
1717 1096.0062 530.4918 922.4340447096293 1022.4340447096293 255.08274103198784 355.08274103198784
1734 1100.779 548.79724 924.5631773273444 1024.5631773273444 263.35360145921436 363.35360145921436
1752 1100.779 548.79724 926.5599638955216 1026.5599638955216 272.17324529251096 372.17324529251096
1768 1100.779 548.79724 928.1110179615537 1028.1110179615537 280.0603385467098 380.0603385467098
1785 1106.1229 566.64465 929.5268506369953 1029.5268506369953 288.4826752619944 388.4826752619944
1803 1106.1229 566.64465 930.7640061395116 1030.7640061395116 297.4405053679775 397.4405053679775
1819 1108.491 568.255 931.6366043392997 1031.6366043392995 305.4311612295389 405.4311612295389
1836 1110.2057 583.8956 932.3288155200738 1032.328815520074 313.9435746118702 413.9435746118702
1854 1110.2057 583.8956 932.7973209778079 1032.7973209778079 322.97428757271297 422.97428757271297
1871 1081.4374 577.0848 932.9896881603357 1032.9896881603358 331.5126324227158 431.5126324227158
1887 1081.4374 577.0848 932.9486453909749 1032.948645390975 339.5506871754069 439.5506871754069
1904 1059.9279 577.3443 932.6690959534936 1032.6690959534935 348.08662239203596 448.08662239203596
1921 1059.9279 577.3443 932.1466802368993 1032.1466802368993 356.6111411309172 456.6111411309172
1939 1040.6172 579.3903 931.3292920861586 1031.3292920861586 365.61698093385 465.61698093385
1955 1040.6172 579.3903 930.3751400172805 1030.3751400172805 373.5983093035911 473.5983093035911
1972 1027.5853 589.8924 929.1274512558361 1029.1274512558361 382.04719151753216 482.04719151753216
1990 1027.5853 589.8924 927.5448065389205 1027.5448065389205 390.9504779694597 490.9504779694597
2006 1027.5853 589.8924 925.9132915457113 1025.9132915457112 398.8213208432003 498.8213208432003
2024 1010.4641 584.70544 923.8265442264865 1023.8265442264865 407.6201139178652 507.6201139178652
2040 1001.119 593.2468 921.7497600303433 1021.7497600303433 415.385355454278 515.3853554542779
2057 1001.119 593.2468 919.3160778307275 1019.3160778307275 423.5717789017766 523.5717789017766
2074 992.85175 607.4601 916.6503512814876 1016.6503512814876 431.68560906238275 531.6856090623828
2091 992.85175 607.4601 913.7547408159044 1013.7547408159044 439.7202700970553 539.7202700970553
2108 985.4368 608.68744 910.6315931762647 1010.6315931762647 447.6692503292295 547.6692503292295
2125 985.4368 608.68744 907.2834395119482 1007.2834395119482 455.52610752219204 555.526107522192
2142 978.7235 622.2672 903.7129933280626 1003.7129933280626 463.2844741001809 563.2844741001809
2159 978.7235 622.2672 899.9231482862865 999.9231482862865 470.9380623089762 570.9380623089762
2177 971.44763 629.3533 895.6746503355766 995.6746503355766 478.92076480298647 578.9207648029865
2193 971.44763 629.3533 891.6977228435584 991.6977228435584 485.90618221638465 585.9061822163847
2210 971.44763 629.3533 887.2688087238421 987.2688087238421 493.20858302917645 593.2085830291765
2228 961.6859 649.6919 882.3548386747549 982.3548386747549 500.79977346953126 600.7997734695313
2245 961.6859 649.6919 877.5057571776003 977.5057571776003 507.8301892854297 607.8301892854297
2261 961.6859 649.6919 872.7608258058228 972.7608258058228 514.3184583144773 614.3184583144773
2278 960.02496 656.06 867.5308160761413 967.5308160761413 521.0702977777584 621.0702977777584
2295 960.02496 656.06 862.1107312689596 962.1107312689596 527.6705264551181 627.6705264551181
2312 955.86584 666.17505 856.5049640822481 956.5049640822481 534.1137952031119 634.1137952031119
2329 955.86584 666.17505 850.7180576999276 950.7180576999276 540.394882086187 640.394882086187
2346 897.46063 667.8474 844.754702109853 944.754702109853 546.5086966087915 646.5086966087915
2363 897.46063 667.8474 838.6197303028227 938.6197303028227 552.4502838409564 652.4502838409564
2381 839.2975 666.42523 831.9423499372441 931.9423499372441 558.5483052740481 658.5483052740481
2397 839.2975 666.42523 825.8549614017456 925.8549614017456 563.7976585231695 663.7976585231695
2414 790.63184 669.1068 819.2355094916655 919.2355094916655 569.1942495138428 669.1942495138428
2432 745.9802 673.4856 812.0622816327669 912.0622816327669 574.7004347658467 674.7004347658467
2448 745.9802 673.4856 805.5492900189863 905.5492900189863 579.4113740517007 679.4113740517007
2466 710.8266 675.05896 798.0743413925139 898.0743413925139 584.5004227817345 684.5004227817345
2482 710.8266 675.05896 791.3038148358737 891.3038148358737 588.8330869577367 688.8330869577367
2500 710.8266 675.05896 783.5513727666926 883.5513727666926 593.48850486691 693.48850486691
2516 683.29333 677.26807 776.54525546435 876.54525546435 597.4288511793545 697.4288511793545
2533 683.29333 677.26807 768.9884567331254 868.9884567331254 601.4081891703074 701.4081891703074
2550 664.9281 681.30676 761.3214464020558 861.3214464020558 605.1708066759479 705.1708066759479
2567 664.9281 681.30676 753.5504381858558 853.5504381858558 608.7136542896951 708.7136542896951
2584 645.61053 681.16064 745.6817300841386 845.6817300841386 612.0338607170812 712.0338607170812
2601 629.7287 686.6042 737.721699277214 837.721699277214 615.1287351027865 715.1287351027865
2619 629.7287 686.6042 729.2010633664289 829.2010633664289 618.1572723108953 718.1572723108953
2636 622.3644 694.6897 721.0734050251664 821.0734050251664 620.7805351262059 720.7805351262059
2653 622.3644 694.6897 712.8743677514212 812.8743677514212 623.1713771733134 723.1713771733134
2669 611.6747 693.57117 705.0983728534557 805.0983728534557 625.2075284601758 725.2075284601758
2686 611.6747 693.57117 696.7797925232513 796.7797925232513 627.1418395004217 727.1418395004217
2703 611.6747 693.57117 688.4095219750633 788.4095219750633 628.8385742647915 728.8385742647915
2720 608.12683 702.1188 679.9943448795832 779.9943448795832 630.296357637651 730.296357637651
2737 601.6499 699.80054 671.5410813019316 771.5410813019316 631.5140081610913 731.5140081610913
2754 601.6499 699.80054 663.0565821743512 763.0565821743512 632.4905389924386 732.4905389924386
2771 601.6499 699.80054 654.5477237438794 754.5477237438794 633.2251587040392 733.2251587040392
2788 598.7214 702.8253 646.0214019995067 746.0214019995067 633.7172719246712 733.7172719246712
2805 598.7214 702.8253 637.4845270833351 737.4845270833351 633.9664798220608 733.9664798220608
2823 592.30084 705.7511 628.4416695312384 728.4416695312384 633.9653673731979 733.9653673731979
2840 592.824 712.69965 619.9048561883765 719.9048561883765 633.714059077236 733.714059077236
2856 592.824 712.69965 611.8797793711809 711.8797793711809 633.2556370072082 733.2556370072082
2873 585.76886 711.37885 603.3698801263789 703.3698801263789 632.5331740297464 732.5331740297464
2890 585.76886 711.37885 594.8839945588649 694.8839945588649 631.5687653790487 731.5687653790487
2907 585.76886 711.37885 586.4290000393138 686.4290000393138 630.3631926583694 730.3631926583694
2924 584.2241 708.82056 578.0117489028069 678.0117489028069 628.9174329219486 728.9174329219486
2941 579.40967 706.4552 569.6390628953682 669.6390628953682 627.232657883161 727.232657883161
2958 579.40967 706.4552 561.3177276452934 661.3177276452934 625.3102329649023 725.3102329649023
2976 571.449 704.0433 552.5703667532769 652.5703667532769 623.0174287059479 723.0174287059479
2992 563.7178 697.122 544.8560383791012 644.8560383791012 620.7588569334407 720.7588569334407
3009 563.7178 697.122 536.7290257094023 636.7290257094023 618.1335944747455 718.1335944747455
3026 563.7178 697.122 528.6800356774336 628.6800356774336 615.278056456131 715.278056456131
3043 557.509 690.6897 520.7155915726703 620.7155915726703 612.1945571432422 712.1945571432422
3060 557.509 690.6897 512.8421481644934 612.8421481644934 608.8855955525434 708.8855955525434
3077 554.28314 689.74146 505.066086470933 605.066086470933 605.3538534259965 705.3538534259965
3094 554.28314 689.74146 497.3937085871838 597.3937085871838 601.6021930576474 701.6021930576474
3111 551.62524 692.1613 489.8312325780845 589.8312325780845 597.6336549738851 697.6336549738851
3128 551.62524 692.1613 482.38478743869564 582.3847874386956 593.4514554692516 693.4514554692516
3146 546.6897 695.1714 474.6334910195917 574.6334910195917 588.7941302961241 688.7941302961241
3162 546.6897 695.1714 467.8640306732291 567.8640306732291 584.4598004361334 684.4598004361334
3179 542.6355 700.7208 460.8014873683203 560.8014873683203 579.6576321782761 679.6576321782761
3196 535.1185 696.34564 453.87850203784535 553.8785020378454 574.6563711348483 674.6563711348483
3213 535.1185 696.34564 447.10068540279684 547.1006854027969 569.4600705688548 669.4600705688548
3230 525.7725 692.0596 440.47353053246013 540.4735305324601 564.0729418127313 664.0729418127313
3248 525.7725 692.0596 433.6267260338776 533.6267260338776 558.165781572544 658.165781572544
3264 525.7725 692.0596 427.69256349239276 527.6925634923928 552.7438148032415 652.7438148032415
3281 520.28485 687.2402 421.54910963438175 521.5491096343817 546.8109982204569 646.8109982204569
3298 520.28485 687.2402 415.5770257696452 515.5770257696452 540.7057093474355 640.7057093474355
3315 510.90585 684.1865 409.7811519627961 509.7811519627961 534.4328962045494 634.4328962045494
3332 510.90585 684.1865 404.1661854693228 504.1661854693228 527.9976425819129 627.9976425819129
3349 481.1538 661.39294 398.7366769287074 498.7366769287074 521.4051639192346 621.4051639192346
3367 457.2641 636.8893 393.19481603687143 493.19481603687143 514.259462288142 614.259462288142
3383 457.2641 636.8893 388.45148117741576 488.45148117741576 507.7700260162269 607.7700260162269
3400 434.66962 613.7004 383.6041295851123 483.6041295851123 500.7384173488538 600.7384173488538
3417 434.66962 613.7004 378.95890042682595 478.95890042682595 493.5716758314352 593.5716758314352
3435 414.7638 597.7522 374.2649101067921 474.2649101067921 485.8425278304917 585.8425278304917
3452 414.7638 597.7522 370.04748418581175 470.04748418581175 478.4159770489023 578.4159770489023
3469 395.6006 582.4114 366.043167657697 466.043167657697 470.8723845988062 570.8723845988062
3485 395.6006 582.4114 362.4719822152257 462.4719822152257 463.6710900449318 563.6710900449318
3502 395.6006 582.4114 358.8904558633554 458.8904558633554 455.9178322199049 555.9178322199049
3519 371.41275 562.64343 355.5310810978608 455.5310810978608 448.06576630732854 548.0657663073285
3537 371.41275 562.64343 352.2192563482289 452.2192563482289 439.6511902174244 539.6511902174244
3553 355.46503 543.79675 349.4894944740342 449.4894944740342 432.0907399116313 532.0907399116313
3571 339.81754 528.9201 346.66189266404376 446.66189266404376 423.5013312038564 523.5013312038564
3588 339.81754 528.9201 344.23022471939606 444.23022471939606 415.31430922285153 515.3143092228515
3604 330.1509 518.05585 342.155351140146 442.155351140146 407.5485569510936 507.5485569510936
3622 330.1509 518.05585 340.07076873233893 440.07076873233893 398.74925072104793 498.74925072104793
3638 321.77646 502.60355 338.44119032461737 438.44119032461737 390.87800666884965 490.87800666884965
3655 321.77646 502.60355 336.9414924513526 436.9414924513526 382.4701981434725 482.4701981434725
3672 313.38974 493.52432 335.68173466233077 435.68173466233077 374.02310703330426 474.02310703330426
3689 313.38974 493.52432 334.66293792598333 434.66293792598333 365.5435792681223 465.5435792681223
3706 313.38974 493.52432 333.8859279242903 433.8859279242903 357.03848706593226 457.03848706593226
3724 304.86926 476.88467 333.32744725508564 433.32744725508564 348.0128916126015 448.0128916126015
3740 296.67874 464.25998 333.05959056430925 433.05959056430925 339.9791962294431 439.9791962294431
3757 296.67874 464.25998 453.02406576024066 553.0240657602407 331.056686471707 431.056686471707
3774 289.07187 445.70956 453.36623095517183 553.3662309551719 322.5235450269113 422.5235450269113
3791 289.07187 445.70956 454.11274721758974 554.1127472175897 314.01623679178385 414.01623679178385
3808 285.78867 435.56183 455.26193415828243 555.2619341582824 305.553911501838 405.553911501838
3825 285.78867 435.56183 456.81120498653286 556.8112049865329 297.15561763711503 397.15561763711503
3843 283.48047 424.02765 458.8837967246308 558.8837967246309 288.35410470841526 388.35410470841526
3859 283.48047 424.02765 461.09515609929747 561.0951560992975 280.62655488470796 380.62655488470796
3877 283.71497 408.01605 463.99241332353733 563.9924133235373 272.0610328969076 372.0610328969076
3893 283.71497 408.01605 466.92605000007745 566.9260500000775 264.5777907912517 364.5777907912517
3910 278.05917 398.08105 470.40573493989234 570.4057349398923 256.7788567193968 356.7788567193968
3928 278.05917 398.08105 474.4888488204813 574.4888488204813 248.71099161237862 348.7109916123786
3944 276.115 388.5114 478.4544350159092 578.4544350159092 241.71962102511617 341.71962102511617
3961 292.5178 366.11487 483.0053327319572 583.0053327319572 234.49321736108072 334.4932173610807
3978 292.5178 366.11487 487.893864647575 587.893864647575 227.49080094619188 327.4908009461919
3995 309.65796 341.40884 493.109026801152 593.109026801152 220.7281340425647 320.7281340425647
4012 309.65796 341.40884 498.63907999467915 598.6390799946792 214.22043924223226 314.22043924223226
4029 309.65796 341.40884 504.47157621838664 604.4715762183866 207.98236520147657 307.98236520147657
4046 319.88583 322.9976 510.59338667089924 610.5933866708992 202.0279536670738 302.0279536670738
4063 319.88583 322.9976 516.9907313118342 616.9907313118342 196.37060786867886 296.37060786867886
4080 328.22818 306.93323 523.6492098803254 623.6492098803254 191.0230623484931 291.0230623484931
4097 328.22818 306.93323 530.5538343096449 630.5538343096449 185.9973542961332 285.9973542961332
4115 338.27582 291.3062 538.1156224410547 638.1156224410547 181.0393681522872 281.03936815228724
4131 338.27582 291.3062 545.0388331282979 645.0388331282979 176.95595164869005 276.9559516486901
4149 348.93567 275.33215 553.0363936238961 653.0363936238961 172.73679385759596 272.73679385759596
4166 382.6078 264.0538 560.7752807325808 660.7752807325808 169.12553282347662 269.12553282347665
4182 382.6078 264.0538 568.2077684862486 668.2077684862486 166.06558799499004 266.06558799499004
4199 382.6078 264.0538 576.2460029469295 676.2460029469295 163.1814301122385 263.1814301122385
4217 414.56244 247.3903 584.8959282560902 684.8959282560902 160.54684124624086 260.5468412462409
4233 439.78537 235.98222 592.6873458725511 692.6873458725511 158.57226582663537 258.5722658266354
4251 439.78537 235.98222 601.547993109811 701.547993109811 156.76915826363768 256.7691582636377
4267 439.78537 235.98222 609.4914555949256 709.4914555949256 155.54174622631027 255.54174622631027
4285 466.02652 226.99602 618.4830892855312 718.4830892855312 154.5863458281167 254.5863458281167
4301 466.02652 226.99602 626.507114755926 726.507114755926 154.1171424476271 254.1171424476271
4319 485.85815 219.49908 635.5488207000526 735.5488207000526 154.01804670179018 254.01804670179018
4335 485.85815 219.49908 643.581202299593 743.581202299593 154.31127426047263 254.31127426047263
4352 503.297 215.76828 652.0921247860152 752.0921247860152 155.01538956894865 255.01538956894865
4370 517.0673 210.74445 661.0564395481568 761.0564395481568 156.20001068650026 256.20001068650026
4386 517.0673 210.74445 668.9659809564164 768.9659809564164 157.6297978289907 257.6297978289907
4403 533.1648 208.54364 677.2909320172428 777.2909320172428 159.53420581373558 259.5342058137356
4420 533.1648 208.54364 685.5161853111272 785.5161853111272 161.83133188536496 261.831331885365
4437 545.869 209.95146 693.6232260010909 793.6232260010909 164.5160052712332 264.5160052712332
4456 545.869 209.95146 702.5217130261359 802.5217130261359 167.96767959848418 267.9676795984842
4471 557.32324 206.89597 709.4099817666976 809.4099817666976 171.0229627020636 271.02296270206364
4489 557.32324 206.89597 717.4980927560449 817.4980927560449 175.0658239377357 275.0658239377357
4505 604.33057 206.57864 724.5091369531456 824.5091369531456 178.99652309031762 278.9965230903176
4522 604.33057 206.57864 731.7581279004737 831.7581279004737 183.51135533338842 283.51135533338845
4539 604.33057 206.57864 738.7848168015221 838.7848168015221 188.36493370665013 288.36493370665016
4557 639.6951 217.24611 745.9649695491788 845.9649695491788 193.86108443850046 293.8610844385005
4573 668.5517 233.46425 752.108556869033 852.108556869033 199.0438897990301 299.0438897990301
4590 668.5517 233.46425 758.3756166338345 858.3756166338345 204.8452294582745 304.8452294582745
4607 689.91595 250.16937 764.3604590589218 864.3604590589218 210.9372932370277 310.9372932370277
4624 689.91595 250.16937 770.0496124154753 870.0496124154753 217.30636805391646 317.30636805391646
4641 713.067 266.49814 775.4302705632856 875.4302705632856 223.93811728273374 323.93811728273374
4658 713.067 266.49814 780.4903217770493 880.4903217770493 230.81761302381858 330.8176130238186
4675 732.92706 276.39584 785.2183760095571 885.2183760095571 237.9293697063817 337.9293697063817
4693 732.92706 276.39584 789.8508707295014 889.8508707295014 245.69482262405427 345.69482262405427
4709 746.13196 283.54724 793.6366938824929 893.6366938824929 252.78514557975075 352.78514557975075
4727 761.6142 290.5433 797.5125264313018 897.5125264313018 260.95461241672945 360.95461241672945
4743 761.6142 290.5433 800.6094691549205 900.6094691549205 268.3717602734482 368.3717602734482
4760 761.6142 290.5433 803.5336455346032 903.5336455346032 276.3955232583588 376.3955232583588
4777 774.14886 301.37952 806.0739549944915 906.0739549944915 284.5489524624127 384.5489524624127
4795 774.14886 301.37952 808.3389522412413 908.3389522412413 293.3029260641045 393.3029260641045
4811 788.7483 313.36343 809.980977411876 909.980977411876 301.17114631399613 401.17114631399613
4829 788.7483 313.36343 811.4062971637562 911.4062971637562 310.1003528829921 410.1003528829921
4845 799.4568 327.98236 812.2953777692248 912.2953777692248 318.08876150040663 418.08876150040663
4863 799.4568 327.98236 812.8681938134266 912.8681938134266 327.11284860805364 427.11284860805364
4879 809.2616 326.99176 812.9963291668411 912.9963291668411 335.1495592469291 435.1495592469291
4896 809.2616 326.99176 812.7392207321774 912.7392207321774 343.68568689301895 443.68568689301895
4913 809.2616 326.99176 812.0775238609478 912.0775238609478 352.200012303063 452.200012303063
4931 823.5461 342.99298 810.9375863875596 910.9375863875596 361.1701187073185 461.1701187073185
4947 823.5461 342.99298 809.5472300260149 909.5472300260149 369.0866865084376 469.0866865084376
4965 826.33624 354.22052 807.5624555236557 907.5624555236557 377.90841743392417 477.90841743392417
4982 826.33624 354.22052 805.2833637432075 905.2833637432075 386.13868599538773 486.13868599538773
4999 829.8415 367.98706 802.6164664715639 902.6164664715639 394.25159169433493 494.25159169433493
5015 829.8415 367.98706 799.7575521379785 899.7575521379785 401.7636982827043 501.7636982827043
5032 833.8097 381.313 796.3557627878217 896.3557627878217 409.59692297976756 509.59692297976756
5049 833.8097 381.313 792.5862637502574 892.5862637502574 417.25998091660404 517.259980916604
5066 832.33386 391.39114 788.4575400722103 888.4575400722103 424.73562274375536 524.7356227437554
5083 832.33386 391.39114 783.9788854061801 883.9788854061801 432.00702098068035 532.0070209806804
5100 836.227 412.70886 779.1603810904619 879.1603810904619 439.057807893992 539.057807893992
5117 835.07855 422.2067 774.0128734563121 874.0128734563121 445.8721123408068 545.8721123408068
5134 835.07855 422.2067 768.5479494131282 868.5479494131282 452.4345954942897 552.4345954942896
5151 835.07855 422.2067 762.7779103666112 862.7779103666112 458.73048537096236 558.7304853709624
5168 832.95715 431.37808 756.7157445286122 856.7157445286122 464.7456100820642 564.7456100820642
5185 832.95715 431.37808 750.3750976809954 850.3750976809954 470.46642973411736 570.4664297341174
5202 832.6545 444.87695 743.7702424593289 843.7702424593289 475.8800669068827 575.8800669068827
5219 832.6545 444.87695 736.9160462255444 836.9160462255444 480.9743356401059 580.9743356401059
5237 829.5581 450.59827 729.404044019961 829.404044019961 486.007435004336 586.007435004336
5253 829.5581 450.59827 722.5218717414465 822.5218717414465 490.15964421036574 590.1596442103657
5270 817.0089 464.76715 715.014294413571 815.014294413571 494.2300081502966 594.2300081502966
5288 817.0089 464.76715 706.864242169551 806.864242169551 498.14650081167713 598.1465008116771
5304 792.9829 486.6934 699.4626183788416 799.4626183788416 501.28036453280606 601.2803645328061
5322 772.5996 506.15063 690.9781277542164 790.9781277542164 504.40697374848173 604.4069737484817
5339 772.5996 506.15063 682.8302861911227 782.8302861911227 506.96514844936485 606.9651484493648
5355 745.1349 517.4259 675.0589337638094 775.0589337638094 509.01727369220305 609.017273692203
5372 745.1349 517.4259 666.710337516615 766.710337516615 510.8151948914908 610.8151948914908
5389 745.1349 517.4259 658.2858601528986 758.2858601528986 512.2151095623715 612.2151095623715
5406 729.5984 517.1586 649.8044649579773 749.8044649579773 513.2138665323532 613.2138665323532
5423 729.5984 517.1586 641.2852433377668 741.2852433377668 513.8092176247758 613.8092176247758
5440 713.59406 526.3108 632.7473718445073 732.7473718445073 513.9998227193989 613.9998227193989
5457 713.59406 526.3108 624.2100690108309 724.2100690108309 513.7852527689789 613.7852527689789
5474 700.1477 531.5823 615.692552089333 715.692552089333 513.1659907650433 613.1659907650433
5491 690.12585 545.9397 607.2139937950213 707.2139937950213 512.1434306506889 612.1434306506889
5508 690.12585 545.9397 598.7934791480179 698.7934791480179 510.71987418285164 610.7198741828516
5525 678.91974 552.3887 590.4499625136663 690.4499625136663 508.8985257511097 608.8985257511097
5542 678.91974 552.3887 582.2022249367301 682.2022249367301 506.68348516468336 606.6834851646834
5560 666.21094 561.45825 573.5943505800357 673.5943505800357 503.9145927134932 603.9145927134932
5576 666.21094 561.45825 566.0680913626405 666.0680913626405 501.0931464966776 601.0931464966776
5593 656.52295 571.7207 558.218012891798 658.218012891798 497.7304321259451 597.7304321259451
5611 656.52295 571.7207 550.0900131230868 650.0900131230868 493.7683763329592 593.7683763329592
5627 642.94336 574.455 543.0401444467964 643.0401444467964 489.90774319720856 589.9077431972086
5644 642.94336 574.455 535.7465194703461 635.7465194703461 485.4653773139863 585.4653773139863
5661 642.94336 574.455 528.6718096170268 628.6718096170268 480.6820667001052 580.6820667001052
5679 634.5326 583.16284 521.4372397764029 621.4372397764029 475.25774503117407 575.2577450311741
5695 595.8418 570.5214 515.2423066318847 615.2423066318847 470.13642294632587 570.1364229463259
5712 595.8418 570.5214 508.91774297137306 608.9177429713731 464.3978277836013 564.3978277836013
5729 564.5588 553.9695 502.8724853308397 602.8724853308397 458.36571041097886 558.3657104109789
5746 564.5588 553.9695 497.1201414322254 597.1201414322254 452.0536489719888 552.0536489719889
5763 538.78094 539.33246 491.67365965604995 591.67365965605 445.47585175716756 545.4758517571676
5780 538.78094 539.33246 486.5452998949387 586.5452998949387 438.6471252215585 538.6471252215586
5797 511.6799 529.4256 481.74660595691194 581.7466059569119 431.58284065575424 531.5828406557542
5815 511.6799 529.4256 477.03695216566996 577.03695216567 423.8639399883317 523.8639399883317
5831 511.6799 529.4256 473.18065612063515 573.1806561206351 416.8116979778178 516.8116979778179
5848 493.5684 514.0044 469.43268195865755 569.4326819586576 409.1380893339877 509.1380893339877
5865 493.5684 514.0044 466.05289368960894 566.0528936896089 401.295346752855 501.295346752855
5882 474.13892 504.72543 463.04889913133843 563.0488991313384 393.30112404946493 493.30112404946493
5900 459.59567 492.86945 460.2853018905736 560.2853018905736 384.6915481808328 484.6915481808328
5916 459.59567 492.86945 458.1944776869708 558.1944776869708 376.9305179198789 476.9305179198789
5933 448.85083 482.36475 456.35497798067684 556.3549779806768 368.59098431373195 468.59098431373195
5951 448.85083 482.36475 454.8407421273871 554.8407421273871 359.67642565233353 459.67642565233353
5967 444.5749 473.5161 453.8720946157316 553.8720946157316 351.69727415859836 451.69727415859836
5985 444.5749 473.5161 453.2093745722001 553.2093745722001 342.6793437701557 442.6793437701557
6001 435.2837 452.47592 453.0036526131048 553.0036526131048 335.1467028281774 435.1467028281774
