1 642.9679 404.44705 333.00042067616835 433.00042067616835 333.4976002348308 433.4976002348308
18 642.9679 404.44705 333.13628878990846 433.13628878990846 324.9581694712406 424.9581694712406
34 640.172 405.88712 333.4861703954607 433.4861703954607 316.92762829531256 416.92762829531256
51 640.172 405.88712 334.0935140048509 434.0935140048509 308.4087391863609 408.4087391863609
68 639.39984 408.43494 334.94310583748677 434.94310583748677 299.91059046864586 399.91059046864586
85 639.39984 408.43494 336.0342573431978 436.0342573431978 291.44006945149073 391.44006945149073
103 634.1119 402.3748 337.4518999466856 437.4518999466856 282.5090245297676 382.5090245297676
119 634.1119 402.3748 338.93750703184975 438.93750703184975 274.6093422383909 374.6093422383909
137 636.1318 403.61078 340.8610993111701 440.8610993111701 265.7734457537099 365.7734457537099
153 636.59357 405.69537 342.7938532438116 442.7938532438116 257.9711082224287 357.9711082224287
170 636.59357 405.69537 345.0756512552929 445.0756512552929 249.74105744826687 349.7410574482669
188 639.52527 405.59705 347.745971055829 447.745971055829 241.10145872448777 341.10145872448777
205 639.52527 405.59705 350.50596515083794 450.50596515083794 233.0192083877314 333.0192083877314
222 636.4197 412.295 353.4949060276202 453.4949060276202 225.01879775167134 325.01879775167134
238 636.4197 412.295 356.51500152904384 456.51500152904384 217.5695674640201 317.5695674640201
255 636.4197 412.295 359.9412889638151 459.9412889638151 209.74646754616077 309.7464675461608
273 638.2765 419.162 363.8102697116431 463.8102697116431 201.57308012612515 301.57308012612515
289 638.2765 419.162 367.4548074744846 467.4548074744846 194.40862946948707 294.4086294694871
306 639.44836 422.0492 371.53594923283765 471.53594923283765 186.90632183391858 286.9063218339186
323 639.44836 422.0492 375.8289940602396 475.8289940602396 179.52322600490484 279.5232260049048
340 639.3672 419.77194 380.3304626662418 480.3304626662418 172.26532559916362 272.2653255991636
357 637.51794 422.11563 385.0367068437197 485.0367068437197 165.13850276900726 265.13850276900723
374 637.51794 422.11563 389.9439124255555 489.9439124255555 158.14853343516307 258.1485334351631
392 638.3845 426.39682 395.3543956887837 495.3543956887837 150.90284887099742 250.90284887099742
409 638.3845 426.39682 400.66264512599264 500.66264512599264 144.21234621253794 244.21234621253794
425 643.3096 416.54126 405.83073236238414 505.83073236238414 138.05581447516937 238.05581447516937
442 643.3096 416.54126 411.50043363562395 511.50043363562395 131.66873177782583 231.66873177782583
460 604.9498 377.2714 417.69921012162035 517.6992101216204 125.08477825264669 225.0847782526467
476 604.9498 377.2714 423.3736374701024 523.3736374701024 119.39154692211227 219.39154692211227
493 576.8679 345.82153 429.5675174146769 529.5675174146769 113.51139478609738 213.51139478609738
510 576.8679 345.82153 435.9262688483818 535.9262688483818 107.8099372430793 207.8099372430793
527 555.2167 328.61206 442.44473833256984 542.4447383325698 102.29179502905546 202.29179502905546
545 555.2167 328.61206 449.51486122421545 549.5148612242155 96.65383119074559 196.6538311907456
561 536.2049 307.08603 455.939574763276 555.939574763276 91.82319306962836 191.82319306962836
578 536.2049 307.08603 462.90500484391305 562.905004843913 86.88121758382923 186.88121758382923
595 521.33813 290.76532 470.0082881070341 570.0082881070341 82.13951907017963 182.13951907017963
613 521.33813 290.76532 477.673267202495 577.673267202495 77.34146014899 177.34146014899
629 513.1534 276.3666 484.6052797509776 584.6052797509776 73.27215913482809 173.2721591348281
646 513.1534 276.3666 492.08715802621145 592.0871580262115 69.15368424901567 169.15368424901567
663 510.69656 265.52155 499.6832388604396 599.6832388604396 65.24985358281685 165.24985358281685
681 510.69656 265.52155 507.8437817222184 607.8437817222184 61.353853820736504 161.3538538207365
697 511.33688 251.47198 515.1932957197998 615.1932957197998 58.09860379723074 158.09860379723074
714 511.33688 251.47198 523.0947016472838 623.0947016472838 54.85698039535282 154.85698039535282
732 537.8932 210.20464 531.5578441028453 631.5578441028453 51.6713103368038 151.6713103368038
748 537.8932 210.20464 539.158255286693 639.158255286693 49.0548702834833 149.0548702834833
766 555.9255 186.10445 547.7889724557664 647.7889724557664 46.355982532478436 146.35598253247844
782 555.9255 186.10445 555.5259627803556 655.5259627803556 44.176306080939696 144.1763060809397
799 574.4495 164.04454 563.8073299341439 663.8073299341439 42.08841336946284 142.08841336946284
817 574.4495 164.04454 572.6368142040386 672.6368142040386 40.13559963724384 140.13559963724384
833 592.42224 140.19063 580.531538399579 680.531538399579 38.62386599915499 138.623865999155
850 592.42224 140.19063 588.960825606595 688.960825606595 37.25001917650059 137.2500191765006
867 606.5115 123.83813 597.4258042831839 697.4258042831839 36.116672841359446 136.11667284135945
885 606.5115 123.83813 606.4200007018427 706.4200007018427 35.17981387243941 135.1798138724394
901 619.67236 113.47032 614.4353709721212 714.4353709721212 34.574960050003085 134.57496005000309
919 630.69775 99.97902 623.4683063658551 723.4683063658551 34.151460206215404 134.1514602062154
936 630.69775 99.97902 632.0075037720162 732.0075037720162 34.00164175242986 134.00164175242986
953 643.2245 92.76378 640.5475055449577 740.5475055449577 34.09495642779058 134.09495642779058
969 643.2245 92.76378 648.5796904715623 748.5796904715623 34.40481772096149 134.4048177209615
987 652.7805 87.4709 657.6022422323567 757.6022422323567 35.01048567359351 135.0104856735935
1003 652.7805 87.4709 665.6037768999744 765.6037768999744 35.77693963769889 135.7769396376989
1020 652.7805 87.4709 674.0796299331981 774.0796299331981 36.82586922049978 136.82586922049978
1037 665.2391 82.18196 682.5221900543268 782.5221900543268 38.115643042381976 138.11564304238198
1055 665.2391 82.18196 691.4174796955454 791.4174796955454 39.74263294520472 139.74263294520472
1072 675.1582 83.86863 699.7699870000625 799.7699870000625 41.52475517402934 141.52475517402934
1088 675.1582 83.86863 707.5818585250034 807.5818585250034 43.41860627535635 143.41860627535635
1106 685.1035 82.39774 716.3059353437416 816.3059353437416 45.79847131476845 145.79847131476845
1123 692.6711 82.158554 724.4759748533495 824.4759748533495 48.286601601133555 148.28660160113355
1139 692.6711 82.158554 732.0978182836474 832.0978182836474 50.839934998910564 150.83993499891056
1157 704.92584 79.13934 740.5870829453671 840.5870829453671 53.95532573657704 153.95532573657704
1174 704.92584 79.13934 748.5150943092397 848.5150943092397 57.13132537838908 157.13132537838908
1190 713.25085 77.492035 755.8913456946693 855.8913456946693 60.32552703375262 160.32552703375262
1208 713.25085 77.492035 764.0839106673807 864.0839106673807 64.15373198032523 164.15373198032523
1224 760.49994 104.35211 771.2664330094331 871.2664330094331 67.76252423287974 167.76252423287974
1242 760.49994 104.35211 779.2278662476037 879.2278662476037 72.05074702783952 172.05074702783952
1258 760.49994 104.35211 786.1933800147626 886.1933800147626 76.06243329120804 176.06243329120804
1276 797.2176 126.683685 793.8978774307536 893.8978774307536 80.79677522140798 180.79677522140798
1292 797.2176 126.683685 800.6238064458005 900.6238064458005 85.19835307494287 185.19835307494287
1309 831.306 145.91368 807.638141470708 907.638141470708 90.0706669060545 190.0706669060545
1326 853.9966 158.7181 814.5109413283826 914.5109413283826 95.14067282585665 195.14067282585665
1344 853.9966 158.7181 821.6275668282935 921.6275668282935 100.71982289007568 200.71982289007568
1361 875.24713 173.89146 828.1915644145411 928.1915644145411 106.18372933127876 206.18372933127876
1378 875.24713 173.89146 834.5973693489477 934.5973693489477 111.83226905874935 211.83226905874935
1394 890.7515 183.77388 840.4772028442499 940.4772028442499 117.31310538030687 217.31310538030687
1412 890.7515 183.77388 846.9137673844003 946.9137673844003 123.66479105149173 223.66479105149173
1428 908.3027 198.49286 852.4721692933363 952.4721692933363 129.47135431515434 229.47135431515434
1446 908.3027 198.49286 858.5368418139614 958.5368418139614 136.17903805565956 236.17903805565956
1463 923.37695 209.31079 864.0765190178248 964.0765190178248 142.67921608302754 242.67921608302754
1479 923.37695 209.31079 869.1193360426164 969.1193360426164 148.93876919572267 248.93876919572267
1496 934.02203 231.27672 874.2915129944168 974.2915129944168 155.73501253228335 255.73501253228335
1513 934.02203 231.27672 879.2681356740757 979.2681356740757 162.675730406883 262.67573040688296
1530 947.20996 250.6839 884.0451707867052 984.0451707867052 169.7552977272204 269.7552977272204
1547 947.20996 250.6839 888.6187467928016 988.6187467928016 176.96797687071094 276.9679768707109
1565 956.158 255.2962 893.2354766962846 993.2354766962846 184.74352051365594 284.74352051365594
1581 956.158 255.2962 897.1408627967578 997.1408627967578 191.76918547310373 291.76918547310373
1598 962.57965 262.2585 901.0824960610505 1001.0824960610505 199.34571931915121 299.3457193191512
1615 962.57965 262.2585 904.8068623492258 1004.8068623492258 207.03138348446487 307.03138348446487
1632 971.8152 264.476 908.3109432553329 1008.3109432553329 214.8199491363638 314.8199491363638
1650 971.8152 264.476 911.7778900120431 1011.7778900120431 223.17180845816728 323.1718084581673
1666 975.3085 283.61923 914.6470702485676 1014.6470702485676 230.6804577033056 330.6804577033056
1684 977.74963 290.21817 917.6331117598017 1017.6331117598017 239.21607894831448 339.2160789483145
1700 977.74963 290.21817 920.0703407916484 1020.0703407916484 246.87583895516212 346.8758389551621
1717 979.56226 292.12198 922.4340447096293 1022.4340447096293 255.08274103198784 355.08274103198784
1735 979.56226 292.12198 924.6810775952 1024.6810775952 263.8419714294728 363.8419714294728
1751 979.56226 292.12198 926.4560130930984 1026.4560130930984 271.6817171329047 371.6817171329047
1768 978.9069 300.52927 928.1110179615537 1028.1110179615537 280.0603385467098 380.0603385467098
1785 978.9069 300.52927 929.5268506369953 1029.5268506369953 288.4826752619944 388.4826752619944
1802 986.8632 340.01157 930.7023636603816 1030.7023636603817 296.94190141113677 396.94190141113677
1821 986.8632 340.01157 931.7306156681943 1031.7306156681943 306.4315531358473 406.4315531358473
1836 993.68164 363.54074 932.3288155200738 1032.328815520074 313.9435746118702 413.9435746118702
1854 993.68164 363.54074 932.7973209778079 1032.7973209778079 322.97428757271297 422.97428757271297
1871 999.19604 369.80908 932.9896881603357 1032.9896881603358 331.5126324227158 431.5126324227158
1887 1003.91516 400.43674 932.9486453909749 1032.948645390975 339.5506871754069 439.5506871754069
1904 1003.91516 400.43674 932.6690959534936 1032.6690959534935 348.08662239203596 448.08662239203596
1921 1002.04584 423.86078 932.1466802368993 1032.1466802368993 356.6111411309172 456.6111411309172
1938 1002.04584 423.86078 931.3818216320687 1031.3818216320687 365.1173347111916 465.1173347111916
1955 1006.071 439.0493 930.3751400172805 1030.3751400172805 373.5983093035911 473.5983093035911
1972 1006.071 439.0493 929.1274512558361 1029.1274512558361 382.04719151753216 482.04719151753216
1989 1009.3917 460.3278 927.6397665348454 1027.6397665348454 390.4571339716405 490.4571339716405
2007 1009.3917 460.3278 925.8043267523421 1025.8043267523421 399.3117618435425 499.3117618435425
2023 1008.97363 475.20346 923.9494255069792 1023.9494255069792 407.13297339202586 507.13297339202586
2040 1008.97363 475.20346 921.7497600303433 1021.7497600303433 415.385355454278 515.3853554542779
2058 996.2683 504.9154 919.1656735406054 1019.1656735406054 424.0511370669554 524.0511370669553
2074 996.2683 504.9154 916.6503512814876 1016.6503512814876 431.68560906238275 531.6856090623828
2091 982.8192 540.7775 913.7547408159044 1013.7547408159044 439.7202700970553 539.7202700970553
2109 982.8192 540.7775 910.4408458507073 1010.4408458507073 448.13403109346496 548.134031093465
2125 970.5916 570.384 907.2834395119482 1007.2834395119482 455.52610752219204 555.526107522192
2142 970.5916 570.384 903.7129933280626 1003.7129933280626 463.2844741001809 563.2844741001809
2160 963.3274 603.1393 899.6934484911064 999.6934484911064 471.3848773771026 571.3848773771026
2176 963.3274 603.1393 895.9169758597092 995.9169758597092 478.4806693117979 578.4806693117979
2193 953.8019 625.85297 891.6977228435584 991.6977228435584 485.90618221638465 585.9061822163847
2210 953.8019 625.85297 887.2688087238421 987.2688087238421 493.20858302917645 593.2085830291765
2228 946.9795 646.6063 882.3548386747549 982.3548386747549 500.79977346953126 600.7997734695313
2244 946.9795 646.6063 877.7965218060378 977.7965218060378 507.42048008140796 607.420480081408
2261 939.2967 668.6303 872.7608258058228 972.7608258058228 514.3184583144773 614.3184583144773
2278 939.2967 668.6303 867.5308160761413 967.5308160761413 521.0702977777584 621.0702977777584
2295 937.9257 685.88403 862.1107312689596 962.1107312689596 527.6705264551181 627.6705264551181
2313 937.9257 685.88403 856.169526925818 956.169526925818 534.4878107309933 634.4878107309933
2329 936.6345 701.75024 850.7180576999276 950.7180576999276 540.394882086187 640.394882086187
2346 936.6345 701.75024 844.754702109853 944.754702109853 546.5086966087915 646.5086966087915
2363 933.1392 717.1172 838.6197303028227 938.6197303028227 552.4502838409564 652.4502838409564
2380 933.1392 717.1172 832.3181143556885 932.3181143556885 558.2148284340103 658.2148284340103
2397 923.734 727.4339 825.8549614017456 925.8549614017456 563.7976585231695 663.7976585231695
2415 923.734 727.4339 818.8413765564474 918.8413765564474 569.5058019659065 669.5058019659065
2431 914.0511 722.1211 812.4651233483269 912.4651233483269 574.4002277485814 674.4002277485814
2449 914.0511 722.1211 805.1380660054275 905.1380660054275 579.6999923319313 679.6999923319313
2466 903.5847 727.20447 798.0743413925139 898.0743413925139 584.5004227817345 684.5004227817345
2482 903.5847 727.20447 791.3038148358737 891.3038148358737 588.8330869577367 688.8330869577367
2499 895.4546 730.6188 783.9857182018081 883.9857182018081 593.2360177503971 693.2360177503971
2516 895.4546 730.6188 776.54525546435 876.54525546435 597.4288511793545 697.4288511793545
2533 887.15405 735.41705 768.9884567331254 868.9884567331254 601.4081891703074 701.4081891703074
2550 887.15405 735.41705 761.3214464020558 861.3214464020558 605.1708066759479 705.1708066759479
2567 883.5027 743.0489 753.5504381858558 853.5504381858558 608.7136542896951 708.7136542896951
2585 883.5027 743.0489 745.2159582546325 845.2159582546325 612.2221750921277 712.2221750921277
2601 874.31866 734.8867 737.721699277214 837.721699277214 615.1287351027865 715.1287351027865
2619 874.31866 734.8867 729.2010633664289 829.2010633664289 618.1572723108953 718.1572723108953
2635 866.4826 742.4901 721.553543102233 821.553543102233 620.6326394604092 720.6326394604092
2652 866.4826 742.4901 713.3585211872297 813.3585211872297 623.0372088029525 723.0372088029525
2670 857.5919 747.4531 704.6105964401853 804.6105964401853 625.327860798587 725.327860798587
2686 835.15216 745.0624 696.7797925232513 796.7797925232513 627.1418395004217 727.1418395004217
2703 835.15216 745.0624 688.4095219750633 788.4095219750633 628.8385742647915 728.8385742647915
2721 783.5935 730.0377 679.4980815799211 779.4980815799211 630.3746419810356 730.3746419810356
2737 783.5935 730.0377 671.5410813019316 771.5410813019316 631.5140081610913 731.5140081610913
2754 783.5935 730.0377 663.0565821743512 763.0565821743512 632.4905389924386 732.4905389924386
2771 738.71265 720.19934 654.5477237438794 754.5477237438794 633.2251587040392 733.2251587040392
2789 738.71265 720.19934 645.5194574500881 745.5194574500881 633.7386581426483 733.7386581426483
2805 697.51746 709.8002 637.4845270833351 737.4845270833351 633.9664798220608 733.9664798220608
2822 697.51746 709.8002 628.9440176902656 728.9440176902656 633.9725804261168 733.9725804261168
2839 665.57697 706.3483 620.4067954607539 720.4067954607539 633.7355687926154 733.7355687926154
2857 635.73944 699.56616 611.3786557812324 711.3786557812324 633.2198480618783 733.2198480618783
2873 635.73944 699.56616 603.3698801263789 703.3698801263789 632.5331740297464 732.5331740297464
2890 617.4324 701.6981 594.8839945588649 694.8839945588649 631.5687653790487 731.5687653790487
2907 617.4324 701.6981 586.4290000393138 686.4290000393138 630.3631926583694 730.3631926583694
2924 596.6676 697.8041 578.0117489028069 678.0117489028069 628.9174329219486 728.9174329219486
2941 596.6676 697.8041 569.6390628953682 669.6390628953682 627.232657883161 727.232657883161
2959 596.6676 697.8041 560.8299808532626 660.8299808532626 625.189780618001 725.189780618001
2975 574.125 691.91003 553.0544871637487 653.0544871637487 623.1517161929854 723.1517161929854
2992 574.125 691.91003 544.8560383791012 644.8560383791012 620.7588569334407 720.7588569334407
3009 557.33185 686.1967 536.7290257094023 636.7290257094023 618.1335944747455 718.1335944747455
3026 557.33185 686.1967 528.6800356774336 628.6800356774336 615.278056456131 715.278056456131
3043 544.1655 685.529 520.7155915726703 620.7155915726703 612.1945571432422 712.1945571432422
3060 540.6792 688.4555 512.8421481644934 612.8421481644934 608.8855955525434 708.8855955525434
3077 540.6792 688.4555 505.066086470933 605.066086470933 605.3538534259965 705.3538534259965
3094 533.74176 689.4581 497.3937085871838 597.3937085871838 601.6021930576474 701.6021930576474
3112 533.74176 689.4581 489.38993504921393 589.3899350492139 597.3935254421243 697.3935254421243
3128 526.8996 687.9607 482.38478743869564 582.3847874386956 593.4514554692516 693.4514554692516
3145 526.8996 687.9607 475.06040812706976 575.0604081270698 589.058983999804 689.058983999804
3162 524.2295 692.1918 467.8640306732291 567.8640306732291 584.4598004361334 684.4598004361334
3179 524.2295 692.1918 460.8014873683203 560.8014873683203 579.6576321782761 679.6576321782761
3197 516.7265 691.5101 453.4757341971813 553.4757341971813 574.3560650118047 674.3560650118047
3213 516.7265 691.5101 447.10068540279684 547.1006854027969 569.4600705688548 669.4600705688548
3230 504.6425 687.88165 440.47353053246013 540.4735305324601 564.0729418127313 664.0729418127313
3247 504.6425 687.88165 434.0024083925641 534.0024083925641 558.4993508552757 658.4993508552757
3264 499.61636 686.78723 427.69256349239276 527.6925634923928 552.7438148032415 652.7438148032415
3281 499.61636 686.78723 421.54910963438175 521.5491096343817 546.8109982204569 646.8109982204569
3298 491.94983 682.8678 415.5770257696452 515.5770257696452 540.7057093474355 640.7057093474355
3316 491.94983 682.8678 409.4458068390105 509.4458068390105 534.0587981572892 634.0587981572892
3332 445.13065 660.1315 404.1661854693228 504.1661854693228 527.9976425819129 627.9976425819129
3350 445.13065 660.1315 398.4231643908829 498.4231643908829 521.0125883346178 621.0125883346178
3367 400.4756 635.39825 393.19481603687143 493.19481603687143 514.259462288142 614.259462288142
3383 400.4756 635.39825 388.45148117741576 488.45148117741576 507.7700260162269 607.7700260162269
3400 365.68042 607.0737 383.6041295851123 483.6041295851123 500.7384173488538 600.7384173488538
3417 365.68042 607.0737 378.95890042682595 478.95890042682595 493.5716758314352 593.5716758314352
3434 338.18817 586.49536 374.519558420162 474.519558420162 486.2756097367269 586.2756097367269
3451 338.18817 586.49536 370.28970142185455 470.28970142185455 478.85613214835485 578.8561321483548
3469 316.7585 575.2896 366.043167657697 466.043167657697 470.8723845988062 570.8723845988062
3485 316.7585 575.2896 362.4719822152257 462.4719822152257 463.6710900449318 563.6710900449318
3502 300.48755 563.5512 358.8904558633554 458.8904558633554 455.9178322199049 555.9178322199049
3519 300.48755 563.5512 355.5310810978608 455.5310810978608 448.06576630732854 548.0657663073285
3537 283.4687 548.3429 352.2192563482289 452.2192563482289 439.6511902174244 539.6511902174244
3553 283.4687 548.3429 349.4894944740342 449.4894944740342 432.0907399116313 532.0907399116313
3570 276.53867 539.0079 346.8121790087004 446.8121790087004 423.9807263598813 523.9807263598814
3587 276.53867 539.0079 344.3668039474663 444.3668039474663 415.79778809050777 515.7977880905078
3604 262.1857 524.50745 342.155351140146 442.155351140146 407.5485569510936 507.5485569510936
3621 249.73553 513.2119 340.17961285468476 440.17961285468476 399.23971851615926 499.23971851615926
3638 249.73553 513.2119 338.44119032461737 438.44119032461737 390.87800666884965 490.87800666884965
3655 270.9087 484.84885 336.9414924513526 436.9414924513526 382.4701981434725 482.4701981434725
3672 270.9087 484.84885 335.68173466233077 435.68173466233077 374.02310703330426 474.02310703330426
3689 288.5761 462.66785 334.66293792598333 434.66293792598333 365.5435792681223 465.5435792681223
3706 288.5761 462.66785 333.8859279242903 433.8859279242903 357.03848706593226 457.03848706593226
3724 301.60068 441.41864 333.32744725508564 433.32744725508564 348.0128916126015 448.0128916126015
3741 301.60068 441.41864 333.0499980009779 433.0499980009779 339.4768878742076 439.4768878742076
3757 313.55063 424.40326 453.02406576024066 553.0240657602407 331.056686471707 431.056686471707
3775 313.55063 424.40326 453.3989626747057 553.3989626747057 322.0222125716715 422.0222125716715
3791 313.55063 424.40326 454.11274721758974 554.1127472175897 314.01623679178385 414.01623679178385
3809 324.3631 405.49686 455.34202256495803 555.342022564958 305.0579362572376 405.0579362572376
3825 330.96844 388.9309 456.81120498653286 556.8112049865329 297.15561763711503 397.15561763711503
3842 330.96844 388.9309 458.7570723329198 558.7570723329197 288.84025954453836 388.84025954453836
3860 336.42004 373.305 461.2447967163995 561.2447967163995 280.14695788528695 380.14695788528695
3876 336.42004 373.305 463.8201933182859 563.8201933182859 272.53299249891984 372.53299249891984
3893 345.20364 361.66364 466.92605000007745 566.9260500000775 264.5777907912517 364.5777907912517
3911 345.20364 361.66364 470.6219007798122 570.6219007798122 256.3253394366035 356.3253394366035
3927 348.33722 350.95825 474.251415455004 574.251415455004 249.15374548655507 349.15374548655507
3945 348.33722 350.95825 478.7126014504479 578.7126014504479 241.28862718732034 341.28862718732034
3961 353.48163 338.6731 483.0053327319572 583.0053327319572 234.49321736108072 334.4932173610807
3978 353.48163 338.6731 487.893864647575 587.893864647575 227.49080094619188 327.4908009461919
3996 362.00693 327.80988 493.4257256503695 593.4257256503695 220.33812451057264 320.33812451057264
4013 366.27216 314.49475 498.9739209792019 598.9739209792019 213.84589003154827 313.84589003154827
4029 366.27216 314.49475 504.47157621838664 604.4715762183866 207.98236520147657 307.98236520147657
4047 366.27216 314.49475 510.9622116294033 610.9622116294033 201.6868177027948 301.68681770279477
4063 371.02658 302.13193 516.9907313118342 616.9907313118342 196.37060786867886 296.37060786867886
4080 371.02658 302.13193 523.6492098803254 623.6492098803254 191.0230623484931 291.0230623484931
4098 378.35345 296.22986 530.9673246451781 630.9673246451781 185.71199252826437 285.7119925282644
4114 378.35345 296.22986 537.689062464963 637.689062464963 181.30479645322103 281.304796453221
4131 381.05548 286.85837 545.0388331282979 645.0388331282979 176.95595164869005 276.9559516486901
4148 381.05548 286.85837 552.5866021519138 652.5866021519138 172.9606090221234 272.96060902212344
4165 418.71997 269.86172 560.3153796987771 660.3153796987771 169.32776198864897 269.32776198864894
4182 418.71997 269.86172 568.2077684862486 668.2077684862486 166.06558799499004 266.06558799499004
4199 451.18893 259.68707 576.2460029469295 676.2460029469295 163.1814301122385 263.1814301122385
4216 479.50568 247.47026 584.4119892185008 684.4119892185008 160.68178050678887 260.68178050678887
4234 479.50568 247.47026 593.1771405586188 693.1771405586188 158.46043219287566 258.46043219287566
4250 510.94266 231.08028 601.053445290706 701.053445290706 156.85763453593017 256.8576345359302
4267 510.94266 231.08028 609.4914555949256 709.4914555949256 155.54174622631027 255.54174622631027
4285 510.94266 231.08028 618.4830892855312 718.4830892855312 154.5863458281167 254.5863458281167
4301 530.924 224.28648 626.507114755926 726.507114755926 154.1171424476271 254.1171424476271
4318 530.924 224.28648 635.0464617946108 735.0464617946108 154.01163372561214 254.01163372561214
4335 557.6008 218.99359 643.581202299593 743.581202299593 154.31127426047263 254.31127426047263
4353 557.6008 218.99359 652.5916157056257 752.5916157056257 155.06937491294823 255.06937491294823
4370 577.38916 216.90392 661.0564395481568 761.0564395481568 156.20001068650026 256.20001068650026
4386 586.87744 213.34715 668.9659809564164 768.9659809564164 157.6297978289907 257.6297978289907
4404 586.87744 213.34715 677.7777122819134 777.7777122819134 159.65850613580778 259.6585061358078
4420 640.34424 225.74464 685.5161853111272 785.5161853111272 161.83133188536496 261.831331885365
4438 640.34424 225.74464 694.0960379112927 794.0960379112927 164.68587137647998 264.68587137648
4455 686.76935 246.38144 702.0580281761817 802.0580281761817 167.77428374521077 267.77428374521077
4471 686.76935 246.38144 709.4099817666976 809.4099817666976 171.0229627020636 271.02296270206364
4489 726.4801 265.5698 717.4980927560449 817.4980927560449 175.0658239377357 275.0658239377357
4505 726.4801 265.5698 724.5091369531456 824.5091369531456 178.99652309031762 278.9965230903176
4522 761.6846 271.412 731.7581279004737 831.7581279004737 183.51135533338842 283.51135533338845
4539 761.6846 271.412 738.7848168015221 838.7848168015221 188.36493370665013 288.36493370665016
4556 761.6846 271.412 745.5733867574248 845.5733867574248 193.54633292803192 293.5463329280319
4573 788.5177 295.48825 752.108556869033 852.108556869033 199.0438897990301 299.0438897990301
4591 811.657 299.30347 758.735613124305 858.735613124305 205.19566935752866 305.1956693575287
4607 811.657 299.30347 764.3604590589218 864.3604590589218 210.9372932370277 310.9372932370277
4625 824.6923 314.88763 770.3747830567704 870.3747830567704 217.68934279222185 317.68934279222185
4642 824.6923 314.88763 775.7369103211945 875.7369103211945 224.33608418463587 324.33608418463587
4658 836.55396 326.85638 780.4903217770493 880.4903217770493 230.81761302381858 330.8176130238186
4675 836.55396 326.85638 785.2183760095571 885.2183760095571 237.9293697063817 337.9293697063817
4692 848.7798 339.05872 789.6037905304013 889.6037905304013 245.25737894613326 345.25737894613326
4709 848.7798 339.05872 793.6366938824929 893.6366938824929 252.78514557975075 352.78514557975075
4726 861.65234 346.7715 797.3080081024611 897.3080081024611 260.4957247950736 360.4957247950736
4743 861.65234 346.7715 800.6094691549205 900.6094691549205 268.3717602734482 368.3717602734482
4760 869.1415 358.2232 803.5336455346032 903.5336455346032 276.3955232583588 376.3955232583588
4777 869.1415 358.2232 806.0739549944915 906.0739549944915 284.5489524624127 384.5489524624127
4794 879.1985 371.5288 808.2246793622878 908.2246793622878 292.8136947228397 392.8136947228397
4812 879.1985 371.5288 810.0719169040786 910.0719169040786 301.6652471183856 401.6652471183856
4828 882.9723 374.33554 811.3388957607996 911.3388957607996 309.60249482388303 409.60249482388303
4846 882.9723 374.33554 812.3390893640834 912.3390893640834 318.5892561483454 418.5892561483454
4863 885.2406 384.18512 812.8681938134266 912.8681938134266 327.11284860805364 427.11284860805364
4879 885.2406 384.18512 812.9963291668411 912.9963291668411 335.1495592469291 435.1495592469291
4897 889.4553 396.55353 812.7114868280897 912.7114868280897 344.18732065055974 444.18732065055974
4913 889.4553 396.55353 812.0775238609478 912.0775238609478 352.200012303063 452.200012303063
4930 891.6434 399.17065 811.0127280160616 911.0127280160616 360.6733699460652 460.6733699460652
4947 891.6434 399.17065 809.5472300260149 909.5472300260149 369.0866865084376 469.0866865084376
4964 896.44055 407.3276 807.6843286896907 907.6843286896907 377.4210238275436 477.4210238275436
4982 900.21436 421.71063 805.2833637432075 905.2833637432075 386.13868599538773 486.13868599538773
4998 900.21436 421.71063 802.7839744590015 902.7839744590015 393.77793921594457 493.77793921594457
5016 896.8285 429.06757 799.5677668269823 899.5677668269823 402.2288725853804 502.2288725853804
5032 896.8285 429.06757 796.3557627878217 896.3557627878217 409.59692297976756 509.59692297976756
5049 897.09467 438.0492 792.5862637502574 892.5862637502574 417.25998091660404 517.259980916604
5066 897.09467 438.0492 788.4575400722103 888.4575400722103 424.73562274375536 524.7356227437554
5083 897.09467 438.0492 783.9788854061801 883.9788854061801 432.00702098068035 532.0070209806804
5101 899.2157 448.0729 778.8665841399335 878.8665841399335 439.4653480122629 539.4653480122629
5117 899.2157 448.0729 774.0128734563121 874.0128734563121 445.8721123408068 545.8721123408068
5134 894.41095 454.12186 768.5479494131282 868.5479494131282 452.4345954942897 552.4345954942896
5151 896.107 458.02722 762.7779103666112 862.7779103666112 458.73048537096236 558.7304853709624
5168 896.107 458.02722 756.7157445286122 856.7157445286122 464.7456100820642 564.7456100820642
5185 880.0086 456.758 750.3750976809954 850.3750976809954 470.46642973411736 570.4664297341174
5202 880.0086 456.758 743.7702424593289 843.7702424593289 475.8800669068827 575.8800669068827
5219 867.54175 460.0235 736.9160462255444 836.9160462255444 480.9743356401059 580.9743356401059
5237 867.54175 460.0235 729.404044019961 829.404044019961 486.007435004336 586.007435004336
5253 859.7465 461.6242 722.5218717414465 822.5218717414465 490.15964421036574 590.1596442103657
5271 859.7465 461.6242 714.5667557803298 814.5667557803298 494.45829474187997 594.45829474188
5287 852.74976 479.64948 707.3221049847989 807.3221049847989 497.93969839739407 597.9396983973941
5304 852.74976 479.64948 699.4626183788416 799.4626183788416 501.28036453280606 601.2803645328061
5321 852.74976 479.64948 691.4535261011198 791.4535261011198 504.2444868016163 604.2444868016163
5338 834.61255 488.2517 683.3128564156366 783.3128564156366 506.8253930396211 606.8253930396211
5355 753.71606 503.3888 675.0589337638094 775.0589337638094 509.01727369220305 609.017273692203
5372 753.71606 503.3888 666.710337516615 766.710337516615 510.8151948914908 610.8151948914908
5390 680.3522 506.7402 657.788344134101 757.788344134101 512.2849909417206 612.2849909417206
5406 680.3522 506.7402 649.8044649579773 749.8044649579773 513.2138665323532 613.2138665323532
5423 624.45874 511.3248 641.2852433377668 741.2852433377668 513.8092176247758 613.8092176247758
5440 624.45874 511.3248 632.7473718445073 732.7473718445073 513.9998227193989 613.9998227193989
5457 574.84265 511.84024 624.2100690108309 724.2100690108309 513.7852527689789 613.7852527689789
5474 574.84265 511.84024 615.692552089333 715.692552089333 513.1659907650433 613.1659907650433
5491 564.397 500.74524 607.2139937950213 707.2139937950213 512.1434306506889 612.1434306506889
5508 564.397 500.74524 598.7934791480179 698.7934791480179 510.71987418285164 610.7198741828516
5525 558.30054 493.4141 590.4499625136663 690.4499625136663 508.8985257511097 608.8985257511097
5543 558.30054 493.4141 581.7204446332313 681.7204446332313 506.5410304866251 606.5410304866251
5559 555.90643 490.4062 574.0688318657412 674.0688318657412 504.079738423869 604.079738423869
5576 555.90643 490.4062 566.0680913626405 666.0680913626405 501.0931464966776 601.0931464966776
5594 553.4159 486.96252 557.7613149437265 657.7613149437265 497.5210698075416 597.5210698075416
5611 553.4159 486.96252 550.0900131230868 650.0900131230868 493.7683763329592 593.7683763329592
5627 550.5356 489.93063 543.0401444467964 643.0401444467964 489.90774319720856 589.9077431972086
5645 550.5356 489.93063 535.3241421383856 635.3241421383856 485.19334241625086 585.1933424162509
5661 545.28625 489.9887 528.6718096170268 628.6718096170268 480.6820667001052 580.6820667001052
5678 545.28625 489.9887 521.8319398796541 621.8319398796541 475.56857846668925 575.5685784666892
5695 541.2518 482.47375 515.2423066318847 615.2423066318847 470.13642294632587 570.1364229463259
5712 541.2518 482.47375 508.91774297137306 608.9177429713731 464.3978277836013 564.3978277836013
5729 542.39526 476.80878 502.8724853308397 602.8724853308397 458.36571041097886 558.3657104109789
5746 542.4948 473.72934 497.1201414322254 597.1201414322254 452.0536489719888 552.0536489719889
5763 542.4948 473.72934 491.67365965604995 591.67365965605 445.47585175716756 545.4758517571676
5780 542.4948 473.72934 486.5452998949387 586.5452998949387 438.6471252215585 538.6471252215586
5797 540.6096 479.1545 481.74660595691194 581.7466059569119 431.58284065575424 531.5828406557542
5815 540.6096 479.1545 477.03695216566996 577.03695216567 423.8639399883317 523.8639399883317
5831 545.0021 486.86533 473.18065612063515 573.1806561206351 416.8116979778178 516.8116979778179
5848 545.0021 486.86533 469.43268195865755 569.4326819586576 409.1380893339877 509.1380893339877
5865 543.5898 490.90295 466.05289368960894 566.0528936896089 401.295346752855 501.295346752855
5882 543.5898 490.90295 463.04889913133843 563.0488991313384 393.30112404946493 493.30112404946493
5899 538.9975 489.6036 460.427460199564 560.4274601995639 385.1734160167848 485.1734160167848
5916 536.1071 474.4924 458.1944776869708 558.1944776869708 376.9305179198789 476.9305179198789
5933 536.1071 474.4924 456.35497798067684 556.3549779806768 368.59098431373195 468.59098431373195
5950 534.2442 474.13745 454.91310174796206 554.9131017479621 360.1735872774116 460.1735872774116
5967 534.2442 474.13745 453.8720946157316 553.8720946157316 351.69727415859836 451.69727415859836
5985 524.03406 445.24023 453.2093745722001 553.2093745722001 342.6793437701557 442.6793437701557
6001 524.03406 445.24023 453.0036526131048 553.0036526131048 335.1467028281774 435.1467028281774
