1 689.0896 444.11768 297.62542067616835 468.37542067616835 335.4976002348308 431.4976002348308
17 689.0896 444.11768 297.7465672298508 468.4965672298508 327.460353677165 423.460353677165
34 690.4588 446.23062 298.1111703954607 468.8611703954607 318.92762829531256 414.92762829531256
51 690.4588 446.23062 298.7185140048509 469.4685140048509 310.4087391863609 406.4087391863609
68 690.66064 442.26337 299.56810583748677 470.31810583748677 301.91059046864586 397.91059046864586
85 690.66064 442.26337 300.6592573431978 471.4092573431978 293.44006945149073 389.44006945149073
102 690.66064 442.26337 301.9910842002114 472.7410842002114 285.00404105339845 381.00404105339845
119 691.3994 441.34537 303.56250703184975 474.31250703184975 276.6093422383909 372.6093422383909
137 691.3994 441.34537 305.4860993111701 476.2360993111701 267.7734457537099 363.7734457537099
154 689.7849 439.25128 307.54658317776153 478.29658317776153 259.4852165009684 355.4852165009684
170 690.4553 438.37283 309.7006512552929 480.4506512552929 251.74105744826687 347.7410574482669
187 690.4553 438.37283 312.21579703666407 482.96579703666407 243.57929418234613 339.57929418234613
204 690.33276 438.32816 314.9622521925565 485.7122521925565 235.4924331110061 331.4924331110061
221 690.33276 438.32816 317.93779086333535 488.68779086333535 227.48702821623766 323.48702821623766
238 691.20984 437.01617 321.14000152904384 491.89000152904384 219.5695674640201 315.5695674640201
255 691.20984 437.01617 324.5662889638151 495.3162889638151 211.74646754616077 307.7464675461608
272 689.2674 438.67923 328.2138763391684 498.9638763391684 204.0240686798987 300.02406867989873
289 689.2674 438.67923 332.0798074744846 502.8298074744846 196.40862946948707 292.4086294694871
306 689.46814 440.9626 336.16094923283765 506.91094923283765 188.90632183391858 284.9063218339186
323 689.46814 440.9626 340.4539940602396 511.2039940602396 181.52322600490484 277.5232260049048
340 688.04004 441.29337 344.9554626662418 515.7054626662418 174.26532559916362 270.2653255991636
357 688.04004 441.29337 349.6617068437197 520.4117068437197 167.13850276900726 263.13850276900723
375 687.98 442.70877 354.8637457035903 525.6137457035903 159.7417422858324 255.7417422858324
392 687.98 442.70877 359.9793956887837 530.7293956887837 152.90284887099742 248.90284887099742
408 687.7438 443.135 364.97014001297055 535.7201400129705 146.601699784777 242.601699784777
425 687.7438 443.135 370.45573236238414 541.2057323623842 140.05581447516937 236.05581447516937
442 689.0436 443.01068 376.12543363562395 546.875433635624 133.66873177782583 229.66873177782583
459 689.0436 443.01068 381.9746488335043 552.7246488335043 127.44562809241546 223.44562809241546
476 690.3656 445.31653 387.9986374701024 558.7486374701024 121.39154692211227 217.39154692211227
493 690.3656 445.31653 394.1925174146769 564.9425174146769 115.51139478609738 211.51139478609738
510 690.25275 446.114 400.5512688483818 571.3012688483818 109.8099372430793 205.8099372430793
528 690.25275 446.114 407.45803936531155 578.2080393653116 103.97300354707676 199.97300354707676
545 690.3563 446.7815 414.13986122421545 584.8898612242155 98.65383119074559 194.6538311907456
561 692.10504 448.36655 420.564574763276 591.314574763276 93.82319306962836 189.82319306962836
578 692.10504 448.36655 427.53000484391305 598.280004843913 88.88121758382923 184.88121758382923
595 692.10504 448.36655 434.6332881070341 605.3832881070341 84.13951907017963 180.13951907017963
612 693.7287 448.7849 441.86866770951156 612.6186677095116 79.60194042970028 175.60194042970028
630 693.7287 448.7849 449.6671198581312 620.4171198581312 75.02401316610684 171.02401316610684
647 691.0621 450.43686 457.15588471125693 627.9058847112569 70.91807370173689 166.9180737017369
663 691.0621 450.43686 464.3082388604396 635.0582388604396 67.24985358281685 163.24985358281685
680 689.85876 447.21747 472.0123660236304 642.7623660236304 63.563830988764266 159.56383098876427
698 689.85876 447.21747 480.2805035702502 651.0305035702502 59.90170381248561 155.9017038124856
715 689.2988 442.998 488.1873270540765 658.9373270540765 56.6733171711283 152.6733171711283
731 686.48456 441.85254 495.7101801258791 666.4601801258791 53.84158795097835 149.84158795097835
749 686.48456 441.85254 504.26057476416406 675.0105747641641 50.89811628054434 146.89811628054434
765 686.5994 439.8137 511.93238432050157 682.6823843205016 48.49908588318232 144.49908588318232
782 686.5994 439.8137 520.1509627803556 690.9009627803556 46.176306080939696 142.1763060809397
799 687.6565 440.2015 528.4323299341439 699.1823299341439 44.08841336946284 140.08841336946284
816 687.6565 440.2015 536.7697741627716 707.5197741627716 42.23709987763954 138.23709987763954
833 689.4612 439.85913 545.156538399579 715.906538399579 40.62386599915499 136.623865999155
850 689.4612 439.85913 553.585825606595 724.335825606595 39.25001917650059 135.2500191765006
868 689.4612 439.85913 562.5497092126128 733.2997092126128 38.05751565750103 134.05751565750103
884 689.0701 438.08746 570.5446140026227 741.2946140026227 37.2247455122278 133.2247455122278
901 689.0701 438.08746 579.0603709721212 749.8103709721212 36.574960050003085 132.57496005000309
918 685.93353 437.50797 587.5911736117806 758.3411736117806 36.167843072143 132.167843072143
935 684.8241 438.7918 596.1301081479654 766.8801081479654 36.00372452586896 132.00372452586896
952 684.8241 438.7918 604.6702542165596 775.4202542165596 36.08273742076125 132.08273742076125
969 685.82434 439.20035 613.2046904715623 783.9546904715623 36.40481772096149 132.4048177209615
986 685.82434 439.20035 621.7265001944813 792.4765001944813 36.96970439707047 132.96970439707047
1004 686.6832 440.9314 630.7281551661815 801.4781551661815 37.831958255007294 133.8319582550073
1020 686.6832 440.9314 638.7046299331981 809.4546299331981 38.82586922049978 134.82586922049978
1037 684.03156 443.6702 647.1471900543268 817.8971900543268 40.115643042381976 136.11564304238198
1055 684.03156 443.6702 656.0424796955454 826.7924796955454 41.74263294520472 137.74263294520472
1071 686.4412 446.37335 663.9050950571935 834.6550950571935 43.41334787928315 139.41334787928315
1089 686.4412 446.37335 672.6933806888678 843.4433806888678 45.54391343827683 141.54391343827683
1105 686.1303 448.03778 680.4481772598931 851.1981772598931 47.65936583863811 143.6593658386381
1122 686.1303 448.03778 688.6223720999366 859.3723720999366 50.133810549576026 146.13381054957603
1139 687.9757 448.10953 696.7228182836474 867.4728182836474 52.839934998910564 148.83993499891056
1156 687.9757 448.10953 704.742950819005 875.492950819005 55.77554601295549 151.7755460129555
1173 688.96 450.9381 712.6762698040402 883.4262698040402 58.93826443105149 154.9382644310515
1190 688.96 450.9381 720.5163456946693 891.2663456946693 62.32552703375262 158.32552703375262
1207 687.4654 449.55136 728.2568245155068 899.0068245155068 65.93458862018292 161.93458862018292
1225 687.4654 449.55136 736.337097942471 907.087097942471 69.99444764366609 165.9944476436661
1241 685.93396 449.84875 743.413983721744 914.163983721744 73.80623152831976 169.80623152831976
1258 685.93396 449.84875 750.8183800147626 921.5683800147626 78.06243329120804 174.06243329120804
1276 685.91223 448.88925 758.5228774307536 929.2728774307536 82.79677522140798 178.79677522140798
1292 685.91223 448.88925 765.2488064458005 935.9988064458005 87.19835307494287 183.19835307494287
1310 685.0386 449.37714 772.671396715908 943.421396715908 92.36346949445999 188.36346949446
1327 684.7826 448.4279 779.5356963702274 950.2856963702274 97.4449779482751 193.4449779482751
1343 684.7826 448.4279 785.8616359705578 956.6116359705578 102.40426185718263 198.40426185718263
1361 684.7826 448.4279 792.8165644145411 963.5665644145411 108.18372933127876 204.18372933127876
1377 682.79333 447.85147 798.8500299387413 969.6000299387413 113.49497235758312 209.49497235758312
1394 682.79333 447.85147 805.1022028442499 975.8522028442499 119.31310538030687 215.31310538030687
1412 682.18005 446.1127 811.5387673844003 982.2887673844003 125.66479105149173 221.66479105149173
1428 682.18005 446.1127 817.0971692933363 987.8471692933363 131.47135431515434 227.47135431515434
1445 683.1363 449.08282 822.8302415379586 993.5802415379586 137.80161659632608 233.80161659632608
1462 683.1363 449.08282 828.3807966001699 999.1307966001699 144.29250840037312 240.29250840037312
1480 686.0775 447.35815 834.0539206730178 1004.8039206730178 151.33444969515332 247.33444969515332
1496 686.0775 447.35815 838.9165129944168 1009.6665129944168 157.73501253228335 253.73501253228335
1513 683.8972 449.338 843.8931356740757 1014.6431356740757 164.675730406883 260.67573040688296
1530 682.5668 446.4582 848.6701707867052 1019.4201707867052 171.7552977272204 267.7552977272204
1548 682.5668 446.4582 853.5063645222324 1024.2563645222324 179.39627306401533 275.3962730640153
1564 681.5616 446.90118 857.6101570459276 1028.3601570459277 186.30792233453255 282.3079223345326
1582 681.5616 446.90118 862.0036814969314 1032.7536814969314 194.2117326082863 290.2117326082863
1598 679.4589 448.6163 865.7074960610505 1036.4574960610505 201.34571931915121 297.3457193191512
1616 679.4589 448.6163 869.6441112173986 1040.3941112173986 209.48674720608716 305.48674720608716
1632 679.4589 448.6163 872.9359432553329 1043.6859432553329 216.8199491363638 312.8199491363638
1649 682.71545 448.54688 876.2168989033121 1046.966898903312 224.7051040458423 320.7051040458423
1667 682.71545 448.54688 879.4447010204906 1050.1947010204906 233.15226732338112 329.1522673233811
1683 679.41016 448.91522 882.0989812329851 1052.8489812329851 240.73954649774532 336.7395464977453
1700 678.0974 448.67508 884.6953407916484 1055.4453407916485 248.87583895516212 344.8758389551621
1718 678.0974 448.67508 887.1907988908573 1057.9407988908574 257.5675570143351 353.5675570143351
1734 675.3342 449.1526 889.1881773273444 1059.9381773273444 265.35360145921436 361.35360145921436
1751 675.3342 449.1526 891.0810130930984 1061.8310130930984 273.6817171329047 369.6817171329047
1768 674.97327 452.42654 892.7360179615537 1063.4860179615537 282.0603385467098 378.0603385467098
1786 674.97327 452.42654 894.2276611419293 1064.9776611419293 290.97932248926173 386.97932248926173
1802 676.31006 453.6826 895.3273636603816 1066.0773636603817 298.94190141113677 394.94190141113677
1819 676.31006 453.6826 896.2616043392997 1067.0116043392995 307.4311612295389 403.4311612295389
1836 678.12787 454.25888 896.9538155200738 1067.703815520074 315.9435746118702 411.9435746118702
1853 678.12787 454.25888 897.4034362013994 1068.1534362013995 324.4722426880359 420.4722426880359
1871 678.12787 454.25888 897.6146881603357 1068.3646881603358 333.5126324227158 429.5126324227158
1887 676.8667 453.89282 897.5736453909749 1068.323645390975 341.5506871754069 437.5506871754069
1904 676.8667 453.89282 897.2940959534936 1068.0440959534935 350.08662239203596 446.08662239203596
1921 675.3782 454.8346 896.7716802368993 1067.5216802368993 358.6111411309172 454.6111411309172
1938 676.6128 453.58444 896.0068216320687 1066.7568216320687 367.1173347111916 463.1173347111916
1955 676.6128 453.58444 895.0001400172805 1065.7501400172805 375.5983093035911 471.5983093035911
1972 677.2751 454.85046 893.7524512558361 1064.5024512558361 384.04719151753216 480.04719151753216
1990 677.2751 454.85046 892.1698065389205 1062.9198065389205 392.9504779694597 488.9504779694597
2006 680.83044 452.69717 890.5382915457113 1061.2882915457112 400.8213208432003 496.8213208432003
2023 680.83044 452.69717 888.5744255069792 1059.3244255069792 409.13297339202586 505.13297339202586
2040 682.57623 452.29538 886.3747600303433 1057.1247600303432 417.385355454278 513.3853554542779
2058 682.57623 452.29538 883.7906735406054 1054.5406735406054 426.0511370669554 522.0511370669553
2074 682.9817 451.8316 881.2753512814876 1052.0253512814875 433.68560906238275 529.6856090623828
2091 683.3499 451.33118 878.3797408159044 1049.1297408159044 441.7202700970553 537.7202700970553
2109 683.3499 451.33118 875.0658458507073 1045.8158458507073 450.13403109346496 546.134031093465
2126 683.3499 451.33118 871.7045392706568 1042.4545392706568 457.98527023040305 553.9852702304031
2142 683.16754 449.1814 868.3379933280626 1039.0879933280626 465.2844741001809 561.2844741001809
2160 683.16754 449.1814 864.3184484911064 1035.0684484911064 473.3848773771026 569.3848773771026
2176 684.3583 450.22845 860.5419758597092 1031.291975859709 480.4806693117979 576.4806693117979
2193 684.3583 450.22845 856.3227228435584 1027.0727228435585 487.90618221638465 583.9061822163847
2210 685.42395 448.31183 851.8938087238421 1022.6438087238421 495.20858302917645 591.2085830291765
2228 685.42395 448.31183 846.9798386747549 1017.7298386747549 502.79977346953126 598.7997734695313
2244 687.5901 449.3162 842.4215218060378 1013.1715218060378 509.42048008140796 605.420480081408
2261 687.5901 449.3162 837.3858258058228 1008.1358258058228 516.3184583144773 612.3184583144773
2278 688.1364 445.71298 832.1558160761413 1002.9058160761413 523.0702977777584 619.0702977777584
2295 684.7018 448.58832 826.7357312689596 997.4857312689596 529.6705264551181 625.6705264551181
2313 684.7018 448.58832 820.794526925818 991.544526925818 536.4878107309933 632.4878107309933
2329 680.85504 451.82 815.3430576999276 986.0930576999276 542.394882086187 638.394882086187
2347 680.85504 451.82 809.023524111755 979.773524111755 548.8630169930223 644.8630169930223
2363 680.85504 451.82 803.2447303028227 973.9947303028227 554.4502838409564 650.4502838409564
2380 678.8964 456.92105 796.9431143556885 967.6931143556885 560.2148284340103 656.2148284340103
2397 678.8964 456.92105 790.4799614017456 961.2299614017456 565.7976585231695 661.7976585231695
2414 675.6746 458.74524 783.8605094916655 954.6105094916655 571.1942495138428 667.1942495138428
2432 675.6746 458.74524 776.6872816327669 947.4372816327669 576.7004347658467 672.7004347658467
2448 674.9347 462.12592 770.1742900189863 940.9242900189863 581.4113740517007 677.4113740517007
2466 674.9347 462.12592 762.6993413925139 933.4493413925139 586.5004227817345 682.5004227817345
2483 673.63586 463.77728 755.5018325769166 926.2518325769166 591.0978356150445 687.0978356150445
2500 672.96436 460.73358 748.1763727666926 918.9263727666926 595.48850486691 691.48850486691
2517 672.96436 460.73358 740.7288988675523 911.4788988675523 599.6688721273433 695.6688721273433
2533 675.4904 460.491 733.6134567331254 904.3634567331254 603.4081891703074 699.4081891703074
2551 675.4904 460.491 725.4921459641587 896.2421459641587 607.3853219740902 703.3853219740902
2567 676.6103 459.19995 718.1754381858558 888.9254381858558 610.7136542896951 706.7136542896951
2584 676.6103 459.19995 710.3067300841386 881.0567300841386 614.0338607170812 710.0338607170812
2601 676.94507 457.75278 702.346699277214 873.096699277214 617.1287351027865 713.1287351027865
2618 676.94507 457.75278 694.3017969577133 865.0517969577133 619.9957692114392 715.9957692114392
2635 676.94507 457.75278 686.178543102233 856.928543102233 622.6326394604092 718.6326394604092
2652 677.1612 456.85797 677.9835211872297 848.7335211872297 625.0372088029525 721.0372088029525
2669 677.1612 456.85797 669.7233728534557 840.4733728534557 627.2075284601758 723.2075284601758
2686 679.9317 456.3804 661.4047925232513 832.1547925232513 629.1418395004217 725.1418395004217
2703 679.3216 457.06372 653.0345219750633 823.7845219750633 630.8385742647915 726.8385742647915
2720 679.3216 457.06372 644.6193448795832 815.3693448795832 632.296357637651 728.296357637651
2737 678.8623 456.19162 636.1660813019316 806.9160813019316 633.5140081610913 729.5140081610913
2754 678.8623 456.19162 627.6815821743512 798.4315821743512 634.4905389924386 730.4905389924386
2772 676.4199 454.35934 618.6715913636143 789.4215913636143 635.2608243522246 731.2608243522246
2789 676.4199 454.35934 610.1444574500881 780.8944574500881 635.7386581426483 731.7386581426483
2805 675.3406 456.4547 602.1095270833351 772.8595270833351 635.9664798220608 731.9664798220608
2822 675.3406 456.4547 593.5690176902656 764.3190176902656 635.9725804261168 731.9725804261168
2839 676.7656 456.99933 585.0317954607539 755.7817954607539 635.7355687926154 731.7355687926154
2856 676.7656 456.99933 576.5047793711809 747.2547793711809 635.2556370072082 731.2556370072082
2873 674.573 455.85367 567.9948801263789 738.7448801263789 634.5331740297464 730.5331740297464
2891 674.573 455.85367 559.0107197476881 729.7607197476881 633.5045165381459 729.5045165381459
2907 674.0672 457.73254 551.0540000393138 721.8040000393138 632.3631926583694 728.3631926583694
2924 674.0672 457.73254 542.6367489028069 713.3867489028069 630.9174329219486 726.9174329219486
2941 674.15564 456.68585 534.2640628953682 705.0140628953682 629.232657883161 725.232657883161
2958 674.15564 456.68585 525.9427276452934 696.6927276452934 627.3102329649023 723.3102329649023
2976 673.95 453.0034 517.1953667532769 687.9453667532769 625.0174287059479 721.0174287059479
2992 673.95 453.0034 509.48103837910116 680.2310383791012 622.7588569334407 718.7588569334407
3009 675.2203 453.74884 501.3540257094023 672.1040257094023 620.1335944747455 716.1335944747455
3026 675.2203 453.74884 493.3050356774336 664.0550356774336 617.278056456131 713.278056456131
3044 675.2 452.84302 484.8748660899855 655.6248660899855 614.0061281757542 710.0061281757542
3060 676.64746 453.9596 477.46714816449344 648.2171481644934 610.8855955525434 706.8855955525434
3078 676.64746 453.9596 469.2368388259649 639.9868388259649 607.1392263586182 703.1392263586182
3094 675.5677 453.4812 462.0187085871838 632.7687085871838 603.6021930576474 699.6021930576474
3111 675.5677 453.4812 454.4562325780845 625.2062325780845 599.6336549738851 695.6336549738851
3129 675.5677 453.4812 446.5755041384623 617.3255041384623 595.1988614943655 691.1988614943655
3145 676.1747 452.18735 439.68540812706976 610.4354081270698 591.058983999804 687.058983999804
3163 676.1747 452.18735 432.0698257527072 602.8198257527072 586.182901653867 682.182901653867
3179 676.06366 453.08365 425.4264873683203 596.1764873683203 581.6576321782761 677.6576321782761
3196 676.06366 453.08365 418.50350203784535 589.2535020378454 576.6563711348483 672.6563711348483
3213 675.2092 453.57803 411.72568540279684 582.4756854027969 571.4600705688548 667.4600705688548
3230 675.2092 453.57803 405.09853053246013 575.8485305324601 566.0729418127313 662.0729418127313
3247 676.9486 453.81723 398.6274083925641 569.3774083925641 560.4993508552757 656.4993508552757
3265 675.7417 453.31573 391.9515285815807 562.7015285815808 554.3996867092457 650.3996867092457
3281 675.7417 453.31573 386.17410963438175 556.9241096343817 548.8109982204569 644.8109982204569
3298 676.99054 454.5923 380.2020257696452 550.9520257696452 542.7057093474355 638.7057093474355
3316 676.99054 454.5923 374.0708068390105 544.8208068390105 536.0587981572892 632.0587981572892
3332 676.55524 456.92752 368.7911854693228 539.5411854693227 529.9976425819129 625.9976425819129
3349 676.55524 456.92752 363.3616769287074 534.1116769287074 523.4051639192346 619.4051639192346
3366 678.58563 455.08163 358.12202667636814 528.8720266763681 516.6608030789737 612.6608030789737
3384 678.58563 455.08163 352.78581736231547 523.5358173623155 509.3602452851014 605.3602452851014
3400 678.58563 455.08163 348.2291295851123 518.9791295851123 502.7384173488538 598.7384173488538
3417 677.53674 454.74902 343.58390042682595 514.333900426826 495.5716758314352 591.5716758314352
3434 679.1783 454.36517 339.144558420162 509.894558420162 488.2756097367269 584.2756097367269
3451 679.1783 454.36517 334.91470142185455 505.66470142185455 480.85613214835485 576.8561321483548
3468 681.1731 453.54138 330.8977575118902 501.6477575118902 473.3192561685689 569.3192561685689
3485 681.1731 453.54138 327.0969822152257 497.8469822152257 465.6710900449318 561.6710900449318
3503 681.9334 451.77884 323.31166860027383 494.06166860027383 457.45861935813366 553.4586193581337
3519 681.9334 451.77884 320.1560810978608 490.9060810978608 450.06576630732854 546.0657663073285
3536 684.77014 453.73773 317.0215805179704 487.7715805179704 442.1212559998803 538.1212559998803
3553 684.77014 453.73773 314.1144944740342 484.8644944740342 434.0907399116313 530.0907399116313
3570 682.0157 454.08862 311.4371790087004 482.1871790087004 425.9807263598813 521.9807263598814
3587 682.0157 454.08862 308.9918039474663 479.7418039474663 417.79778809050777 513.7977880905078
3604 683.0968 455.28192 306.780351140146 477.530351140146 409.5485569510936 505.5485569510936
3621 683.0968 455.28192 304.80461285468476 475.55461285468476 401.23971851615926 497.23971851615926
3638 683.0486 456.51395 303.06619032461737 473.81619032461737 392.87800666884965 488.87800666884965
3655 683.0486 456.51395 301.5664924513526 472.3164924513526 384.4701981434725 480.4701981434725
3672 681.97375 454.6887 300.30673466233077 471.05673466233077 376.02310703330426 472.02310703330426
3689 681.97375 454.6887 299.28793792598333 470.03793792598333 367.5435792681223 463.5435792681223
3706 683.25366 455.80948 298.5109279242903 469.2609279242903 359.03848706593226 455.03848706593226
3724 683.25366 455.80948 297.95244725508564 468.70244725508564 350.0128916126015 446.0128916126015
3741 683.0197 455.37128 297.6749980009779 468.4249980009779 341.4768878742076 437.4768878742076
3757 683.0197 455.37128 417.64906576024066 588.3990657602407 333.056686471707 429.056686471707
3775 684.1383 455.2589 418.0239626747057 588.7739626747057 324.0222125716715 420.0222125716715
3791 684.1383 455.2589 418.73774721758974 589.4877472175897 316.01623679178385 412.01623679178385
3808 683.73083 456.42743 419.88693415828243 590.6369341582824 307.553911501838 403.553911501838
3826 682.44995 457.1157 421.53972789945465 592.2897278994546 298.66399928652106 394.66399928652106
3842 682.44995 457.1157 423.3820723329198 594.1320723329197 290.84025954453836 386.84025954453836
3859 684.0455 454.01816 425.72015609929747 596.4701560992975 282.62655488470796 378.62655488470796
3876 684.0455 454.01816 428.4451933182859 599.1951933182859 274.53299249891984 370.53299249891984
3893 684.0455 454.01816 431.55105000007745 602.3010500000775 266.5777907912517 362.5777907912517
3910 683.51465 454.1712 435.03073493989234 605.7807349398923 258.7788567193968 354.7788567193968
3927 683.51465 454.1712 438.876415455004 609.626415455004 251.15374548655507 347.15374548655507
3944 684.96826 454.53384 443.0794350159092 613.8294350159092 243.71962102511617 339.71962102511617
3961 684.96826 454.53384 447.6303327319572 618.3803327319572 236.49321736108072 332.4932173610807
3978 686.26215 456.8549 452.518864647575 623.268864647575 229.49080094619188 325.4908009461919
3995 686.26215 456.8549 457.734026801152 628.484026801152 222.7281340425647 318.7281340425647
4013 688.29443 453.956 463.5989209792019 634.3489209792019 215.84589003154827 311.84589003154827
4029 686.43335 451.6421 469.09657621838664 639.8465762183866 209.98236520147657 305.98236520147657
4046 686.43335 451.6421 475.21838667089924 645.9683866708992 204.0279536670738 300.0279536670738
4063 686.3538 449.55408 481.6157313118342 652.3657313118342 198.37060786867886 294.37060786867886
4080 686.3538 449.55408 488.27420988032543 659.0242098803254 193.0230623484931 289.0230623484931
4097 685.5865 447.91357 495.1788343096449 665.9288343096449 187.9973542961332 283.9973542961332
4115 685.5865 447.91357 502.7406224410547 673.4906224410547 183.0393681522872 279.03936815228724
4131 680.6328 441.15314 509.66383312829794 680.4138331282979 178.95595164869005 274.9559516486901
4149 680.6328 441.15314 517.6613936238961 688.4113936238961 174.73679385759596 270.73679385759596
4166 680.6328 441.15314 525.4002807325808 696.1502807325808 171.12553282347662 267.12553282347665
4182 678.1603 434.38354 532.8327684862486 703.5827684862486 168.06558799499004 264.06558799499004
4199 678.1603 434.38354 540.8710029469295 711.6210029469295 165.1814301122385 261.1814301122385
4217 674.9153 433.81332 549.5209282560902 720.2709282560902 162.54684124624086 258.5468412462409
4233 673.83405 429.4174 557.3123458725511 728.0623458725511 160.57226582663537 256.5722658266354
4250 673.83405 429.4174 565.678445290706 736.428445290706 158.85763453593017 254.85763453593017
4267 672.28107 425.64627 574.1164555949256 744.8664555949256 157.54174622631027 253.54174622631027
4284 672.28107 425.64627 582.6073830375866 753.3573830375866 156.6275629290547 252.6275629290547
4301 671.6903 426.03256 591.132114755926 761.882114755926 156.1171424476271 252.1171424476271
4318 671.6903 426.03256 599.6714617946108 770.4214617946108 156.01163372561214 252.01163372561214
4335 671.81464 424.26587 608.206202299593 778.956202299593 156.31127426047263 252.31127426047263
4352 671.81464 424.26587 616.7171247860152 787.4671247860152 157.01538956894865 253.01538956894865
4369 671.9237 421.21988 625.1850713827765 795.9350713827765 158.12239470530233 254.12239470530233
4386 671.9237 421.21988 633.5909809564164 804.3409809564164 159.6297978289907 255.6297978289907
4403 671.9237 421.21988 641.9159320172428 812.6659320172428 161.53420581373558 257.5342058137356
4420 672.98566 420.3114 650.1411853111272 820.8911853111272 163.83133188536496 259.831331885365
4437 675.33966 422.5152 658.2482260010909 828.9982260010909 166.5160052712332 262.5160052712332
4455 675.33966 422.5152 666.6830281761817 837.4330281761817 169.77428374521077 265.77428374521077
4471 680.0023 424.87555 674.0349817666976 844.7849817666976 173.0229627020636 269.02296270206364
4488 680.0023 424.87555 681.6791612546845 852.4291612546845 176.83059975054408 272.8305997505441
4505 683.4928 427.23706 689.1341369531456 859.8841369531456 180.99652309031762 276.9965230903176
4523 683.4928 427.23706 696.8027732058051 867.5527732058051 185.78758605914797 281.787586059148
4539 686.72815 429.13763 703.4098168015221 874.1598168015221 190.36493370665013 286.36493370665016
4556 686.72815 429.13763 710.1983867574248 880.9483867574248 195.54633292803192 291.5463329280319
4573 686.443 431.46262 716.733556869033 887.483556869033 201.0438897990301 297.0438897990301
4590 686.443 431.46262 723.0006166338345 893.7506166338345 206.8452294582745 302.8452294582745
4607 687.3949 435.24756 728.9854590589218 899.7354590589218 212.9372932370277 308.9372932370277
4624 687.3949 435.24756 734.6746124154753 905.4246124154753 219.30636805391646 315.30636805391646
4641 687.0187 435.60645 740.0552705632856 910.8052705632856 225.93811728273374 321.93811728273374
4659 687.0187 435.60645 745.4027404132385 916.1527404132385 233.2296762758943 329.2296762758943
4675 691.9282 435.6757 749.8433760095571 920.5933760095571 239.9293697063817 335.9293697063817
4692 691.9282 435.6757 754.2287905304013 924.9787905304013 247.25737894613326 343.25737894613326
4709 691.01825 436.8456 758.2616938824929 929.0116938824929 254.78514557975075 350.78514557975075
4727 691.01825 436.8456 762.1375264313018 932.8875264313018 262.95461241672945 358.95461241672945
4743 691.1595 437.95258 765.2344691549205 935.9844691549205 270.3717602734482 366.3717602734482
4760 691.1595 437.95258 768.1586455346032 938.9086455346032 278.3955232583588 374.3955232583588
4777 694.36633 438.36755 770.6989549944915 941.4489549944915 286.5489524624127 382.5489524624127
4794 694.06726 438.4947 772.8496793622878 943.5996793622878 294.8136947228397 390.8136947228397
4812 694.06726 438.4947 774.6969169040786 945.4469169040786 303.6652471183856 399.6652471183856
4828 691.56647 437.25385 775.9638957607996 946.7138957607996 311.60249482388303 407.60249482388303
4845 691.56647 437.25385 776.9203777692248 947.6703777692248 320.08876150040663 416.08876150040663
4863 692.21716 439.59882 777.4931938134266 948.2431938134266 329.11284860805364 425.11284860805364
4880 692.21716 439.59882 777.6174195110625 948.3674195110625 337.6519438712278 433.6519438712278
4896 692.21716 439.59882 777.3642207321774 948.1142207321774 345.68568689301895 441.68568689301895
4914 692.68604 442.44287 776.6510281368674 947.4010281368674 354.69976602895355 450.69976602895355
4931 692.68604 442.44287 775.5625863875596 946.3125863875596 363.1701187073185 459.1701187073185
4947 692.44775 445.16394 774.1722300260149 944.9222300260149 371.0866865084376 467.0866865084376
4964 692.44775 445.16394 772.3093286896907 943.0593286896907 379.4210238275436 475.4210238275436
4982 692.4206 444.1832 769.9083637432075 940.6583637432075 388.13868599538773 484.13868599538773
4998 691.52075 445.03625 767.4089744590015 938.1589744590015 395.77793921594457 491.77793921594457
5015 691.52075 445.03625 764.3825521379785 935.1325521379785 403.7636982827043 499.7636982827043
5032 692.7597 445.75006 760.9807627878217 931.7307627878217 411.59692297976756 507.59692297976756
5050 692.7597 445.75006 756.9782545820084 927.7282545820084 419.70507902225296 515.7050790222529
5066 693.6093 445.0669 753.0825400722103 923.8325400722103 426.73562274375536 522.7356227437554
5083 693.6093 445.0669 748.6038854061801 919.3538854061801 434.00702098068035 530.0070209806804
5100 693.9581 446.63016 743.7853810904619 914.5353810904619 441.057807893992 537.057807893992
5117 693.9581 446.63016 738.6378734563121 909.3878734563121 447.8721123408068 543.8721123408068
5134 693.9581 446.63016 733.1729494131282 903.9229494131282 454.4345954942897 550.4345954942896
5151 694.4542 448.6212 727.4029103666112 898.1529103666112 460.73048537096236 556.7304853709624
5168 694.4542 448.6212 721.3407445286122 892.0907445286122 466.7456100820642 562.7456100820642
5186 693.50195 449.27652 714.618748013828 885.368748013828 472.79350469111057 568.7935046911106
5202 690.7509 449.16043 708.3952424593289 879.1452424593289 477.8800669068827 573.8800669068827
5219 690.7509 449.16043 701.5410462255444 872.2910462255444 482.9743356401059 578.9743356401059
5236 689.89514 451.8705 694.4529376018812 865.2029376018812 487.73776886380733 583.7377688638073
5254 689.89514 451.8705 686.7106646883476 857.4606646883476 492.40890111191015 588.4089011119102
5270 691.9785 453.44543 679.639294413571 850.389294413571 496.2300081502966 592.2300081502966
5287 691.9785 453.44543 671.9471049847989 842.6971049847989 499.93969839739407 595.9396983973941
5304 691.9988 453.90933 664.0876183788416 834.8376183788416 503.28036453280606 599.2803645328061
5322 691.9988 453.90933 655.6031277542164 826.3531277542164 506.40697374848173 602.4069737484817
5338 694.87305 453.45316 647.9378564156366 818.6878564156366 508.8253930396211 604.8253930396211
5355 694.87305 453.45316 639.6839337638094 810.4339337638094 511.01727369220305 607.017273692203
5372 696.4442 453.92963 631.335337516615 802.085337516615 512.8151948914908 608.8151948914908
5389 696.4442 453.92963 622.9108601528986 793.6608601528986 514.2151095623715 610.2151095623715
5406 695.7201 456.1777 614.4294649579773 785.1794649579773 515.2138665323532 611.2138665323532
5424 695.7201 456.1777 605.4083442119403 776.1583442119403 515.8316422459586 611.8316422459586
5440 695.5393 456.34946 597.3723718445073 768.1223718445073 515.9998227193989 611.9998227193989
5457 695.5393 456.34946 588.8350690108309 759.5850690108309 515.7852527689789 611.7852527689789
5474 697.5639 454.88727 580.317552089333 751.067552089333 515.1659907650433 611.1659907650433
5492 697.5639 454.88727 571.3418767722527 742.0918767722527 514.0707652406622 610.0707652406622
5509 693.1977 454.42944 562.9253682235171 733.6753682235171 512.6237117563112 608.6237117563112
5525 693.1977 454.42944 555.0749625136663 725.8249625136663 510.8985257511097 606.8985257511097
5543 690.07007 456.02612 546.3454446332313 717.0954446332313 508.5410304866251 604.5410304866251
5559 690.07007 456.02612 538.6938318657412 709.4438318657412 506.079738423869 602.079738423869
5576 688.4038 457.08508 530.6930913626405 701.4430913626405 503.0931464966776 599.0931464966776
5593 687.403 458.0984 522.843012891798 693.593012891798 499.7304321259451 595.7304321259451
5610 687.403 458.0984 515.1612667811617 685.9112667811617 495.99916469660786 591.9991646966079
5627 687.2009 457.33197 507.6651444467964 678.4151444467964 491.90774319720856 587.9077431972086
5644 687.2009 457.33197 500.37151947034613 671.1215194703461 487.4653773139863 583.4653773139863
5661 687.2009 457.33197 493.29680961702684 664.0468096170268 482.6820667001052 578.6820667001052
5678 688.7666 456.53616 486.4569398796541 657.2069398796541 477.56857846668925 573.5685784666892
5695 688.7666 456.53616 479.86730663188473 650.6173066318847 472.13642294632587 568.1364229463259
5712 687.35864 453.5144 473.54274297137306 644.2927429713731 466.3978277836013 562.3978277836013
5730 687.35864 453.5144 467.15087413130334 637.9008741313033 460.00202610763864 556.0020261076386
5746 685.1115 453.15436 461.7451414322254 632.4951414322254 454.0536489719888 550.0536489719889
5763 685.06335 451.87012 456.29865965604995 627.04865965605 447.47585175716756 543.4758517571676
5780 685.06335 451.87012 451.1702998949387 621.9202998949387 440.6471252215585 536.6471252215586
5798 687.07654 450.9163 446.09983091410595 616.849830914106 433.16029607556385 529.1602960755638
5814 687.07654 450.9163 441.9133795805666 612.6633795805666 426.29889958551144 522.2988995855114
5831 686.8776 449.6386 437.80565612063515 608.5556561206351 418.8116979778178 514.8116979778179
5849 686.8776 449.6386 433.8486005938714 604.5986005938714 410.68126269395975 506.68126269395975
5865 685.759 448.8938 430.67789368960894 601.4278936896089 403.295346752855 499.295346752855
5882 685.759 448.8938 427.67389913133843 598.4238991313384 395.30112404946493 491.30112404946493
5899 685.88104 448.0556 425.052460199564 595.8024601995639 387.1734160167848 483.1734160167848
5917 685.88104 448.0556 422.70033489037223 593.4503348903722 378.44244969702606 474.44244969702606
5933 685.88104 448.0556 420.97997798067684 591.7299779806768 370.59098431373195 466.59098431373195
5950 686.28784 448.2321 419.53810174796206 590.2881017479621 362.1735872774116 458.1735872774116
5967 687.3532 448.373 418.4970946157316 589.2470946157316 353.69727415859836 449.69727415859836
5984 687.3532 448.373 417.85929986469176 588.6092998646918 345.18112492358273 441.18112492358273
6001 690.78906 447.91486 417.6286526131048 588.3786526131048 337.1467028281774 433.1467028281774
