1 675.0496 449.1727 297.62542067616835 468.37542067616835 335.4976002348308 431.4976002348308
18 675.0496 449.1727 297.76128878990846 468.51128878990846 326.9581694712406 422.9581694712406
34 677.3504 453.7984 298.1111703954607 468.8611703954607 318.92762829531256 414.92762829531256
51 677.3504 453.7984 298.7185140048509 469.4685140048509 310.4087391863609 406.4087391863609
68 678.7073 456.54184 299.56810583748677 470.31810583748677 301.91059046864586 397.91059046864586
85 678.7073 456.54184 300.6592573431978 471.4092573431978 293.44006945149073 389.44006945149073
102 678.7073 456.54184 301.9910842002114 472.7410842002114 285.00404105339845 381.00404105339845
119 627.9423 460.11002 303.56250703184975 474.31250703184975 276.6093422383909 372.6093422383909
137 627.9423 460.11002 305.4860993111701 476.2360993111701 267.7734457537099 363.7734457537099
153 642.1537 462.3783 307.4188532438116 478.1688532438116 259.9711082224287 355.9711082224287
170 642.1537 462.3783 309.7006512552929 480.4506512552929 251.74105744826687 347.7410574482669
187 650.6107 455.58948 312.21579703666407 482.96579703666407 243.57929418234613 339.57929418234613
204 650.6107 455.58948 314.9622521925565 485.7122521925565 235.4924331110061 331.4924331110061
221 654.3649 449.97607 317.93779086333535 488.68779086333535 227.48702821623766 323.48702821623766
238 658.1434 444.91223 321.14000152904384 491.89000152904384 219.5695674640201 315.5695674640201
256 658.1434 444.91223 324.77475501321027 495.52475501321027 211.2893596734873 307.2893596734873
273 662.25323 439.6561 328.4352697116431 499.1852697116431 203.57308012612515 299.57308012612515
289 662.25323 439.6561 332.0798074744846 502.8298074744846 196.40862946948707 292.4086294694871
306 664.3754 436.45636 336.16094923283765 506.91094923283765 188.90632183391858 284.9063218339186
323 664.3754 436.45636 340.4539940602396 511.2039940602396 181.52322600490484 277.5232260049048
341 664.3754 436.45636 345.2266685145469 515.9766685145469 173.84241533816768 269.8424153381677
357 669.8861 434.41498 349.6617068437197 520.4117068437197 167.13850276900726 263.13850276900723
374 669.8861 434.41498 354.5689124255555 525.3189124255555 160.14853343516307 256.1485334351631
392 622.61 436.1623 359.9793956887837 530.7293956887837 152.90284887099742 248.90284887099742
408 634.7796 432.91132 364.97014001297055 535.7201400129705 146.601699784777 242.601699784777
425 634.7796 432.91132 370.45573236238414 541.2057323623842 140.05581447516937 236.05581447516937
442 644.8671 432.07562 376.12543363562395 546.875433635624 133.66873177782583 229.66873177782583
459 644.8671 432.07562 381.9746488335043 552.7246488335043 127.44562809241546 223.44562809241546
476 652.6275 430.7415 387.9986374701024 558.7486374701024 121.39154692211227 217.39154692211227
494 652.6275 430.7415 394.5620474236076 565.3120474236076 115.17102252884061 211.1710225288406
510 662.2111 429.6554 400.5512688483818 571.3012688483818 109.8099372430793 205.8099372430793
527 662.2111 429.6554 407.06973833256984 577.8197383325698 104.29179502905546 200.29179502905546
544 663.7227 427.28668 413.7426429853873 584.4926429853873 98.96144031244515 194.96144031244515
562 664.917 423.34952 420.97038828338435 591.7203882833844 93.52701560946679 189.5270156094668
578 664.917 423.34952 427.53000484391305 598.280004843913 88.88121758382923 184.88121758382923
595 664.917 423.34952 434.6332881070341 605.3832881070341 84.13951907017963 180.13951907017963
613 667.6275 421.77335 442.298267202495 613.048267202495 79.34146014899 175.34146014899
629 667.6275 421.77335 449.2302797509776 619.9802797509776 75.27215913482809 171.2721591348281
646 670.63074 424.2005 456.71215802621145 627.4621580262115 71.15368424901567 167.15368424901567
664 670.63074 424.2005 464.7584925058843 635.5084925058843 67.02696940712423 163.02696940712423
680 671.86395 423.4982 472.0123660236304 642.7623660236304 63.563830988764266 159.56383098876427
697 671.86395 423.4982 479.81829571979983 650.5682957197998 60.09860379723074 156.09860379723074
714 675.17664 425.45215 487.71970164728384 658.4697016472838 56.85698039535282 152.85698039535282
732 675.17664 425.45215 496.18284410284525 666.9328441028453 53.6713103368038 149.6713103368038
748 676.2498 426.69504 503.783255286693 674.533255286693 51.0548702834833 147.0548702834833
765 676.2498 426.69504 511.93238432050157 682.6823843205016 48.49908588318232 144.49908588318232
782 677.57275 427.13333 520.1509627803556 690.9009627803556 46.176306080939696 142.1763060809397
799 676.2493 425.94666 528.4323299341439 699.1823299341439 44.08841336946284 140.08841336946284
816 676.2493 425.94666 536.7697741627716 707.5197741627716 42.23709987763954 138.23709987763954
834 676.2493 425.94666 545.6512683082123 716.4012683082123 40.53641304886645 136.53641304886645
850 678.1636 423.18076 553.585825606595 724.335825606595 39.25001917650059 135.2500191765006
868 678.1636 423.18076 562.5497092126128 733.2997092126128 38.05751565750103 134.05751565750103
884 682.6783 423.81403 570.5446140026227 741.2946140026227 37.2247455122278 133.2247455122278
901 682.6783 423.81403 579.0603709721212 749.8103709721212 36.574960050003085 132.57496005000309
918 684.1437 426.07794 587.5911736117806 758.3411736117806 36.167843072143 132.167843072143
935 684.1437 426.07794 596.1301081479654 766.8801081479654 36.00372452586896 132.00372452586896
952 685.67786 427.20532 604.6702542165596 775.4202542165596 36.08273742076125 132.08273742076125
969 685.67786 427.20532 613.2046904715623 783.9546904715623 36.40481772096149 132.4048177209615
986 687.57837 428.77997 621.7265001944813 792.4765001944813 36.96970439707047 132.96970439707047
1003 687.2875 427.0721 630.2287768999744 800.9787768999744 37.77693963769889 133.7769396376989
1020 687.2875 427.0721 638.7046299331981 809.4546299331981 38.82586922049978 134.82586922049978
1038 689.36237 426.60342 647.6426280498187 818.3926280498187 40.19899106955364 136.19899106955364
1054 689.36237 426.60342 655.5496150057149 826.2996150057149 41.645215808474234 137.64521580847423
1071 688.1246 423.37347 663.9050950571935 834.6550950571935 43.41334787928315 139.41334787928315
1088 688.1246 423.37347 672.2068585250034 842.9568585250034 45.41860627535635 141.41860627535635
1105 688.1246 423.37347 680.4481772598931 851.1981772598931 47.65936583863811 143.6593658386381
1122 691.1571 423.6674 688.6223720999366 859.3723720999366 50.133810549576026 146.13381054957603
1139 691.1571 423.6674 696.7228182836474 867.4728182836474 52.839934998910564 148.83993499891056
1157 692.6414 424.61884 705.2120829453671 875.9620829453671 55.95532573657704 151.95532573657704
1173 695.56396 423.97375 712.6762698040402 883.4262698040402 58.93826443105149 154.9382644310515
1190 695.56396 423.97375 720.5163456946693 891.2663456946693 62.32552703375262 158.32552703375262
1208 693.16077 423.75024 728.7089106673807 899.4589106673807 66.15373198032523 162.15373198032523
1224 693.16077 423.75024 735.8914330094331 906.6414330094331 69.76252423287974 165.76252423287974
1241 694.15814 423.23297 743.413983721744 914.163983721744 73.80623152831976 169.80623152831976
1258 694.15814 423.23297 750.8183800147626 921.5683800147626 78.06243329120804 174.06243329120804
1275 693.3453 421.53732 758.0986210088488 928.8486210088488 82.52768009049117 178.52768009049117
1292 693.3453 421.53732 765.2488064458005 935.9988064458005 87.19835307494287 183.19835307494287
1309 693.47705 423.7254 772.263141470708 943.013141470708 92.0706669060545 188.0706669060545
1327 693.47705 423.7254 779.5356963702274 950.2856963702274 97.4449779482751 193.4449779482751
1343 695.1826 425.4705 785.8616359705578 956.6116359705578 102.40426185718263 198.40426185718263
1360 695.1826 425.4705 792.434774570124 963.184774570124 107.85716813378187 203.85716813378187
1378 695.35315 423.50638 799.2223693489477 969.9723693489477 113.83226905874935 209.83226905874935
1395 695.35315 423.50638 805.4647900584413 976.2147900584413 119.66086422363836 215.66086422363836
1412 696.0829 423.4497 811.5387673844003 982.2887673844003 125.66479105149173 221.66479105149173
1429 696.0829 423.4497 817.4393786828404 988.1893786828404 131.83918367062486 227.83918367062486
1445 695.4341 422.12662 822.8302415379586 993.5802415379586 137.80161659632608 233.80161659632608
1462 695.4341 422.12662 828.3807966001699 999.1307966001699 144.29250840037312 240.29250840037312
1479 697.5996 421.98148 833.7443360426164 1004.4943360426164 150.93876919572267 246.93876919572267
1496 697.5996 421.98148 838.9165129944168 1009.6665129944168 157.73501253228335 253.73501253228335
1514 698.4077 420.19135 844.1797012529947 1014.9297012529947 165.08838749211185 261.08838749211185
1530 698.4077 420.19135 848.6701707867052 1019.4201707867052 171.7552977272204 267.7552977272204
1547 699.80237 419.0463 853.2437467928016 1023.9937467928016 178.96797687071094 274.9679768707109
1564 700.04297 418.6288 857.6101570459276 1028.3601570459277 186.30792233453255 282.3079223345326
1581 700.04297 418.6288 861.7658627967578 1032.5158627967578 193.76918547310373 289.76918547310373
1598 700.04297 418.6288 865.7074960610505 1036.4574960610505 201.34571931915121 297.3457193191512
1615 701.0422 419.945 869.4318623492258 1040.1818623492259 209.03138348446487 305.03138348446487
1633 701.0422 419.945 873.1351439647128 1043.8851439647128 217.28117010118746 313.28117010118746
1649 701.1332 420.78058 876.2168989033121 1046.966898903312 224.7051040458423 320.7051040458423
1666 701.1332 420.78058 879.2720702485676 1050.0220702485676 232.6804577033056 328.6804577033056
1683 703.0332 421.63446 882.0989812329851 1052.8489812329851 240.73954649774532 336.7395464977453
1701 703.0332 421.63446 884.84084210631 1055.59084210631 249.35670803135872 345.3567080313587
1717 703.34064 420.91846 887.0590447096293 1057.8090447096292 257.08274103198784 353.08274103198784
1734 702.9469 421.00177 889.1881773273444 1059.9381773273444 265.35360145921436 361.35360145921436
1751 702.9469 421.00177 891.0810130930984 1061.8310130930984 273.6817171329047 369.6817171329047
1769 701.70337 418.5503 892.8259350518042 1063.5759350518042 282.55462653755245 378.55462653755245
1785 701.70337 418.5503 894.1518506369953 1064.9018506369953 290.4826752619944 386.4826752619944
1802 701.2821 419.8874 895.3273636603816 1066.0773636603817 298.94190141113677 394.94190141113677
1819 701.2821 419.8874 896.2616043392997 1067.0116043392995 307.4311612295389 403.4311612295389
1836 650.16583 420.88318 896.9538155200738 1067.703815520074 315.9435746118702 411.9435746118702
1853 650.16583 420.88318 897.4034362013994 1068.1534362013995 324.4722426880359 420.4722426880359
1870 650.16583 420.88318 897.6101019890048 1068.3601019890048 333.01025341435343 429.01025341435343
1887 662.0101 421.09985 897.5736453909749 1068.323645390975 341.5506871754069 437.5506871754069
1904 662.0101 421.09985 897.2940959534936 1068.0440959534935 350.08662239203596 446.08662239203596
1921 620.7086 421.2082 896.7716802368993 1067.5216802368993 358.6111411309172 454.6111411309172
1938 638.0238 420.98767 896.0068216320687 1066.7568216320687 367.1173347111916 463.1173347111916
1955 638.0238 420.98767 895.0001400172805 1065.7501400172805 375.5983093035911 471.5983093035911
1972 652.1421 418.23523 893.7524512558361 1064.5024512558361 384.04719151753216 480.04719151753216
1989 652.1421 418.23523 892.2647665348454 1063.0147665348454 392.4571339716405 488.4571339716405
2006 662.73895 417.73148 890.5382915457113 1061.2882915457112 400.8213208432003 496.8213208432003
2023 662.73895 417.73148 888.5744255069792 1059.3244255069792 409.13297339202586 505.13297339202586
2040 671.83765 415.82916 886.3747600303433 1057.1247600303432 417.385355454278 513.3853554542779
2058 671.83765 415.82916 883.7906735406054 1054.5406735406054 426.0511370669554 522.0511370669553
2074 677.94617 416.09778 881.2753512814876 1052.0253512814875 433.68560906238275 529.6856090623828
2091 677.94617 416.09778 878.3797408159044 1049.1297408159044 441.7202700970553 537.7202700970553
2108 677.94617 416.09778 875.2565931762647 1046.0065931762647 449.6692503292295 545.6692503292295
2125 685.1304 413.94348 871.9084395119482 1042.6584395119482 457.52610752219204 553.526107522192
2142 689.1282 415.0351 868.3379933280626 1039.0879933280626 465.2844741001809 561.2844741001809
2160 689.1282 415.0351 864.3184484911064 1035.0684484911064 473.3848773771026 569.3848773771026
2176 696.136 414.38782 860.5419758597092 1031.291975859709 480.4806693117979 576.4806693117979
2193 696.136 414.38782 856.3227228435584 1027.0727228435585 487.90618221638465 583.9061822163847
2210 699.8441 415.62955 851.8938087238421 1022.6438087238421 495.20858302917645 591.2085830291765
2227 699.8441 415.62955 847.2588229060326 1018.0088229060326 502.38195353258584 598.3819535325858
2245 703.5041 415.06418 842.1307571776003 1012.8807571776003 509.8301892854297 605.8301892854297
2262 703.5041 415.06418 837.0835164298949 1007.8335164298949 516.719724737489 612.719724737489
2279 705.21533 415.35632 831.8422069588121 1002.5922069588121 523.4627962141102 619.4627962141102
2295 705.21533 415.35632 826.7357312689596 997.4857312689596 529.6705264551181 625.6705264551181
2313 709.0245 416.78973 820.794526925818 991.544526925818 536.4878107309933 632.4878107309933
2329 709.5019 416.00488 815.3430576999276 986.0930576999276 542.394882086187 638.394882086187
2346 709.5019 416.00488 809.379702109853 980.129702109853 548.5086966087915 644.5086966087915
2363 709.5019 416.00488 803.2447303028227 973.9947303028227 554.4502838409564 650.4502838409564
2380 711.2389 415.0503 796.9431143556885 967.6931143556885 560.2148284340103 656.2148284340103
2397 711.2389 415.0503 790.4799614017456 961.2299614017456 565.7976585231695 661.7976585231695
2414 713.93066 416.08167 783.8605094916655 954.6105094916655 571.1942495138428 667.1942495138428
2432 713.93066 416.08167 776.6872816327669 947.4372816327669 576.7004347658467 672.7004347658467
2448 713.8996 416.92792 770.1742900189863 940.9242900189863 581.4113740517007 677.4113740517007
2465 713.8996 416.92792 763.1186144283101 933.8686144283101 586.2236271487043 682.2236271487043
2482 714.55176 417.91425 755.9288148358737 926.6788148358737 590.8330869577367 686.8330869577367
2500 715.55945 419.25476 748.1763727666926 918.9263727666926 595.48850486691 691.48850486691
2516 715.55945 419.25476 741.17025546435 911.92025546435 599.4288511793545 695.4288511793545
2533 714.93475 420.00186 733.6134567331254 904.3634567331254 603.4081891703074 699.4081891703074
2551 714.93475 420.00186 725.4921459641587 896.2421459641587 607.3853219740902 703.3853219740902
2567 712.8987 417.89615 718.1754381858558 888.9254381858558 610.7136542896951 706.7136542896951
2584 712.8987 417.89615 710.3067300841386 881.0567300841386 614.0338607170812 710.0338607170812
2601 711.61285 417.07532 702.346699277214 873.096699277214 617.1287351027865 713.1287351027865
2618 711.61285 417.07532 694.3017969577133 865.0517969577133 619.9957692114392 715.9957692114392
2635 711.61285 417.07532 686.178543102233 856.928543102233 622.6326394604092 718.6326394604092
2653 711.19055 415.90247 677.4993677514212 848.2493677514212 625.1713771733134 721.1713771733134
2669 711.19055 415.90247 669.7233728534557 840.4733728534557 627.2075284601758 723.2075284601758
2686 711.01746 412.56863 661.4047925232513 832.1547925232513 629.1418395004217 725.1418395004217
2703 710.3068 411.81277 653.0345219750633 823.7845219750633 630.8385742647915 726.8385742647915
2720 710.3068 411.81277 644.6193448795832 815.3693448795832 632.296357637651 728.296357637651
2737 710.6136 411.89902 636.1660813019316 806.9160813019316 633.5140081610913 729.5140081610913
2754 710.6136 411.89902 627.6815821743512 798.4315821743512 634.4905389924386 730.4905389924386
2771 711.60974 412.72226 619.1727237438794 789.9227237438794 635.2251587040392 731.2251587040392
2788 711.60974 412.72226 610.6464019995067 781.3964019995067 635.7172719246712 731.7172719246712
2805 711.5609 414.67282 602.1095270833351 772.8595270833351 635.9664798220608 731.9664798220608
2822 711.5609 414.67282 593.5690176902656 764.3190176902656 635.9725804261168 731.9725804261168
2840 708.93494 414.33093 584.5298561883765 755.2798561883765 635.714059077236 731.714059077236
2856 708.93494 414.33093 576.5047793711809 747.2547793711809 635.2556370072082 731.2556370072082
2873 713.4992 415.27634 567.9948801263789 738.7448801263789 634.5331740297464 730.5331740297464
2890 713.4992 415.27634 559.5089945588649 730.2589945588649 633.5687653790487 729.5687653790487
2907 714.1803 414.069 551.0540000393138 721.8040000393138 632.3631926583694 728.3631926583694
2924 714.1803 414.069 542.6367489028069 713.3867489028069 630.9174329219486 726.9174329219486
2941 715.5929 413.80762 534.2640628953682 705.0140628953682 629.232657883161 725.232657883161
2958 715.5929 413.80762 525.9427276452934 696.6927276452934 627.3102329649023 723.3102329649023
2976 717.8646 411.5448 517.1953667532769 687.9453667532769 625.0174287059479 721.0174287059479
2992 717.8646 411.5448 509.48103837910116 680.2310383791012 622.7588569334407 718.7588569334407
3010 717.99194 410.41602 500.8783318686146 671.6283318686146 619.9719743310518 715.9719743310518
3027 717.99194 410.41602 492.83413519547366 663.5841351954737 617.1029609476205 713.1029609476205
3043 718.17975 412.19904 485.3405915726703 656.0905915726703 614.1945571432422 710.1945571432422
3061 718.17975 412.19904 477.0069751274623 647.7569751274623 610.6839858379951 706.6839858379951
3077 720.228 413.43738 469.691086470933 640.441086470933 607.3538534259965 703.3538534259965
3094 720.2499 411.8292 462.0187085871838 632.7687085871838 603.6021930576474 699.6021930576474
3111 720.2499 411.8292 454.4562325780845 625.2062325780845 599.6336549738851 695.6336549738851
3128 720.2499 411.8292 447.00978743869564 617.7597874386956 595.4514554692516 691.4514554692516
3145 719.7543 413.6199 439.68540812706976 610.4354081270698 591.058983999804 687.058983999804
3162 719.7543 413.6199 432.4890306732291 603.2390306732291 586.4598004361334 682.4598004361334
3179 719.29224 412.86954 425.4264873683203 596.1764873683203 581.6576321782761 677.6576321782761
3197 719.29224 412.86954 418.1007341971813 588.8507341971813 576.3560650118047 672.3560650118047
3213 717.67633 416.15027 411.72568540279684 582.4756854027969 571.4600705688548 667.4600705688548
3230 717.67633 416.15027 405.09853053246013 575.8485305324601 566.0729418127313 662.0729418127313
3247 715.9411 416.3701 398.6274083925641 569.3774083925641 560.4993508552757 656.4993508552757
3265 718.43427 414.57352 391.9515285815807 562.7015285815808 554.3996867092457 650.3996867092457
3282 718.43427 414.57352 385.818018823778 556.568018823778 548.4565902131905 644.4565902131905
3298 717.1398 413.6355 380.2020257696452 550.9520257696452 542.7057093474355 638.7057093474355
3315 717.1398 413.6355 374.4061519627961 545.1561519627961 536.4328962045494 632.4328962045494
3332 717.8871 416.32074 368.7911854693228 539.5411854693227 529.9976425819129 625.9976425819129
3349 717.8871 416.32074 363.3616769287074 534.1116769287074 523.4051639192346 619.4051639192346
3367 714.8824 415.8797 357.81981603687143 528.5698160368714 516.259462288142 612.259462288142
3383 714.8824 415.8797 353.07648117741576 523.8264811774158 509.7700260162269 605.7700260162269
3401 714.8824 415.8797 347.9502481623738 518.7002481623738 502.3205287834901 598.3205287834901
3417 714.8784 418.029 343.58390042682595 514.333900426826 495.5716758314352 591.5716758314352
3434 714.8784 418.029 339.144558420162 509.894558420162 488.2756097367269 584.2756097367269
3451 713.98553 417.9747 334.91470142185455 505.66470142185455 480.85613214835485 576.8561321483548
3468 713.98553 417.9747 330.8977575118902 501.6477575118902 473.3192561685689 569.3192561685689
3485 712.6339 416.80225 327.0969822152257 497.8469822152257 465.6710900449318 561.6710900449318
3502 712.7284 415.4412 323.5154558633554 494.2654558633554 457.9178322199049 553.9178322199049
3519 712.7284 415.4412 320.1560810978608 490.9060810978608 450.06576630732854 546.0657663073285
3536 714.73016 414.1504 317.0215805179704 487.7715805179704 442.1212559998803 538.1212559998803
3553 714.73016 414.1504 314.1144944740342 484.8644944740342 434.0907399116313 530.0907399116313
3570 712.03235 412.72028 311.4371790087004 482.1871790087004 425.9807263598813 521.9807263598814
3587 712.03235 412.72028 308.9918039474663 479.7418039474663 417.79778809050777 513.7977880905078
3604 710.6634 415.69385 306.780351140146 477.530351140146 409.5485569510936 505.5485569510936
3621 710.6634 415.69385 304.80461285468476 475.55461285468476 401.23971851615926 497.23971851615926
3638 710.40594 413.93417 303.06619032461737 473.81619032461737 392.87800666884965 488.87800666884965
3656 710.40594 413.93417 301.4857362133312 472.2357362133312 383.97433109371923 479.97433109371923
3672 713.03784 413.7127 300.30673466233077 471.05673466233077 376.02310703330426 472.02310703330426
3690 713.03784 413.7127 299.23553131423415 469.98553131423415 367.043920136258 463.043920136258
3706 717.96967 415.33115 298.5109279242903 469.2609279242903 359.03848706593226 455.03848706593226
3723 717.96967 415.33115 297.97633438360816 468.72633438360816 350.5147233633919 446.5147233633919
3741 718.0316 415.78122 297.6749980009779 468.4249980009779 341.4768878742076 437.4768878742076
3758 718.0316 415.78122 417.6579818975829 588.4079818975829 332.55436575878036 428.55436575878036
3774 715.7561 412.35205 417.99123095517183 588.7412309551719 324.5235450269113 420.5235450269113
3791 715.7561 412.35205 418.73774721758974 589.4877472175897 316.01623679178385 412.01623679178385
3808 715.6424 412.19107 419.88693415828243 590.6369341582824 307.553911501838 403.553911501838
3826 715.6424 412.19107 421.53972789945465 592.2897278994546 298.66399928652106 394.66399928652106
3843 714.42505 413.04718 423.5087967246308 594.2587967246309 290.35410470841526 386.35410470841526
3859 714.42505 413.04718 425.72015609929747 596.4701560992975 282.62655488470796 378.62655488470796
3876 715.8977 413.2092 428.4451933182859 599.1951933182859 274.53299249891984 370.53299249891984
3893 715.4877 413.03336 431.55105000007745 602.3010500000775 266.5777907912517 362.5777907912517
3910 715.4877 413.03336 435.03073493989234 605.7807349398923 258.7788567193968 354.7788567193968
3927 715.4877 413.03336 438.876415455004 609.626415455004 251.15374548655507 347.15374548655507
3945 717.36426 415.1815 443.3376014504479 614.0876014504479 243.28862718732034 339.28862718732034
3961 717.36426 415.1815 447.6303327319572 618.3803327319572 236.49321736108072 332.4932173610807
3978 716.8059 411.67722 452.518864647575 623.268864647575 229.49080094619188 325.4908009461919
3996 716.8059 411.67722 458.0507256503695 628.8007256503695 222.33812451057264 318.33812451057264
4012 716.90564 410.52847 463.26407999467915 634.0140799946792 216.22043924223226 312.22043924223226
4030 716.90564 410.52847 469.44880561963384 640.1988056196338 209.62411941289355 305.62411941289355
4046 713.85474 410.02554 475.21838667089924 645.9683866708992 204.0279536670738 300.0279536670738
4063 665.9973 411.3134 481.6157313118342 652.3657313118342 198.37060786867886 294.37060786867886
4081 665.9973 411.3134 488.6736998190197 659.4236998190197 192.7184094558065 288.7184094558065
4097 675.467 411.88553 495.1788343096449 665.9288343096449 187.9973542961332 283.9973542961332
4114 675.467 411.88553 502.31406246496294 673.064062464963 183.30479645322103 279.304796453221
4131 682.2006 412.7004 509.66383312829794 680.4138331282979 178.95595164869005 274.9559516486901
4148 682.2006 412.7004 517.2116021519138 687.9616021519138 174.9606090221234 270.96060902212344
4166 689.40564 411.8593 525.4002807325808 696.1502807325808 171.12553282347662 267.12553282347665
4183 689.40564 411.8593 533.3017438562879 704.0517438562879 167.88540004190477 263.88540004190475
4199 689.40564 411.8593 540.8710029469295 711.6210029469295 165.1814301122385 261.1814301122385
4216 693.7254 413.72855 549.0369892185008 719.7869892185008 162.68178050678887 258.68178050678887
4233 693.7254 413.72855 557.3123458725511 728.0623458725511 160.57226582663537 256.5722658266354
4250 696.6964 415.46362 565.678445290706 736.428445290706 158.85763453593017 254.85763453593017
4267 700.6909 416.72037 574.1164555949256 744.8664555949256 157.54174622631027 253.54174622631027
4284 700.6909 416.72037 582.6073830375866 753.3573830375866 156.6275629290547 252.6275629290547
4301 702.9563 416.5502 591.132114755926 761.882114755926 156.1171424476271 252.1171424476271
4318 702.9563 416.5502 599.6714617946108 770.4214617946108 156.01163372561214 252.01163372561214
4336 706.0332 416.34238 608.7076916320163 779.4576916320163 156.341507447631 252.341507447631
4352 706.0332 416.34238 616.7171247860152 787.4671247860152 157.01538956894865 253.01538956894865
4369 707.4965 415.47165 625.1850713827765 795.9350713827765 158.12239470530233 254.12239470530233
4387 707.4965 415.47165 634.0831090553891 804.8331090553891 159.73086973577773 255.73086973577773
4404 707.4965 415.47165 642.4027122819134 813.1527122819134 161.65850613580778 257.6585061358078
4421 709.75183 415.71274 650.6215220114407 821.3715220114407 163.97858082584344 259.97858082584344
4438 711.7459 414.9863 658.7210379112927 829.4710379112927 166.68587137647998 262.68587137648
4455 711.7459 414.9863 666.6830281761817 837.4330281761817 169.77428374521077 265.77428374521077
4471 716.5071 412.74 674.0349817666976 844.7849817666976 173.0229627020636 269.02296270206364
4489 716.5071 412.74 682.1230927560449 852.8730927560449 177.0658239377357 273.0658239377357
4505 717.57495 417.22644 689.1341369531456 859.8841369531456 180.99652309031762 276.9965230903176
4522 717.57495 417.22644 696.3831279004737 867.1331279004737 185.51135533338842 281.51135533338845
4539 715.9045 422.17786 703.4098168015221 874.1598168015221 190.36493370665013 286.36493370665016
4556 715.9045 422.17786 710.1983867574248 880.9483867574248 195.54633292803192 291.5463329280319
4573 717.0578 422.43332 716.733556869033 887.483556869033 201.0438897990301 297.0438897990301
4590 717.0578 422.43332 723.0006166338345 893.7506166338345 206.8452294582745 302.8452294582745
4607 716.29767 424.6107 728.9854590589218 899.7354590589218 212.9372932370277 308.9372932370277
4625 716.29254 422.09708 734.9997830567704 905.7497830567704 219.68934279222185 315.68934279222185
4641 716.29254 422.09708 740.0552705632856 910.8052705632856 225.93811728273374 321.93811728273374
4658 717.64734 422.73434 745.1153217770493 915.8653217770493 232.81761302381858 328.8176130238186
4675 717.64734 422.73434 749.8433760095571 920.5933760095571 239.9293697063817 335.9293697063817
4692 717.64734 422.73434 754.2287905304013 924.9787905304013 247.25737894613326 343.25737894613326
4710 716.6759 426.20868 758.4877475670244 929.2377475670244 255.233816202647 351.233816202647
4726 716.6759 426.20868 761.9330081024611 932.6830081024611 262.4957247950736 358.4957247950736
4744 720.13257 426.44055 765.4169917624882 936.1669917624882 270.8398319494411 366.8398319494411
4760 720.13257 426.44055 768.1586455346032 938.9086455346032 278.3955232583588 374.3955232583588
4777 721.37415 424.44443 770.6989549944915 941.4489549944915 286.5489524624127 382.5489524624127
4794 721.37415 424.44443 772.8496793622878 943.5996793622878 294.8136947228397 390.8136947228397
4811 722.4201 425.70483 774.605977411876 945.355977411876 303.17114631399613 399.17114631399613
4828 721.84064 424.51733 775.9638957607996 946.7138957607996 311.60249482388303 407.60249482388303
4845 721.84064 424.51733 776.9203777692248 947.6703777692248 320.08876150040663 416.08876150040663
4862 720.2427 423.99805 777.47327042036 948.22327042036 328.6108439720703 424.6108439720703
4879 720.2427 423.99805 777.6213291668411 948.3713291668411 337.1495592469291 433.1495592469291
4896 721.74854 425.24377 777.3642207321774 948.1142207321774 345.68568689301895 441.68568689301895
4913 721.74854 425.24377 776.7025238609478 947.4525238609478 354.200012303063 450.200012303063
4930 721.74854 425.24377 775.6377280160616 946.3877280160616 362.6733699460652 458.6733699460652
4947 721.37354 425.30377 774.1722300260149 944.9222300260149 371.0866865084376 467.0866865084376
4964 721.37354 425.30377 772.3093286896907 943.0593286896907 379.4210238275436 475.4210238275436
4981 720.9923 425.1875 770.0532173508461 940.8032173508461 387.65762152102405 483.65762152102405
4998 720.9923 425.1875 767.4089744590015 938.1589744590015 395.77793921594457 491.77793921594457
5015 722.0353 425.29626 764.3825521379785 935.1325521379785 403.7636982827043 499.7636982827043
5032 721.43024 424.03162 760.9807627878217 931.7307627878217 411.59692297976756 507.59692297976756
5049 721.43024 424.03162 757.2112637502574 927.9612637502574 419.25998091660404 515.259980916604
5066 720.6424 424.72507 753.0825400722103 923.8325400722103 426.73562274375536 522.7356227437554
5083 720.6424 424.72507 748.6038854061801 919.3538854061801 434.00702098068035 530.0070209806804
5100 721.2807 424.19785 743.7853810904619 914.5353810904619 441.057807893992 537.057807893992
5117 721.2807 424.19785 738.6378734563121 909.3878734563121 447.8721123408068 543.8721123408068
5135 721.23535 427.40045 732.8418577475671 903.5918577475671 454.81246307048013 550.8124630704801
5151 721.23535 427.40045 727.4029103666112 898.1529103666112 460.73048537096236 556.7304853709624
5168 721.23535 427.40045 721.3407445286122 892.0907445286122 466.7456100820642 562.7456100820642
5185 720.93225 428.2535 715.0000976809954 885.7500976809954 472.46642973411736 568.4664297341174
5202 720.93225 428.2535 708.3952424593289 879.1452424593289 477.8800669068827 573.8800669068827
5219 722.1983 429.68863 701.5410462255444 872.2910462255444 482.9743356401059 578.9743356401059
5236 722.1983 429.68863 694.4529376018812 865.2029376018812 487.73776886380733 583.7377688638073
5253 718.687 430.53156 687.1468717414465 857.8968717414465 492.15964421036574 588.1596442103657
5270 715.85706 431.23386 679.639294413571 850.389294413571 496.2300081502966 592.2300081502966
5287 715.85706 431.23386 671.9471049847989 842.6971049847989 499.93969839739407 595.9396983973941
5304 715.2124 430.58228 664.0876183788416 834.8376183788416 503.28036453280606 599.2803645328061
5321 715.2124 430.58228 656.0785261011198 826.8285261011198 506.2444868016163 602.2444868016163
5338 716.6959 430.48007 647.9378564156366 818.6878564156366 508.8253930396211 604.8253930396211
5355 716.6959 430.48007 639.6839337638094 810.4339337638094 511.01727369220305 607.017273692203
5372 718.57684 432.59268 631.335337516615 802.085337516615 512.8151948914908 608.8151948914908
5389 718.57684 432.59268 622.9108601528986 793.6608601528986 514.2151095623715 610.2151095623715
5407 719.01483 430.99622 613.9291943374132 784.6791943374132 515.2600715357657 611.2600715357657
5423 719.01483 430.99622 605.9102433377668 776.6602433377668 515.8092176247758 611.8092176247758
5440 717.83044 432.42746 597.3723718445073 768.1223718445073 515.9998227193989 611.9998227193989
5457 717.83044 432.42746 588.8350690108309 759.5850690108309 515.7852527689789 611.7852527689789
5475 715.94495 433.67697 579.8175479661336 750.5675479661336 515.1169859395293 611.1169859395293
5492 715.94495 433.67697 571.3418767722527 742.0918767722527 514.0707652406622 610.0707652406622
5508 714.66925 434.09717 563.4184791480179 734.1684791480179 512.7198741828516 608.7198741828516
5525 714.66925 434.09717 555.0749625136663 725.8249625136663 510.8985257511097 606.8985257511097
5543 715.71936 433.06134 546.3454446332313 717.0954446332313 508.5410304866251 604.5410304866251
5560 715.71936 433.06134 538.2193505800357 708.9693505800357 505.9145927134932 601.9145927134932
5576 716.88824 434.34918 530.6930913626405 701.4430913626405 503.0931464966776 599.0931464966776
5593 716.88824 434.34918 522.843012891798 693.593012891798 499.7304321259451 595.7304321259451
5610 717.7771 433.8463 515.1612667811617 685.9112667811617 495.99916469660786 591.9991646966079
5627 717.56726 432.98145 507.6651444467964 678.4151444467964 491.90774319720856 587.9077431972086
5644 717.56726 432.98145 500.37151947034613 671.1215194703461 487.4653773139863 583.4653773139863
5661 717.56726 432.98145 493.29680961702684 664.0468096170268 482.6820667001052 578.6820667001052
5678 719.0596 434.22253 486.4569398796541 657.2069398796541 477.56857846668925 573.5685784666892
5695 719.0596 434.22253 479.86730663188473 650.6173066318847 472.13642294632587 568.1364229463259
5713 721.29486 432.9275 473.1792719367003 643.9292719367003 466.0509929481327 562.0509929481327
5729 721.29486 432.9275 467.4974853308397 638.2474853308397 460.36571041097886 556.3657104109789
5747 723.2637 435.00232 461.4161702808618 632.1661702808618 453.6739338449379 549.6739338449379
5763 723.2637 435.00232 456.29865965604995 627.04865965605 447.47585175716756 543.4758517571676
5781 722.385 434.88757 450.87878898296606 621.6287889829661 440.23794679551276 536.2379467955127
5797 722.385 434.88757 446.37160595691194 617.1216059569119 433.58284065575424 529.5828406557542
5814 724.52155 433.08322 441.9133795805666 612.6633795805666 426.29889958551144 522.2988995855114
5831 726.5118 433.34674 437.80565612063515 608.5556561206351 418.8116979778178 514.8116979778179
5849 726.5118 433.34674 433.8486005938714 604.5986005938714 410.68126269395975 506.68126269395975
5866 724.2848 433.16055 430.4907154271366 601.2407154271366 402.8291173091274 498.8291173091274
5882 724.2848 433.16055 427.67389913133843 598.4238991313384 395.30112404946493 491.30112404946493
5900 725.1116 435.27463 424.9103018905736 595.6603018905736 386.6915481808328 482.6915481808328
5916 725.1116 435.27463 422.8194776869708 593.5694776869708 378.9305179198789 474.9305179198789
5933 725.1116 435.27463 420.97997798067684 591.7299779806768 370.59098431373195 466.59098431373195
5950 725.9293 436.06458 419.53810174796206 590.2881017479621 362.1735872774116 458.1735872774116
5967 725.9293 436.06458 418.4970946157316 589.2470946157316 353.69727415859836 449.69727415859836
5984 725.76074 436.35785 417.85929986469176 588.6092998646918 345.18112492358273 441.18112492358273
6001 723.3063 436.42252 417.6286526131048 588.3786526131048 337.1467028281774 433.1467028281774
