299.0 683.0 384.0 768.0
7 671.6379 363.30646
17 668.586 365.48157
34 667.5688 369.50256
51 667.5688 369.50256
68 668.27295 371.60416
85 668.27295 371.60416
103 668.27295 371.60416
119 668.9254 377.9179
136 668.9254 377.9179
153 670.3138 378.49557
170 673.86237 383.02994
187 673.86237 383.02994
204 675.069 392.95343
221 675.069 392.95343
238 677.5015 399.3208
255 677.5015 399.3208
272 677.70416 403.5785
289 677.70416 403.5785
306 677.70416 403.5785
323 676.04456 405.26425
340 676.04456 405.26425
358 645.7821 433.5548
374 645.7821 433.5548
391 617.5592 454.9248
408 592.225 466.70743
425 592.225 466.70743
442 575.31946 477.24667
459 575.31946 477.24667
476 563.08093 484.94226
493 563.08093 484.94226
510 535.7227 501.70007
528 535.7227 501.70007
544 508.69336 530.56165
561 508.69336 530.56165
578 484.7065 542.7248
595 484.7065 542.7248
612 471.51547 565.39935
630 471.51547 565.39935
646 455.9662 577.1791
663 455.9662 577.1791
680 442.00128 580.6464
698 442.00128 580.6464
714 433.86102 594.404
731 433.86102 594.404
749 425.28384 600.4662
765 421.06674 603.9359
782 421.06674 603.9359
799 421.06674 603.9359
817 419.34894 603.4502
833 419.34894 603.4502
850 412.77484 606.9728
867 412.77484 606.9728
884 408.9303 615.59595
901 408.9303 615.59595
918 403.14337 614.23224
935 405.5201 624.5265
952 405.5201 624.5265
969 324.4161 499.6212
986 324.4161 499.6212
1003 259.5329 399.69696
1020 259.5329 399.69696
1037 259.5329 399.69696
1054 207.62633 319.75757
1071 166.10106 255.80606
1088 166.10106 255.80606
1105 166.10106 255.80606
1123 132.88084 204.64485
1139 106.30468 163.71588
1157 106.30468 163.71588
1173 85.04375 130.9727
1190 85.04375 130.9727
1207 85.04375 130.9727
1224 169.29088 205.71172
1241 233.67462 280.51068
1259 233.67462 280.51068
1275 283.47174 327.51453
1292 283.47174 327.51453
1309 328.84528 374.75494
1327 328.84528 374.75494
1343 366.52692 413.0255
1360 366.52692 413.0255
1378 392.71124 436.14444
1394 392.71124 436.14444
1412 412.13965 453.63467
1429 412.13965 453.63467
1446 429.0662 470.6607
1462 429.0662 470.6607
1479 448.15576 494.8561
1496 448.15576 494.8561
1513 461.72253 513.38684
1530 471.84503 526.67645
1547 471.84503 526.67645
1564 471.84503 526.67645
1581 482.42242 531.3749
1598 482.42242 531.3749
1615 487.2891 540.94836
1632 487.2891 540.94836
1649 493.20596 539.25604
1666 493.20596 539.25604
1683 493.9867 535.38416
1700 493.9867 535.38416
1717 500.2646 541.1561
1734 500.9425 539.433
1751 500.9425 539.433
1768 482.6334 559.1453
1786 482.6334 559.1453
1802 482.6334 559.1453
1819 457.78217 567.0418
1837 457.78217 567.0418
1853 443.25452 578.70593
1870 443.25452 578.70593
1887 441.6342 591.11816
1904 439.95395 599.396
1921 439.95395 599.396
1938 440.34753 601.3002
1955 440.34753 601.3002
1972 435.91016 611.97095
1989 435.91016 611.97095
2006 430.66415 615.65753
2023 430.66415 615.65753
2040 422.27322 615.26306
2057 422.27322 615.26306
2074 422.27322 615.26306
2092 419.32013 616.9513
2108 419.98587 620.6315
2125 419.98587 620.6315
2142 418.88837 619.9638
2160 418.88837 619.9638
2177 420.73987 625.3339
2193 420.73987 625.3339
2210 415.54947 626.27893
2227 415.54947 626.27893
2244 415.6806 628.71826
2262 415.6806 628.71826
2278 414.4353 630.99896
2296 409.95062 620.31555
2312 409.95062 620.31555
2329 409.95062 620.31555
2346 408.72476 613.6971
2363 408.72476 613.6971
2380 410.0698 609.1518
2397 410.0698 609.1518
2414 405.7137 614.00824
2431 405.7137 614.00824
2448 403.58087 608.59894
2466 403.58087 608.59894
2482 402.86673 615.0807
2500 403.80566 619.1864
2516 403.80566 619.1864
2533 410.3238 624.0107
2550 410.3238 624.0107
2567 410.3238 624.0107
2584 399.7025 618.78613
2602 399.7025 618.78613
2618 394.56354 618.69434
2635 394.56354 618.69434
2653 402.4409 625.73254
2670 401.83853 601.2842
2686 401.83853 601.2842
2703 405.87103 612.03314
2720 405.87103 612.03314
2737 403.2756 622.1069
2754 403.2756 622.1069
2771 402.6591 627.1891
2789 402.6591 627.1891
2805 404.60318 633.1644
2822 404.60318 633.1644
2839 404.60318 633.1644
2856 402.58484 623.18854
2874 408.93042 632.1741
2890 408.93042 632.1741
2907 411.53735 634.4185
2924 411.53735 634.4185
2941 412.53854 634.72906
2958 412.53854 634.72906
2975 411.1427 639.1365
2992 411.1427 639.1365
3009 404.09875 634.83954
3026 404.09875 634.83954
3043 404.09875 634.83954
3060 404.95465 638.57837
3077 404.95465 638.57837
3094 401.9096 639.2412
3111 404.35944 645.37366
3129 404.35944 645.37366
3145 402.983 643.73505
3162 402.983 643.73505
3179 403.3919 645.7035
3196 403.3919 645.7035
3213 409.35605 649.28394
3230 409.35605 649.28394
3247 406.5265 648.9368
3265 409.33527 653.7782
3281 409.33527 653.7782
3298 410.6996 654.9304
3315 410.6996 654.9304
3332 410.6996 654.9304
3349 415.2151 663.02356
3366 415.2151 663.02356
3383 415.82916 664.30054
3400 415.82916 664.30054
3418 420.56802 664.3842
3434 420.56802 664.3842
3451 418.28937 656.9864
3468 419.12582 655.5089
3485 419.12582 655.5089
3502 422.2286 656.9277
3519 422.2286 656.9277
3536 424.26645 656.8607
3553 424.26645 656.8607
3571 423.48535 658.3282
3587 423.48535 658.3282
3605 423.48535 658.3282
3621 425.57587 660.5382
3638 422.79578 661.23364
3655 422.79578 661.23364
3672 416.28525 654.5694
3689 416.28525 654.5694
3706 414.97144 652.77124
3723 414.97144 652.77124
3740 413.72772 650.55725
3757 413.72772 650.55725
3774 414.32764 651.63916
3791 414.32764 651.63916
3808 446.4234 644.319
3825 446.4234 644.319
3842 476.14938 636.2687
3859 476.14938 636.2687
3876 493.45966 609.76166
3893 493.45966 609.76166
3910 512.09503 597.49585
3927 512.09503 597.49585
3945 528.75793 583.7106
3961 528.75793 583.7106
3978 545.112 585.9801
3995 545.112 585.9801
4012 553.1438 569.8929
