299.0 683.0 0.0 384.0
15 698.27386 512.30524
17 698.27386 512.30524
35 701.65076 512.02264
51 697.0454 509.45264
68 697.0454 509.45264
85 696.7161 511.60858
103 700.0471 512.32886
119 700.0471 512.32886
136 697.2225 508.89664
154 697.2225 508.89664
171 692.91766 504.93182
187 692.91766 504.93182
204 691.8677 502.65173
221 691.8677 502.65173
239 691.8677 502.65173
255 691.41376 506.0726
272 691.41376 506.0726
289 690.7189 502.12012
306 692.6769 501.5076
323 692.6769 501.5076
341 694.4055 495.53107
357 694.4055 495.53107
374 692.5909 497.6955
391 692.5909 497.6955
409 690.4282 487.07086
425 690.4282 487.07086
442 690.51685 486.74988
460 690.51685 486.74988
476 690.51685 486.74988
494 687.63416 481.84363
510 680.9145 457.15344
527 680.9145 457.15344
544 664.68134 426.89978
561 664.68134 426.89978
578 645.2453 407.24512
595 645.2453 407.24512
612 632.4001 393.63672
629 632.4001 393.63672
646 621.2142 375.2804
663 621.2142 375.2804
680 611.54004 368.75116
697 611.54004 368.75116
714 606.6988 358.93445
731 606.6988 358.93445
748 601.73883 350.25436
765 601.73883 350.25436
783 586.3362 341.11578
799 586.3362 341.11578
817 570.3793 327.31912
833 570.3793 327.31912
850 559.7024 318.36484
867 550.7402 309.183
884 550.7402 309.183
901 543.56 306.38
918 543.56 306.38
935 537.9364 304.73334
952 537.9364 304.73334
969 537.9364 304.73334
986 532.373 302.03424
1003 532.373 302.03424
1020 527.19617 295.6324
1037 527.19617 295.6324
1054 525.0847 292.8229
1071 517.07404 287.27475
1088 517.07404 287.27475
1105 514.0774 288.78702
1122 514.0774 288.78702
1139 511.3287 288.50717
1157 511.3287 288.50717
1173 508.32605 293.73584
1191 508.32605 293.73584
1207 503.04037 293.7669
1225 503.04037 293.7669
1241 503.04037 293.7669
1258 502.38428 294.5013
1275 496.52582 292.217
1292 496.52582 292.217
1309 494.7555 298.4701
1326 494.7555 298.4701
1343 495.6838 300.049
1360 495.6838 300.049
1377 497.97083 296.12448
1395 497.97083 296.12448
1411 500.87485 294.1142
1428 500.87485 294.1142
1445 500.87485 294.1142
1462 501.18628 298.71185
1480 504.48288 299.05557
1496 504.48288 299.05557
1513 503.99835 297.39246
1530 503.99835 297.39246
1547 504.6339 300.21558
1565 504.6339 300.21558
1582 508.88757 299.2765
1598 508.88757 299.2765
1616 505.78333 304.99017
1632 505.78333 304.99017
1649 506.20758 309.14465
1666 506.20758 309.14465
1683 503.16016 305.28394
1700 503.16016 305.28394
1717 501.94217 304.08667
1735 501.94217 304.08667
1751 503.70935 305.48212
1768 503.70935 305.48212
1786 505.10223 300.10574
1802 505.10223 300.10574
1819 505.2434 304.97144
1836 505.233 297.9286
1854 505.233 297.9286
1870 505.67245 302.6637
1887 505.67245 302.6637
1904 508.53198 306.13968
1921 508.53198 306.13968
1938 508.53198 306.13968
1955 511.38605 311.71985
1972 511.38605 311.71985
1989 512.18585 310.86746
2006 512.18585 310.86746
2023 506.15607 315.57947
2040 505.47073 318.68518
2058 505.47073 318.68518
2074 504.22147 311.626
2091 504.22147 311.626
2108 504.64056 314.54034
2125 504.64056 314.54034
2142 502.76743 317.93475
2160 502.76743 317.93475
2176 505.77338 313.66946
2193 505.77338 313.66946
2211 500.74066 312.70972
2228 500.74066 312.70972
2244 500.4504 317.56894
2261 500.4504 317.56894
2278 502.66708 324.7812
2295 502.66708 324.7812
2312 500.87418 328.71982
2329 500.87418 328.71982
2346 503.06638 329.441
2363 503.06638 329.441
2380 521.95746 344.15533
2397 521.95746 344.15533
2414 570.53125 374.33032
2432 570.53125 374.33032
2448 608.3257 401.34082
2465 608.3257 401.34082
2483 642.04065 426.40018
2499 642.04065 426.40018
2516 663.7228 446.8334
2534 663.7228 446.8334
2550 687.2738 456.19415
2568 687.2738 456.19415
2584 699.2164 466.6673
2601 699.2164 466.6673
2619 712.32416 478.71292
2635 715.6083 487.52408
2652 715.6083 487.52408
2669 726.61725 492.30545
2686 726.61725 492.30545
2703 735.0896 494.23865
2720 735.0896 494.23865
2737 735.0896 494.23865
2754 739.193 492.20102
2771 739.193 492.20102
2788 735.7802 483.7219
2805 735.7802 483.7219
2822 687.71814 441.77097
2839 648.5883 412.24316
2856 648.5883 412.24316
2873 618.48645 397.57016
2890 618.48645 397.57016
2907 589.1932 378.48145
2924 589.1932 378.48145
2941 589.1932 378.48145
2959 568.79193 365.3455
2975 568.79193 365.3455
2992 553.87317 347.4694
3009 543.5863 340.52002
3026 543.5863 340.52002
3043 530.44446 325.79794
3060 530.44446 325.79794
3077 519.358 321.2452
3094 519.358 321.2452
3111 512.2869 316.1945
3128 512.2869 316.1945
3145 509.3596 309.4362
3162 509.3596 309.4362
3179 509.3596 309.4362
3196 501.84396 293.5268
3213 498.16858 293.29553
3230 498.16858 293.29553
3247 497.21198 298.66537
3265 497.21198 298.66537
3281 489.5155 290.102
3298 489.5155 290.102
3315 490.567 290.82098
3333 490.567 290.82098
3349 487.1488 279.41937
3366 487.1488 279.41937
3383 485.33017 275.95013
3400 482.5025 277.63776
3417 482.5025 277.63776
3434 482.5025 277.63776
3451 485.28033 280.46338
3468 485.28033 280.46338
3485 487.6707 278.99835
3502 487.6707 278.99835
3519 486.72192 277.65216
3536 486.72192 277.65216
3553 484.7595 282.54413
3570 484.46844 279.88498
3587 484.46844 279.88498
3605 489.4857 283.91528
3621 489.4857 283.91528
3638 489.50146 287.53183
3656 489.50146 287.53183
3672 489.50146 287.53183
3689 487.84457 284.4374
3706 487.84457 284.4374
3723 488.29425 286.31744
3740 488.29425 286.31744
3757 487.7726 284.3589
3774 491.51294 285.60907
3791 491.51294 285.60907
3808 490.8898 283.5206
3825 490.8898 283.5206
3842 492.08453 289.4867
3859 492.08453 289.4867
3876 490.87827 291.5782
3893 490.87827 291.5782
3910 490.40378 296.31958
3927 490.40378 296.31958
3944 490.40378 296.31958
3961 493.33572 295.544
3978 496.24 301.43866
3995 496.24 301.43866
4012 495.1243 298.7845
