2 703.41394 377.94656 333.0016827034936 433.0016827034936 332.9952018786457 432.9952018786457
17 703.0255 378.00568 333.1215672298508 433.1215672298508 325.460353677165 425.460353677165
34 703.0255 378.00568 333.4861703954607 433.4861703954607 316.92762829531256 416.92762829531256
51 707.36365 376.9402 334.0935140048509 434.0935140048509 308.4087391863609 408.4087391863609
68 707.36365 376.9402 334.94310583748677 434.94310583748677 299.91059046864586 399.91059046864586
85 710.8673 380.2323 336.0342573431978 436.0342573431978 291.44006945149073 391.44006945149073
102 710.5449 380.08707 337.3660842002114 437.3660842002114 283.00404105339845 383.00404105339845
120 710.5449 380.08707 339.0373788905013 439.0373788905013 274.11696909446454 374.11696909446454
136 712.0491 378.74725 340.74725228130916 440.74725228130916 266.2627764750041 366.2627764750041
154 712.0491 378.74725 342.92158317776153 442.92158317776153 257.4852165009684 357.4852165009684
171 712.0491 378.74725 345.21716057483684 445.21716057483684 249.25899851671107 349.2589985167111
187 711.1416 373.50085 347.59079703666407 447.59079703666407 241.57929418234613 341.57929418234613
204 711.1416 373.50085 350.3372521925565 450.3372521925565 233.4924331110061 333.4924331110061
222 710.93384 375.53464 353.4949060276202 453.4949060276202 225.01879775167134 325.01879775167134
238 710.93384 375.53464 356.51500152904384 456.51500152904384 217.5695674640201 317.5695674640201
256 713.10126 373.34406 360.14975501321027 460.14975501321027 209.2893596734873 309.2893596734873
272 713.10126 373.34406 363.5888763391684 463.5888763391684 202.0240686798987 302.02406867989873
289 715.2114 374.71014 367.4548074744846 467.4548074744846 194.40862946948707 294.4086294694871
308 715.02655 376.56836 372.03008062602447 472.03008062602447 186.03141826069725 286.03141826069725
324 715.02655 376.56836 376.0880516625483 476.0880516625483 179.0927671105879 279.09276711058794
340 717.32996 380.97916 380.3304626662418 480.3304626662418 172.26532559916362 272.2653255991636
357 717.32996 380.97916 385.0367068437197 485.0367068437197 165.13850276900726 265.13850276900723
374 717.4099 386.77948 389.9439124255555 489.9439124255555 158.14853343516307 258.1485334351631
391 717.4099 386.77948 395.0481023758233 495.0481023758233 151.30108260568883 251.30108260568883
408 717.4099 386.77948 400.34514001297055 500.34514001297055 144.601699784777 244.601699784777
426 715.4199 386.34995 406.15919195402086 506.15919195402086 137.675656616284 237.675656616284
442 712.36194 388.51587 411.50043363562395 511.50043363562395 131.66873177782583 231.66873177782583
460 712.36194 388.51587 417.69921012162035 517.6992101216204 125.08477825264669 225.0847782526467
476 711.3441 391.24142 423.3736374701024 523.3736374701024 119.39154692211227 219.39154692211227
494 711.3441 391.24142 429.9370474236076 529.9370474236076 113.17102252884061 213.1710225288406
510 707.45294 387.88925 435.9262688483818 535.9262688483818 107.8099372430793 207.8099372430793
528 707.45294 387.88925 442.83303936531155 542.8330393653116 101.97300354707676 201.97300354707676
545 670.1319 365.24423 449.51486122421545 549.5148612242155 96.65383119074559 196.6538311907456
561 670.1319 365.24423 455.939574763276 555.939574763276 91.82319306962836 191.82319306962836
578 644.10547 339.18997 462.90500484391305 562.905004843913 86.88121758382923 186.88121758382923
595 644.10547 339.18997 470.0082881070341 570.0082881070341 82.13951907017963 182.13951907017963
612 622.926 311.27017 477.24366770951156 577.2436677095116 77.60194042970028 177.60194042970028
630 622.926 311.27017 485.0421198581312 585.0421198581312 73.02401316610684 173.02401316610684
646 612.1068 287.5352 492.08715802621145 592.0871580262115 69.15368424901567 169.15368424901567
664 599.844 264.42694 500.1334925058843 600.1334925058843 65.02696940712423 165.02696940712423
680 599.844 264.42694 507.3873660236304 607.3873660236304 61.563830988764266 161.56383098876427
698 600.37103 249.48354 515.6555035702502 615.6555035702502 57.90170381248561 157.9017038124856
715 600.37103 249.48354 523.5623270540765 623.5623270540765 54.6733171711283 154.6733171711283
731 600.37103 249.48354 531.0851801258791 631.0851801258791 51.84158795097835 151.84158795097835
748 600.8787 236.01042 539.158255286693 639.158255286693 49.0548702834833 149.0548702834833
766 600.8787 236.01042 547.7889724557664 647.7889724557664 46.355982532478436 146.35598253247844
782 597.6539 205.75722 555.5259627803556 655.5259627803556 44.176306080939696 144.1763060809397
799 597.6539 205.75722 563.8073299341439 663.8073299341439 42.08841336946284 142.08841336946284
817 597.6042 188.91115 572.6368142040386 672.6368142040386 40.13559963724384 140.13559963724384
833 597.6042 188.91115 580.531538399579 680.531538399579 38.62386599915499 138.623865999155
851 597.2419 166.0649 589.4578444296311 689.4578444296311 37.176684392405264 137.17668439240526
867 599.8653 151.05249 597.4258042831839 697.4258042831839 36.116672841359446 136.11667284135945
884 599.8653 151.05249 605.9196140026227 705.9196140026227 35.2247455122278 135.2247455122278
902 606.64874 138.36595 614.9368339036334 714.9368339036334 34.54429036905128 134.54429036905128
918 606.64874 138.36595 622.9661736117806 722.9661736117806 34.167843072143 134.167843072143
935 617.3583 124.3532 631.5051081479654 731.5051081479654 34.00372452586896 134.00372452586896
952 617.3583 124.3532 640.0452542165596 740.0452542165596 34.08273742076125 134.08273742076125
970 617.3583 124.3532 649.0813904556234 749.0813904556234 34.431328605587055 134.43132860558705
986 625.8038 112.26825 657.1015001944813 757.1015001944813 34.96970439707047 134.96970439707047
1003 625.8038 112.26825 665.6037768999744 765.6037768999744 35.77693963769889 135.7769396376989
1020 636.6084 104.27176 674.0796299331981 774.0796299331981 36.82586922049978 136.82586922049978
1037 647.76904 100.74459 682.5221900543268 782.5221900543268 38.115643042381976 138.11564304238198
1055 661.3435 94.18733 691.4174796955454 791.4174796955454 39.74263294520472 139.74263294520472
1071 661.3435 94.18733 699.2800950571935 799.2800950571935 41.41334787928315 141.41334787928315
1088 661.3435 94.18733 707.5818585250034 807.5818585250034 43.41860627535635 143.41860627535635
1105 677.65204 84.72719 715.8231772598931 815.8231772598931 45.65936583863811 145.6593658386381
1123 677.65204 84.72719 724.4759748533495 824.4759748533495 48.286601601133555 148.28660160113355
1139 691.3469 79.57675 732.0978182836474 832.0978182836474 50.839934998910564 150.83993499891056
1157 691.3469 79.57675 740.5870829453671 840.5870829453671 53.95532573657704 153.95532573657704
1173 706.54425 82.96404 748.0512698040402 848.0512698040402 56.93826443105149 156.9382644310515
1190 706.54425 82.96404 755.8913456946693 855.8913456946693 60.32552703375262 160.32552703375262
1207 719.8061 81.92934 763.6318245155068 863.6318245155068 63.93458862018292 163.93458862018292
1224 719.8061 81.92934 771.2664330094331 871.2664330094331 67.76252423287974 167.76252423287974
1242 736.2922 72.977356 779.2278662476037 879.2278662476037 72.05074702783952 172.05074702783952
1258 751.91315 80.47598 786.1933800147626 886.1933800147626 76.06243329120804 176.06243329120804
1275 751.91315 80.47598 793.4736210088488 893.4736210088488 80.52768009049117 180.52768009049117
1293 768.4935 87.930695 801.040231024628 901.040231024628 85.47941582800502 185.47941582800502
1310 768.4935 87.930695 808.046396715908 908.046396715908 90.36346949445999 190.36346949446
1326 768.4935 87.930695 814.5109413283826 914.5109413283826 95.14067282585665 195.14067282585665
1343 783.2304 90.73628 821.2366359705578 921.2366359705578 100.40426185718263 200.40426185718263
1360 783.2304 90.73628 827.809774570124 927.809774570124 105.85716813378187 205.85716813378187
1378 799.96014 93.07125 834.5973693489477 934.5973693489477 111.83226905874935 211.83226905874935
1394 799.96014 93.07125 840.4772028442499 940.4772028442499 117.31310538030687 217.31310538030687
1412 818.7022 94.00724 846.9137673844003 946.9137673844003 123.66479105149173 223.66479105149173
1428 818.7022 94.00724 852.4721692933363 952.4721692933363 129.47135431515434 229.47135431515434
1445 829.36743 103.02481 858.2052415379586 958.2052415379586 135.80161659632608 235.80161659632608
1463 845.2995 104.149956 864.0765190178248 964.0765190178248 142.67921608302754 242.67921608302754
1480 845.2995 104.149956 869.4289206730178 969.4289206730178 149.33444969515332 249.33444969515332
1496 858.3378 113.93503 874.2915129944168 974.2915129944168 155.73501253228335 255.73501253228335
1513 858.3378 113.93503 879.2681356740757 979.2681356740757 162.675730406883 262.67573040688296
1530 873.94885 118.561844 884.0451707867052 984.0451707867052 169.7552977272204 269.7552977272204
1547 873.94885 118.561844 888.6187467928016 988.6187467928016 176.96797687071094 276.9679768707109
1565 887.6849 128.96223 893.2354766962846 993.2354766962846 184.74352051365594 284.74352051365594
1582 887.6849 128.96223 897.3786814969314 997.3786814969314 192.2117326082863 292.2117326082863
1599 887.6849 128.96223 901.3076210713034 1001.3076210713034 199.79485674886422 299.7948567488642
1616 912.0205 160.80692 905.0191112173986 1005.0191112173986 207.48674720608716 307.48674720608716
1633 932.878 196.1801 908.5101439647128 1008.5101439647128 215.28117010118746 315.28117010118746
1649 932.878 196.1801 911.5918989033121 1011.5918989033121 222.7051040458423 322.7051040458423
1666 953.8758 226.24509 914.6470702485676 1014.6470702485676 230.6804577033056 330.6804577033056
1684 953.8758 226.24509 917.6331117598017 1017.6331117598017 239.21607894831448 339.2160789483145
1700 969.0871 252.87561 920.0703407916484 1020.0703407916484 246.87583895516212 346.8758389551621
1718 969.0871 252.87561 922.5657988908573 1022.5657988908573 255.56755701433508 355.5675570143351
1734 985.64136 270.53436 924.5631773273444 1024.5631773273444 263.35360145921436 363.35360145921436
1753 985.64136 270.53436 926.6630914067398 1026.6630914067398 272.66494684573263 372.66494684573263
1768 998.85364 284.20938 928.1110179615537 1028.1110179615537 280.0603385467098 380.0603385467098
1785 998.85364 284.20938 929.5268506369953 1029.5268506369953 288.4826752619944 388.4826752619944
1802 1011.3218 298.7649 930.7023636603816 1030.7023636603817 296.94190141113677 396.94190141113677
1820 1011.3218 298.7649 931.6840288345896 1031.6840288345898 305.9313178232743 405.9313178232743
1837 1017.26135 317.7306 932.361983596427 1032.3619835964269 314.44487849148953 414.44487849148953
1853 1017.26135 317.7306 932.7784362013994 1032.7784362013995 322.4722426880359 422.4722426880359
1870 1025.1066 337.59937 932.9851019890048 1032.9851019890048 331.01025341435343 431.01025341435343
1887 1025.1066 337.59937 932.9486453909749 1032.948645390975 339.5506871754069 439.5506871754069
1904 1036.3634 348.06995 932.6690959534936 1032.6690959534935 348.08662239203596 448.08662239203596
1922 1036.3634 348.06995 932.1083946506541 1032.1083946506542 357.1120801640305 457.1120801640305
1938 1040.9852 369.42807 931.3818216320687 1031.3818216320687 365.1173347111916 465.1173347111916
1956 1040.9852 369.42807 930.3084090841814 1030.3084090841814 374.09625777841393 474.09625777841393
1972 1040.6201 394.6065 929.1274512558361 1029.1274512558361 382.04719151753216 482.04719151753216
1989 1040.6201 394.6065 927.6397665348454 1027.6397665348454 390.4571339716405 490.4571339716405
2006 1042.7441 419.7044 925.9132915457113 1025.9132915457112 398.8213208432003 498.8213208432003
2024 1042.7441 419.7044 923.8265442264865 1023.8265442264865 407.6201139178652 507.6201139178652
2040 1027.6486 456.12433 921.7497600303433 1021.7497600303433 415.385355454278 515.3853554542779
2058 1016.29114 480.3822 919.1656735406054 1019.1656735406054 424.0511370669554 524.0511370669553
2074 1016.29114 480.3822 916.6503512814876 1016.6503512814876 431.68560906238275 531.6856090623828
2091 1016.29114 480.3822 913.7547408159044 1013.7547408159044 439.7202700970553 539.7202700970553
2108 1004.87115 509.82034 910.6315931762647 1010.6315931762647 447.6692503292295 547.6692503292295
2125 1004.87115 509.82034 907.2834395119482 1007.2834395119482 455.52610752219204 555.526107522192
2144 995.4427 529.4465 903.2784589067433 1003.2784589067433 464.19045529913444 564.1904552991344
2160 995.4427 529.4465 899.6934484911064 999.6934484911064 471.3848773771026 571.3848773771026
2177 989.59564 545.2357 895.6746503355766 995.6746503355766 478.92076480298647 578.9207648029865
2193 989.59564 545.2357 891.6977228435584 991.6977228435584 485.90618221638465 585.9061822163847
2210 981.2872 561.1564 887.2688087238421 987.2688087238421 493.20858302917645 593.2085830291765
2227 973.0195 572.65906 882.6338229060326 982.6338229060326 500.38195353258584 600.3819535325858
2245 973.0195 572.65906 877.5057571776003 977.5057571776003 507.8301892854297 607.8301892854297
2261 968.6818 577.92505 872.7608258058228 972.7608258058228 514.3184583144773 614.3184583144773
2278 968.6818 577.92505 867.5308160761413 967.5308160761413 521.0702977777584 621.0702977777584
2296 965.61334 578.8799 861.7860765741736 961.7860765741736 528.0539388051589 628.0539388051589
2313 965.61334 578.8799 856.169526925818 956.169526925818 534.4878107309933 634.4878107309933
2329 956.5891 589.76807 850.7180576999276 950.7180576999276 540.394882086187 640.394882086187
2346 956.5891 589.76807 844.754702109853 944.754702109853 546.5086966087915 646.5086966087915
2364 956.5891 589.76807 838.2536107340788 938.2536107340788 552.7943218655896 652.7943218655896
2381 951.3992 592.7668 831.9423499372441 931.9423499372441 558.5483052740481 658.5483052740481
2397 942.8861 596.78156 825.8549614017456 925.8549614017456 563.7976585231695 663.7976585231695
2414 942.8861 596.78156 819.2355094916655 919.2355094916655 569.1942495138428 669.1942495138428
2431 933.76404 600.3204 812.4651233483269 912.4651233483269 574.4002277485814 674.4002277485814
2448 933.76404 600.3204 805.5492900189863 905.5492900189863 579.4113740517007 679.4113740517007
2466 927.09955 607.5359 798.0743413925139 898.0743413925139 584.5004227817345 684.5004227817345
2482 927.09955 607.5359 791.3038148358737 891.3038148358737 588.8330869577367 688.8330869577367
2499 917.4851 615.03973 783.9857182018081 883.9857182018081 593.2360177503971 693.2360177503971
2516 917.4851 615.03973 776.54525546435 876.54525546435 597.4288511793545 697.4288511793545
2534 911.5457 620.42285 768.5404466713042 868.5404466713042 601.6355494252274 701.6355494252274
2551 911.5457 620.42285 760.8671459641587 860.8671459641587 605.3853219740902 705.3853219740902
2567 906.72266 621.52594 753.5504381858558 853.5504381858558 608.7136542896951 708.7136542896951
2584 898.7463 621.78094 745.6817300841386 845.6817300841386 612.0338607170812 712.0338607170812
2602 898.7463 621.78094 737.2507557291436 837.2507557291436 615.3037147460062 715.3037147460062
2618 898.7463 621.78094 729.6767969577133 829.6767969577133 617.9957692114392 717.9957692114392
2635 888.73364 628.18634 721.553543102233 821.553543102233 620.6326394604092 720.6326394604092
2653 888.73364 628.18634 712.8743677514212 812.8743677514212 623.1713771733134 723.1713771733134
2670 864.6236 639.3457 704.6105964401853 804.6105964401853 625.327860798587 725.327860798587
2686 864.6236 639.3457 696.7797925232513 796.7797925232513 627.1418395004217 727.1418395004217
2703 843.0725 643.5427 688.4095219750633 788.4095219750633 628.8385742647915 728.8385742647915
2721 843.0725 643.5427 679.4980815799211 779.4980815799211 630.3746419810356 730.3746419810356
2737 826.27454 649.358 671.5410813019316 771.5410813019316 631.5140081610913 731.5140081610913
2754 826.27454 649.358 663.0565821743512 763.0565821743512 632.4905389924386 732.4905389924386
2772 807.21436 652.56824 654.0465913636143 754.0465913636143 633.2608243522246 733.2608243522246
2788 792.39417 657.549 646.0214019995067 746.0214019995067 633.7172719246712 733.7172719246712
2806 792.39417 657.549 636.982177164819 736.982177164819 633.9735692774082 733.9735692774082
2822 778.4762 657.8241 628.9440176902656 728.9440176902656 633.9725804261168 733.9725804261168
2840 778.4762 657.8241 619.9048561883765 719.9048561883765 633.714059077236 733.714059077236
2856 778.4762 657.8241 611.8797793711809 711.8797793711809 633.2556370072082 733.2556370072082
2874 762.38776 659.4476 602.8699783535706 702.8699783535706 632.4831348595524 732.4831348595524
2890 762.38776 659.4476 594.8839945588649 694.8839945588649 631.5687653790487 731.5687653790487
2907 750.5403 667.9395 586.4290000393138 686.4290000393138 630.3631926583694 730.3631926583694
2924 750.5403 667.9395 578.0117489028069 678.0117489028069 628.9174329219486 728.9174329219486
2941 736.6922 676.62463 569.6390628953682 669.6390628953682 627.232657883161 727.232657883161
2958 736.6922 676.62463 561.3177276452934 661.3177276452934 625.3102329649023 725.3102329649023
2976 721.0165 681.397 552.5703667532769 652.5703667532769 623.0174287059479 723.0174287059479
2993 721.0165 681.397 544.3759367047026 644.3759367047026 620.6108431393186 720.6108431393186
3010 707.87006 680.9813 536.2533318686146 636.2533318686146 617.9719743310518 717.9719743310518
3026 707.87006 680.9813 528.6800356774336 628.6800356774336 615.278056456131 715.278056456131
3043 693.5044 685.7063 520.7155915726703 620.7155915726703 612.1945571432422 712.1945571432422
3061 693.5044 685.7063 512.3819751274623 612.3819751274623 608.6839858379951 708.6839858379951
3077 682.565 686.258 505.066086470933 605.066086470933 605.3538534259965 705.3538534259965
3094 682.565 686.258 497.3937085871838 597.3937085871838 601.6021930576474 701.6021930576474
3111 665.7029 686.3069 489.8312325780845 589.8312325780845 597.6336549738851 697.6336549738851
3128 665.7029 686.3069 482.38478743869564 582.3847874386956 593.4514554692516 693.4514554692516
3145 648.5782 679.6609 475.06040812706976 575.0604081270698 589.058983999804 689.058983999804
3162 648.5782 679.6609 467.8640306732291 567.8640306732291 584.4598004361334 684.4598004361334
3179 633.64087 672.5504 460.8014873683203 560.8014873683203 579.6576321782761 679.6576321782761
3196 616.70795 673.98914 453.87850203784535 553.8785020378454 574.6563711348483 674.6563711348483
3213 616.70795 673.98914 447.10068540279684 547.1006854027969 569.4600705688548 669.4600705688548
3230 601.5873 670.14166 440.47353053246013 540.4735305324601 564.0729418127313 664.0729418127313
3247 601.5873 670.14166 434.0024083925641 534.0024083925641 558.4993508552757 658.4993508552757
3265 601.5873 670.14166 427.3265285815807 527.3265285815808 552.3996867092457 652.3996867092457
3282 585.4227 662.18866 421.193018823778 521.193018823778 546.4565902131905 646.4565902131905
3298 585.4227 662.18866 415.5770257696452 515.5770257696452 540.7057093474355 640.7057093474355
3316 570.5904 661.06415 409.4458068390105 509.4458068390105 534.0587981572892 634.0587981572892
3332 570.5904 661.06415 404.1661854693228 504.1661854693228 527.9976425819129 627.9976425819129
3349 555.63446 653.13055 398.7366769287074 498.7366769287074 521.4051639192346 621.4051639192346
3367 555.63446 653.13055 393.19481603687143 493.19481603687143 514.259462288142 614.259462288142
3383 545.4005 652.1808 388.45148117741576 488.45148117741576 507.7700260162269 607.7700260162269
3400 532.5113 641.06067 383.6041295851123 483.6041295851123 500.7384173488538 600.7384173488538
3417 532.5113 641.06067 378.95890042682595 478.95890042682595 493.5716758314352 593.5716758314352
3434 521.1338 636.66473 374.519558420162 474.519558420162 486.2756097367269 586.2756097367269
3451 521.1338 636.66473 370.28970142185455 470.28970142185455 478.85613214835485 578.8561321483548
3468 508.53436 630.7248 366.2727575118902 466.2727575118902 471.3192561685689 571.3192561685689
3486 508.53436 630.7248 362.2552058135661 462.2552058135661 463.2178641711182 563.2178641711182
3502 499.72296 625.778 358.8904558633554 458.8904558633554 455.9178322199049 555.9178322199049
3520 499.72296 625.778 355.3404481323775 455.3404481323775 447.60093862583636 547.6009386258363
3536 491.9677 617.1515 352.3965805179704 452.3965805179704 440.1212559998803 540.1212559998803
3554 491.9677 617.1515 349.3256228120883 449.3256228120883 431.61581699217805 531.615816992178
3570 482.187 611.99036 346.8121790087004 446.8121790087004 423.9807263598813 523.9807263598814
3587 482.187 611.99036 344.3668039474663 444.3668039474663 415.79778809050777 515.7977880905078
3604 474.38257 604.23175 342.155351140146 442.155351140146 407.5485569510936 507.5485569510936
3621 474.38257 604.23175 340.17961285468476 440.17961285468476 399.23971851615926 499.23971851615926
3639 466.95224 597.1875 338.34635171354296 438.34635171354296 390.3846393220784 490.3846393220784
3656 466.95224 597.1875 336.8607362133312 436.8607362133312 381.97433109371923 481.97433109371923
3672 461.33957 582.30176 335.68173466233077 435.68173466233077 374.02310703330426 474.02310703330426
3689 461.33957 582.30176 334.66293792598333 434.66293792598333 365.5435792681223 465.5435792681223
3707 455.17834 574.7388 333.8477655898568 433.8477655898568 356.5375386282254 456.5375386282254
3723 455.17834 574.7388 333.35133438360816 433.35133438360816 348.5147233633919 448.5147233633919
3740 449.76202 561.0723 333.05959056430925 433.05959056430925 339.9791962294431 439.9791962294431
3757 449.76202 561.0723 453.02406576024066 553.0240657602407 331.056686471707 431.056686471707
3775 442.48697 552.2355 453.3989626747057 553.3989626747057 322.0222125716715 422.0222125716715
3791 435.51453 535.7161 454.11274721758974 554.1127472175897 314.01623679178385 414.01623679178385
3808 435.51453 535.7161 455.26193415828243 555.2619341582824 305.553911501838 405.553911501838
3825 435.51453 535.7161 456.81120498653286 556.8112049865329 297.15561763711503 397.15561763711503
3843 432.23752 528.2359 458.8837967246308 558.8837967246309 288.35410470841526 388.35410470841526
3860 432.23752 528.2359 461.2447967163995 561.2447967163995 280.14695788528695 380.14695788528695
3876 423.8246 516.23175 463.8201933182859 563.8201933182859 272.53299249891984 372.53299249891984
3893 423.8246 516.23175 466.92605000007745 566.9260500000775 264.5777907912517 364.5777907912517
3910 422.70502 492.64856 470.40573493989234 570.4057349398923 256.7788567193968 356.7788567193968
3927 422.70502 492.64856 474.251415455004 574.251415455004 249.15374548655507 349.15374548655507
3944 420.33664 457.93518 478.4544350159092 578.4544350159092 241.71962102511617 341.71962102511617
3961 419.6741 430.12354 483.0053327319572 583.0053327319572 234.49321736108072 334.4932173610807
3978 419.6741 430.12354 487.893864647575 587.893864647575 227.49080094619188 327.4908009461919
3995 414.7558 391.74023 493.109026801152 593.109026801152 220.7281340425647 320.7281340425647
4013 414.7558 391.74023 498.9739209792019 598.9739209792019 213.84589003154827 313.84589003154827
4029 414.7558 391.74023 504.47157621838664 604.4715762183866 207.98236520147657 307.98236520147657
4046 414.69244 375.69293 510.59338667089924 610.5933866708992 202.0279536670738 302.0279536670738
4063 414.69244 375.69293 516.9907313118342 616.9907313118342 196.37060786867886 296.37060786867886
4081 418.48068 351.75034 524.0486998190197 624.0486998190197 190.7184094558065 290.7184094558065
4097 418.48068 351.75034 530.5538343096449 630.5538343096449 185.9973542961332 285.9973542961332
4114 456.25446 336.5607 537.689062464963 637.689062464963 181.30479645322103 281.304796453221
4132 493.03577 327.22977 545.4775025692394 645.4775025692394 176.71105428707807 276.71105428707807
4148 493.03577 327.22977 552.5866021519138 652.5866021519138 172.9606090221234 272.96060902212344
4166 525.3653 316.04486 560.7752807325808 660.7752807325808 169.12553282347662 269.12553282347665
4183 525.3653 316.04486 568.6767438562879 668.6767438562879 165.88540004190477 265.88540004190475
4199 552.6591 309.05902 576.2460029469295 676.2460029469295 163.1814301122385 263.1814301122385
4216 552.6591 309.05902 584.4119892185008 684.4119892185008 160.68178050678887 260.68178050678887
4233 576.17126 300.89807 592.6873458725511 692.6873458725511 158.57226582663537 258.5722658266354
4250 576.17126 300.89807 601.053445290706 701.053445290706 156.85763453593017 256.8576345359302
4268 597.7688 293.17267 609.9896433324445 709.9896433324445 155.4768264733346 255.4768264733346
4284 597.7688 293.17267 617.9823830375866 717.9823830375866 154.6275629290547 254.6275629290547
4301 613.2179 290.57553 626.507114755926 726.507114755926 154.1171424476271 254.1171424476271
4318 613.2179 290.57553 635.0464617946108 735.0464617946108 154.01163372561214 254.01163372561214
4335 613.2179 290.57553 643.581202299593 743.581202299593 154.31127426047263 254.31127426047263
4352 628.9185 283.78384 652.0921247860152 752.0921247860152 155.01538956894865 255.01538956894865
4370 641.52734 277.6345 661.0564395481568 761.0564395481568 156.20001068650026 256.20001068650026
4387 641.52734 277.6345 669.4581090553891 769.4581090553891 157.73086973577773 257.73086973577773
4403 655.4158 267.15372 677.2909320172428 777.2909320172428 159.53420581373558 259.5342058137356
4421 655.4158 267.15372 685.9965220114407 785.9965220114407 161.97858082584344 261.97858082584344
4437 664.0429 264.4693 693.6232260010909 793.6232260010909 164.5160052712332 264.5160052712332
4454 664.0429 264.4693 701.5938053437343 801.5938053437343 167.58218283949915 267.5821828394992
4471 673.5366 263.75885 709.4099817666976 809.4099817666976 171.0229627020636 271.02296270206364
4488 673.5366 263.75885 717.0541612546845 817.0541612546845 174.83059975054408 274.8305997505441
4505 690.16284 255.02426 724.5091369531456 824.5091369531456 178.99652309031762 278.9965230903176
4523 690.16284 255.02426 732.1777732058051 832.1777732058051 183.78758605914797 283.787586059148
4539 705.0188 248.95496 738.7848168015221 838.7848168015221 188.36493370665013 288.36493370665016
4556 705.0188 248.95496 745.5733867574248 845.5733867574248 193.54633292803192 293.5463329280319
4574 720.35767 248.29161 752.4847699331881 852.4847699331881 199.3768602579292 299.3768602579292
4590 720.35767 248.29161 758.3756166338345 858.3756166338345 204.8452294582745 304.8452294582745
4608 732.459 248.57452 764.7034286327194 864.7034286327194 211.30441374529323 311.30441374529323
4624 732.459 248.57452 770.0496124154753 870.0496124154753 217.30636805391646 317.30636805391646
4641 743.0104 249.74112 775.4302705632856 875.4302705632856 223.93811728273374 323.93811728273374
4659 743.0104 249.74112 780.7777404132385 880.7777404132385 231.2296762758943 331.2296762758943
4675 757.5282 254.74706 785.2183760095571 885.2183760095571 237.9293697063817 337.9293697063817
4692 757.5282 254.74706 789.6037905304013 889.6037905304013 245.25737894613326 345.25737894613326
4710 770.7726 264.4084 793.8627475670244 893.8627475670244 253.233816202647 353.233816202647
4727 779.91724 273.31995 797.5125264313018 897.5125264313018 260.95461241672945 360.95461241672945
4743 779.91724 273.31995 800.6094691549205 900.6094691549205 268.3717602734482 368.3717602734482
4761 779.91724 273.31995 803.6937615671286 903.6937615671286 276.8717253711941 376.8717253711941
4777 790.7224 282.5893 806.0739549944915 906.0739549944915 284.5489524624127 384.5489524624127
4795 799.23987 279.52063 808.3389522412413 908.3389522412413 293.3029260641045 393.3029260641045
4812 799.23987 279.52063 810.0719169040786 910.0719169040786 301.6652471183856 401.6652471183856
4828 799.23987 279.52063 811.3388957607996 911.3388957607996 309.60249482388303 409.60249482388303
4845 807.5058 288.47974 812.2953777692248 912.2953777692248 318.08876150040663 418.08876150040663
4862 807.5058 288.47974 812.84827042036 912.84827042036 326.6108439720703 426.6108439720703
4879 818.8086 298.2367 812.9963291668411 912.9963291668411 335.1495592469291 435.1495592469291
4897 818.8086 298.2367 812.7114868280897 912.7114868280897 344.18732065055974 444.18732065055974
4913 826.66724 308.2886 812.0775238609478 912.0775238609478 352.200012303063 452.200012303063
4930 834.44714 318.98834 811.0127280160616 911.0127280160616 360.6733699460652 460.6733699460652
4948 834.44714 318.98834 809.4486116349954 909.4486116349954 369.57931213616394 469.57931213616394
4965 843.888 322.70422 807.5624555236557 907.5624555236557 377.90841743392417 477.90841743392417
4982 843.888 322.70422 805.2833637432075 905.2833637432075 386.13868599538773 486.13868599538773
4998 852.8137 333.56567 802.7839744590015 902.7839744590015 393.77793921594457 493.77793921594457
5016 852.8137 333.56567 799.5677668269823 899.5677668269823 402.2288725853804 502.2288725853804
5033 853.9803 348.23627 796.1441273551981 896.1441273551981 410.05257201114836 510.05257201114836
5049 853.9803 348.23627 792.5862637502574 892.5862637502574 417.25998091660404 517.259980916604
5066 853.9803 348.23627 788.4575400722103 888.4575400722103 424.73562274375536 524.7356227437554
5083 855.2916 361.91467 783.9788854061801 883.9788854061801 432.00702098068035 532.0070209806804
5100 856.583 368.7267 779.1603810904619 879.1603810904619 439.057807893992 539.057807893992
5117 856.583 368.7267 774.0128734563121 874.0128734563121 445.8721123408068 545.8721123408068
5135 852.9388 388.1567 768.2168577475671 868.2168577475671 452.81246307048013 552.8124630704801
5151 852.9388 388.1567 762.7779103666112 862.7779103666112 458.73048537096236 558.7304853709624
5168 849.35114 403.78665 756.7157445286122 856.7157445286122 464.7456100820642 564.7456100820642
5186 849.35114 403.78665 749.993748013828 849.993748013828 470.79350469111057 570.7935046911106
5202 847.05396 421.02676 743.7702424593289 843.7702424593289 475.8800669068827 575.8800669068827
5220 847.05396 421.02676 736.5054202885274 836.5054202885274 481.26380400796154 581.2638040079615
5236 843.79065 438.2122 729.8279376018812 829.8279376018812 485.73776886380733 585.7377688638073
5253 843.79065 438.2122 722.5218717414465 822.5218717414465 490.15964421036574 590.1596442103657
5270 838.6527 453.11337 715.014294413571 815.014294413571 494.2300081502966 594.2300081502966
5288 838.6527 453.11337 706.864242169551 806.864242169551 498.14650081167713 598.1465008116771
5304 832.6432 470.65842 699.4626183788416 799.4626183788416 501.28036453280606 601.2803645328061
5321 832.6432 470.65842 691.4535261011198 791.4535261011198 504.2444868016163 604.2444868016163
5338 825.6685 486.85364 683.3128564156366 783.3128564156366 506.8253930396211 606.8253930396211
5355 825.6685 486.85364 675.0589337638094 775.0589337638094 509.01727369220305 609.017273692203
5372 819.6045 496.57593 666.710337516615 766.710337516615 510.8151948914908 610.8151948914908
5389 819.6045 496.57593 658.2858601528986 758.2858601528986 512.2151095623715 612.2151095623715
5407 813.61774 505.1524 649.3041943374132 749.3041943374132 513.2600715357657 613.2600715357657
5424 813.61774 505.1524 640.7833442119403 740.7833442119403 513.8316422459586 613.8316422459586
5440 804.5752 516.2823 632.7473718445073 732.7473718445073 513.9998227193989 613.9998227193989
5457 804.5752 516.2823 624.2100690108309 724.2100690108309 513.7852527689789 613.7852527689789
5474 800.9181 525.801 615.692552089333 715.692552089333 513.1659907650433 613.1659907650433
5491 800.9181 525.801 607.2139937950213 707.2139937950213 512.1434306506889 612.1434306506889
5508 778.3643 538.0853 598.7934791480179 698.7934791480179 510.71987418285164 610.7198741828516
5526 753.819 549.4876 589.9619676676424 689.9619676676424 508.7790827672435 608.7790827672435
5543 753.819 549.4876 581.7204446332313 681.7204446332313 506.5410304866251 606.5410304866251
5559 753.819 549.4876 574.0688318657412 674.0688318657412 504.079738423869 604.079738423869
5576 731.813 560.80524 566.0680913626405 666.0680913626405 501.0931464966776 601.0931464966776
5594 731.813 560.80524 557.7613149437265 657.7613149437265 497.5210698075416 597.5210698075416
5610 713.4612 565.14 550.5362667811617 650.5362667811617 493.99916469660786 593.9991646966079
5628 713.4612 565.14 542.6053395844086 642.6053395844086 489.65604828708047 589.6560482870805
5644 697.3775 572.5645 535.7465194703461 635.7465194703461 485.4653773139863 585.4653773139863
5661 697.3775 572.5645 528.6718096170268 628.6718096170268 480.6820667001052 580.6820667001052
5678 679.19226 578.6931 521.8319398796541 621.8319398796541 475.56857846668925 575.5685784666892
5695 661.7758 578.89246 515.2423066318847 615.2423066318847 470.13642294632587 570.1364229463259
5713 661.7758 578.89246 508.5542719367003 608.5542719367003 464.0509929481327 564.0509929481327
5729 647.07745 582.72595 502.8724853308397 602.8724853308397 458.36571041097886 558.3657104109789
5746 647.07745 582.72595 497.1201414322254 597.1201414322254 452.0536489719888 552.0536489719889
5763 632.34436 584.02545 491.67365965604995 591.67365965605 445.47585175716756 545.4758517571676
5780 632.34436 584.02545 486.5452998949387 586.5452998949387 438.6471252215585 538.6471252215586
5797 616.4813 581.5144 481.74660595691194 581.7466059569119 431.58284065575424 531.5828406557542
5814 616.4813 581.5144 477.2883795805666 577.2883795805666 424.29889958551144 524.2988995855114
5831 616.4813 581.5144 473.18065612063515 573.1806561206351 416.8116979778178 516.8116979778179
5849 604.3057 581.47955 469.2236005938714 569.2236005938714 408.68126269395975 508.68126269395975
5865 604.3057 581.47955 466.05289368960894 566.0528936896089 401.295346752855 501.295346752855
5882 589.0809 578.0957 463.04889913133843 563.0488991313384 393.30112404946493 493.30112404946493
5900 577.2148 570.73645 460.2853018905736 560.2853018905736 384.6915481808328 484.6915481808328
5917 577.2148 570.73645 458.07533489037223 558.0753348903722 376.44244969702606 476.44244969702606
5933 570.1657 551.7888 456.35497798067684 556.3549779806768 368.59098431373195 468.59098431373195
5951 570.1657 551.7888 454.8407421273871 554.8407421273871 359.67642565233353 459.67642565233353
5967 559.9531 546.55365 453.8720946157316 553.8720946157316 351.69727415859836 451.69727415859836
5984 559.9531 546.55365 453.23429986469176 553.2342998646918 343.18112492358273 443.18112492358273
6002 551.1317 535.17847 453.0036526131048 553.0036526131048 335.1467028281774 435.1467028281774
