2 733.38354 394.74805 333.0016827034936 433.0016827034936 332.9952018786457 432.9952018786457
17 733.38354 394.74805 333.1215672298508 433.1215672298508 325.460353677165 425.460353677165
34 732.6713 394.75626 333.4861703954607 433.4861703954607 316.92762829531256 416.92762829531256
51 733.725 395.49115 334.0935140048509 434.0935140048509 308.4087391863609 408.4087391863609
68 733.725 395.49115 334.94310583748677 434.94310583748677 299.91059046864586 399.91059046864586
85 732.0414 396.7156 336.0342573431978 436.0342573431978 291.44006945149073 391.44006945149073
102 732.0414 396.7156 337.3660842002114 437.3660842002114 283.00404105339845 383.00404105339845
119 732.0414 396.7156 338.93750703184975 438.93750703184975 274.6093422383909 374.6093422383909
136 732.2478 396.61624 340.74725228130916 440.74725228130916 266.2627764750041 366.2627764750041
153 735.0794 393.81223 342.7938532438116 442.7938532438116 257.9711082224287 357.9711082224287
171 735.0794 393.81223 345.21716057483684 445.21716057483684 249.25899851671107 349.2589985167111
188 733.29535 394.62354 347.745971055829 447.745971055829 241.10145872448777 341.10145872448777
204 733.29535 394.62354 350.3372521925565 450.3372521925565 233.4924331110061 333.4924331110061
221 735.02655 394.7226 353.31279086333535 453.31279086333535 225.48702821623766 325.48702821623766
238 735.02655 394.7226 356.51500152904384 456.51500152904384 217.5695674640201 317.5695674640201
255 737.0341 393.05414 359.9412889638151 459.9412889638151 209.74646754616077 309.7464675461608
273 737.0341 393.05414 363.8102697116431 463.8102697116431 201.57308012612515 301.57308012612515
289 736.2706 394.14764 367.4548074744846 467.4548074744846 194.40862946948707 294.4086294694871
307 736.2706 394.14764 371.7826486363828 471.7826486363828 186.46866317091627 286.4686631709163
324 738.09143 392.32104 376.0880516625483 476.0880516625483 179.0927671105879 279.09276711058794
340 738.09143 392.32104 380.3304626662418 480.3304626662418 172.26532559916362 272.2653255991636
357 736.79785 389.9796 385.0367068437197 485.0367068437197 165.13850276900726 265.13850276900723
375 736.79785 389.9796 390.2387457035903 490.2387457035903 157.7417422858324 257.7417422858324
391 737.09265 389.92792 395.0481023758233 495.0481023758233 151.30108260568883 251.30108260568883
409 737.09265 389.92792 400.66264512599264 500.66264512599264 144.21234621253794 244.21234621253794
425 734.9684 389.83365 405.83073236238414 505.83073236238414 138.05581447516937 238.05581447516937
442 734.9684 389.83365 411.50043363562395 511.50043363562395 131.66873177782583 231.66873177782583
459 733.88336 392.14255 417.3496488335043 517.3496488335043 125.44562809241546 225.44562809241546
476 733.88336 392.14255 423.3736374701024 523.3736374701024 119.39154692211227 219.39154692211227
493 733.67834 388.28577 429.5675174146769 529.5675174146769 113.51139478609738 213.51139478609738
510 733.67834 388.28577 435.9262688483818 535.9262688483818 107.8099372430793 207.8099372430793
527 734.7437 384.28964 442.44473833256984 542.4447383325698 102.29179502905546 202.29179502905546
544 733.616 385.08 449.1176429853873 549.1176429853873 96.96144031244515 196.96144031244515
561 733.616 385.08 455.939574763276 555.939574763276 91.82319306962836 191.82319306962836
578 734.2451 382.16412 462.90500484391305 562.905004843913 86.88121758382923 186.88121758382923
595 734.2451 382.16412 470.0082881070341 570.0082881070341 82.13951907017963 182.13951907017963
612 734.2451 382.16412 477.24366770951156 577.2436677095116 77.60194042970028 177.60194042970028
629 733.70856 381.1363 484.6052797509776 584.6052797509776 73.27215913482809 173.2721591348281
646 733.70856 381.1363 492.08715802621145 592.0871580262115 69.15368424901567 169.15368424901567
663 708.9618 348.91962 499.6832388604396 599.6832388604396 65.24985358281685 165.24985358281685
680 708.9618 348.91962 507.3873660236304 607.3873660236304 61.563830988764266 161.56383098876427
697 689.27655 325.8764 515.1932957197998 615.1932957197998 58.09860379723074 158.09860379723074
714 689.27655 325.8764 523.0947016472838 623.0947016472838 54.85698039535282 154.85698039535282
731 672.68585 301.17325 531.0851801258791 631.0851801258791 51.84158795097835 151.84158795097835
749 661.7876 285.7992 539.6355747641641 639.6355747641641 48.89811628054434 148.89811628054434
765 661.7876 285.7992 547.3073843205016 647.3073843205016 46.49908588318232 146.49908588318232
782 657.2081 268.42197 555.5259627803556 655.5259627803556 44.176306080939696 144.1763060809397
799 657.2081 268.42197 563.8073299341439 663.8073299341439 42.08841336946284 142.08841336946284
817 652.51843 261.2334 572.6368142040386 672.6368142040386 40.13559963724384 140.13559963724384
834 652.51843 261.2334 581.0262683082123 681.0262683082123 38.53641304886645 138.53641304886645
850 652.52234 246.00996 588.960825606595 688.960825606595 37.25001917650059 137.2500191765006
867 652.52234 246.00996 597.4258042831839 697.4258042831839 36.116672841359446 136.11667284135945
885 652.52234 246.00996 606.4200007018427 706.4200007018427 35.17981387243941 135.1798138724394
901 653.76196 234.26498 614.4353709721212 714.4353709721212 34.574960050003085 134.57496005000309
919 653.76196 234.26498 623.4683063658551 723.4683063658551 34.151460206215404 134.1514602062154
935 659.20435 215.89041 631.5051081479654 731.5051081479654 34.00372452586896 134.00372452586896
952 663.908 185.00737 640.0452542165596 740.0452542165596 34.08273742076125 134.08273742076125
971 663.908 185.00737 649.5830453392997 749.5830453392997 34.45867963288481 134.4586796328848
986 672.20087 165.04355 657.1015001944813 757.1015001944813 34.96970439707047 134.96970439707047
1004 672.20087 165.04355 666.1031551661815 766.1031551661815 35.831958255007294 135.8319582550073
1020 684.3915 143.07747 674.0796299331981 774.0796299331981 36.82586922049978 136.82586922049978
1038 684.3915 143.07747 683.0176280498187 783.0176280498187 38.19899106955364 138.19899106955364
1055 684.3915 143.07747 691.4174796955454 791.4174796955454 39.74263294520472 139.74263294520472
1071 691.483 130.6565 699.2800950571935 799.2800950571935 41.41334787928315 141.41334787928315
1088 691.483 130.6565 707.5818585250034 807.5818585250034 43.41860627535635 143.41860627535635
1105 704.4716 104.89916 715.8231772598931 815.8231772598931 45.65936583863811 145.6593658386381
1123 709.837 90.41577 724.4759748533495 824.4759748533495 48.286601601133555 148.28660160113355
1139 709.837 90.41577 732.0978182836474 832.0978182836474 50.839934998910564 150.83993499891056
1156 728.1286 82.64184 740.117950819005 840.117950819005 53.77554601295549 153.7755460129555
1173 728.1286 82.64184 748.0512698040402 848.0512698040402 56.93826443105149 156.9382644310515
1190 747.33215 82.39703 755.8913456946693 855.8913456946693 60.32552703375262 160.32552703375262
1208 747.33215 82.39703 764.0839106673807 864.0839106673807 64.15373198032523 164.15373198032523
1224 760.3765 85.33581 771.2664330094331 871.2664330094331 67.76252423287974 167.76252423287974
1241 760.3765 85.33581 778.788983721744 878.788983721744 71.80623152831976 171.80623152831976
1258 769.91583 90.080124 786.1933800147626 886.1933800147626 76.06243329120804 176.06243329120804
1275 769.91583 90.080124 793.4736210088488 893.4736210088488 80.52768009049117 180.52768009049117
1292 788.48126 87.0524 800.6238064458005 900.6238064458005 85.19835307494287 185.19835307494287
1310 801.72156 96.8244 808.046396715908 908.046396715908 90.36346949445999 190.36346949446
1326 801.72156 96.8244 814.5109413283826 914.5109413283826 95.14067282585665 195.14067282585665
1343 801.72156 96.8244 821.2366359705578 921.2366359705578 100.40426185718263 200.40426185718263
1360 826.2972 93.92891 827.809774570124 927.809774570124 105.85716813378187 205.85716813378187
1377 826.2972 93.92891 834.2250299387413 934.2250299387413 111.49497235758312 211.49497235758312
1394 838.2008 103.155785 840.4772028442499 940.4772028442499 117.31310538030687 217.31310538030687
1411 838.2008 103.155785 846.5612262243785 946.5612262243785 123.30685190652298 223.30685190652298
1428 850.88904 113.72931 852.4721692933363 952.4721692933363 129.47135431515434 229.47135431515434
1446 850.88904 113.72931 858.5368418139614 958.5368418139614 136.17903805565956 236.17903805565956
1462 866.17175 119.280914 863.7557966001699 963.7557966001699 142.29250840037312 242.29250840037312
1479 866.17175 119.280914 869.1193360426164 969.1193360426164 148.93876919572267 248.93876919572267
1496 890.21313 123.59868 874.2915129944168 974.2915129944168 155.73501253228335 255.73501253228335
1513 898.47296 137.46059 879.2681356740757 979.2681356740757 162.675730406883 262.67573040688296
1530 898.47296 137.46059 884.0451707867052 984.0451707867052 169.7552977272204 269.7552977272204
1547 914.1741 148.91148 888.6187467928016 988.6187467928016 176.96797687071094 276.9679768707109
1564 914.1741 148.91148 892.9851570459276 992.9851570459276 184.30792233453255 284.3079223345326
1581 914.1741 148.91148 897.1408627967578 997.1408627967578 191.76918547310373 291.76918547310373
1599 924.7085 163.05475 901.3076210713034 1001.3076210713034 199.79485674886422 299.7948567488642
1616 924.7085 163.05475 905.0191112173986 1005.0191112173986 207.48674720608716 307.48674720608716
1632 937.99744 172.53146 908.3109432553329 1008.3109432553329 214.8199491363638 314.8199491363638
1650 937.99744 172.53146 911.7778900120431 1011.7778900120431 223.17180845816728 323.1718084581673
1666 944.3159 186.66766 914.6470702485676 1014.6470702485676 230.6804577033056 330.6804577033056
1683 944.3159 186.66766 917.4739812329851 1017.4739812329851 238.73954649774532 338.7395464977453
1700 951.5958 201.12141 920.0703407916484 1020.0703407916484 246.87583895516212 346.8758389551621
1717 954.91223 217.1177 922.4340447096293 1022.4340447096293 255.08274103198784 355.08274103198784
1735 954.91223 217.1177 924.6810775952 1024.6810775952 263.8419714294728 363.8419714294728
1751 915.2405 255.9394 926.4560130930984 1026.4560130930984 271.6817171329047 371.6817171329047
1770 915.2405 255.9394 928.2900242487331 1028.290024248733 281.0490644163614 381.0490644163614
1785 883.5177 283.02716 929.5268506369953 1029.5268506369953 288.4826752619944 388.4826752619944
1802 883.5177 283.02716 930.7023636603816 1030.7023636603817 296.94190141113677 396.94190141113677
1820 857.69434 309.25113 931.6840288345896 1031.6840288345898 305.9313178232743 405.9313178232743
1837 857.69434 309.25113 932.361983596427 1032.3619835964269 314.44487849148953 414.44487849148953
1853 837.70984 325.12408 932.7784362013994 1032.7784362013995 322.4722426880359 422.4722426880359
1870 837.70984 325.12408 932.9851019890048 1032.9851019890048 331.01025341435343 431.01025341435343
1887 820.1884 342.84348 932.9486453909749 1032.948645390975 339.5506871754069 439.5506871754069
1904 820.1884 342.84348 932.6690959534936 1032.6690959534935 348.08662239203596 448.08662239203596
1921 806.8607 359.16946 932.1466802368993 1032.1466802368993 356.6111411309172 456.6111411309172
1939 806.8607 359.16946 931.3292920861586 1031.3292920861586 365.61698093385 465.61698093385
1955 795.76514 371.4407 930.3751400172805 1030.3751400172805 373.5983093035911 473.5983093035911
1973 795.76514 371.4407 929.0465730175129 1029.0465730175129 382.54303868307437 482.54303868307437
1989 787.3546 381.56195 927.6397665348454 1027.6397665348454 390.4571339716405 490.4571339716405
2006 787.3546 381.56195 925.9132915457113 1025.9132915457112 398.8213208432003 498.8213208432003
2023 779.5018 387.84302 923.9494255069792 1023.9494255069792 407.13297339202586 507.13297339202586
2041 779.5018 387.84302 921.6130618516396 1021.6130618516396 415.86880070345273 515.8688007034527
2058 775.72906 395.6787 919.1656735406054 1019.1656735406054 424.0511370669554 524.0511370669553
2074 771.03265 398.4928 916.6503512814876 1016.6503512814876 431.68560906238275 531.6856090623828
2091 771.03265 398.4928 913.7547408159044 1013.7547408159044 439.7202700970553 539.7202700970553
2108 771.03265 398.4928 910.6315931762647 1010.6315931762647 447.6692503292295 547.6692503292295
2125 767.1284 398.76382 907.2834395119482 1007.2834395119482 455.52610752219204 555.526107522192
2143 767.1284 398.76382 903.4961054216201 1003.4961054216201 463.737646624778 563.737646624778
2159 765.6002 402.0356 899.9231482862865 999.9231482862865 470.9380623089762 570.9380623089762
2177 765.6002 402.0356 895.6746503355766 995.6746503355766 478.92076480298647 578.9207648029865
2193 763.5813 402.74988 891.6977228435584 991.6977228435584 485.90618221638465 585.9061822163847
2211 763.5813 402.74988 887.0018309919924 987.0018309919924 493.63417507762983 593.6341750776298
2227 760.0295 401.91168 882.6338229060326 982.6338229060326 500.38195353258584 600.3819535325858
2244 760.0295 401.91168 877.7965218060378 977.7965218060378 507.42048008140796 607.420480081408
2261 757.3055 398.5985 872.7608258058228 972.7608258058228 514.3184583144773 614.3184583144773
2278 757.9193 395.60168 867.5308160761413 967.5308160761413 521.0702977777584 621.0702977777584
2296 757.9193 395.60168 861.7860765741736 961.7860765741736 528.0539388051589 628.0539388051589
2312 788.6394 416.99548 856.5049640822481 956.5049640822481 534.1137952031119 634.1137952031119
2329 788.6394 416.99548 850.7180576999276 950.7180576999276 540.394882086187 640.394882086187
2347 820.18396 432.7529 844.398524111755 944.398524111755 546.8630169930223 646.8630169930223
2364 820.18396 432.7529 838.2536107340788 938.2536107340788 552.7943218655896 652.7943218655896
2380 820.18396 432.7529 832.3181143556885 932.3181143556885 558.2148284340103 658.2148284340103
2398 849.6881 446.4215 825.4698566711968 925.4698566711968 564.1203039129076 664.1203039129076
2414 849.6881 446.4215 819.2355094916655 919.2355094916655 569.1942495138428 669.1942495138428
2431 871.0619 461.2455 812.4651233483269 912.4651233483269 574.4002277485814 674.4002277485814
2448 871.0619 461.2455 805.5492900189863 905.5492900189863 579.4113740517007 679.4113740517007
2466 881.8163 479.6502 798.0743413925139 898.0743413925139 584.5004227817345 684.5004227817345
2482 895.7721 488.64374 791.3038148358737 891.3038148358737 588.8330869577367 688.8330869577367
2499 895.7721 488.64374 783.9857182018081 883.9857182018081 593.2360177503971 693.2360177503971
2517 895.8495 508.59875 776.1038988675523 876.1038988675523 597.6688721273433 697.6688721273433
2534 895.8495 508.59875 768.5404466713042 868.5404466713042 601.6355494252274 701.6355494252274
2550 895.8495 508.59875 761.3214464020558 861.3214464020558 605.1708066759479 705.1708066759479
2567 893.1057 527.2547 753.5504381858558 853.5504381858558 608.7136542896951 708.7136542896951
2584 893.1057 527.2547 745.6817300841386 845.6817300841386 612.0338607170812 712.0338607170812
2602 885.4503 552.6774 737.2507557291436 837.2507557291436 615.3037147460062 715.3037147460062
2619 885.4503 552.6774 729.2010633664289 829.2010633664289 618.1572723108953 718.1572723108953
2635 875.4538 573.7734 721.553543102233 821.553543102233 620.6326394604092 720.6326394604092
2653 863.8331 597.8868 712.8743677514212 812.8743677514212 623.1713771733134 723.1713771733134
2670 863.8331 597.8868 704.6105964401853 804.6105964401853 625.327860798587 725.327860798587
2686 848.37476 617.65155 696.7797925232513 796.7797925232513 627.1418395004217 727.1418395004217
2703 848.37476 617.65155 688.4095219750633 788.4095219750633 628.8385742647915 728.8385742647915
2720 835.87244 636.936 679.9943448795832 779.9943448795832 630.296357637651 730.296357637651
2737 835.87244 636.936 671.5410813019316 771.5410813019316 631.5140081610913 731.5140081610913
2754 821.7972 646.48834 663.0565821743512 763.0565821743512 632.4905389924386 732.4905389924386
2771 821.7972 646.48834 654.5477237438794 754.5477237438794 633.2251587040392 733.2251587040392
2788 812.51135 655.126 646.0214019995067 746.0214019995067 633.7172719246712 733.7172719246712
2805 812.51135 655.126 637.4845270833351 737.4845270833351 633.9664798220608 733.9664798220608
2822 794.7416 665.69415 628.9440176902656 728.9440176902656 633.9725804261168 733.9725804261168
2839 794.7416 665.69415 620.4067954607539 720.4067954607539 633.7355687926154 733.7355687926154
2856 784.6656 674.59 611.8797793711809 711.8797793711809 633.2556370072082 733.2556370072082
2873 784.6656 674.59 603.3698801263789 703.3698801263789 632.5331740297464 732.5331740297464
2890 770.7174 688.99316 594.8839945588649 694.8839945588649 631.5687653790487 731.5687653790487
2908 770.7174 688.99316 585.9327560156919 685.9327560156919 630.2847862171152 730.2847862171152
2924 757.0414 697.30786 578.0117489028069 678.0117489028069 628.9174329219486 728.9174329219486
2941 757.0414 697.30786 569.6390628953682 669.6390628953682 627.232657883161 727.232657883161
2958 744.3928 707.4926 561.3177276452934 661.3177276452934 625.3102329649023 725.3102329649023
2976 744.3928 707.4926 552.5703667532769 652.5703667532769 623.0174287059479 723.0174287059479
2992 731.15106 712.2752 544.8560383791012 644.8560383791012 620.7588569334407 720.7588569334407
3009 731.15106 712.2752 536.7290257094023 636.7290257094023 618.1335944747455 718.1335944747455
3027 713.8042 716.30194 528.2091351954737 628.2091351954737 615.1029609476205 715.1029609476205
3044 713.8042 716.30194 520.2498660899855 620.2498660899855 612.0061281757542 712.0061281757542
3060 696.54236 718.2628 512.8421481644934 612.8421481644934 608.8855955525434 708.8855955525434
3077 696.54236 718.2628 505.066086470933 605.066086470933 605.3538534259965 705.3538534259965
3095 675.0241 721.03174 496.94575447846444 596.9457544784644 601.3747225815591 701.3747225815591
3112 675.0241 721.03174 489.38993504921393 589.3899350492139 597.3935254421243 697.3935254421243
3128 659.47125 722.06055 482.38478743869564 582.3847874386956 593.4514554692516 693.4514554692516
3145 659.47125 722.06055 475.06040812706976 575.0604081270698 589.058983999804 689.058983999804
3162 642.50385 722.3149 467.8640306732291 567.8640306732291 584.4598004361334 684.4598004361334
3179 642.50385 722.3149 460.8014873683203 560.8014873683203 579.6576321782761 679.6576321782761
3197 628.6155 718.902 453.4757341971813 553.4757341971813 574.3560650118047 674.3560650118047
3213 628.6155 718.902 447.10068540279684 547.1006854027969 569.4600705688548 669.4600705688548
3230 624.2802 710.94147 440.47353053246013 540.4735305324601 564.0729418127313 664.0729418127313
3249 605.36426 706.18756 433.25160281909086 533.2516028190909 557.8315836151319 657.8315836151319
3265 605.36426 706.18756 427.3265285815807 527.3265285815808 552.3996867092457 652.3996867092457
3281 588.05255 700.79065 421.54910963438175 521.5491096343817 546.8109982204569 646.8109982204569
3299 588.05255 700.79065 415.2311676524065 515.2311676524065 540.3413086562304 640.3413086562304
3315 588.05255 700.79065 409.7811519627961 509.7811519627961 534.4328962045494 634.4328962045494
3333 570.6497 695.54645 403.8416251188419 503.8416251188419 527.6141503656863 627.6141503656863
3349 570.6497 695.54645 398.7366769287074 498.7366769287074 521.4051639192346 621.4051639192346
3366 556.787 688.70233 393.49702667636814 493.49702667636814 514.6608030789737 614.6608030789737
3383 556.787 688.70233 388.45148117741576 488.45148117741576 507.7700260162269 607.7700260162269
3401 541.0563 684.7537 383.3252481623738 483.3252481623738 500.3205287834901 600.3205287834901
3417 541.0563 684.7537 378.95890042682595 478.95890042682595 493.5716758314352 593.5716758314352
3435 552.33606 644.40314 374.2649101067921 474.2649101067921 485.8425278304917 585.8425278304917
3451 558.6261 604.4254 370.28970142185455 470.28970142185455 478.85613214835485 578.8561321483548
3468 558.6261 604.4254 366.2727575118902 466.2727575118902 471.3192561685689 571.3192561685689
3485 572.37354 563.89557 362.4719822152257 462.4719822152257 463.6710900449318 563.6710900449318
3502 572.37354 563.89557 358.8904558633554 458.8904558633554 455.9178322199049 555.9178322199049
3519 597.87695 522.7775 355.5310810978608 455.5310810978608 448.06576630732854 548.0657663073285
3537 597.87695 522.7775 352.2192563482289 452.2192563482289 439.6511902174244 539.6511902174244
3553 615.2313 490.9947 349.4894944740342 449.4894944740342 432.0907399116313 532.0907399116313
3570 615.2313 490.9947 346.8121790087004 446.8121790087004 423.9807263598813 523.9807263598814
3587 615.2313 490.9947 344.3668039474663 444.3668039474663 415.79778809050777 515.7977880905078
3605 628.7583 454.45895 342.03258971905177 442.03258971905177 407.06138620638365 507.06138620638365
3621 628.7583 454.45895 340.17961285468476 440.17961285468476 399.23971851615926 499.23971851615926
3638 641.922 426.4695 338.44119032461737 438.44119032461737 390.87800666884965 490.87800666884965
3656 656.65826 404.31393 336.8607362133312 436.8607362133312 381.97433109371923 481.97433109371923
3672 656.65826 404.31393 335.68173466233077 435.68173466233077 374.02310703330426 474.02310703330426
3689 662.2166 387.9325 334.66293792598333 434.66293792598333 365.5435792681223 465.5435792681223
3707 662.2166 387.9325 333.8477655898568 433.8477655898568 356.5375386282254 456.5375386282254
3723 669.7827 363.232 333.35133438360816 433.35133438360816 348.5147233633919 448.5147233633919
3741 669.7827 363.232 333.0499980009779 433.0499980009779 339.4768878742076 439.4768878742076
3757 678.0183 351.05957 453.02406576024066 553.0240657602407 331.056686471707 431.056686471707
3775 678.0183 351.05957 453.3989626747057 553.3989626747057 322.0222125716715 422.0222125716715
3791 683.2635 338.7319 454.11274721758974 554.1127472175897 314.01623679178385 414.01623679178385
3808 683.2635 338.7319 455.26193415828243 555.2619341582824 305.553911501838 405.553911501838
3825 685.04913 332.29358 456.81120498653286 556.8112049865329 297.15561763711503 397.15561763711503
3842 685.04913 332.29358 458.7570723329198 558.7570723329197 288.84025954453836 388.84025954453836
3860 687.68085 322.22778 461.2447967163995 561.2447967163995 280.14695788528695 380.14695788528695
3876 687.68085 322.22778 463.8201933182859 563.8201933182859 272.53299249891984 372.53299249891984
3893 616.04114 304.0506 466.92605000007745 566.9260500000775 264.5777907912517 364.5777907912517
3910 616.04114 304.0506 470.40573493989234 570.4057349398923 256.7788567193968 356.7788567193968
3927 558.99695 293.72192 474.251415455004 574.251415455004 249.15374548655507 349.15374548655507
3944 558.99695 293.72192 478.4544350159092 578.4544350159092 241.71962102511617 341.71962102511617
3961 516.66644 289.36093 483.0053327319572 583.0053327319572 234.49321736108072 334.4932173610807
3978 516.66644 289.36093 487.893864647575 587.893864647575 227.49080094619188 327.4908009461919
3995 479.30667 282.09912 493.109026801152 593.109026801152 220.7281340425647 320.7281340425647
4012 451.19824 266.32382 498.63907999467915 598.6390799946792 214.22043924223226 314.22043924223226
4030 451.19824 266.32382 504.82380561963384 604.8238056196338 207.62411941289355 307.62411941289355
4046 431.95917 253.01889 510.59338667089924 610.5933866708992 202.0279536670738 302.0279536670738
4064 431.95917 253.01889 517.3753216119491 617.3753216119491 196.0473496171248 296.04734961712484
4080 431.95917 253.01889 523.6492098803254 623.6492098803254 191.0230623484931 291.0230623484931
4097 449.08923 237.67874 530.5538343096449 630.5538343096449 185.9973542961332 285.9973542961332
4114 449.08923 237.67874 537.689062464963 637.689062464963 181.30479645322103 281.304796453221
4131 468.53973 230.76816 545.0388331282979 645.0388331282979 176.95595164869005 276.9559516486901
4149 468.53973 230.76816 553.0363936238961 653.0363936238961 172.73679385759596 272.73679385759596
4165 483.35168 228.53566 560.3153796987771 660.3153796987771 169.32776198864897 269.32776198864894
4182 483.35168 228.53566 568.2077684862486 668.2077684862486 166.06558799499004 266.06558799499004
4199 499.69586 226.85558 576.2460029469295 676.2460029469295 163.1814301122385 263.1814301122385
4217 512.5359 222.09529 584.8959282560902 684.8959282560902 160.54684124624086 260.5468412462409
4233 512.5359 222.09529 592.6873458725511 692.6873458725511 158.57226582663537 258.5722658266354
4251 539.37244 205.36977 601.547993109811 701.547993109811 156.76915826363768 256.7691582636377
4267 539.37244 205.36977 609.4914555949256 709.4914555949256 155.54174622631027 255.54174622631027
4285 551.1307 201.6088 618.4830892855312 718.4830892855312 154.5863458281167 254.5863458281167
4301 551.1307 201.6088 626.507114755926 726.507114755926 154.1171424476271 254.1171424476271
4318 551.1307 201.6088 635.0464617946108 735.0464617946108 154.01163372561214 254.01163372561214
4336 563.58386 195.14963 644.0826916320163 744.0826916320163 154.341507447631 254.341507447631
4352 563.58386 195.14963 652.0921247860152 752.0921247860152 155.01538956894865 255.01538956894865
4369 578.4792 190.55812 660.5600713827765 760.5600713827765 156.12239470530233 256.1223947053023
4386 578.4792 190.55812 668.9659809564164 768.9659809564164 157.6297978289907 257.6297978289907
4403 594.6157 185.73332 677.2909320172428 777.2909320172428 159.53420581373558 259.5342058137356
4421 611.1349 184.0835 685.9965220114407 785.9965220114407 161.97858082584344 261.97858082584344
4437 611.1349 184.0835 693.6232260010909 793.6232260010909 164.5160052712332 264.5160052712332
4455 637.20306 176.00047 702.0580281761817 802.0580281761817 167.77428374521077 267.77428374521077
4472 637.20306 176.00047 709.8645705675439 809.8645705675439 171.23686599396328 271.2368659939633
4488 659.67993 173.20117 717.0541612546845 817.0541612546845 174.83059975054408 274.8305997505441
4506 659.67993 173.20117 724.9414118764473 824.9414118764473 179.25253868910977 279.25253868910977
4523 680.68085 163.6266 732.1777732058051 832.1777732058051 183.78758605914797 283.787586059148
4540 680.68085 163.6266 739.1908878779227 839.1908878779227 188.66075777100514 288.66075777100514
4556 704.4273 159.5586 745.5733867574248 845.5733867574248 193.54633292803192 293.5463329280319
4573 704.4273 159.5586 752.108556869033 852.108556869033 199.0438897990301 299.0438897990301
4590 704.4273 159.5586 758.3756166338345 858.3756166338345 204.8452294582745 304.8452294582745
4608 724.163 161.36841 764.7034286327194 864.7034286327194 211.30441374529323 311.30441374529323
4624 744.928 169.04851 770.0496124154753 870.0496124154753 217.30636805391646 317.30636805391646
4641 744.928 169.04851 775.4302705632856 875.4302705632856 223.93811728273374 323.93811728273374
4658 761.00903 177.41905 780.4903217770493 880.4903217770493 230.81761302381858 330.8176130238186
4676 761.00903 177.41905 785.4859265519513 885.4859265519513 238.35460176468007 338.35460176468007
4692 780.3013 179.94368 789.6037905304013 889.6037905304013 245.25737894613326 345.25737894613326
4709 780.3013 179.94368 793.6366938824929 893.6366938824929 252.78514557975075 352.78514557975075
4726 800.14185 185.71957 797.3080081024611 897.3080081024611 260.4957247950736 360.4957247950736
4743 800.14185 185.71957 800.6094691549205 900.6094691549205 268.3717602734482 368.3717602734482
4760 816.07697 197.37221 803.5336455346032 903.5336455346032 276.3955232583588 376.3955232583588
4791 833.9756 203.9559 807.8736740265707 907.8736740265707 291.34794105264444 391.34794105264444
4794 833.9756 203.9559 808.2246793622878 908.2246793622878 292.8136947228397 392.8136947228397
4811 848.2154 218.46477 809.980977411876 909.980977411876 301.17114631399613 401.17114631399613
4828 848.2154 218.46477 811.3388957607996 911.3388957607996 309.60249482388303 409.60249482388303
4845 861.9688 236.90298 812.2953777692248 912.2953777692248 318.08876150040663 418.08876150040663
4862 861.9688 236.90298 812.84827042036 912.84827042036 326.6108439720703 426.6108439720703
4879 861.9688 236.90298 812.9963291668411 912.9963291668411 335.1495592469291 435.1495592469291
4897 861.9688 236.90298 812.7114868280897 912.7114868280897 344.18732065055974 444.18732065055974
4914 861.9688 236.90298 812.0260281368674 912.0260281368674 352.69976602895355 452.69976602895355
4930 861.9688 236.90298 811.0127280160616 911.0127280160616 360.6733699460652 460.6733699460652
4948 861.9688 236.90298 809.4486116349954 909.4486116349954 369.57931213616394 469.57931213616394
4965 861.9688 236.90298 807.5624555236557 907.5624555236557 377.90841743392417 477.90841743392417
4981 861.9688 236.90298 805.4282173508461 905.4282173508461 385.65762152102405 485.65762152102405
4999 870.6817 263.5943 802.6164664715639 902.6164664715639 394.25159169433493 494.25159169433493
5016 880.0523 287.64227 799.5677668269823 899.5677668269823 402.2288725853804 502.2288725853804
5032 880.0523 287.64227 796.3557627878217 896.3557627878217 409.59692297976756 509.59692297976756
5050 885.30725 315.1698 792.3532545820084 892.3532545820084 417.70507902225296 517.7050790222529
5066 885.30725 315.1698 788.4575400722103 888.4575400722103 424.73562274375536 524.7356227437554
5084 885.30725 315.1698 783.7047491910079 883.7047491910079 432.4280375262833 532.4280375262833
5101 881.5734 343.40564 778.8665841399335 878.8665841399335 439.4653480122629 539.4653480122629
5117 881.5734 343.40564 774.0128734563121 874.0128734563121 445.8721123408068 545.8721123408068
5134 880.40137 363.3421 768.5479494131282 868.5479494131282 452.4345954942897 552.4345954942896
5152 880.40137 363.3421 762.4292686708334 862.4292686708334 459.0922236245453 559.0922236245453
5169 878.0934 382.1339 756.3503375862501 856.3503375862501 465.09040474938706 565.0904047493871
5185 878.0934 382.1339 750.3750976809954 850.3750976809954 470.46642973411736 570.4664297341174
5202 877.3706 393.87158 743.7702424593289 843.7702424593289 475.8800669068827 575.8800669068827
5220 878.44196 410.62848 736.5054202885274 836.5054202885274 481.26380400796154 581.2638040079615
5236 878.44196 410.62848 729.8279376018812 829.8279376018812 485.73776886380733 585.7377688638073
5253 871.2318 424.46515 722.5218717414465 822.5218717414465 490.15964421036574 590.1596442103657
5270 871.2318 424.46515 715.014294413571 815.014294413571 494.2300081502966 594.2300081502966
5288 862.7483 445.441 706.864242169551 806.864242169551 498.14650081167713 598.1465008116771
5304 862.7483 445.441 699.4626183788416 799.4626183788416 501.28036453280606 601.2803645328061
5321 851.59485 462.95776 691.4535261011198 791.4535261011198 504.2444868016163 604.2444868016163
5338 851.59485 462.95776 683.3128564156366 783.3128564156366 506.8253930396211 606.8253930396211
5355 838.6347 472.55307 675.0589337638094 775.0589337638094 509.01727369220305 609.017273692203
5372 829.9047 487.72495 666.710337516615 766.710337516615 510.8151948914908 610.8151948914908
5389 829.9047 487.72495 658.2858601528986 758.2858601528986 512.2151095623715 612.2151095623715
5406 829.9047 487.72495 649.8044649579773 749.8044649579773 513.2138665323532 613.2138665323532
5423 818.9299 505.39536 641.2852433377668 741.2852433377668 513.8092176247758 613.8092176247758
5440 818.9299 505.39536 632.7473718445073 732.7473718445073 513.9998227193989 613.9998227193989
5457 801.9756 513.4161 624.2100690108309 724.2100690108309 513.7852527689789 613.7852527689789
5474 801.9756 513.4161 615.692552089333 715.692552089333 513.1659907650433 613.1659907650433
5491 781.6115 530.80756 607.2139937950213 707.2139937950213 512.1434306506889 612.1434306506889
5508 781.6115 530.80756 598.7934791480179 698.7934791480179 510.71987418285164 610.7198741828516
5526 761.753 545.8764 589.9619676676424 689.9619676676424 508.7790827672435 608.7790827672435
5542 761.753 545.8764 582.2022249367301 682.2022249367301 506.68348516468336 606.6834851646834
5559 744.0515 553.1861 574.0688318657412 674.0688318657412 504.079738423869 604.079738423869
5576 729.47845 566.9395 566.0680913626405 666.0680913626405 501.0931464966776 601.0931464966776
5593 729.47845 566.9395 558.218012891798 658.218012891798 497.7304321259451 597.7304321259451
5610 729.47845 566.9395 550.5362667811617 650.5362667811617 493.99916469660786 593.9991646966079
5627 716.8748 572.0542 543.0401444467964 643.0401444467964 489.90774319720856 589.9077431972086
5645 716.8748 572.0542 535.3241421383856 635.3241421383856 485.19334241625086 585.1933424162509
5662 702.3462 577.2405 528.2628105761767 628.2628105761767 480.3903041584317 580.3903041584317
5678 702.3462 577.2405 521.8319398796541 621.8319398796541 475.56857846668925 575.5685784666892
5695 688.7647 581.9425 515.2423066318847 615.2423066318847 470.13642294632587 570.1364229463259
5712 688.7647 581.9425 508.91774297137306 608.9177429713731 464.3978277836013 564.3978277836013
5729 675.04095 581.48157 502.8724853308397 602.8724853308397 458.36571041097886 558.3657104109789
5746 675.04095 581.48157 497.1201414322254 597.1201414322254 452.0536489719888 552.0536489719889
5763 649.87396 574.6638 491.67365965604995 591.67365965605 445.47585175716756 545.4758517571676
5781 632.65625 573.02386 486.25378898296606 586.2537889829661 438.23794679551276 538.2379467955127
5797 632.65625 573.02386 481.74660595691194 581.7466059569119 431.58284065575424 531.5828406557542
5814 618.0917 566.4696 477.2883795805666 577.2883795805666 424.29889958551144 524.2988995855114
5831 618.0917 566.4696 473.18065612063515 573.1806561206351 416.8116979778178 516.8116979778179
5848 618.0917 566.4696 469.43268195865755 569.4326819586576 409.1380893339877 509.1380893339877
5865 605.85956 564.49347 466.05289368960894 566.0528936896089 401.295346752855 501.295346752855
5883 605.85956 564.49347 462.88404530471144 562.8840453047114 392.8265412727159 492.8265412727159
5900 589.2385 558.80096 460.2853018905736 560.2853018905736 384.6915481808328 484.6915481808328
5916 589.2385 558.80096 458.1944776869708 558.1944776869708 376.9305179198789 476.9305179198789
5933 580.41125 548.5763 456.35497798067684 556.3549779806768 368.59098431373195 468.59098431373195
5950 569.097 537.6644 454.91310174796206 554.9131017479621 360.1735872774116 460.1735872774116
5968 569.097 537.6644 453.8233973510431 553.8233973510431 351.19723998721406 451.19723998721406
5984 559.74927 528.3814 453.23429986469176 553.2342998646918 343.18112492358273 443.18112492358273
6001 559.74927 528.3814 453.0036526131048 553.0036526131048 335.1467028281774 435.1467028281774
