1 751.1927 532.9008 333.00042067616835 433.00042067616835 333.4976002348308 433.4976002348308
17 751.1927 532.9008 333.1215672298508 433.1215672298508 325.460353677165 425.460353677165
34 753.0328 530.1492 333.4861703954607 433.4861703954607 316.92762829531256 416.92762829531256
51 753.0328 530.1492 334.0935140048509 434.0935140048509 308.4087391863609 408.4087391863609
68 756.5539 525.38855 334.94310583748677 434.94310583748677 299.91059046864586 399.91059046864586
85 756.5539 525.38855 336.0342573431978 436.0342573431978 291.44006945149073 391.44006945149073
102 760.6858 521.5185 337.3660842002114 437.3660842002114 283.00404105339845 383.00404105339845
119 758.5812 520.6673 338.93750703184975 438.93750703184975 274.6093422383909 374.6093422383909
136 758.5812 520.6673 340.74725228130916 440.74725228130916 266.2627764750041 366.2627764750041
153 759.19336 510.32343 342.7938532438116 442.7938532438116 257.9711082224287 357.9711082224287
170 759.19336 510.32343 345.0756512552929 445.0756512552929 249.74105744826687 349.7410574482669
188 762.2975 507.02377 347.745971055829 447.745971055829 241.10145872448777 341.10145872448777
204 762.2975 507.02377 350.3372521925565 450.3372521925565 233.4924331110061 333.4924331110061
221 762.1968 505.7707 353.31279086333535 453.31279086333535 225.48702821623766 325.48702821623766
238 762.1968 505.7707 356.51500152904384 456.51500152904384 217.5695674640201 317.5695674640201
255 762.1968 505.7707 359.9412889638151 459.9412889638151 209.74646754616077 309.7464675461608
272 762.69257 516.48596 363.5888763391684 463.5888763391684 202.0240686798987 302.02406867989873
289 762.69257 516.48596 367.4548074744846 467.4548074744846 194.40862946948707 294.4086294694871
306 762.1127 527.0 371.53594923283765 471.53594923283765 186.90632183391858 286.9063218339186
323 760.1599 530.41736 375.8289940602396 475.8289940602396 179.52322600490484 279.5232260049048
340 760.1599 530.41736 380.3304626662418 480.3304626662418 172.26532559916362 272.2653255991636
357 737.31494 512.1 385.0367068437197 485.0367068437197 165.13850276900726 265.13850276900723
374 737.31494 512.1 389.9439124255555 489.9439124255555 158.14853343516307 258.1485334351631
391 714.7527 494.2461 395.0481023758233 495.0481023758233 151.30108260568883 251.30108260568883
408 714.7527 494.2461 400.34514001297055 500.34514001297055 144.601699784777 244.601699784777
425 702.996 494.41885 405.83073236238414 505.83073236238414 138.05581447516937 238.05581447516937
442 702.996 494.41885 411.50043363562395 511.50043363562395 131.66873177782583 231.66873177782583
459 694.48737 479.9818 417.3496488335043 517.3496488335043 125.44562809241546 225.44562809241546
476 694.48737 479.9818 423.3736374701024 523.3736374701024 119.39154692211227 219.39154692211227
493 678.36414 465.23074 429.5675174146769 529.5675174146769 113.51139478609738 213.51139478609738
510 678.36414 465.23074 435.9262688483818 535.9262688483818 107.8099372430793 207.8099372430793
527 626.3557 424.4167 442.44473833256984 542.4447383325698 102.29179502905546 202.29179502905546
544 626.3557 424.4167 449.1176429853873 549.1176429853873 96.96144031244515 196.96144031244515
562 582.807 392.9774 456.34538828338435 556.3453882833844 91.52701560946679 191.5270156094668
578 582.807 392.9774 462.90500484391305 562.905004843913 86.88121758382923 186.88121758382923
595 552.20874 368.55603 470.0082881070341 570.0082881070341 82.13951907017963 182.13951907017963
612 552.20874 368.55603 477.24366770951156 577.2436677095116 77.60194042970028 177.60194042970028
629 531.18555 338.9425 484.6052797509776 584.6052797509776 73.27215913482809 173.2721591348281
646 531.18555 338.9425 492.08715802621145 592.0871580262115 69.15368424901567 169.15368424901567
663 516.8537 319.20923 499.6832388604396 599.6832388604396 65.24985358281685 165.24985358281685
680 516.8537 319.20923 507.3873660236304 607.3873660236304 61.563830988764266 161.56383098876427
697 512.7812 304.6968 515.1932957197998 615.1932957197998 58.09860379723074 158.09860379723074
714 511.77475 281.16776 523.0947016472838 623.0947016472838 54.85698039535282 154.85698039535282
731 511.77475 281.16776 531.0851801258791 631.0851801258791 51.84158795097835 151.84158795097835
748 516.57404 257.37747 539.158255286693 639.158255286693 49.0548702834833 149.0548702834833
765 516.57404 257.37747 547.3073843205016 647.3073843205016 46.49908588318232 146.49908588318232
782 516.57404 257.37747 555.5259627803556 655.5259627803556 44.176306080939696 144.1763060809397
799 522.93933 239.93362 563.8073299341439 663.8073299341439 42.08841336946284 142.08841336946284
816 522.93933 239.93362 572.1447741627716 672.1447741627716 40.23709987763954 140.23709987763954
833 544.2921 216.58669 580.531538399579 680.531538399579 38.62386599915499 138.623865999155
850 544.2921 216.58669 588.960825606595 688.960825606595 37.25001917650059 137.2500191765006
867 565.2583 189.80397 597.4258042831839 697.4258042831839 36.116672841359446 136.11667284135945
884 588.8871 173.5097 605.9196140026227 705.9196140026227 35.2247455122278 135.2247455122278
901 588.8871 173.5097 614.4353709721212 714.4353709721212 34.574960050003085 134.57496005000309
919 611.67175 160.6896 623.4683063658551 723.4683063658551 34.151460206215404 134.1514602062154
935 611.67175 160.6896 631.5051081479654 731.5051081479654 34.00372452586896 134.00372452586896
953 648.86237 141.73807 640.5475055449577 740.5475055449577 34.09495642779058 134.09495642779058
969 648.86237 141.73807 648.5796904715623 748.5796904715623 34.40481772096149 134.4048177209615
986 675.02844 128.8234 657.1015001944813 757.1015001944813 34.96970439707047 134.96970439707047
1004 675.02844 128.8234 666.1031551661815 766.1031551661815 35.831958255007294 135.8319582550073
1020 675.02844 128.8234 674.0796299331981 774.0796299331981 36.82586922049978 136.82586922049978
1037 705.24585 112.727875 682.5221900543268 782.5221900543268 38.115643042381976 138.11564304238198
1055 732.1767 110.26175 691.4174796955454 791.4174796955454 39.74263294520472 139.74263294520472
1071 732.1767 110.26175 699.2800950571935 799.2800950571935 41.41334787928315 141.41334787928315
1088 759.0945 100.65386 707.5818585250034 807.5818585250034 43.41860627535635 143.41860627535635
1105 759.0945 100.65386 715.8231772598931 815.8231772598931 45.65936583863811 145.6593658386381
1123 778.7484 99.312256 724.4759748533495 824.4759748533495 48.286601601133555 148.28660160113355
1139 778.7484 99.312256 732.0978182836474 832.0978182836474 50.839934998910564 150.83993499891056
1156 799.49365 98.27559 740.117950819005 840.117950819005 53.77554601295549 153.7755460129555
1174 799.49365 98.27559 748.5150943092397 848.5150943092397 57.13132537838908 157.13132537838908
1190 820.25476 109.13504 755.8913456946693 855.8913456946693 60.32552703375262 160.32552703375262
1207 820.25476 109.13504 763.6318245155068 863.6318245155068 63.93458862018292 163.93458862018292
1224 839.45087 108.55452 771.2664330094331 871.2664330094331 67.76252423287974 167.76252423287974
1241 839.45087 108.55452 778.788983721744 878.788983721744 71.80623152831976 171.80623152831976
1258 859.16187 117.5968 786.1933800147626 886.1933800147626 76.06243329120804 176.06243329120804
1275 859.16187 117.5968 793.4736210088488 893.4736210088488 80.52768009049117 180.52768009049117
1293 873.85693 123.06335 801.040231024628 901.040231024628 85.47941582800502 185.47941582800502
1309 873.85693 123.06335 807.638141470708 907.638141470708 90.0706669060545 190.0706669060545
1326 887.203 132.02182 814.5109413283826 914.5109413283826 95.14067282585665 195.14067282585665
1343 887.203 132.02182 821.2366359705578 921.2366359705578 100.40426185718263 200.40426185718263
1360 890.9792 144.30429 827.809774570124 927.809774570124 105.85716813378187 205.85716813378187
1377 890.9792 144.30429 834.2250299387413 934.2250299387413 111.49497235758312 211.49497235758312
1394 892.1377 162.69324 840.4772028442499 940.4772028442499 117.31310538030687 217.31310538030687
1411 892.1377 162.69324 846.5612262243785 946.5612262243785 123.30685190652298 223.30685190652298
1428 902.0076 175.55444 852.4721692933363 952.4721692933363 129.47135431515434 229.47135431515434
1445 902.0076 175.55444 858.2052415379586 958.2052415379586 135.80161659632608 235.80161659632608
1462 905.5956 187.37167 863.7557966001699 963.7557966001699 142.29250840037312 242.29250840037312
1479 915.47107 202.4333 869.1193360426164 969.1193360426164 148.93876919572267 248.93876919572267
1496 915.47107 202.4333 874.2915129944168 974.2915129944168 155.73501253228335 255.73501253228335
1513 915.47107 202.4333 879.2681356740757 979.2681356740757 162.675730406883 262.67573040688296
1530 917.65656 226.50426 884.0451707867052 984.0451707867052 169.7552977272204 269.7552977272204
1547 917.65656 226.50426 888.6187467928016 988.6187467928016 176.96797687071094 276.9679768707109
1564 922.7759 253.79803 892.9851570459276 992.9851570459276 184.30792233453255 284.3079223345326
1581 922.7759 253.79803 897.1408627967578 997.1408627967578 191.76918547310373 291.76918547310373
1598 937.0772 280.97577 901.0824960610505 1001.0824960610505 199.34571931915121 299.3457193191512
1615 937.0772 280.97577 904.8068623492258 1004.8068623492258 207.03138348446487 307.03138348446487
1632 946.5337 301.3939 908.3109432553329 1008.3109432553329 214.8199491363638 314.8199491363638
1650 962.31177 347.01434 911.7778900120431 1011.7778900120431 223.17180845816728 323.1718084581673
1667 962.31177 347.01434 914.8197010204906 1014.8197010204906 231.15226732338112 331.1522673233811
1683 967.1676 382.21417 917.4739812329851 1017.4739812329851 238.73954649774532 338.7395464977453
1700 967.1676 382.21417 920.0703407916484 1020.0703407916484 246.87583895516212 346.8758389551621
1717 980.42914 406.83923 922.4340447096293 1022.4340447096293 255.08274103198784 355.08274103198784
1734 980.42914 406.83923 924.5631773273444 1024.5631773273444 263.35360145921436 363.35360145921436
1751 991.2052 426.16235 926.4560130930984 1026.4560130930984 271.6817171329047 371.6817171329047
1768 991.2052 426.16235 928.1110179615537 1028.1110179615537 280.0603385467098 380.0603385467098
1785 991.2052 426.16235 929.5268506369953 1029.5268506369953 288.4826752619944 388.4826752619944
1802 1003.00354 451.59613 930.7023636603816 1030.7023636603817 296.94190141113677 396.94190141113677
1819 1003.00354 451.59613 931.6366043392997 1031.6366043392995 305.4311612295389 405.4311612295389
1836 1010.16437 464.74698 932.3288155200738 1032.328815520074 313.9435746118702 413.9435746118702
1853 1024.9087 453.47418 932.7784362013994 1032.7784362013995 322.4722426880359 422.4722426880359
1870 1024.9087 453.47418 932.9851019890048 1032.9851019890048 331.01025341435343 431.01025341435343
1887 1040.3816 450.54294 932.9486453909749 1032.948645390975 339.5506871754069 439.5506871754069
1904 1040.3816 450.54294 932.6690959534936 1032.6690959534935 348.08662239203596 448.08662239203596
1921 1056.5817 452.45264 932.1466802368993 1032.1466802368993 356.6111411309172 456.6111411309172
1938 1056.5817 452.45264 931.3818216320687 1031.3818216320687 365.1173347111916 465.1173347111916
1955 1062.1774 459.9865 930.3751400172805 1030.3751400172805 373.5983093035911 473.5983093035911
1972 1062.1774 459.9865 929.1274512558361 1029.1274512558361 382.04719151753216 482.04719151753216
1989 1074.7532 461.31268 927.6397665348454 1027.6397665348454 390.4571339716405 490.4571339716405
2006 1074.7532 461.31268 925.9132915457113 1025.9132915457112 398.8213208432003 498.8213208432003
2023 1074.7532 461.31268 923.9494255069792 1023.9494255069792 407.13297339202586 507.13297339202586
2041 1082.5908 457.01047 921.6130618516396 1021.6130618516396 415.86880070345273 515.8688007034527
2057 1094.1228 483.39932 919.3160778307275 1019.3160778307275 423.5717789017766 523.5717789017766
2074 1094.1228 483.39932 916.6503512814876 1016.6503512814876 431.68560906238275 531.6856090623828
2091 1098.427 493.85367 913.7547408159044 1013.7547408159044 439.7202700970553 539.7202700970553
2108 1098.427 493.85367 910.6315931762647 1010.6315931762647 447.6692503292295 547.6692503292295
2125 1103.8075 513.1723 907.2834395119482 1007.2834395119482 455.52610752219204 555.526107522192
2142 1103.8075 513.1723 903.7129933280626 1003.7129933280626 463.2844741001809 563.2844741001809
2159 1108.3221 553.6063 899.9231482862865 999.9231482862865 470.9380623089762 570.9380623089762
2176 1108.3221 553.6063 895.9169758597092 995.9169758597092 478.4806693117979 578.4806693117979
2193 1115.4521 612.12085 891.6977228435584 991.6977228435584 485.90618221638465 585.9061822163847
2210 1115.4521 612.12085 887.2688087238421 987.2688087238421 493.20858302917645 593.2085830291765
2227 1118.2838 618.28845 882.6338229060326 982.6338229060326 500.38195353258584 600.3819535325858
2244 1109.7185 614.13055 877.7965218060378 977.7965218060378 507.42048008140796 607.420480081408
2261 1109.7185 614.13055 872.7608258058228 972.7608258058228 514.3184583144773 614.3184583144773
2278 1109.7185 614.13055 867.5308160761413 967.5308160761413 521.0702977777584 621.0702977777584
2295 1107.1465 644.4613 862.1107312689596 962.1107312689596 527.6705264551181 627.6705264551181
2312 1107.1465 644.4613 856.5049640822481 956.5049640822481 534.1137952031119 634.1137952031119
2329 1102.4384 675.7721 850.7180576999276 950.7180576999276 540.394882086187 640.394882086187
2346 1102.4384 675.7721 844.754702109853 944.754702109853 546.5086966087915 646.5086966087915
2363 1100.145 715.3636 838.6197303028227 938.6197303028227 552.4502838409564 652.4502838409564
2380 1100.145 715.3636 832.3181143556885 932.3181143556885 558.2148284340103 658.2148284340103
2397 1091.4258 719.7227 825.8549614017456 925.8549614017456 563.7976585231695 663.7976585231695
2415 1091.4258 719.7227 818.8413765564474 918.8413765564474 569.5058019659065 669.5058019659065
2431 1098.5742 763.15375 812.4651233483269 912.4651233483269 574.4002277485814 674.4002277485814
2448 1101.8141 792.6286 805.5492900189863 905.5492900189863 579.4113740517007 679.4113740517007
2465 1101.8141 792.6286 798.4936144283101 898.4936144283101 584.2236271487043 684.2236271487043
2482 1092.78 811.1697 791.3038148358737 891.3038148358737 588.8330869577367 688.8330869577367
2499 1092.78 811.1697 783.9857182018081 883.9857182018081 593.2360177503971 693.2360177503971
2516 1088.0516 835.56226 776.54525546435 876.54525546435 597.4288511793545 697.4288511793545
2533 1088.0516 835.56226 768.9884567331254 868.9884567331254 601.4081891703074 701.4081891703074
2550 1088.0516 835.56226 761.3214464020558 861.3214464020558 605.1708066759479 705.1708066759479
2567 1074.382 843.8735 753.5504381858558 853.5504381858558 608.7136542896951 708.7136542896951
2584 1074.382 843.8735 745.6817300841386 845.6817300841386 612.0338607170812 712.0338607170812
2601 1066.6833 861.1526 737.721699277214 837.721699277214 615.1287351027865 715.1287351027865
2618 1056.0624 875.43384 729.6767969577133 829.6767969577133 617.9957692114392 717.9957692114392
2635 1056.0624 875.43384 721.553543102233 821.553543102233 620.6326394604092 720.6326394604092
2652 1040.2534 846.3911 713.3585211872297 813.3585211872297 623.0372088029525 723.0372088029525
2669 1040.2534 846.3911 705.0983728534557 805.0983728534557 625.2075284601758 725.2075284601758
2686 1012.2001 810.602 696.7797925232513 796.7797925232513 627.1418395004217 727.1418395004217
2703 1012.2001 810.602 688.4095219750633 788.4095219750633 628.8385742647915 728.8385742647915
2720 1006.3793 819.8411 679.9943448795832 779.9943448795832 630.296357637651 730.296357637651
2737 1006.3793 819.8411 671.5410813019316 771.5410813019316 631.5140081610913 731.5140081610913
2754 977.7714 804.2149 663.0565821743512 763.0565821743512 632.4905389924386 732.4905389924386
2772 977.7714 804.2149 654.0465913636143 754.0465913636143 633.2608243522246 733.2608243522246
2788 977.7714 804.2149 646.0214019995067 746.0214019995067 633.7172719246712 733.7172719246712
2805 977.27563 832.0946 637.4845270833351 737.4845270833351 633.9664798220608 733.9664798220608
2822 965.8994 843.11145 628.9440176902656 728.9440176902656 633.9725804261168 733.9725804261168
2839 965.8994 843.11145 620.4067954607539 720.4067954607539 633.7355687926154 733.7355687926154
2856 944.32385 824.24744 611.8797793711809 711.8797793711809 633.2556370072082 733.2556370072082
2873 944.32385 824.24744 603.3698801263789 703.3698801263789 632.5331740297464 732.5331740297464
2890 920.2583 816.31006 594.8839945588649 694.8839945588649 631.5687653790487 731.5687653790487
2907 920.2583 816.31006 586.4290000393138 686.4290000393138 630.3631926583694 730.3631926583694
2924 888.5536 771.9627 578.0117489028069 678.0117489028069 628.9174329219486 728.9174329219486
2941 888.5536 771.9627 569.6390628953682 669.6390628953682 627.232657883161 727.232657883161
2958 867.8809 793.71265 561.3177276452934 661.3177276452934 625.3102329649023 725.3102329649023
2975 867.8809 793.71265 553.0544871637487 653.0544871637487 623.1517161929854 723.1517161929854
2992 846.04755 801.0183 544.8560383791012 644.8560383791012 620.7588569334407 720.7588569334407
3009 827.06775 820.0762 536.7290257094023 636.7290257094023 618.1335944747455 718.1335944747455
3026 827.06775 820.0762 528.6800356774336 628.6800356774336 615.278056456131 715.278056456131
3043 827.06775 820.0762 520.7155915726703 620.7155915726703 612.1945571432422 712.1945571432422
3060 811.0114 838.22656 512.8421481644934 612.8421481644934 608.8855955525434 708.8855955525434
3077 811.0114 838.22656 505.066086470933 605.066086470933 605.3538534259965 705.3538534259965
3094 782.1944 832.52484 497.3937085871838 597.3937085871838 601.6021930576474 701.6021930576474
3111 782.1944 832.52484 489.8312325780845 589.8312325780845 597.6336549738851 697.6336549738851
3129 768.42084 847.9166 481.9505041384623 581.9505041384623 593.1988614943655 693.1988614943655
3145 768.42084 847.9166 475.06040812706976 575.0604081270698 589.058983999804 689.058983999804
3162 736.168 832.9561 467.8640306732291 567.8640306732291 584.4598004361334 684.4598004361334
3179 736.168 832.9561 460.8014873683203 560.8014873683203 579.6576321782761 679.6576321782761
3196 714.2558 834.0239 453.87850203784535 553.8785020378454 574.6563711348483 674.6563711348483
3213 701.78894 837.7772 447.10068540279684 547.1006854027969 569.4600705688548 669.4600705688548
3230 701.78894 837.7772 440.47353053246013 540.4735305324601 564.0729418127313 664.0729418127313
3247 650.9508 785.2678 434.0024083925641 534.0024083925641 558.4993508552757 658.4993508552757
3264 650.9508 785.2678 427.69256349239276 527.6925634923928 552.7438148032415 652.7438148032415
3281 650.9508 785.2678 421.54910963438175 521.5491096343817 546.8109982204569 646.8109982204569
3298 632.72723 772.16144 415.5770257696452 515.5770257696452 540.7057093474355 640.7057093474355
3315 632.72723 772.16144 409.7811519627961 509.7811519627961 534.4328962045494 634.4328962045494
3332 623.2923 774.88995 404.1661854693228 504.1661854693228 527.9976425819129 627.9976425819129
3349 623.2923 774.88995 398.7366769287074 498.7366769287074 521.4051639192346 621.4051639192346
3366 614.3169 779.59033 393.49702667636814 493.49702667636814 514.6608030789737 614.6608030789737
3383 599.5642 759.5509 388.45148117741576 488.45148117741576 507.7700260162269 607.7700260162269
3400 599.5642 759.5509 383.6041295851123 483.6041295851123 500.7384173488538 600.7384173488538
3417 589.9685 762.84546 378.95890042682595 478.95890042682595 493.5716758314352 593.5716758314352
3434 589.9685 762.84546 374.519558420162 474.519558420162 486.2756097367269 586.2756097367269
3452 569.51227 727.94366 370.04748418581175 470.04748418581175 478.4159770489023 578.4159770489023
3468 569.51227 727.94366 366.2727575118902 466.2727575118902 471.3192561685689 571.3192561685689
3485 555.33527 722.54297 362.4719822152257 462.4719822152257 463.6710900449318 563.6710900449318
3502 555.33527 722.54297 358.8904558633554 458.8904558633554 455.9178322199049 555.9178322199049
3519 539.40015 716.2891 355.5310810978608 455.5310810978608 448.06576630732854 548.0657663073285
3536 539.40015 716.2891 352.3965805179704 452.3965805179704 440.1212559998803 540.1212559998803
3553 539.40015 716.2891 349.4894944740342 449.4894944740342 432.0907399116313 532.0907399116313
3570 528.79443 714.8059 346.8121790087004 446.8121790087004 423.9807263598813 523.9807263598814
3588 527.8391 719.60486 344.23022471939606 444.23022471939606 415.31430922285153 515.3143092228515
3604 527.8391 719.60486 342.155351140146 442.155351140146 407.5485569510936 507.5485569510936
3621 518.4883 713.35144 340.17961285468476 440.17961285468476 399.23971851615926 499.23971851615926
3638 518.4883 713.35144 338.44119032461737 438.44119032461737 390.87800666884965 490.87800666884965
3655 518.21277 723.40515 336.9414924513526 436.9414924513526 382.4701981434725 482.4701981434725
3672 518.21277 723.40515 335.68173466233077 435.68173466233077 374.02310703330426 474.02310703330426
3689 511.0052 719.20905 334.66293792598333 434.66293792598333 365.5435792681223 465.5435792681223
3706 511.0052 719.20905 333.8859279242903 433.8859279242903 357.03848706593226 457.03848706593226
3723 502.09607 691.89545 333.35133438360816 433.35133438360816 348.5147233633919 448.5147233633919
3740 502.09607 691.89545 333.05959056430925 433.05959056430925 339.9791962294431 439.9791962294431
3757 491.2803 679.64514 453.02406576024066 553.0240657602407 331.056686471707 431.056686471707
3774 471.95166 646.8223 453.36623095517183 553.3662309551719 322.5235450269113 422.5235450269113
3791 471.95166 646.8223 454.11274721758974 554.1127472175897 314.01623679178385 414.01623679178385
3808 471.95166 646.8223 455.26193415828243 555.2619341582824 305.553911501838 405.553911501838
3826 461.83917 643.08923 456.91472789945465 556.9147278994546 296.66399928652106 396.66399928652106
3842 461.83917 643.08923 458.7570723329198 558.7570723329197 288.84025954453836 388.84025954453836
3859 461.73718 637.13245 461.09515609929747 561.0951560992975 280.62655488470796 380.62655488470796
3876 461.73718 637.13245 463.8201933182859 563.8201933182859 272.53299249891984 372.53299249891984
3893 457.36002 630.78925 466.92605000007745 566.9260500000775 264.5777907912517 364.5777907912517
3910 457.36002 630.78925 470.40573493989234 570.4057349398923 256.7788567193968 356.7788567193968
3927 452.4674 613.7104 474.251415455004 574.251415455004 249.15374548655507 349.15374548655507
3944 452.4674 613.7104 478.4544350159092 578.4544350159092 241.71962102511617 341.71962102511617
3961 458.35217 604.2379 483.0053327319572 583.0053327319572 234.49321736108072 334.4932173610807
3978 458.35217 604.2379 487.893864647575 587.893864647575 227.49080094619188 327.4908009461919
3995 461.23395 560.021 493.109026801152 593.109026801152 220.7281340425647 320.7281340425647
4012 468.55118 533.175 498.63907999467915 598.6390799946792 214.22043924223226 314.22043924223226
4029 468.55118 533.175 504.47157621838664 604.4715762183866 207.98236520147657 307.98236520147657
4046 468.55118 533.175 510.59338667089924 610.5933866708992 202.0279536670738 302.0279536670738
4063 472.368 522.96533 516.9907313118342 616.9907313118342 196.37060786867886 296.37060786867886
4080 472.368 522.96533 523.6492098803254 623.6492098803254 191.0230623484931 291.0230623484931
4097 497.71234 477.7634 530.5538343096449 630.5538343096449 185.9973542961332 285.9973542961332
4114 497.71234 477.7634 537.689062464963 637.689062464963 181.30479645322103 281.304796453221
4131 500.71988 467.5037 545.0388331282979 645.0388331282979 176.95595164869005 276.9559516486901
4148 500.71988 467.5037 552.5866021519138 652.5866021519138 172.9606090221234 272.96060902212344
4165 528.8163 434.20505 560.3153796987771 660.3153796987771 169.32776198864897 269.32776198864894
4182 553.2165 401.99353 568.2077684862486 668.2077684862486 166.06558799499004 266.06558799499004
4200 553.2165 401.99353 576.7229970015156 676.7229970015156 163.02368896976233 263.02368896976236
4216 577.76697 374.86536 584.4119892185008 684.4119892185008 160.68178050678887 260.68178050678887
4233 577.76697 374.86536 592.6873458725511 692.6873458725511 158.57226582663537 258.5722658266354
4250 577.76697 374.86536 601.053445290706 701.053445290706 156.85763453593017 256.8576345359302
4267 601.4732 349.46298 609.4914555949256 709.4914555949256 155.54174622631027 255.54174622631027
4284 601.4732 349.46298 617.9823830375866 717.9823830375866 154.6275629290547 254.6275629290547
4301 617.5652 347.10345 626.507114755926 726.507114755926 154.1171424476271 254.1171424476271
4318 617.5652 347.10345 635.0464617946108 735.0464617946108 154.01163372561214 254.01163372561214
4335 642.20215 346.34406 643.581202299593 743.581202299593 154.31127426047263 254.31127426047263
4352 664.5185 325.0869 652.0921247860152 752.0921247860152 155.01538956894865 255.01538956894865
4369 664.5185 325.0869 660.5600713827765 760.5600713827765 156.12239470530233 256.1223947053023
4386 693.3957 289.9638 668.9659809564164 768.9659809564164 157.6297978289907 257.6297978289907
4403 693.3957 289.9638 677.2909320172428 777.2909320172428 159.53420581373558 259.5342058137356
4420 709.31714 285.8705 685.5161853111272 785.5161853111272 161.83133188536496 261.831331885365
4437 709.31714 285.8705 693.6232260010909 793.6232260010909 164.5160052712332 264.5160052712332
4454 741.2633 252.56873 701.5938053437343 801.5938053437343 167.58218283949915 267.5821828394992
4471 741.2633 252.56873 709.4099817666976 809.4099817666976 171.0229627020636 271.02296270206364
4488 749.9134 258.7204 717.0541612546845 817.0541612546845 174.83059975054408 274.8305997505441
4505 749.9134 258.7204 724.5091369531456 824.5091369531456 178.99652309031762 278.9965230903176
4522 759.489 259.2464 731.7581279004737 831.7581279004737 183.51135533338842 283.51135533338845
4539 759.489 259.2464 738.7848168015221 838.7848168015221 188.36493370665013 288.36493370665016
4556 773.2073 269.56195 745.5733867574248 845.5733867574248 193.54633292803192 293.5463329280319
4574 773.2073 269.56195 752.4847699331881 852.4847699331881 199.3768602579292 299.3768602579292
4590 784.8364 281.1756 758.3756166338345 858.3756166338345 204.8452294582745 304.8452294582745
4607 784.8364 281.1756 764.3604590589218 864.3604590589218 210.9372932370277 310.9372932370277
4624 799.7992 282.35776 770.0496124154753 870.0496124154753 217.30636805391646 317.30636805391646
4641 799.7992 282.35776 775.4302705632856 875.4302705632856 223.93811728273374 323.93811728273374
4658 813.7513 280.9225 780.4903217770493 880.4903217770493 230.81761302381858 330.8176130238186
4675 813.7513 280.9225 785.2183760095571 885.2183760095571 237.9293697063817 337.9293697063817
4692 828.3239 280.80264 789.6037905304013 889.6037905304013 245.25737894613326 345.25737894613326
4709 828.3239 280.80264 793.6366938824929 893.6366938824929 252.78514557975075 352.78514557975075
4726 845.2899 286.89023 797.3080081024611 897.3080081024611 260.4957247950736 360.4957247950736
4743 845.2899 286.89023 800.6094691549205 900.6094691549205 268.3717602734482 368.3717602734482
4760 861.16766 291.78595 803.5336455346032 903.5336455346032 276.3955232583588 376.3955232583588
4777 875.0397 303.66052 806.0739549944915 906.0739549944915 284.5489524624127 384.5489524624127
4794 875.0397 303.66052 808.2246793622878 908.2246793622878 292.8136947228397 392.8136947228397
4811 875.0397 303.66052 809.980977411876 909.980977411876 301.17114631399613 401.17114631399613
4828 885.82794 320.19302 811.3388957607996 911.3388957607996 309.60249482388303 409.60249482388303
4845 885.82794 320.19302 812.2953777692248 912.2953777692248 318.08876150040663 418.08876150040663
4862 895.09235 346.48688 812.84827042036 912.84827042036 326.6108439720703 426.6108439720703
4879 895.09235 346.48688 812.9963291668411 912.9963291668411 335.1495592469291 435.1495592469291
4896 909.8906 378.86572 812.7392207321774 912.7392207321774 343.68568689301895 443.68568689301895
4913 909.8906 378.86572 812.0775238609478 912.0775238609478 352.200012303063 452.200012303063
4930 918.83606 404.33292 811.0127280160616 911.0127280160616 360.6733699460652 460.6733699460652
4948 932.2837 418.67444 809.4486116349954 909.4486116349954 369.57931213616394 469.57931213616394
4964 932.2837 418.67444 807.6843286896907 907.6843286896907 377.4210238275436 477.4210238275436
4981 932.7909 426.66434 805.4282173508461 905.4282173508461 385.65762152102405 485.65762152102405
4998 932.7909 426.66434 802.7839744590015 902.7839744590015 393.77793921594457 493.77793921594457
5015 942.08777 467.98376 799.7575521379785 899.7575521379785 401.7636982827043 501.7636982827043
5032 942.08777 467.98376 796.3557627878217 896.3557627878217 409.59692297976756 509.59692297976756
5049 942.08777 467.98376 792.5862637502574 892.5862637502574 417.25998091660404 517.259980916604
5066 946.9793 491.5158 788.4575400722103 888.4575400722103 424.73562274375536 524.7356227437554
5083 946.9793 491.5158 783.9788854061801 883.9788854061801 432.00702098068035 532.0070209806804
5100 951.0595 512.44037 779.1603810904619 879.1603810904619 439.057807893992 539.057807893992
5117 951.0595 512.44037 774.0128734563121 874.0128734563121 445.8721123408068 545.8721123408068
5134 951.98035 531.6003 768.5479494131282 868.5479494131282 452.4345954942897 552.4345954942896
5151 953.80804 548.4438 762.7779103666112 862.7779103666112 458.73048537096236 558.7304853709624
5168 953.80804 548.4438 756.7157445286122 856.7157445286122 464.7456100820642 564.7456100820642
5185 951.7861 557.4897 750.3750976809954 850.3750976809954 470.46642973411736 570.4664297341174
5202 951.7861 557.4897 743.7702424593289 843.7702424593289 475.8800669068827 575.8800669068827
5219 952.6808 549.015 736.9160462255444 836.9160462255444 480.9743356401059 580.9743356401059
5236 952.6808 549.015 729.8279376018812 829.8279376018812 485.73776886380733 585.7377688638073
5253 950.00653 558.62085 722.5218717414465 822.5218717414465 490.15964421036574 590.1596442103657
5270 950.00653 558.62085 715.014294413571 815.014294413571 494.2300081502966 594.2300081502966
5287 943.6967 570.027 707.3221049847989 807.3221049847989 497.93969839739407 597.9396983973941
5305 943.6967 570.027 698.995462019195 798.995462019195 501.46521726278866 601.4652172627887
5321 943.6967 570.027 691.4535261011198 791.4535261011198 504.2444868016163 604.2444868016163
5338 940.44336 591.6378 683.3128564156366 783.3128564156366 506.8253930396211 606.8253930396211
5355 936.4438 606.4471 675.0589337638094 775.0589337638094 509.01727369220305 609.017273692203
5372 936.4438 606.4471 666.710337516615 766.710337516615 510.8151948914908 610.8151948914908
5389 924.56433 628.7394 658.2858601528986 758.2858601528986 512.2151095623715 612.2151095623715
5406 924.56433 628.7394 649.8044649579773 749.8044649579773 513.2138665323532 613.2138665323532
5423 901.7244 632.8502 641.2852433377668 741.2852433377668 513.8092176247758 613.8092176247758
5440 901.7244 632.8502 632.7473718445073 732.7473718445073 513.9998227193989 613.9998227193989
5457 880.2567 632.73804 624.2100690108309 724.2100690108309 513.7852527689789 613.7852527689789
5474 880.2567 632.73804 615.692552089333 715.692552089333 513.1659907650433 613.1659907650433
5491 860.13654 623.77466 607.2139937950213 707.2139937950213 512.1434306506889 612.1434306506889
5508 860.13654 623.77466 598.7934791480179 698.7934791480179 510.71987418285164 610.7198741828516
5525 845.4934 632.9717 590.4499625136663 690.4499625136663 508.8985257511097 608.8985257511097
5542 844.1677 666.6572 582.2022249367301 682.2022249367301 506.68348516468336 606.6834851646834
5559 844.1677 666.6572 574.0688318657412 674.0688318657412 504.079738423869 604.079738423869
5576 844.1677 666.6572 566.0680913626405 666.0680913626405 501.0931464966776 601.0931464966776
5593 827.785 675.4588 558.218012891798 658.218012891798 497.7304321259451 597.7304321259451
5610 827.785 675.4588 550.5362667811617 650.5362667811617 493.99916469660786 593.9991646966079
5627 812.5967 678.1648 543.0401444467964 643.0401444467964 489.90774319720856 589.9077431972086
5644 812.5967 678.1648 535.7465194703461 635.7465194703461 485.4653773139863 585.4653773139863
5661 797.4316 681.70496 528.6718096170268 628.6718096170268 480.6820667001052 580.6820667001052
5679 797.4316 681.70496 521.4372397764029 621.4372397764029 475.25774503117407 575.2577450311741
5695 780.00964 676.8154 515.2423066318847 615.2423066318847 470.13642294632587 570.1364229463259
5712 780.00964 676.8154 508.91774297137306 608.9177429713731 464.3978277836013 564.3978277836013
5729 769.0776 688.2787 502.8724853308397 602.8724853308397 458.36571041097886 558.3657104109789
5746 755.21295 679.5676 497.1201414322254 597.1201414322254 452.0536489719888 552.0536489719889
5763 755.21295 679.5676 491.67365965604995 591.67365965605 445.47585175716756 545.4758517571676
5780 749.55457 688.7816 486.5452998949387 586.5452998949387 438.6471252215585 538.6471252215586
5797 749.55457 688.7816 481.74660595691194 581.7466059569119 431.58284065575424 531.5828406557542
5814 733.1675 680.9293 477.2883795805666 577.2883795805666 424.29889958551144 524.2988995855114
5831 733.1675 680.9293 473.18065612063515 573.1806561206351 416.8116979778178 516.8116979778179
5848 733.1675 680.9293 469.43268195865755 569.4326819586576 409.1380893339877 509.1380893339877
5865 709.5158 645.287 466.05289368960894 566.0528936896089 401.295346752855 501.295346752855
5882 709.5158 645.287 463.04889913133843 563.0488991313384 393.30112404946493 493.30112404946493
5899 689.94226 629.8345 460.427460199564 560.4274601995639 385.1734160167848 485.1734160167848
5916 676.389 604.96606 458.1944776869708 558.1944776869708 376.9305179198789 476.9305179198789
5933 676.389 604.96606 456.35497798067684 556.3549779806768 368.59098431373195 468.59098431373195
5950 660.4397 583.5927 454.91310174796206 554.9131017479621 360.1735872774116 460.1735872774116
5967 660.4397 583.5927 453.8720946157316 553.8720946157316 351.69727415859836 451.69727415859836
5984 655.3095 571.3008 453.23429986469176 553.2342998646918 343.18112492358273 443.18112492358273
6001 655.3095 571.3008 453.0036526131048 553.0036526131048 335.1467028281774 435.1467028281774
