0 757.48096 576.46564 333.0 433.0 334.0 434.0
17 747.6193 562.5246 333.1215672298508 433.1215672298508 325.460353677165 425.460353677165
34 747.6193 562.5246 333.4861703954607 433.4861703954607 316.92762829531256 416.92762829531256
51 732.9971 557.9962 334.0935140048509 434.0935140048509 308.4087391863609 408.4087391863609
68 732.9971 557.9962 334.94310583748677 434.94310583748677 299.91059046864586 399.91059046864586
86 732.9971 557.9962 336.1059474282776 436.1059474282776 290.9428107334055 390.9428107334055
102 732.4238 555.93225 337.3660842002114 437.3660842002114 283.00404105339845 383.00404105339845
120 732.4238 555.93225 339.0373788905013 439.0373788905013 274.11696909446454 374.11696909446454
136 725.16077 552.6637 340.74725228130916 440.74725228130916 266.2627764750041 366.2627764750041
153 732.79694 498.64835 342.7938532438116 442.7938532438116 257.9711082224287 357.9711082224287
170 732.79694 498.64835 345.0756512552929 445.0756512552929 249.74105744826687 349.7410574482669
187 733.5807 472.75644 347.59079703666407 447.59079703666407 241.57929418234613 341.57929418234613
204 733.5807 472.75644 350.3372521925565 450.3372521925565 233.4924331110061 333.4924331110061
221 726.8765 456.26028 353.31279086333535 453.31279086333535 225.48702821623766 325.48702821623766
239 726.8765 456.26028 356.7103713044251 456.7103713044251 217.10671073469888 317.1067107346989
255 725.77747 445.30286 359.9412889638151 459.9412889638151 209.74646754616077 309.7464675461608
272 725.77747 445.30286 363.5888763391684 463.5888763391684 202.0240686798987 302.02406867989873
289 695.9242 413.72223 367.4548074744846 467.4548074744846 194.40862946948707 294.4086294694871
306 695.9242 413.72223 371.53594923283765 471.53594923283765 186.90632183391858 286.9063218339186
323 663.445 378.76 375.8289940602396 475.8289940602396 179.52322600490484 279.5232260049048
341 663.445 378.76 380.6016685145469 480.6016685145469 171.84241533816768 271.8424153381677
357 636.76105 385.07288 385.0367068437197 485.0367068437197 165.13850276900726 265.13850276900723
374 636.76105 385.07288 389.9439124255555 489.9439124255555 158.14853343516307 258.1485334351631
391 612.9219 401.15277 395.0481023758233 495.0481023758233 151.30108260568883 251.30108260568883
408 612.9219 401.15277 400.34514001297055 500.34514001297055 144.601699784777 244.601699784777
425 590.3437 410.1302 405.83073236238414 505.83073236238414 138.05581447516937 238.05581447516937
442 590.3437 410.1302 411.50043363562395 511.50043363562395 131.66873177782583 231.66873177782583
459 581.1774 423.80783 417.3496488335043 517.3496488335043 125.44562809241546 225.44562809241546
476 581.1774 423.80783 423.3736374701024 523.3736374701024 119.39154692211227 219.39154692211227
494 571.4839 426.8598 429.9370474236076 529.9370474236076 113.17102252884061 213.1710225288406
510 571.4839 426.8598 435.9262688483818 535.9262688483818 107.8099372430793 207.8099372430793
527 555.84955 411.97913 442.44473833256984 542.4447383325698 102.29179502905546 202.29179502905546
544 547.0241 382.98398 449.1176429853873 549.1176429853873 96.96144031244515 196.96144031244515
561 547.0241 382.98398 455.939574763276 555.939574763276 91.82319306962836 191.82319306962836
578 547.0241 382.98398 462.90500484391305 562.905004843913 86.88121758382923 186.88121758382923
595 542.19275 364.72733 470.0082881070341 570.0082881070341 82.13951907017963 182.13951907017963
612 544.545 341.41003 477.24366770951156 577.2436677095116 77.60194042970028 177.60194042970028
629 544.545 341.41003 484.6052797509776 584.6052797509776 73.27215913482809 173.2721591348281
646 544.545 341.41003 492.08715802621145 592.0871580262115 69.15368424901567 169.15368424901567
663 549.93976 327.73047 499.6832388604396 599.6832388604396 65.24985358281685 165.24985358281685
680 549.93976 327.73047 507.3873660236304 607.3873660236304 61.563830988764266 161.56383098876427
697 555.44904 306.53928 515.1932957197998 615.1932957197998 58.09860379723074 158.09860379723074
714 561.6349 281.3172 523.0947016472838 623.0947016472838 54.85698039535282 154.85698039535282
731 561.6349 281.3172 531.0851801258791 631.0851801258791 51.84158795097835 151.84158795097835
748 564.6881 266.03558 539.158255286693 639.158255286693 49.0548702834833 149.0548702834833
765 564.6881 266.03558 547.3073843205016 647.3073843205016 46.49908588318232 146.49908588318232
782 566.87885 257.68262 555.5259627803556 655.5259627803556 44.176306080939696 144.1763060809397
799 566.87885 257.68262 563.8073299341439 663.8073299341439 42.08841336946284 142.08841336946284
816 570.9256 244.45233 572.1447741627716 672.1447741627716 40.23709987763954 140.23709987763954
834 570.9256 244.45233 581.0262683082123 681.0262683082123 38.53641304886645 138.53641304886645
850 570.9256 244.45233 588.960825606595 688.960825606595 37.25001917650059 137.2500191765006
868 581.0125 233.46892 597.9247092126128 697.9247092126128 36.05751565750103 136.05751565750103
884 581.0125 233.46892 605.9196140026227 705.9196140026227 35.2247455122278 135.2247455122278
901 600.64233 201.6744 614.4353709721212 714.4353709721212 34.574960050003085 134.57496005000309
918 613.9056 186.39157 622.9661736117806 722.9661736117806 34.167843072143 134.167843072143
935 613.9056 186.39157 631.5051081479654 731.5051081479654 34.00372452586896 134.00372452586896
952 622.22125 185.86887 640.0452542165596 740.0452542165596 34.08273742076125 134.08273742076125
969 622.22125 185.86887 648.5796904715623 748.5796904715623 34.40481772096149 134.4048177209615
986 640.1828 189.72678 657.1015001944813 757.1015001944813 34.96970439707047 134.96970439707047
1003 640.1828 189.72678 665.6037768999744 765.6037768999744 35.77693963769889 135.7769396376989
1020 652.6238 184.66321 674.0796299331981 774.0796299331981 36.82586922049978 136.82586922049978
1037 652.6238 184.66321 682.5221900543268 782.5221900543268 38.115643042381976 138.11564304238198
1054 669.347 191.78645 690.9246150057149 790.9246150057149 39.645215808474234 139.64521580847423
1071 669.347 191.78645 699.2800950571935 799.2800950571935 41.41334787928315 141.41334787928315
1088 681.3892 187.54276 707.5818585250034 807.5818585250034 43.41860627535635 143.41860627535635
1105 681.3892 187.54276 715.8231772598931 815.8231772598931 45.65936583863811 145.6593658386381
1122 698.84784 193.15807 723.9973720999366 823.9973720999366 48.133810549576026 148.13381054957603
1139 698.84784 193.15807 732.0978182836474 832.0978182836474 50.839934998910564 150.83993499891056
1156 710.5705 195.80138 740.117950819005 840.117950819005 53.77554601295549 153.7755460129555
1173 710.5705 195.80138 748.0512698040402 848.0512698040402 56.93826443105149 156.9382644310515
1190 722.0143 198.5891 755.8913456946693 855.8913456946693 60.32552703375262 160.32552703375262
1208 722.0143 198.5891 764.0839106673807 864.0839106673807 64.15373198032523 164.15373198032523
1224 744.55676 194.64857 771.2664330094331 871.2664330094331 67.76252423287974 167.76252423287974
1241 744.55676 194.64857 778.788983721744 878.788983721744 71.80623152831976 171.80623152831976
1258 770.2801 218.9393 786.1933800147626 886.1933800147626 76.06243329120804 176.06243329120804
1275 770.2801 218.9393 793.4736210088488 893.4736210088488 80.52768009049117 180.52768009049117
1292 794.7557 250.07483 800.6238064458005 900.6238064458005 85.19835307494287 185.19835307494287
1309 816.08093 274.06793 807.638141470708 907.638141470708 90.0706669060545 190.0706669060545
1326 816.08093 274.06793 814.5109413283826 914.5109413283826 95.14067282585665 195.14067282585665
1344 816.08093 274.06793 821.6275668282935 921.6275668282935 100.71982289007568 200.71982289007568
1360 833.4076 292.58426 827.809774570124 927.809774570124 105.85716813378187 205.85716813378187
1377 833.4076 292.58426 834.2250299387413 934.2250299387413 111.49497235758312 211.49497235758312
1395 852.44794 302.74173 840.8397900584413 940.8397900584413 117.66086422363836 217.66086422363836
1411 852.44794 302.74173 846.5612262243785 946.5612262243785 123.30685190652298 223.30685190652298
1428 871.07544 320.9335 852.4721692933363 952.4721692933363 129.47135431515434 229.47135431515434
1446 871.07544 320.9335 858.5368418139614 958.5368418139614 136.17903805565956 236.17903805565956
1462 887.6972 331.37183 863.7557966001699 963.7557966001699 142.29250840037312 242.29250840037312
1479 903.4371 338.3217 869.1193360426164 969.1193360426164 148.93876919572267 248.93876919572267
1496 903.4371 338.3217 874.2915129944168 974.2915129944168 155.73501253228335 255.73501253228335
1513 912.8897 340.63293 879.2681356740757 979.2681356740757 162.675730406883 262.67573040688296
1530 912.8897 340.63293 884.0451707867052 984.0451707867052 169.7552977272204 269.7552977272204
1547 912.6041 345.72934 888.6187467928016 988.6187467928016 176.96797687071094 276.9679768707109
1565 912.6041 345.72934 893.2354766962846 993.2354766962846 184.74352051365594 284.74352051365594
1581 887.7918 385.7909 897.1408627967578 997.1408627967578 191.76918547310373 291.76918547310373
1598 887.7918 385.7909 901.0824960610505 1001.0824960610505 199.34571931915121 299.3457193191512
1615 887.7918 385.7909 904.8068623492258 1004.8068623492258 207.03138348446487 307.03138348446487
1632 882.8046 374.36432 908.3109432553329 1008.3109432553329 214.8199491363638 314.8199491363638
1649 882.8046 374.36432 911.5918989033121 1011.5918989033121 222.7051040458423 322.7051040458423
1666 862.9954 384.29477 914.6470702485676 1014.6470702485676 230.6804577033056 330.6804577033056
1683 856.33813 413.43506 917.4739812329851 1017.4739812329851 238.73954649774532 338.7395464977453
1700 856.33813 413.43506 920.0703407916484 1020.0703407916484 246.87583895516212 346.8758389551621
1717 851.787 454.69666 922.4340447096293 1022.4340447096293 255.08274103198784 355.08274103198784
1734 851.787 454.69666 924.5631773273444 1024.5631773273444 263.35360145921436 363.35360145921436
1751 843.9275 495.6828 926.4560130930984 1026.4560130930984 271.6817171329047 371.6817171329047
1768 843.9275 495.6828 928.1110179615537 1028.1110179615537 280.0603385467098 380.0603385467098
1785 840.76556 535.43475 929.5268506369953 1029.5268506369953 288.4826752619944 388.4826752619944
1802 840.76556 535.43475 930.7023636603816 1030.7023636603817 296.94190141113677 396.94190141113677
1819 838.3843 565.1929 931.6366043392997 1031.6366043392995 305.4311612295389 405.4311612295389
1836 838.3843 565.1929 932.3288155200738 1032.328815520074 313.9435746118702 413.9435746118702
1853 867.6346 566.40796 932.7784362013994 1032.7784362013995 322.4722426880359 422.4722426880359
1870 867.6346 566.40796 932.9851019890048 1032.9851019890048 331.01025341435343 431.01025341435343
1887 896.2129 609.5476 932.9486453909749 1032.948645390975 339.5506871754069 439.5506871754069
1904 896.2129 609.5476 932.6690959534936 1032.6690959534935 348.08662239203596 448.08662239203596
1921 915.1302 630.14044 932.1466802368993 1032.1466802368993 356.6111411309172 456.6111411309172
1939 915.1302 630.14044 931.3292920861586 1031.3292920861586 365.61698093385 465.61698093385
1955 941.1533 658.11914 930.3751400172805 1030.3751400172805 373.5983093035911 473.5983093035911
1972 941.1533 658.11914 929.1274512558361 1029.1274512558361 382.04719151753216 482.04719151753216
1989 953.5625 668.6036 927.6397665348454 1027.6397665348454 390.4571339716405 490.4571339716405
2006 953.5625 668.6036 925.9132915457113 1025.9132915457112 398.8213208432003 498.8213208432003
2023 972.8025 693.6993 923.9494255069792 1023.9494255069792 407.13297339202586 507.13297339202586
2040 972.8025 693.6993 921.7497600303433 1021.7497600303433 415.385355454278 515.3853554542779
2057 982.54504 703.2705 919.3160778307275 1019.3160778307275 423.5717789017766 523.5717789017766
2074 1013.2127 702.833 916.6503512814876 1016.6503512814876 431.68560906238275 531.6856090623828
2091 1013.2127 702.833 913.7547408159044 1013.7547408159044 439.7202700970553 539.7202700970553
2108 1013.2127 702.833 910.6315931762647 1010.6315931762647 447.6692503292295 547.6692503292295
2125 1044.5066 733.4745 907.2834395119482 1007.2834395119482 455.52610752219204 555.526107522192
2142 1044.5066 733.4745 903.7129933280626 1003.7129933280626 463.2844741001809 563.2844741001809
2159 1070.3723 755.0409 899.9231482862865 999.9231482862865 470.9380623089762 570.9380623089762
2176 1070.3723 755.0409 895.9169758597092 995.9169758597092 478.4806693117979 578.4806693117979
2193 1086.8885 782.3576 891.6977228435584 991.6977228435584 485.90618221638465 585.9061822163847
2210 1086.8885 782.3576 887.2688087238421 987.2688087238421 493.20858302917645 593.2085830291765
2227 1104.8302 801.7379 882.6338229060326 982.6338229060326 500.38195353258584 600.3819535325858
2244 1117.7292 810.7579 877.7965218060378 977.7965218060378 507.42048008140796 607.420480081408
2261 1117.7292 810.7579 872.7608258058228 972.7608258058228 514.3184583144773 614.3184583144773
2278 1125.7675 819.4188 867.5308160761413 967.5308160761413 521.0702977777584 621.0702977777584
2295 1125.7675 819.4188 862.1107312689596 962.1107312689596 527.6705264551181 627.6705264551181
2313 1083.68 765.6866 856.169526925818 956.169526925818 534.4878107309933 634.4878107309933
2329 1083.68 765.6866 850.7180576999276 950.7180576999276 540.394882086187 640.394882086187
2346 1083.68 765.6866 844.754702109853 944.754702109853 546.5086966087915 646.5086966087915
2363 1035.242 703.0717 838.6197303028227 938.6197303028227 552.4502838409564 652.4502838409564
2380 1035.242 703.0717 832.3181143556885 932.3181143556885 558.2148284340103 658.2148284340103
2397 1000.0958 649.3366 825.8549614017456 925.8549614017456 563.7976585231695 663.7976585231695
2414 1000.0958 649.3366 819.2355094916655 919.2355094916655 569.1942495138428 669.1942495138428
2431 965.3259 629.603 812.4651233483269 912.4651233483269 574.4002277485814 674.4002277485814
2448 945.4613 611.3685 805.5492900189863 905.5492900189863 579.4113740517007 679.4113740517007
2465 945.4613 611.3685 798.4936144283101 898.4936144283101 584.2236271487043 684.2236271487043
2482 921.1002 602.8882 791.3038148358737 891.3038148358737 588.8330869577367 688.8330869577367
2501 921.1002 602.8882 783.1166051090798 883.1166051090798 593.7402642458896 693.7402642458896
2516 909.1754 554.163 776.54525546435 876.54525546435 597.4288511793545 697.4288511793545
2533 909.1754 554.163 768.9884567331254 868.9884567331254 601.4081891703074 701.4081891703074
2550 896.6916 541.0558 761.3214464020558 861.3214464020558 605.1708066759479 705.1708066759479
2567 896.6916 541.0558 753.5504381858558 853.5504381858558 608.7136542896951 708.7136542896951
2584 895.08575 573.45026 745.6817300841386 845.6817300841386 612.0338607170812 712.0338607170812
2601 895.08575 573.45026 737.721699277214 837.721699277214 615.1287351027865 715.1287351027865
2618 895.08575 573.45026 729.6767969577133 829.6767969577133 617.9957692114392 717.9957692114392
2635 889.893 600.4269 721.553543102233 821.553543102233 620.6326394604092 720.6326394604092
2652 867.6267 574.50525 713.3585211872297 813.3585211872297 623.0372088029525 723.0372088029525
2670 867.6267 574.50525 704.6105964401853 804.6105964401853 625.327860798587 725.327860798587
2686 853.9065 583.9731 696.7797925232513 796.7797925232513 627.1418395004217 727.1418395004217
2703 853.9065 583.9731 688.4095219750633 788.4095219750633 628.8385742647915 728.8385742647915
2720 842.4938 581.30566 679.9943448795832 779.9943448795832 630.296357637651 730.296357637651
2737 842.4938 581.30566 671.5410813019316 771.5410813019316 631.5140081610913 731.5140081610913
2754 835.91626 544.88184 663.0565821743512 763.0565821743512 632.4905389924386 732.4905389924386
2771 835.91626 544.88184 654.5477237438794 754.5477237438794 633.2251587040392 733.2251587040392
2788 834.464 553.8728 646.0214019995067 746.0214019995067 633.7172719246712 733.7172719246712
2805 834.464 553.8728 637.4845270833351 737.4845270833351 633.9664798220608 733.9664798220608
2822 824.6064 576.0776 628.9440176902656 728.9440176902656 633.9725804261168 733.9725804261168
2839 818.69904 547.741 620.4067954607539 720.4067954607539 633.7355687926154 733.7355687926154
2856 818.69904 547.741 611.8797793711809 711.8797793711809 633.2556370072082 733.2556370072082
2874 818.69904 547.741 602.8699783535706 702.8699783535706 632.4831348595524 732.4831348595524
2890 820.97534 561.9377 594.8839945588649 694.8839945588649 631.5687653790487 731.5687653790487
2907 820.97534 561.9377 586.4290000393138 686.4290000393138 630.3631926583694 730.3631926583694
2924 809.80774 558.94714 578.0117489028069 678.0117489028069 628.9174329219486 728.9174329219486
2941 809.80774 558.94714 569.6390628953682 669.6390628953682 627.232657883161 727.232657883161
2958 821.969 602.54254 561.3177276452934 661.3177276452934 625.3102329649023 725.3102329649023
2975 821.969 602.54254 553.0544871637487 653.0544871637487 623.1517161929854 723.1517161929854
2992 821.7517 619.15295 544.8560383791012 644.8560383791012 620.7588569334407 720.7588569334407
3009 821.7517 619.15295 536.7290257094023 636.7290257094023 618.1335944747455 718.1335944747455
3026 801.0897 645.1044 528.6800356774336 628.6800356774336 615.278056456131 715.278056456131
3044 799.2627 650.7611 520.2498660899855 620.2498660899855 612.0061281757542 712.0061281757542
3060 799.2627 650.7611 512.8421481644934 612.8421481644934 608.8855955525434 708.8855955525434
3077 791.322 665.79956 505.066086470933 605.066086470933 605.3538534259965 705.3538534259965
3094 791.322 665.79956 497.3937085871838 597.3937085871838 601.6021930576474 701.6021930576474
3111 791.322 665.79956 489.8312325780845 589.8312325780845 597.6336549738851 697.6336549738851
3128 784.5547 664.93555 482.38478743869564 582.3847874386956 593.4514554692516 693.4514554692516
3145 784.5547 664.93555 475.06040812706976 575.0604081270698 589.058983999804 689.058983999804
3162 779.815 658.4988 467.8640306732291 567.8640306732291 584.4598004361334 684.4598004361334
3179 779.815 658.4988 460.8014873683203 560.8014873683203 579.6576321782761 679.6576321782761
3196 765.3178 633.6366 453.87850203784535 553.8785020378454 574.6563711348483 674.6563711348483
3213 756.57385 604.81494 447.10068540279684 547.1006854027969 569.4600705688548 669.4600705688548
3230 756.57385 604.81494 440.47353053246013 540.4735305324601 564.0729418127313 664.0729418127313
3247 751.5575 583.7332 434.0024083925641 534.0024083925641 558.4993508552757 658.4993508552757
3264 751.5575 583.7332 427.69256349239276 527.6925634923928 552.7438148032415 652.7438148032415
3281 742.0129 565.11285 421.54910963438175 521.5491096343817 546.8109982204569 646.8109982204569
3298 742.0129 565.11285 415.5770257696452 515.5770257696452 540.7057093474355 640.7057093474355
3315 735.0084 543.0107 409.7811519627961 509.7811519627961 534.4328962045494 634.4328962045494
3332 735.0084 543.0107 404.1661854693228 504.1661854693228 527.9976425819129 627.9976425819129
3349 723.261 566.0116 398.7366769287074 498.7366769287074 521.4051639192346 621.4051639192346
3366 723.261 566.0116 393.49702667636814 493.49702667636814 514.6608030789737 614.6608030789737
3383 723.261 566.0116 388.45148117741576 488.45148117741576 507.7700260162269 607.7700260162269
3400 709.258 576.6881 383.6041295851123 483.6041295851123 500.7384173488538 600.7384173488538
3418 718.4187 519.99915 378.69202741539596 478.69202741539596 493.1460181088685 593.1460181088685
3434 718.4187 519.99915 374.519558420162 474.519558420162 486.2756097367269 586.2756097367269
3451 712.1005 474.1588 370.28970142185455 470.28970142185455 478.85613214835485 578.8561321483548
3468 712.1005 474.1588 366.2727575118902 466.2727575118902 471.3192561685689 571.3192561685689
3485 700.687 443.08182 362.4719822152257 462.4719822152257 463.6710900449318 563.6710900449318
3502 700.687 443.08182 358.8904558633554 458.8904558633554 455.9178322199049 555.9178322199049
3519 693.6704 430.83585 355.5310810978608 455.5310810978608 448.06576630732854 548.0657663073285
3536 693.6704 430.83585 352.3965805179704 452.3965805179704 440.1212559998803 540.1212559998803
3553 680.94617 418.55017 349.4894944740342 449.4894944740342 432.0907399116313 532.0907399116313
3570 680.94617 418.55017 346.8121790087004 446.8121790087004 423.9807263598813 523.9807263598814
3587 673.8843 402.1216 344.3668039474663 444.3668039474663 415.79778809050777 515.7977880905078
3604 673.8843 402.1216 342.155351140146 442.155351140146 407.5485569510936 507.5485569510936
3621 652.716 389.86795 340.17961285468476 440.17961285468476 399.23971851615926 499.23971851615926
3638 652.716 389.86795 338.44119032461737 438.44119032461737 390.87800666884965 490.87800666884965
3655 620.1034 371.8848 336.9414924513526 436.9414924513526 382.4701981434725 482.4701981434725
3672 620.1034 371.8848 335.68173466233077 435.68173466233077 374.02310703330426 474.02310703330426
3689 605.86523 403.46033 334.66293792598333 434.66293792598333 365.5435792681223 465.5435792681223
3706 605.86523 403.46033 333.8859279242903 433.8859279242903 357.03848706593226 457.03848706593226
3723 599.4551 431.6916 333.35133438360816 433.35133438360816 348.5147233633919 448.5147233633919
3740 599.4551 431.6916 333.05959056430925 433.05959056430925 339.9791962294431 439.9791962294431
3757 590.58014 467.31973 453.02406576024066 553.0240657602407 331.056686471707 431.056686471707
3774 590.58014 467.31973 453.36623095517183 553.3662309551719 322.5235450269113 422.5235450269113
3792 578.3857 476.2558 454.16922084104294 554.1692208410429 313.5170210808991 413.5170210808991
3808 576.1397 482.14697 455.26193415828243 555.2619341582824 305.553911501838 405.553911501838
3825 576.1397 482.14697 456.81120498653286 556.8112049865329 297.15561763711503 397.15561763711503
3842 570.8634 490.11264 458.7570723329198 558.7570723329197 288.84025954453836 388.84025954453836
3859 570.8634 490.11264 461.09515609929747 561.0951560992975 280.62655488470796 380.62655488470796
3877 570.8634 490.11264 463.99241332353733 563.9924133235373 272.0610328969076 372.0610328969076
3893 562.4012 493.47137 466.92605000007745 566.9260500000775 264.5777907912517 364.5777907912517
3910 562.4012 493.47137 470.40573493989234 570.4057349398923 256.7788567193968 356.7788567193968
3927 555.4651 484.19534 474.251415455004 574.251415455004 249.15374548655507 349.15374548655507
3944 555.4651 484.19534 478.4544350159092 578.4544350159092 241.71962102511617 341.71962102511617
3961 551.0951 480.9239 483.0053327319572 583.0053327319572 234.49321736108072 334.4932173610807
3978 551.0951 480.9239 487.893864647575 587.893864647575 227.49080094619188 327.4908009461919
3996 540.64496 477.00198 493.4257256503695 593.4257256503695 220.33812451057264 320.33812451057264
4012 556.0366 487.31387 498.63907999467915 598.6390799946792 214.22043924223226 314.22043924223226
4029 556.0366 487.31387 504.47157621838664 604.4715762183866 207.98236520147657 307.98236520147657
4047 569.02203 493.42368 510.9622116294033 610.9622116294033 201.6868177027948 301.68681770279477
4063 569.02203 493.42368 516.9907313118342 616.9907313118342 196.37060786867886 296.37060786867886
4080 579.1629 488.18747 523.6492098803254 623.6492098803254 191.0230623484931 291.0230623484931
4097 579.1629 488.18747 530.5538343096449 630.5538343096449 185.9973542961332 285.9973542961332
4114 579.1629 488.18747 537.689062464963 637.689062464963 181.30479645322103 281.304796453221
4131 586.4044 480.35303 545.0388331282979 645.0388331282979 176.95595164869005 276.9559516486901
4149 586.4044 480.35303 553.0363936238961 653.0363936238961 172.73679385759596 272.73679385759596
4165 593.761 470.0261 560.3153796987771 660.3153796987771 169.32776198864897 269.32776198864894
4182 603.15576 463.75894 568.2077684862486 668.2077684862486 166.06558799499004 266.06558799499004
4199 603.15576 463.75894 576.2460029469295 676.2460029469295 163.1814301122385 263.1814301122385
4216 610.48694 464.23163 584.4119892185008 684.4119892185008 160.68178050678887 260.68178050678887
4233 610.48694 464.23163 592.6873458725511 692.6873458725511 158.57226582663537 258.5722658266354
4250 617.94507 454.00235 601.053445290706 701.053445290706 156.85763453593017 256.8576345359302
4267 617.94507 454.00235 609.4914555949256 709.4914555949256 155.54174622631027 255.54174622631027
4284 641.52185 446.72238 617.9823830375866 717.9823830375866 154.6275629290547 254.6275629290547
4301 641.52185 446.72238 626.507114755926 726.507114755926 154.1171424476271 254.1171424476271
4318 662.7915 432.11526 635.0464617946108 735.0464617946108 154.01163372561214 254.01163372561214
4335 662.7915 432.11526 643.581202299593 743.581202299593 154.31127426047263 254.31127426047263
4352 680.2008 425.67422 652.0921247860152 752.0921247860152 155.01538956894865 255.01538956894865
4369 680.2008 425.67422 660.5600713827765 760.5600713827765 156.12239470530233 256.1223947053023
4386 706.2676 390.5836 668.9659809564164 768.9659809564164 157.6297978289907 257.6297978289907
4403 706.2676 390.5836 677.2909320172428 777.2909320172428 159.53420581373558 259.5342058137356
4420 723.8328 394.78412 685.5161853111272 785.5161853111272 161.83133188536496 261.831331885365
4437 723.8328 394.78412 693.6232260010909 793.6232260010909 164.5160052712332 264.5160052712332
4454 744.3042 408.04718 701.5938053437343 801.5938053437343 167.58218283949915 267.5821828394992
4471 744.3042 408.04718 709.4099817666976 809.4099817666976 171.0229627020636 271.02296270206364
4488 752.4419 410.3139 717.0541612546845 817.0541612546845 174.83059975054408 274.8305997505441
4506 752.4419 410.3139 724.9414118764473 824.9414118764473 179.25253868910977 279.25253868910977
4523 766.67206 410.64224 732.1777732058051 832.1777732058051 183.78758605914797 283.787586059148
4539 766.67206 410.64224 738.7848168015221 838.7848168015221 188.36493370665013 288.36493370665016
4556 773.1072 404.7016 745.5733867574248 845.5733867574248 193.54633292803192 293.5463329280319
4574 788.6693 418.2828 752.4847699331881 852.4847699331881 199.3768602579292 299.3768602579292
4590 788.6693 418.2828 758.3756166338345 858.3756166338345 204.8452294582745 304.8452294582745
4607 788.6693 418.2828 764.3604590589218 864.3604590589218 210.9372932370277 310.9372932370277
4624 799.33594 413.6963 770.0496124154753 870.0496124154753 217.30636805391646 317.30636805391646
4641 799.33594 413.6963 775.4302705632856 875.4302705632856 223.93811728273374 323.93811728273374
4658 810.04834 375.78333 780.4903217770493 880.4903217770493 230.81761302381858 330.8176130238186
4675 810.04834 375.78333 785.2183760095571 885.2183760095571 237.9293697063817 337.9293697063817
4692 821.1672 342.44666 789.6037905304013 889.6037905304013 245.25737894613326 345.25737894613326
4709 821.1672 342.44666 793.6366938824929 893.6366938824929 252.78514557975075 352.78514557975075
4726 826.343 323.04074 797.3080081024611 897.3080081024611 260.4957247950736 360.4957247950736
4743 826.343 323.04074 800.6094691549205 900.6094691549205 268.3717602734482 368.3717602734482
4760 856.9833 298.24774 803.5336455346032 903.5336455346032 276.3955232583588 376.3955232583588
4777 855.1857 296.48044 806.0739549944915 906.0739549944915 284.5489524624127 384.5489524624127
4794 855.1857 296.48044 808.2246793622878 908.2246793622878 292.8136947228397 392.8136947228397
4811 865.37775 296.18176 809.980977411876 909.980977411876 301.17114631399613 401.17114631399613
4828 865.37775 296.18176 811.3388957607996 911.3388957607996 309.60249482388303 409.60249482388303
4845 865.37775 296.18176 812.2953777692248 912.2953777692248 318.08876150040663 418.08876150040663
4862 865.70764 303.57397 812.84827042036 912.84827042036 326.6108439720703 426.6108439720703
4879 865.70764 303.57397 812.9963291668411 912.9963291668411 335.1495592469291 435.1495592469291
4897 872.6392 299.7773 812.7114868280897 912.7114868280897 344.18732065055974 444.18732065055974
4913 872.6392 299.7773 812.0775238609478 912.0775238609478 352.200012303063 452.200012303063
4930 883.6976 316.56747 811.0127280160616 911.0127280160616 360.6733699460652 460.6733699460652
4947 883.6976 316.56747 809.5472300260149 909.5472300260149 369.0866865084376 469.0866865084376
4964 900.8696 330.02127 807.6843286896907 907.6843286896907 377.4210238275436 477.4210238275436
4981 929.6818 309.07397 805.4282173508461 905.4282173508461 385.65762152102405 485.65762152102405
4998 929.6818 309.07397 802.7839744590015 902.7839744590015 393.77793921594457 493.77793921594457
5015 935.1299 328.48553 799.7575521379785 899.7575521379785 401.7636982827043 501.7636982827043
5032 935.1299 328.48553 796.3557627878217 896.3557627878217 409.59692297976756 509.59692297976756
5049 943.42773 337.14252 792.5862637502574 892.5862637502574 417.25998091660404 517.259980916604
5066 943.42773 337.14252 788.4575400722103 888.4575400722103 424.73562274375536 524.7356227437554
5083 956.79175 331.32623 783.9788854061801 883.9788854061801 432.00702098068035 532.0070209806804
5100 956.79175 331.32623 779.1603810904619 879.1603810904619 439.057807893992 539.057807893992
5117 950.4269 367.3272 774.0128734563121 874.0128734563121 445.8721123408068 545.8721123408068
5134 950.4269 367.3272 768.5479494131282 868.5479494131282 452.4345954942897 552.4345954942896
5151 955.592 354.94315 762.7779103666112 862.7779103666112 458.73048537096236 558.7304853709624
5168 955.592 354.94315 756.7157445286122 856.7157445286122 464.7456100820642 564.7456100820642
5185 967.50824 338.13522 750.3750976809954 850.3750976809954 470.46642973411736 570.4664297341174
5202 967.50824 338.13522 743.7702424593289 843.7702424593289 475.8800669068827 575.8800669068827
5219 970.86 343.93045 736.9160462255444 836.9160462255444 480.9743356401059 580.9743356401059
5236 970.86 343.93045 729.8279376018812 829.8279376018812 485.73776886380733 585.7377688638073
5254 969.8857 342.2709 722.0856646883476 822.0856646883476 490.40890111191015 590.4089011119102
5270 969.8857 342.2709 715.014294413571 815.014294413571 494.2300081502966 594.2300081502966
5287 986.16455 324.9186 707.3221049847989 807.3221049847989 497.93969839739407 597.9396983973941
5304 986.16455 324.9186 699.4626183788416 799.4626183788416 501.28036453280606 601.2803645328061
5321 986.6132 321.80917 691.4535261011198 791.4535261011198 504.2444868016163 604.2444868016163
5338 955.99817 319.764 683.3128564156366 783.3128564156366 506.8253930396211 606.8253930396211
5355 955.99817 319.764 675.0589337638094 775.0589337638094 509.01727369220305 609.017273692203
5372 929.1423 318.2719 666.710337516615 766.710337516615 510.8151948914908 610.8151948914908
5389 929.1423 318.2719 658.2858601528986 758.2858601528986 512.2151095623715 612.2151095623715
5406 929.1423 318.2719 649.8044649579773 749.8044649579773 513.2138665323532 613.2138665323532
5423 907.49506 328.98688 641.2852433377668 741.2852433377668 513.8092176247758 613.8092176247758
5440 907.49506 328.98688 632.7473718445073 732.7473718445073 513.9998227193989 613.9998227193989
5457 880.76013 338.9732 624.2100690108309 724.2100690108309 513.7852527689789 613.7852527689789
5474 880.76013 338.9732 615.692552089333 715.692552089333 513.1659907650433 613.1659907650433
5491 876.26025 332.958 607.2139937950213 707.2139937950213 512.1434306506889 612.1434306506889
5508 876.26025 332.958 598.7934791480179 698.7934791480179 510.71987418285164 610.7198741828516
5525 861.26337 332.83136 590.4499625136663 690.4499625136663 508.8985257511097 608.8985257511097
5542 831.2751 351.7778 582.2022249367301 682.2022249367301 506.68348516468336 606.6834851646834
5559 831.2751 351.7778 574.0688318657412 674.0688318657412 504.079738423869 604.079738423869
5576 819.9888 358.93896 566.0680913626405 666.0680913626405 501.0931464966776 601.0931464966776
5593 819.9888 358.93896 558.218012891798 658.218012891798 497.7304321259451 597.7304321259451
5611 810.6439 358.48364 550.0900131230868 650.0900131230868 493.7683763329592 593.7683763329592
5627 810.6439 358.48364 543.0401444467964 643.0401444467964 489.90774319720856 589.9077431972086
5644 810.6439 358.48364 535.7465194703461 635.7465194703461 485.4653773139863 585.4653773139863
5661 801.6472 367.89398 528.6718096170268 628.6718096170268 480.6820667001052 580.6820667001052
5678 801.6472 367.89398 521.8319398796541 621.8319398796541 475.56857846668925 575.5685784666892
5695 786.12756 390.85184 515.2423066318847 615.2423066318847 470.13642294632587 570.1364229463259
5712 786.12756 390.85184 508.91774297137306 608.9177429713731 464.3978277836013 564.3978277836013
5729 771.8324 373.98877 502.8724853308397 602.8724853308397 458.36571041097886 558.3657104109789
5746 747.0031 378.5426 497.1201414322254 597.1201414322254 452.0536489719888 552.0536489719889
5763 747.0031 378.5426 491.67365965604995 591.67365965605 445.47585175716756 545.4758517571676
5780 725.29376 392.88086 486.5452998949387 586.5452998949387 438.6471252215585 538.6471252215586
5797 725.29376 392.88086 481.74660595691194 581.7466059569119 431.58284065575424 531.5828406557542
5814 714.72217 384.9773 477.2883795805666 577.2883795805666 424.29889958551144 524.2988995855114
5831 714.72217 384.9773 473.18065612063515 573.1806561206351 416.8116979778178 516.8116979778179
5848 701.6577 413.0776 469.43268195865755 569.4326819586576 409.1380893339877 509.1380893339877
5865 701.6577 413.0776 466.05289368960894 566.0528936896089 401.295346752855 501.295346752855
5883 693.0914 404.35355 462.88404530471144 562.8840453047114 392.8265412727159 492.8265412727159
5899 693.0914 404.35355 460.427460199564 560.4274601995639 385.1734160167848 485.1734160167848
5916 688.7344 385.01877 458.1944776869708 558.1944776869708 376.9305179198789 476.9305179198789
5933 688.7344 385.01877 456.35497798067684 556.3549779806768 368.59098431373195 468.59098431373195
5951 682.883 376.4706 454.8407421273871 554.8407421273871 359.67642565233353 459.67642565233353
5967 682.883 376.4706 453.8720946157316 553.8720946157316 351.69727415859836 451.69727415859836
5984 680.68036 374.9433 453.23429986469176 553.2342998646918 343.18112492358273 443.18112492358273
6001 680.68036 374.9433 453.0036526131048 553.0036526131048 335.1467028281774 435.1467028281774
