1 762.20386 408.73804
17 764.09045 407.28336
34 764.09045 407.28336
51 763.14874 407.1361
69 760.1294 408.45563
85 760.1294 408.45563
102 756.7251 408.8609
120 756.7251 408.8609
136 754.8667 407.61856
153 754.8667 407.61856
170 752.64557 408.15805
187 752.64557 408.15805
204 750.42224 411.62573
222 750.42224 411.62573
238 748.7443 409.7143
255 748.7443 409.7143
272 747.0958 411.71045
289 747.0958 411.71045
306 744.4243 411.39935
324 744.4243 411.39935
340 743.59546 412.72888
357 743.59546 412.72888
374 743.90173 411.7876
392 743.90173 411.7876
408 744.9667 409.68588
425 744.9667 409.68588
442 741.88635 408.81885
459 709.27344 406.53912
477 709.27344 406.53912
493 709.27344 406.53912
510 669.3313 406.4494
528 669.3313 406.4494
544 651.8593 405.21426
570 635.93005 404.0943
579 635.93005 404.0943
595 635.93005 404.0943
612 624.66016 404.0047
629 624.66016 404.0047
646 615.8624 400.20642
663 609.4135 400.09372
681 609.4135 400.09372
697 603.8993 401.02887
714 603.8993 401.02887
732 596.8201 400.76273
749 596.8201 400.76273
765 596.8201 400.76273
782 581.7815 399.04913
800 581.7815 399.04913
816 573.058 399.69788
833 573.058 399.69788
850 562.6688 401.15353
867 558.9387 401.64017
885 558.9387 401.64017
901 554.70874 401.5987
919 554.70874 401.5987
935 551.7642 402.38727
953 551.7642 402.38727
969 555.2126 402.57037
986 555.2126 402.57037
1003 555.2126 402.57037
1020 553.2261 403.9796
1037 554.473 402.0634
1054 554.473 402.0634
1071 554.98535 403.7971
1089 554.98535 403.7971
1106 553.7371 404.70752
1122 553.7371 404.70752
1139 550.46277 406.956
1157 550.46277 406.956
1173 552.75464 407.8858
1190 552.75464 407.8858
1207 550.5135 410.43985
1225 549.44135 409.4262
1242 549.44135 409.4262
1259 549.254 408.9428
1275 549.254 408.9428
1292 549.254 408.9428
1309 548.4011 410.3352
1326 548.4011 410.3352
1343 545.6266 411.2071
1360 545.6266 411.2071
1377 553.0378 412.09894
1395 553.0378 412.09894
1411 555.2732 413.11597
1428 559.439 413.49564
1445 559.439 413.49564
1463 562.8457 411.80447
1479 562.8457 411.80447
1496 565.77936 410.20163
1513 565.77936 410.20163
1530 565.77936 410.20163
1548 558.11206 409.2134
1565 558.11206 409.2134
1581 510.05988 394.35242
1598 510.05988 394.35242
1615 469.82492 386.4817
1633 437.3695 378.80713
1649 437.3695 378.80713
1666 414.20215 370.7479
1683 414.20215 370.7479
1700 398.01834 366.28516
1717 398.01834 366.28516
1735 398.01834 366.28516
1751 384.66272 364.85693
1768 384.66272 364.85693
1785 378.0371 363.51602
1802 378.0371 363.51602
1819 374.40262 360.30823
1837 371.49734 357.40274
1853 371.49734 357.40274
1870 372.06665 359.83032
1888 372.06665 359.83032
1904 381.4986 358.24655
1921 381.4986 358.24655
1939 389.9623 357.228
1955 389.9623 357.228
1972 395.83942 365.6288
1989 395.83942 365.6288
2007 400.445 364.60104
2023 400.445 364.60104
2040 410.19342 362.36523
2058 410.19342 362.36523
2074 418.31775 358.09106
2091 418.31775 358.09106
2109 428.06674 358.1754
2125 428.06674 358.1754
2142 429.83218 360.50116
2159 429.83218 360.50116
2176 418.95352 366.995
2193 411.2024 380.62668
2210 411.2024 380.62668
2228 405.30557 386.37985
2244 405.30557 386.37985
2262 404.7815 389.65192
2278 404.7815 389.65192
2295 404.7815 389.65192
2312 405.35574 392.75922
2330 405.35574 392.75922
2346 408.8915 395.75662
2363 408.8915 395.75662
2381 410.53772 394.95023
2397 404.0347 398.12628
2415 404.0347 398.12628
2431 408.61542 405.45663
2448 408.61542 405.45663
2466 420.67328 411.34976
2482 420.67328 411.34976
2499 416.29507 414.95505
2516 416.29507 414.95505
2533 416.29507 414.95505
2550 422.28317 416.66553
2567 422.28317 416.66553
2585 429.232 418.31693
2601 434.40723 424.45682
2618 434.40723 424.45682
2635 441.32764 419.0664
2652 441.32764 419.0664
2669 441.32764 419.0664
2686 449.29227 413.28995
2703 312.30774 535.7672
2720 312.30774 535.7672
2737 312.30774 535.7672
2754 249.84619 428.61377
2772 199.87695 342.89102
2788 199.87695 342.89102
2805 159.90157 274.31284
2822 159.90157 274.31284
2839 159.90157 274.31284
2856 251.21509 364.71375
2873 332.16028 424.98083
2890 332.16028 424.98083
2907 390.62012 459.97983
2924 390.62012 459.97983
2941 438.14532 495.12515
2959 438.14532 495.12515
2975 475.71954 526.9136
2992 518.8711 567.54834
3009 518.8711 567.54834
3026 518.8711 567.54834
3043 558.32477 598.1576
3060 558.32477 598.1576
3077 585.40753 623.7799
3094 585.40753 623.7799
3111 608.1456 643.6466
3128 608.1456 643.6466
3146 628.641 660.6576
3162 628.641 660.6576
3179 630.9146 672.7766
3196 648.1366 686.0574
3213 648.1366 686.0574
3230 660.55695 694.69666
3247 660.55695 694.69666
3264 670.7196 700.5426
3281 670.7196 700.5426
3298 670.7196 700.5426
3315 670.1127 706.40936
3333 670.1127 706.40936
3349 614.27075 690.9017
3366 573.16003 683.2515
3383 573.16003 683.2515
3400 540.80865 677.31494
3417 540.80865 677.31494
3434 517.544 667.03326
3451 517.544 667.03326
3469 498.9997 662.54456
3485 498.9997 662.54456
3502 467.71512 653.8835
3519 467.71512 653.8835
3536 467.71512 653.8835
3554 456.7989 652.37036
3570 446.15817 651.038
3587 446.15817 651.038
3605 437.51514 647.5595
3621 437.51514 647.5595
3638 435.7111 646.85583
3655 435.7111 646.85583
3673 484.06488 654.363
3689 484.06488 654.363
3706 518.74713 660.97034
3724 518.74713 660.97034
3740 550.078 667.8013
3757 571.6391 672.9378
3774 571.6391 672.9378
3792 571.6391 672.9378
3808 591.9607 676.69495
3825 591.9607 676.69495
3842 610.01807 658.4291
3859 610.01807 658.4291
3877 619.2501 590.99817
3893 619.2501 590.99817
3910 632.02026 538.3008
3927 632.02026 538.3008
3944 638.9808 492.85928
3962 644.23553 459.74567
3978 644.23553 459.74567
3995 649.62085 433.22855
4013 649.62085 433.22855
4029 649.62085 433.22855
4046 653.8972 409.9872
4064 653.8972 409.9872
4081 659.3646 391.5613
4097 659.3646 391.5613
4114 662.4175 377.8069
4131 668.4812 372.71924
4149 668.4812 372.71924
4165 675.576 367.45096
4182 675.576 367.45096
4199 683.5315 369.04495
4217 683.5315 369.04495
4233 687.36945 364.05856
4251 687.36945 364.05856
4267 691.7985 364.38367
4284 691.7985 364.38367
4301 691.7985 364.38367
4318 695.04663 366.34268
4336 699.98334 363.8084
4352 699.98334 363.8084
4370 703.3894 361.5095
4386 703.3894 361.5095
4403 701.17847 364.32147
4421 701.17847 364.32147
4437 701.5922 366.97745
4454 701.5922 366.97745
4471 704.82367 369.44693
4489 704.82367 369.44693
4505 709.6349 370.65085
4522 710.8144 372.35715
4540 710.8144 372.35715
4556 710.8144 372.35715
4573 712.72644 373.18497
4590 712.72644 373.18497
4607 713.54486 375.07037
4625 713.54486 375.07037
4641 715.0824 376.21442
4658 715.0824 376.21442
4675 660.6605 384.30005
4692 660.6605 384.30005
4710 677.9566 384.35577
4727 693.2565 381.8996
4743 693.2565 381.8996
4760 705.8135 379.7496
4778 705.8135 379.7496
4794 705.8135 379.7496
4811 715.8726 377.6935
4829 715.8726 377.6935
4845 720.86804 382.13278
4862 720.86804 382.13278
4880 730.6341 379.15875
4896 730.6341 379.15875
4914 734.3904 377.94354
4930 739.6152 377.6673
4948 739.6152 377.6673
4964 743.0399 378.02966
4981 743.0399 378.02966
4999 752.6459 378.31757
5015 752.6459 378.31757
5032 756.059 379.985
5049 756.059 379.985
5066 756.059 379.985
5083 756.704 378.49136
5101 760.8856 374.33798
5117 760.8856 374.33798
5134 766.62286 372.96
5151 766.62286 372.96
5169 767.663 370.41354
5185 767.663 370.41354
5202 766.1985 374.2626
5220 766.1985 374.2626
5236 764.15924 370.5578
5253 764.15924 370.5578
5270 761.93634 372.97607
5288 761.93634 372.97607
5304 758.54034 374.7143
5321 758.54034 374.7143
5339 756.57 377.10068
5355 756.57 377.10068
5372 754.8491 378.2366
5390 754.8491 378.2366
5406 756.16974 377.5163
5423 756.16974 377.5163
5441 700.5066 374.02444
5457 700.5066 374.02444
5474 698.36597 373.62177
5491 698.68976 373.4608
5509 698.68976 373.4608
5525 700.22864 368.37854
5542 700.22864 368.37854
5560 700.22864 368.37854
5576 698.62244 370.09756
5593 698.62244 370.09756
5611 698.05817 371.86914
5627 698.05817 371.86914
5644 696.7389 374.00052
5662 696.7389 374.00052
5678 696.61017 373.64523
5695 695.9864 377.10733
5712 695.9864 377.10733
5730 668.7104 389.71127
5746 668.7104 389.71127
5763 644.4199 404.35773
5781 644.4199 404.35773
5798 626.7329 412.54
5814 626.7329 412.54
5831 626.7329 412.54
5849 609.4719 421.19366
5866 596.2949 429.62845
5882 596.2949 429.62845
5900 590.58307 435.64426
5916 590.58307 435.64426
5933 583.07764 440.6488
5950 583.07764 440.6488
5968 577.95374 443.23004
5984 577.95374 443.23004
6001 572.70276 448.18948
6018 572.70276 448.18948
6036 566.3524 449.9864
6052 566.3524 449.9864
6069 563.39777 450.47458
6086 563.39777 450.47458
6104 560.5576 453.20935
6120 560.5576 453.20935
6138 562.1384 454.18787
6154 562.1384 454.18787
6171 557.46 454.98636
6188 557.46 454.98636
6205 553.76404 457.50824
6223 553.76404 457.50824
6239 552.26544 459.5388
6256 538.4901 465.57144
6273 538.4901 465.57144
6291 542.2717 464.76526
6307 542.2717 464.76526
6324 542.2717 464.76526
6342 531.6326 467.72668
6358 531.6326 467.72668
6375 538.92456 462.67624
6392 538.92456 462.67624
6410 544.1801 458.97736
6426 544.1801 458.97736
6443 548.0069 458.18878
6461 547.13245 457.58292
6477 547.13245 457.58292
6494 548.2729 457.1009
6512 548.2729 457.1009
6528 548.7834 456.89597
6545 548.7834 456.89597
6563 548.7834 456.89597
6579 552.1067 456.11285
6596 552.1067 456.11285
6613 552.3482 457.22238
6631 563.7456 454.67776
6647 563.7456 454.67776
6664 602.1841 443.2673
6681 602.1841 443.2673
6698 631.2346 434.9881
6716 631.2346 434.9881
6732 656.1598 426.40747
6749 656.1598 426.40747
6766 656.1598 426.40747
6783 673.42395 422.79895
6800 689.65753 418.01752
6818 689.65753 418.01752
6834 703.242 413.0815
6852 703.242 413.0815
6868 713.61847 410.17307
6885 713.61847 410.17307
6902 721.29297 405.4162
6920 721.29297 405.4162
6936 730.3622 402.56616
6953 730.3622 402.56616
6971 737.0279 400.35455
6987 737.0279 400.35455
7004 742.11896 396.99976
7021 743.8317 398.86066
7039 743.8317 398.86066
7055 743.8317 398.86066
7073 746.55554 399.8103
7089 746.55554 399.8103
7106 750.26154 396.92303
7123 750.26154 396.92303
7141 753.5063 394.68237
7157 753.5063 394.68237
7174 753.6205 395.3633
7191 753.6205 395.3633
7208 754.5605 394.6524
7225 755.92676 395.21344
7243 755.92676 395.21344
7259 755.14954 398.55286
7277 755.14954 398.55286
7293 756.1213 399.65402
7310 756.1213 399.65402
7327 756.1213 399.65402
7345 760.6612 400.07474
7361 760.6612 400.07474
7378 757.4419 401.91666
7396 757.4419 401.91666
7412 756.0271 401.29895
7430 754.16095 400.4608
7446 754.16095 400.4608
7463 739.5658 406.2311
7480 739.5658 406.2311
7497 744.8405 403.9835
7514 744.8405 403.9835
7531 746.66595 400.71933
7548 746.66595 400.71933
7565 746.66595 400.71933
7582 743.3214 399.94925
7599 746.4126 399.11838
7616 746.4126 399.11838
7633 746.48834 395.60086
7650 746.48834 395.60086
7667 741.7555 397.53986
7684 741.7555 397.53986
7701 738.60315 392.14014
7718 738.60315 392.14014
7735 737.3539 387.28308
7752 737.3539 387.28308
7770 734.6906 378.37167
7786 734.6906 378.37167
7803 732.98236 377.52264
7820 731.5651 377.1327
7837 731.5651 377.1327
7854 731.5651 377.1327
7871 727.8943 376.59824
7888 727.8943 376.59824
7905 726.71906 376.5495
7922 726.71906 376.5495
7939 726.9324 377.13354
7957 726.9324 377.13354
7973 716.06714 382.9178
7990 716.06714 382.9178
8007 718.4039 375.5649
8024 717.6206 376.86887
8041 717.6206 376.86887
8058 717.36554 379.14264
8075 717.36554 379.14264
8092 717.36554 379.14264
8109 717.5134 380.05588
8127 717.5134 380.05588
8143 717.86926 379.87836
8160 717.86926 379.87836
8177 718.95605 382.432
8195 721.4304 379.59662
8211 721.4304 379.59662
8228 722.39417 382.3261
8245 722.39417 382.3261
8262 726.87744 381.4387
8279 726.87744 381.4387
8296 727.94604 381.66934
8313 727.94604 381.66934
8331 732.2152 380.59094
8347 732.2152 380.59094
8364 732.2152 380.59094
8381 734.05505 379.90643
8398 735.2241 380.2634
8415 735.2241 380.2634
8432 726.03784 353.50296
8449 726.03784 353.50296
8466 718.83124 311.42795
8483 718.83124 311.42795
8500 713.27954 280.41272
8518 713.27954 280.41272
8534 709.1475 253.05046
8551 709.1475 253.05046
8569 706.95935 231.86247
8585 703.86505 215.21867
8602 703.86505 215.21867
8620 703.86505 215.21867
8636 698.37665 202.59373
8653 698.37665 202.59373
8671 697.01764 193.65666
8688 697.01764 193.65666
8704 693.33246 183.83833
8721 693.33246 183.83833
8739 692.8233 176.53745
8755 692.8233 176.53745
8772 689.31726 173.21388
8789 677.00104 185.79837
8806 677.00104 185.79837
8823 656.9067 235.19046
8841 656.9067 235.19046
8857 656.9067 235.19046
8874 638.47754 273.80692
8892 638.47754 273.80692
8909 621.857 306.66367
8925 621.857 306.66367
8942 621.857 306.66367
8960 604.75366 354.70377
8976 604.75366 354.70377
8993 599.1745 371.85315
9010 599.1745 371.85315
9027 584.39355 383.26807
9045 584.39355 383.26807
9061 584.39355 383.26807
9078 586.71497 394.1869
9095 586.71497 394.1869
9113 587.752 402.7295
9129 587.752 402.7295
9146 589.24536 409.3236
9164 598.0955 415.48737
9180 598.0955 415.48737
9197 642.15234 409.86264
9214 642.15234 409.86264
9232 678.87286 407.75058
9248 678.87286 407.75058
9265 706.02344 407.77002
9282 706.02344 407.77002
9299 728.131 405.48276
9316 728.131 405.48276
9334 745.3102 403.82623
9350 745.3102 403.82623
9367 757.13855 403.02374
9384 757.13855 403.02374
9402 771.1221 403.2004
9419 771.1221 403.2004
9435 778.114 403.18274
9452 778.114 403.18274
9469 783.97107 402.61658
9487 783.97107 402.61658
9503 788.23444 402.7826
9521 788.23444 402.7826
9537 791.4274 401.6537
9555 792.2446 401.08313
9571 792.2446 401.08313
9588 792.3394 401.89685
9605 792.3394 401.89685
9622 792.3394 401.89685
9640 791.3072 401.44098
9656 791.3072 401.44098
9673 782.1029 405.28635
9691 782.1029 405.28635
9707 777.7388 406.16943
9724 777.7388 406.16943
9741 746.59204 414.0478
9759 723.49774 417.93918
9775 723.49774 417.93918
9792 704.20544 421.52158
9809 704.20544 421.52158
9827 688.783 425.24725
9843 688.783 425.24725
9861 688.783 425.24725
9877 672.93835 427.27054
9895 672.93835 427.27054
9911 662.0363 431.62933
9928 658.7852 435.0277
9946 658.7852 435.0277
9962 649.72394 437.11792
9979 649.72394 437.11792
9996 643.02277 439.86798
10013 643.02277 439.86798
10030 635.46857 443.78708
10048 635.46857 443.78708
10065 631.04175 446.28525
10081 631.04175 446.28525
10099 625.48724 447.09167
10116 625.48724 447.09167
10132 621.32434 450.7054
10150 621.32434 450.7054
10166 604.84686 453.25262
10183 604.84686 453.25262
10200 605.81024 454.29092
10217 605.81024 454.29092
10234 601.5576 455.59573
10252 601.5576 455.59573
10268 599.61456 457.66827
10286 599.61456 457.66827
10302 599.79486 457.66986
10319 597.8422 458.66785
10336 597.8422 458.66785
10354 595.5676 461.19855
10370 595.5676 461.19855
10387 595.5676 461.19855
10404 595.2707 459.79544
10422 595.2707 459.79544
10438 597.9354 458.27994
10455 597.9354 458.27994
10472 597.2483 456.87872
10490 597.2483 456.87872
10506 596.0706 456.39893
10524 592.7669 456.45596
10541 592.7669 456.45596
10557 593.5879 454.1839
10574 593.5879 454.1839
10591 590.00793 456.13605
10609 590.00793 456.13605
10625 590.00793 456.13605
10642 588.74713 455.7432
10659 588.74713 455.7432
10677 585.11414 458.1645
10693 585.11414 458.1645
10710 570.6686 461.60974
10727 573.4206 461.2637
10744 573.4206 461.2637
10761 573.0478 461.5728
10778 573.0478 461.5728
10796 574.6035 463.32104
10812 574.6035 463.32104
10829 572.12756 463.07812
10846 572.12756 463.07812
10864 573.5012 460.1265
10880 573.5012 460.1265
10897 572.88416 463.34723
10914 572.88416 463.34723
10932 571.9415 463.77213
10948 571.9415 463.77213
10966 574.5444 466.1533
10982 574.5444 466.1533
11000 573.3783 467.82092
11016 573.3783 467.82092
11033 572.51917 469.34528
11050 572.51917 469.34528
11067 572.65497 468.82443
11084 572.65497 468.82443
11102 573.28906 469.89868
11118 572.2715 470.28754
11135 572.2715 470.28754
11152 572.2715 470.28754
11169 573.7403 471.247
11187 573.7403 471.247
11203 573.0525 472.42957
11221 573.0525 472.42957
11237 572.5206 474.57532
11255 572.5206 474.57532
11271 575.6323 475.7899
11289 571.45795 477.95895
11305 571.45795 477.95895
11323 574.1842 476.43057
11339 574.1842 476.43057
11356 570.85016 479.03024
11374 570.85016 479.03024
11390 570.85016 479.03024
11407 571.5281 477.01602
11424 571.5281 477.01602
11442 575.79456 477.3565
11458 575.79456 477.3565
11476 580.0768 475.1607
11492 583.71375 475.8236
11509 583.71375 475.8236
11527 589.6144 474.2594
11543 589.6144 474.2594
11561 590.47314 475.23816
11577 590.47314 475.23816
11594 591.50854 472.93512
11611 591.50854 472.93512
11629 578.839 476.3632
11646 578.839 476.3632
11662 578.7296 475.9091
11680 578.7296 475.9091
11696 587.66724 475.10828
11713 587.66724 475.10828
11730 589.7913 475.8192
11747 589.7913 475.8192
11764 594.8084 474.69696
11782 594.8084 474.69696
11798 599.0703 474.91547
11815 599.0703 474.91547
11832 600.7314 474.86728
11849 600.7314 474.86728
11866 603.17084 476.5736
11883 603.17084 476.5736
11901 601.3565 476.4875
11917 601.3565 476.4875
11934 603.80695 474.9048
11952 603.80695 474.9048
11968 607.9288 476.7079
11986 607.9288 476.7079
12002 611.71625 475.17712
12019 611.71625 475.17712
12036 612.67004 475.511
12053 602.29175 477.26544
12071 602.29175 477.26544
12087 606.37317 477.46072
12105 606.37317 477.46072
12121 606.9865 478.08942
12139 606.9865 478.08942
12156 606.9865 478.08942
12172 651.71924 462.0975
12189 651.71924 462.0975
12207 687.83545 450.39792
12223 687.83545 450.39792
12241 710.9473 442.797
12257 729.7403 434.65866
12274 729.7403 434.65866
12291 743.97736 430.4537
12309 743.97736 430.4537
12325 756.21265 425.00482
12342 756.21265 425.00482
12360 766.15875 420.56982
12376 766.15875 420.56982
12393 766.15875 420.56982
12411 773.4617 417.43845
12428 773.4617 417.43845
12444 772.8856 416.89374
12461 782.25995 414.40482
12478 782.25995 414.40482
12495 785.78625 414.78406
12512 785.78625 414.78406
12529 790.33203 411.53638
12546 790.33203 411.53638
12563 794.40106 410.0727
12580 794.40106 410.0727
12598 796.98157 409.93353
12614 796.98157 409.93353
12631 807.03186 407.24103
12648 807.03186 407.24103
12665 805.62714 408.82864
12682 805.62714 408.82864
12700 806.9779 410.20087
12716 806.9779 410.20087
12733 808.80664 408.291
12750 808.80664 408.291
12767 782.7611 365.77075
12784 782.7611 365.77075
12801 767.0597 332.8146
12818 767.0597 332.8146
12835 752.979 308.43808
12852 741.16205 286.7493
12869 741.16205 286.7493
12887 741.16205 286.7493
12903 731.8025 268.86343
12920 731.8025 268.86343
12937 725.3056 254.70999
12954 725.3056 254.70999
12972 719.3981 244.76297
12988 719.3981 244.76297
13005 715.29913 236.99792
13022 713.2595 228.73738
13039 713.2595 228.73738
13056 708.2831 221.69934
13073 708.2831 221.69934
13090 702.2962 220.07652
13107 702.2962 220.07652
13124 678.681 271.18622
13141 678.681 271.18622
13158 678.681 271.18622
13175 660.99774 316.30423
13192 660.99774 316.30423
13209 647.13824 350.7683
13226 635.9679 379.0327
13243 635.9679 379.0327
13260 626.6144 401.6347
13277 626.6144 401.6347
13295 619.6788 420.2579
13311 619.6788 420.2579
13328 618.34 429.71194
13345 618.34 429.71194
13363 616.9641 435.71048
13379 616.9641 435.71048
13396 615.31525 442.397
13413 615.31525 442.397
13430 616.05884 446.67062
13447 616.05884 446.67062
13464 615.56775 450.39642
13481 615.56775 450.39642
13498 615.5054 453.33185
13516 615.5054 453.33185
13533 614.0276 457.1994
13549 614.0276 457.1994
13566 612.4881 458.5741
13584 612.4881 458.5741
13600 611.3898 460.51263
13617 612.59784 462.64075
13635 612.59784 462.64075
13651 612.59784 462.64075
13669 611.55676 462.30182
13685 611.55676 462.30182
13702 612.4637 463.76752
13719 612.4637 463.76752
13736 612.6709 464.16516
13753 612.6709 464.16516
13770 598.9973 469.1593
13788 603.7406 498.07214
13805 603.7406 498.07214
13822 482.9925 398.45773
13838 482.9925 398.45773
13855 386.394 318.7662
13872 386.394 318.7662
13890 386.394 318.7662
13906 309.1152 255.01297
13923 309.1152 255.01297
13941 414.93463 280.82117
13957 414.93463 280.82117
13974 482.30847 301.96628
13991 538.772 326.25058
14008 538.772 326.25058
14025 583.3816 348.19345
14043 583.3816 348.19345
14059 618.9853 365.0218
14076 618.9853 365.0218
14093 649.15216 376.66058
14110 649.15216 376.66058
14128 662.3815 391.2291
14144 662.3815 391.2291
14161 650.3369 411.87363
14179 650.3369 411.87363
14195 642.74976 427.59103
14212 642.74976 427.59103
14229 634.8984 441.17218
14246 634.8984 441.17218
14264 629.3105 451.8422
14280 629.3105 451.8422
14297 626.17395 458.37064
14315 626.17395 458.37064
14331 622.24225 465.46518
14348 622.24225 465.46518
14366 618.97815 469.34338
14382 616.48596 475.83557
14400 616.48596 475.83557
14416 616.48596 475.83557
14433 615.7464 478.86688
14450 615.7464 478.86688
14468 604.4423 481.3385
14485 604.4423 481.3385
14501 605.25543 483.91266
14518 605.25543 483.91266
14535 608.01227 485.4625
14553 608.01227 485.4625
14569 597.9348 484.68204
14586 602.7949 487.94547
14603 602.7949 487.94547
14621 607.982 488.14767
14637 607.982 488.14767
14654 608.7527 488.59708
14672 608.7527 488.59708
14688 608.7527 488.59708
14706 606.2469 487.62927
14722 606.2469 487.62927
14739 603.697 488.88428
14756 602.17456 490.89874
14774 602.17456 490.89874
14790 601.85754 493.8708
14808 601.85754 493.8708
14824 597.0247 495.6223
14842 597.0247 495.6223
14858 595.9458 493.08768
14876 595.9458 493.08768
14892 581.8669 492.975
14909 581.8669 492.975
14927 581.8669 492.975
14943 582.5652 494.4201
14961 581.86804 491.8424
14977 581.86804 491.8424
14994 578.95374 490.9954
15011 578.95374 490.9954
15029 583.6821 488.04456
15045 583.6821 488.04456
15062 586.7606 484.86658
15079 586.7606 484.86658
15096 587.2248 481.61646
15114 587.2248 481.61646
15130 586.07733 477.54062
15148 575.14966 479.84076
15164 575.14966 479.84076
15181 575.14966 479.84076
15198 580.7601 478.86856
15215 580.7601 478.86856
15233 583.7852 478.0114
15250 583.7852 478.0114
15266 586.3115 477.7927
15283 586.3115 477.7927
15300 569.9166 497.99237
15318 569.9166 497.99237
15334 528.9234 539.3041
15351 500.62335 572.4628
15368 500.62335 572.4628
15385 472.26166 597.9762
15403 472.26166 597.9762
15419 472.26166 597.9762
15436 454.49084 618.9526
15453 454.49084 618.9526
15470 441.04645 636.6316
15488 441.04645 636.6316
15504 428.35214 651.3462
15521 422.87582 658.77527
15538 422.87582 658.77527
15555 415.9566 664.8327
15572 415.9566 664.8327
15590 413.1903 667.81
15607 413.1903 667.81
15623 412.37762 672.2514
15640 412.37762 672.2514
15657 406.51517 675.2038
15674 406.51517 675.2038
15691 406.51517 675.2038
15709 407.69193 676.70514
15725 407.69193 676.70514
15743 405.02612 678.80646
15759 400.6629 681.8727
15777 400.6629 681.8727
15793 396.42917 683.1343
15811 396.42917 683.1343
15827 392.29022 684.8777
15844 392.29022 684.8777
15862 422.16046 671.86304
15879 422.16046 671.86304
15895 487.83 631.02057
15912 487.83 631.02057
15929 542.0038 600.63257
15947 542.0038 600.63257
15963 579.7252 577.9371
15980 579.7252 577.9371
15997 608.6376 557.60895
16014 608.6376 557.60895
16031 633.78107 539.9824
16048 633.78107 539.9824
16065 652.253 527.19183
16082 652.253 527.19183
16099 667.541 503.1249
16116 682.1137 483.09384
16134 682.1137 483.09384
16150 691.29395 469.28467
16167 691.29395 469.28467
16184 691.29395 469.28467
16202 698.1558 458.80188
16218 698.1558 458.80188
16236 708.75244 449.56345
16252 708.75244 449.56345
16269 712.0631 444.03857
16287 712.0631 444.03857
16303 720.4143 434.1178
16320 732.71106 425.8393
16337 732.71106 425.8393
16354 737.7293 418.77072
16371 737.7293 418.77072
16389 745.89624 412.43002
16405 745.89624 412.43002
16423 745.89624 412.43002
16439 749.27014 408.44916
16456 749.27014 408.44916
16473 749.84436 407.59412
16490 751.9801 405.19434
16508 751.9801 405.19434
16524 754.6429 401.82602
16541 754.6429 401.82602
16558 754.5395 400.2648
16575 754.5395 400.2648
16593 756.16956 398.65482
16609 756.16956 398.65482
16626 755.1575 400.91284
16643 755.1575 400.91284
16661 754.197 402.11774
16677 754.197 402.11774
16694 755.49884 404.12192
16711 755.49884 404.12192
16728 758.8699 401.1528
16746 758.8699 401.1528
16762 758.41376 403.34845
16779 758.41376 403.34845
16797 760.96857 405.55396
16813 760.96857 405.55396
16830 760.76086 406.68073
16847 760.76086 406.68073
16865 764.0356 405.3138
16881 764.9954 406.14404
16899 764.9954 406.14404
16915 764.4997 407.24225
16932 764.4997 407.24225
16949 764.4997 407.24225
16967 768.1293 407.3133
16983 768.1293 407.3133
17000 775.3009 404.8102
17018 775.3009 404.8102
17034 775.9524 403.63855
17052 775.9524 403.63855
17068 776.0983 402.68542
17086 777.67957 402.7901
17102 777.67957 402.7901
17119 780.1698 402.09064
17137 780.1698 402.09064
17153 779.79724 402.44907
17171 779.79724 402.44907
17187 779.79724 402.44907
17204 779.6752 405.37393
17222 779.6752 405.37393
17238 779.5111 407.74146
17255 779.5111 407.74146
17272 780.8915 407.51804
17289 779.7634 406.0441
17306 779.7634 406.0441
17323 778.3524 406.14865
17341 778.3524 406.14865
17357 778.4662 406.3163
17374 778.4662 406.3163
17392 783.8509 406.30737
17408 783.8509 406.30737
17425 780.39014 407.11923
17443 780.39014 407.11923
17459 775.9012 405.3593
17476 775.9012 405.3593
17494 768.2298 407.18542
17510 768.2298 407.18542
17527 760.20734 410.38208
17545 760.20734 410.38208
17561 751.4227 413.2832
17578 751.4227 413.2832
17595 745.0228 416.21075
17612 745.0228 416.21075
17629 736.61383 420.52728
17646 736.61383 420.52728
17663 731.42645 421.35175
17680 724.74554 423.41904
17697 724.74554 423.41904
17714 724.74554 423.41904
17731 717.9642 425.20285
17748 717.9642 425.20285
17765 712.6175 426.90015
17782 712.6175 426.90015
17802 707.3489 426.97006
17816 707.3489 426.97006
17833 701.87415 429.75552
17850 701.87415 429.75552
17867 695.94403 431.35
17884 691.9496 433.03394
17901 691.9496 433.03394
17918 678.4577 427.9199
17935 678.4577 427.9199
17952 678.4577 427.9199
17969 670.2729 422.65393
17986 670.2729 422.65393
18004 662.517 419.54565
18020 662.517 419.54565
18037 653.5804 418.17358
18054 645.77606 417.1512
18071 645.77606 417.1512
18088 640.5647 416.05426
18105 640.5647 416.05426
18122 617.1244 425.09705
18139 617.1244 425.09705
18157 577.2091 443.02493
18173 577.2091 443.02493
18190 546.22314 458.56104
18207 546.22314 458.56104
18224 546.22314 458.56104
18242 521.6206 471.8741
18258 497.8406 483.43585
18275 497.8406 483.43585
18292 478.88898 492.01917
18309 478.88898 492.01917
18326 472.96283 495.72644
18343 472.96283 495.72644
18360 467.41473 501.55475
18377 467.41473 501.55475
18394 463.71118 503.5366
18411 463.71118 503.5366
18428 459.0721 506.46283
18445 456.37473 511.5669
18462 456.37473 511.5669
18479 456.37473 511.5669
18496 454.77063 509.93307
18514 454.77063 509.93307
18530 453.74963 507.85574
18548 453.74963 507.85574
18564 488.9101 485.88693
18581 488.9101 485.88693
18599 519.49805 469.89438
18615 543.58484 459.42822
18632 543.58484 459.42822
18650 564.7704 449.29776
18666 564.7704 449.29776
18684 580.5655 442.64145
18700 580.5655 442.64145
18718 580.5655 442.64145
18734 539.3501 441.9505
18751 539.3501 441.9505
18768 565.2611 436.37866
18786 565.2611 436.37866
18802 584.3221 430.2671
18819 600.39026 426.16138
18837 600.39026 426.16138
18853 611.80475 424.04678
18871 611.80475 424.04678
18887 624.744 421.01428
18904 624.744 421.01428
18922 634.4426 417.03827
18938 634.4426 417.03827
18955 642.1306 415.8584
18973 642.1306 415.8584
18989 642.1306 415.8584
19006 649.33795 413.89508
19023 659.52313 411.21182
19041 659.52313 411.21182
19057 666.6797 408.8544
19076 666.6797 408.8544
19091 672.8804 407.82397
19108 672.8804 407.82397
19125 684.5591 400.33304
19143 684.5591 400.33304
19159 691.589 396.827
19176 691.589 396.827
19193 699.40894 393.41965
19210 699.40894 393.41965
19227 706.04486 390.90665
19244 706.04486 390.90665
19261 709.76263 389.28033
19278 709.76263 389.28033
19296 713.699 388.20926
19312 713.699 388.20926
19329 715.7211 386.84912
19346 715.7211 386.84912
19363 719.13513 387.2673
19381 719.13513 387.2673
19397 709.8017 391.9994
19414 654.8364 424.04767
19431 654.8364 424.04767
19449 610.8097 449.42715
19465 610.8097 449.42715
19482 610.8097 449.42715
19500 563.53455 470.90854
19516 563.53455 470.90854
19533 539.4625 487.48477
19550 539.4625 487.48477
19567 516.5371 500.86978
19584 516.5371 500.86978
19601 505.76804 511.30396
19619 499.78464 517.09143
19635 499.78464 517.09143
19652 490.64352 521.4006
19670 490.64352 521.4006
19687 486.69763 522.93976
19703 486.69763 522.93976
19720 481.96487 524.15076
19737 481.96487 524.15076
19754 481.96487 524.15076
19771 479.20624 525.31836
19789 468.85104 530.4947
19805 468.85104 530.4947
19822 459.5703 530.9092
19840 459.5703 530.9092
19856 463.47882 529.77313
19874 463.47882 529.77313
19890 469.35342 530.0168
19907 469.35342 530.0168
19925 469.5421 530.1145
19941 469.5421 530.1145
19959 463.82852 532.30347
19975 463.82852 532.30347
19992 475.44595 530.62115
20010 475.44595 530.62115
20026 480.1868 529.77997
20043 480.1868 529.77997
20061 497.7633 526.18353
20077 497.7633 526.18353
20094 514.03375 523.20105
20111 514.03375 523.20105
20129 514.63666 518.4029
20145 514.63666 518.4029
20162 528.3217 515.6915
20180 537.58813 515.01044
20196 537.58813 515.01044
20213 548.2655 512.09106
20230 548.2655 512.09106
20247 548.2655 512.09106
20264 557.4956 509.67758
20281 557.4956 509.67758
20298 564.61646 507.3935
20316 564.61646 507.3935
20332 573.30975 506.455
20350 573.30975 506.455
20366 576.35913 505.71793
20383 604.28564 491.88174
20401 604.28564 491.88174
20418 631.80896 475.12726
20434 631.80896 475.12726
20451 654.78973 460.60577
20469 654.78973 460.60577
20485 654.78973 460.60577
20502 674.5936 450.9231
20520 674.5936 450.9231
20536 687.1255 442.81882
20553 701.8819 433.76154
20570 701.8819 433.76154
20588 712.5752 427.16086
20604 712.5752 427.16086
20621 721.016 422.39392
20638 721.016 422.39392
20655 724.84625 419.5782
20673 724.84625 419.5782
20689 728.72107 419.07645
20706 728.72107 419.07645
20724 731.2202 418.1522
20740 731.2202 418.1522
20757 738.76843 417.16223
20775 738.76843 417.16223
20791 742.9892 415.96686
20808 742.9892 415.96686
20826 744.4197 414.0214
20842 744.4197 414.0214
20859 746.84766 412.51334
20877 746.84766 412.51334
20893 749.81055 411.58475
20910 749.81055 411.58475
20927 751.02155 410.2492
20944 756.52496 408.62128
20961 756.52496 408.62128
20979 753.1371 409.5119
20995 753.1371 409.5119
21012 753.1371 409.5119
21030 758.90643 408.89603
21048 758.90643 408.89603
21063 765.1133 407.12552
21080 765.1133 407.12552
21097 764.82965 407.34805
21115 765.52423 407.58606
21132 765.52423 407.58606
21148 762.32043 407.64664
21165 762.32043 407.64664
21182 745.7377 415.9223
21200 745.7377 415.9223
21216 722.6558 425.00577
21233 722.6558 425.00577
21250 722.6558 425.00577
21267 703.40094 432.6496
21284 703.40094 432.6496
21301 686.29034 436.67102
21319 686.29034 436.67102
21335 669.42285 443.0308
21352 661.43933 447.7829
21370 661.43933 447.7829
21386 652.87665 452.76324
21403 652.87665 452.76324
21420 646.9211 454.65945
21437 646.9211 454.65945
21454 643.563 457.41742
21472 643.563 457.41742
21488 643.9695 492.4014
21506 643.9695 492.4014
21522 515.1756 393.9211
21539 515.1756 393.9211
21557 412.14047 315.1369
21573 412.14047 315.1369
21590 329.71237 252.10953
21608 329.71237 252.10953
21625 367.6018 382.89075
21641 367.6018 382.89075
21658 455.3733 399.39777
21675 455.3733 399.39777
21692 487.9787 410.07135
21710 487.9787 410.07135
21726 509.91412 420.25397
21744 509.91412 420.25397
21760 531.4191 432.66904
21777 531.4191 432.66904
21794 543.304 443.96997
21812 543.304 443.96997
21828 552.2909 452.9221
21845 552.2909 452.9221
21862 563.36 457.6428
21880 563.36 457.6428
21896 571.43085 460.37964
21913 577.92267 462.4172
21931 577.92267 462.4172
21947 581.173 465.37054
21964 581.173 465.37054
21982 582.8552 467.78625
21998 582.8552 467.78625
22015 582.8552 467.78625
22032 588.05133 468.97958
22049 588.05133 468.97958
22066 587.4817 470.11926
22084 587.4817 470.11926
22100 587.539 473.04428
22117 586.03723 475.44604
22135 586.03723 475.44604
22151 583.1767 476.72437
22168 583.1767 476.72437
22185 581.8654 475.99316
22202 581.8654 475.99316
22219 580.2368 474.84714
22237 580.2368 474.84714
22253 580.8473 475.0234
22270 580.8473 475.0234
22287 581.0717 475.62753
22305 581.0717 475.62753
22321 579.7875 476.5959
22338 579.7875 476.5959
22355 576.9648 478.1591
22373 576.9648 478.1591
22390 579.5161 477.1431
22406 579.5161 477.1431
22423 583.875 473.9816
22441 583.875 473.9816
22457 588.9584 472.90845
22474 588.9584 472.90845
22491 584.63763 474.96344
22508 584.63763 474.96344
22525 588.4176 475.27023
22542 588.4176 475.27023
22559 582.0304 475.0264
22576 582.0304 475.0264
22593 584.51086 475.01465
22610 584.51086 475.01465
22628 578.8382 474.58484
22644 578.8382 474.58484
22661 575.43207 474.623
22678 575.43207 474.623
22695 559.7047 476.9438
22712 558.5251 477.8227
22729 558.5251 477.8227
22747 561.09235 478.42773
22763 561.09235 478.42773
22780 561.09235 478.42773
22797 582.93616 426.25806
22814 582.93616 426.25806
22831 603.0703 386.84338
22848 603.0703 386.84338
22865 620.9447 352.12704
22882 631.38275 326.80743
22899 631.38275 326.80743
22916 642.8204 305.2287
22933 642.8204 305.2287
22950 649.833 289.91028
22967 649.833 289.91028
22984 654.0405 276.91223
23002 654.0405 276.91223
23018 654.0405 276.91223
23035 657.50256 267.23383
23052 657.50256 267.23383
23070 659.8463 260.2681
23086 665.7852 244.83768
23103 665.7852 244.83768
23120 669.55676 234.4136
23138 669.55676 234.4136
23154 673.77734 223.79388
23171 673.77734 223.79388
23188 677.89496 211.97011
23206 677.89496 211.97011
23222 683.76587 202.23566
23239 683.76587 202.23566
23256 686.89124 194.75684
23273 686.89124 194.75684
23291 689.56885 188.02701
23307 689.56885 188.02701
23324 691.3091 185.0404
23341 691.3091 185.0404
23358 691.0203 186.87723
23375 691.0203 186.87723
23392 677.9199 211.12503
23409 677.9199 211.12503
23426 657.1432 263.22766
23443 639.0193 306.39526
23460 639.0193 306.39526
23478 624.04663 342.87943
23494 624.04663 342.87943
23511 614.30414 371.95212
23528 614.30414 371.95212
23546 614.30414 371.95212
23562 605.50775 394.6434
23579 605.50775 394.6434
23596 598.9739 414.34604
23614 598.9739 414.34604
23630 578.0119 429.2158
23647 559.8437 443.6296
23664 559.8437 443.6296
23681 547.1164 453.4254
23699 547.1164 453.4254
23715 537.27606 461.4576
23732 537.27606 461.4576
23749 537.27606 461.4576
23766 528.5198 467.37274
23783 528.5198 467.37274
23800 522.20416 469.85892
23817 522.20416 469.85892
23835 517.4419 476.48242
23851 509.4416 478.91345
23868 509.4416 478.91345
23886 536.2168 475.39413
23902 536.2168 475.39413
23919 576.5592 469.14868
23936 576.5592 469.14868
23954 607.7161 463.2158
23970 607.7161 463.2158
23987 633.0686 461.33392
24004 633.0686 461.33392
24022 653.86694 454.75708
24039 653.86694 454.75708
24055 669.6115 452.6344
24072 669.6115 452.6344
24090 685.62317 448.76868
24106 685.62317 448.76868
24124 694.5278 446.05624
24140 694.5278 446.05624
24158 714.06665 440.64365
24174 714.06665 440.64365
24191 732.5659 436.06073
24209 734.60126 436.56705
24225 734.60126 436.56705
24242 747.69916 433.6306
24260 747.69916 433.6306
24276 747.69916 433.6306
24293 760.5291 430.49005
24310 760.5291 430.49005
24327 768.1581 430.97318
24344 768.1581 430.97318
24362 763.76996 434.60934
24378 763.76996 434.60934
24395 772.8805 433.73785
24412 772.8805 433.73785
24429 778.6619 431.6567
24446 772.9692 434.32144
24464 772.9692 434.32144
24480 767.8451 435.6819
24497 767.8451 435.6819
24515 763.75995 436.76062
24531 763.75995 436.76062
24549 763.75995 436.76062
24565 760.76666 436.66302
24582 760.76666 436.66302
24599 758.1906 438.17245
24616 756.8112 439.22565
24633 756.8112 439.22565
24650 755.13666 439.88092
24668 755.13666 439.88092
24684 756.21173 440.30777
24702 756.21173 440.30777
24718 754.7782 441.6095
24735 754.7782 441.6095
24752 753.1237 443.0975
24769 753.1237 443.0975
24786 753.1237 443.0975
24804 755.4272 443.35858
24820 752.5061 442.95172
24837 752.5061 442.95172
24855 753.93146 441.51138
24871 753.93146 441.51138
24889 753.49414 442.68912
24905 753.49414 442.68912
24922 751.00507 442.9904
24939 751.00507 442.9904
24957 751.80084 443.82452
24973 751.80084 443.82452
24990 750.25946 445.23965
25007 749.11084 443.84906
25024 749.11084 443.84906
25041 749.11084 443.84906
25058 749.55273 441.0813
25075 749.55273 441.0813
25092 750.52954 438.88788
25110 750.52954 438.88788
25126 751.2833 440.55377
25144 751.2833 440.55377
25160 778.7434 446.62723
25177 778.7434 446.62723
25194 801.14044 450.82056
25212 807.569 455.82288
25228 807.569 455.82288
25245 825.1081 456.8569
25262 825.1081 456.8569
25280 840.7105 457.8435
25296 840.7105 457.8435
25313 840.7105 457.8435
25330 849.5233 458.5563
25348 849.5233 458.5563
25364 850.2846 452.0181
25381 850.2846 452.0181
25398 849.4747 443.37003
25416 848.13 436.7497
25432 848.13 436.7497
25449 848.44666 429.06702
25468 848.44666 429.06702
25483 850.21857 423.60492
25500 850.21857 423.60492
25517 848.81274 420.1162
25535 848.81274 420.1162
25552 848.81274 420.1162
25568 849.8819 417.04218
25585 846.8009 414.0933
25602 846.8009 414.0933
25620 846.69916 411.7425
25636 846.69916 411.7425
25653 842.3181 410.40894
25670 842.3181 410.40894
25688 839.78613 409.0971
25704 839.78613 409.0971
25721 839.79565 406.84744
25739 839.79565 406.84744
25755 842.0132 404.36523
25772 842.0132 404.36523
25789 841.2989 404.12067
25807 841.2989 404.12067
25823 839.4584 402.10388
25840 839.4584 402.10388
25857 839.16626 401.32516
25874 839.16626 401.32516
25891 840.92334 399.1303
25908 840.92334 399.1303
25926 839.31775 396.9791
25942 839.31775 396.9791
25959 835.56213 398.36163
25976 833.1089 396.72275
25994 833.1089 396.72275
26011 831.35547 395.07468
26028 831.35547 395.07468
26044 831.35547 395.07468
26061 806.04333 399.6729
26078 806.04333 399.6729
26095 733.1387 415.44006
26113 733.1387 415.44006
26129 672.3816 427.40094
26146 625.6183 438.49072
26163 625.6183 438.49072
26181 576.25073 443.39618
26197 576.25073 443.39618
26214 544.2217 449.76035
26231 544.2217 449.76035
26248 517.25183 454.16672
26266 517.25183 454.16672
26282 497.46692 459.03937
26299 497.46692 459.03937
26316 497.46692 459.03937
26333 496.35944 505.42566
26351 397.08755 404.34055
26367 397.08755 404.34055
26385 317.67004 323.47244
26401 317.67004 323.47244
26419 623.4027 463.54868
26435 623.4027 463.54868
26452 662.57764 456.27335
26469 662.57764 456.27335
26487 683.0869 436.29138
26503 683.0869 436.29138
26520 700.3666 430.20892
26537 700.3666 430.20892
26555 711.56476 426.83386
26571 711.56476 426.83386
26589 721.0553 421.978
26606 721.0553 421.978
26622 730.4392 416.36002
26639 730.4392 416.36002
26657 736.2168 414.52863
26673 736.2168 414.52863
26690 740.6166 412.66388
26708 740.6166 412.66388
26724 744.3082 412.9339
26742 751.01227 410.72528
26758 751.01227 410.72528
26775 780.37946 402.88535
26792 780.37946 402.88535
26810 801.4299 397.8923
26826 801.4299 397.8923
26843 801.4299 397.8923
26860 818.4766 394.38962
26877 818.4766 394.38962
26895 831.6583 390.79858
26911 831.6583 390.79858
26928 842.86993 388.5228
26946 853.09375 385.72037
26962 853.09375 385.72037
26979 864.1456 382.8368
26996 864.1456 382.8368
27013 872.4901 382.59973
27030 872.4901 382.59973
27048 877.24304 381.08606
27065 877.24304 381.08606
27081 877.24304 381.08606
27098 879.78656 380.88477
27115 879.78656 380.88477
27132 882.3719 380.4759
27149 888.0908 379.67108
27166 888.0908 379.67108
27184 890.44934 379.92804
27200 890.44934 379.92804
27218 895.3943 378.90747
27235 895.3943 378.90747
27251 899.6979 378.84143
27268 899.6979 378.84143
27285 912.56226 378.94888
27303 912.56226 378.94888
27319 919.65894 379.7776
27336 919.65894 379.7776
27353 926.5905 381.40576
27371 926.5905 381.40576
27387 933.701 380.7436
27404 933.701 380.7436
27421 883.0475 384.1558
27439 883.0475 384.1558
27455 896.0297 385.3166
27472 896.0297 385.3166
27489 880.4451 393.2362
27506 809.52277 409.2533
27524 809.52277 409.2533
27540 753.98914 421.4887
27557 753.98914 421.4887
27574 753.98914 421.4887
27591 710.02704 432.36108
27608 710.02704 432.36108
27625 675.185 442.61276
27643 675.185 442.61276
27659 646.2814 451.19025
27676 646.2814 451.19025
27693 621.57697 456.88892
27710 597.489 463.0451
27727 597.489 463.0451
27744 581.91077 466.66635
27761 581.91077 466.66635
27778 564.3544 472.14423
27795 564.3544 472.14423
27812 564.3544 472.14423
27829 589.366 514.65204
27846 589.366 514.65204
27863 604.5048 560.76404
27880 604.5048 560.76404
27897 621.23016 596.6526
27914 632.7726 626.41797
27931 632.7726 626.41797
27948 645.6615 648.1769
27965 645.6615 648.1769
27982 651.95776 667.54285
27999 651.95776 667.54285
28016 658.3894 682.7948
28033 658.3894 682.7948
28050 658.3894 682.7948
28067 638.4955 674.2058
28085 598.4843 642.51587
28101 598.4843 642.51587
28118 567.79016 616.06445
28135 567.79016 616.06445
28152 547.9705 596.11176
28169 547.9705 596.11176
28186 530.28973 578.218
28203 530.28973 578.218
28220 516.389 565.33746
28237 516.389 565.33746
28254 501.52692 554.9718
28271 491.1402 538.08295
28288 491.1402 538.08295
28305 486.10452 517.5965
28322 486.10452 517.5965
28339 486.10452 517.5965
28356 483.7967 501.1501
28373 483.7967 501.1501
28390 481.58743 486.40738
28408 481.58743 486.40738
28424 476.39536 476.89737
28441 476.39536 476.89737
28459 461.45746 469.49146
28475 459.90796 461.81732
28492 459.90796 461.81732
28509 465.20187 455.4677
28527 465.20187 455.4677
28543 464.41272 450.22736
28560 464.41272 450.22736
28577 467.5833 446.2639
28594 467.5833 446.2639
28611 467.5833 446.2639
28628 468.1911 441.34003
28646 468.1911 441.34003
28662 476.74872 439.70697
28680 481.51163 440.0285
28696 481.51163 440.0285
28713 485.27905 440.21213
28730 485.27905 440.21213
28747 487.14886 439.47534
28764 487.14886 439.47534
28781 482.9658 432.03137
28799 482.9658 432.03137
28815 482.9658 432.03137
28833 489.0222 432.68115
28849 489.0222 432.68115
28866 481.45685 430.53296
28883 488.06778 432.2531
28900 488.06778 432.2531
28918 494.23413 434.48822
28934 494.23413 434.48822
28951 498.67816 435.3095
28969 498.67816 435.3095
28986 502.40027 436.38986
29002 502.40027 436.38986
29020 503.54486 437.15524
29036 503.54486 437.15524
29053 508.52148 438.84814
29070 515.15234 438.91504
29087 515.15234 438.91504
29105 515.15234 438.91504
29121 519.3484 439.89398
29138 519.3484 439.89398
29155 518.6773 439.16946
29173 518.6773 439.16946
29189 522.418 439.35364
29206 522.418 439.35364
29224 524.5256 437.9037
29240 524.5256 437.9037
29258 524.7376 438.52606
29274 536.3273 436.2789
29291 536.3273 436.2789
29309 543.81885 435.61758
29325 543.81885 435.61758
29342 547.9513 436.85437
29360 547.9513 436.85437
29376 547.9513 436.85437
29393 553.9549 438.6109
29410 553.9549 438.6109
29427 556.5237 439.47638
29444 564.14166 441.52985
29462 564.14166 441.52985
29478 567.8535 441.85013
29495 567.8535 441.85013
29513 573.7556 445.1252
29529 573.7556 445.1252
29546 576.79645 449.67532
29563 576.79645 449.67532
29580 577.14465 455.00714
29598 577.14465 455.00714
29614 577.14465 455.00714
29631 579.23676 457.39078
29648 585.5907 459.753
29665 585.5907 459.753
29683 587.7995 462.08276
29699 587.7995 462.08276
29717 587.12604 465.28717
29733 587.12604 465.28717
29750 591.5974 465.91788
29768 591.5974 465.91788
29784 590.0287 468.39252
29801 590.0287 468.39252
29818 581.52075 477.02066
29835 582.38666 477.73077
29852 582.38666 477.73077
29870 582.38666 477.73077
29886 581.20215 478.97476
29903 581.20215 478.97476
29920 588.2557 477.92886
29937 588.2557 477.92886
29954 587.7098 478.4347
29971 587.7098 478.4347
29988 588.42926 479.83347
30006 588.42926 479.83347
