299.0 683.0 0.0 384.0
1 702.67065 339.71094
17 707.3682 324.07312
34 707.3682 324.07312
52 705.05505 329.18994
68 705.05505 329.18994
85 681.521 327.36234
102 681.521 327.36234
119 691.6615 337.2822
136 691.6615 337.2822
153 693.3821 350.76807
171 693.3821 350.76807
187 692.34906 361.4254
204 692.34906 361.4254
221 690.6741 359.1048
238 690.6741 359.1048
255 699.4787 357.80856
273 699.4787 357.80856
289 690.576 363.0162
307 690.576 363.0162
323 690.6776 370.36023
340 690.6776 370.36023
357 691.43506 371.2621
374 691.43506 371.2621
391 718.0186 392.19342
408 718.0186 392.19342
425 755.08887 418.67767
442 755.08887 418.67767
459 781.6709 438.59265
476 781.6709 438.59265
493 797.9425 463.09964
510 797.9425 463.09964
527 811.711 476.14053
553 823.02747 480.98334
561 823.02747 480.98334
578 823.02747 480.98334
596 844.9906 500.77658
613 856.854 518.36835
629 856.854 518.36835
647 870.04315 535.2776
663 870.04315 535.2776
680 881.13196 551.9
697 881.13196 551.9
714 891.8756 563.46875
731 891.8756 563.46875
748 891.8756 563.46875
765 900.7616 570.66736
782 900.7616 570.66736
799 903.41113 569.542
816 903.64355 570.2982
834 903.64355 570.2982
850 902.1894 558.44836
867 902.1894 558.44836
885 894.72833 559.1094
901 894.72833 559.1094
918 894.72833 559.1094
935 888.26294 551.5181
952 888.26294 551.5181
969 887.44995 562.7836
987 881.01 562.83026
1003 881.01 562.83026
1020 906.0983 551.0209
1037 906.0983 551.0209
1054 899.73303 556.8142
1071 899.73303 556.8142
1088 882.6272 546.35223
1105 882.6272 546.35223
1122 874.60754 549.4269
1140 874.60754 549.4269
1156 871.09906 525.3064
1173 871.09906 525.3064
1191 875.22284 528.93787
1207 875.22284 528.93787
1224 869.84674 537.7187
1241 869.84674 537.7187
1259 852.45575 529.9413
1275 852.45575 529.9413
1292 847.1118 520.25867
1310 847.1118 520.25867
1327 851.02374 511.12997
1343 851.02374 511.12997
1361 852.7876 499.76086
1377 854.7738 495.19482
1394 854.7738 495.19482
1411 850.1519 498.73178
1428 850.1519 498.73178
1445 848.9038 499.47827
1462 848.9038 499.47827
1479 848.9038 499.47827
1496 878.11304 489.6208
1513 878.11304 489.6208
1530 810.2953 502.79022
1547 810.2953 502.79022
1564 828.45233 494.08722
1581 884.8154 517.13
1598 884.8154 517.13
1615 887.1533 513.1084
1632 887.1533 513.1084
1650 890.5382 512.0544
1666 890.5382 512.0544
1683 890.5382 512.0544
1700 902.89716 507.20572
1717 902.89716 507.20572
1734 888.3081 513.3897
1751 888.3081 513.3897
1768 879.08057 521.67303
1785 890.9708 519.1425
1802 890.9708 519.1425
1819 877.9376 520.1419
1836 877.9376 520.1419
1853 881.3458 513.85596
1870 881.3458 513.85596
1887 874.5648 514.6259
1904 874.5648 514.6259
1921 852.41516 509.57874
1938 852.41516 509.57874
1956 830.9508 511.9229
1973 830.9508 511.9229
1989 838.6998 514.0256
2006 838.6998 514.0256
2023 843.5718 521.3099
2040 843.5718 521.3099
2057 847.2021 523.8611
2074 847.2021 523.8611
2091 848.97296 527.7972
2108 848.97296 527.7972
2125 847.24603 527.1667
2142 837.69293 541.7577
2159 837.69293 541.7577
2176 837.69293 541.7577
2193 819.5709 546.8336
2210 819.5709 546.8336
2227 825.5571 555.45917
2244 825.5571 555.45917
2261 849.8653 561.55646
2278 849.8653 561.55646
2295 847.84894 562.19116
2313 847.84894 562.19116
2329 847.6098 562.1895
2346 847.28156 572.9068
2363 847.28156 572.9068
2380 859.6407 564.56805
2397 859.6407 564.56805
2414 856.21216 569.64154
2431 856.21216 569.64154
2448 856.22003 573.3221
2465 856.22003 573.3221
2482 856.22003 573.3221
2499 855.09607 578.1338
2516 855.09607 578.1338
2534 852.4886 580.1011
2550 851.29285 573.94836
2567 851.29285 573.94836
2584 852.00586 567.2058
2601 852.00586 567.2058
2619 860.172 566.33386
2635 860.172 566.33386
2652 853.7286 566.8035
2669 853.7286 566.8035
2686 851.801 570.66345
2703 851.801 570.66345
2720 843.43933 570.71124
2737 843.43933 570.71124
2754 847.66895 572.3438
2771 847.66895 572.3438
2788 846.86884 572.9837
2805 846.86884 572.9837
2822 840.36646 582.7575
2839 840.36646 582.7575
2856 830.3933 584.7276
2873 830.3933 584.7276
2890 836.1526 579.35913
2907 839.4412 580.57574
2924 839.4412 580.57574
2941 843.61237 569.62
2958 843.61237 569.62
2976 843.61237 569.62
2992 845.5653 580.3697
3009 845.5653 580.3697
3026 854.6752 569.6511
3043 854.6752 569.6511
3060 856.1252 576.286
3077 856.1252 576.286
3094 847.9769 568.77075
3111 847.9769 568.77075
3128 837.17084 572.1468
3145 817.15204 573.5751
3162 817.15204 573.5751
3179 816.027 572.5226
3196 816.027 572.5226
3213 815.0576 577.59326
3231 815.0576 577.59326
3247 815.0576 577.59326
3264 805.9882 576.667
3281 805.9882 576.667
3298 815.0876 571.16125
3315 807.00714 574.2925
3332 807.00714 574.2925
3349 830.6186 572.0007
3367 830.6186 572.0007
3383 860.8623 561.05237
3400 860.8623 561.05237
3417 849.7974 564.8375
3434 849.7974 564.8375
3451 850.83673 571.8405
3468 850.83673 571.8405
3485 850.83673 571.8405
3502 878.6718 581.7024
3519 886.71497 570.0249
3536 886.71497 570.0249
3553 875.1777 568.9723
3570 875.1777 568.9723
3587 897.73895 563.3377
3604 897.73895 563.3377
3622 894.3345 552.0728
3638 894.3345 552.0728
3655 901.0009 548.2564
3673 901.0009 548.2564
3689 889.16473 542.35565
3706 879.8971 550.09393
3723 879.8971 550.09393
3740 879.8971 550.09393
3758 871.2593 545.7685
3775 871.2593 545.7685
3791 854.76215 551.68066
3808 854.76215 551.68066
3825 832.36725 538.2561
3842 832.36725 538.2561
3859 856.3596 543.34607
3876 859.69214 545.6079
3893 859.69214 545.6079
3910 854.24054 544.5548
3928 854.24054 544.5548
3944 863.1097 536.01776
3961 863.1097 536.01776
3978 868.36206 541.2154
3995 868.36206 541.2154
