683.0 1067.0 0.0 384.0
1 708.6492 397.08145
17 705.39514 392.74268
35 705.39514 392.74268
51 705.9202 392.4344
69 705.9202 392.4344
85 709.8822 390.944
102 709.8822 390.944
119 709.7346 392.66486
136 709.7346 392.66486
154 713.2206 389.63885
171 713.2206 389.63885
187 710.11017 390.22192
204 710.11017 390.22192
221 713.71735 385.13284
238 713.71735 385.13284
255 717.7952 387.76837
272 717.7952 387.76837
289 715.9761 387.27676
307 715.9761 387.27676
323 713.4961 388.04898
340 746.68286 374.64804
358 746.68286 374.64804
374 775.5631 363.18042
391 775.5631 363.18042
408 775.5631 363.18042
425 794.4227 349.70767
442 794.4227 349.70767
459 811.56775 342.2128
477 811.56775 342.2128
493 822.0249 337.3228
510 822.0249 337.3228
527 831.5896 327.26782
544 831.7809 327.25528
561 831.7809 327.25528
579 822.65326 294.9382
595 822.65326 294.9382
612 820.046 265.84753
629 820.046 265.84753
647 812.4076 246.6217
663 812.4076 246.6217
680 812.4076 246.6217
697 809.445 226.63913
714 809.445 226.63913
731 807.25775 216.46616
748 806.4351 204.99179
765 806.4351 204.99179
782 803.2547 197.57379
799 803.2547 197.57379
816 810.57056 214.24222
833 810.57056 214.24222
851 819.0271 229.12544
867 819.0271 229.12544
884 819.0271 229.12544
901 825.59534 245.67949
918 829.5107 259.37833
935 829.5107 259.37833
952 833.0736 268.066
969 833.0736 268.066
986 834.85583 275.83417
1004 834.85583 275.83417
1020 836.1822 283.35022
1037 836.1822 283.35022
1054 843.9659 284.44266
1072 843.9659 284.44266
1088 848.8188 288.34604
1105 859.63525 296.38037
1122 859.63525 296.38037
1139 866.9409 300.3654
1156 866.9409 300.3654
1174 866.9409 300.3654
1190 869.79486 305.30374
1207 869.79486 305.30374
1224 873.2081 310.3614
1241 873.2081 310.3614
1258 874.9723 313.22003
1275 874.9723 313.22003
1292 877.7587 317.0243
1309 874.9206 316.14
1326 874.9206 316.14
1343 876.3092 319.9261
1360 876.3092 319.9261
1377 870.99316 320.5845
1394 870.99316 320.5845
1411 870.99316 320.5845
1428 871.8946 322.90414
1445 871.8946 322.90414
1462 875.2376 324.85748
1479 875.2376 324.85748
1496 874.33044 317.04724
1513 871.5727 319.02185
1530 871.5727 319.02185
1548 869.1763 318.3351
1564 869.1763 318.3351
1581 852.8341 304.0274
1598 852.8341 304.0274
1615 844.49536 302.8741
1632 844.49536 302.8741
1649 841.0638 307.4412
1666 841.0638 307.4412
1683 841.0638 307.4412
1700 847.7614 309.30115
1717 844.8548 315.80615
1734 844.8548 315.80615
1751 845.4936 314.32086
1768 845.4936 314.32086
1785 850.37506 316.05423
1802 850.37506 316.05423
1819 858.35266 313.2188
1836 858.35266 313.2188
1853 863.03033 314.70917
1870 863.03033 314.70917
1888 860.5311 321.375
1904 860.5311 321.375
1921 866.1325 324.18353
1938 866.1325 324.18353
1955 861.6252 322.95004
1972 861.6252 322.95004
1989 854.7284 319.69238
2006 854.7284 319.69238
2023 814.2591 298.1438
2040 814.2591 298.1438
2057 777.70886 283.73438
2074 752.8364 270.11505
2091 752.8364 270.11505
2108 731.2593 263.0299
2125 731.2593 263.0299
2142 721.8165 262.11133
2159 721.8165 262.11133
2176 721.8165 262.11133
2193 712.2147 258.37836
2211 712.2147 258.37836
2227 705.3253 247.84863
2244 705.3253 247.84863
2261 702.6243 244.85251
2278 732.7507 256.31238
2295 732.7507 256.31238
2312 755.42004 269.67026
2329 755.42004 269.67026
2346 771.90906 275.60715
2363 771.90906 275.60715
2380 789.4676 275.59497
2397 789.4676 275.59497
2414 789.4676 275.59497
2431 800.61536 280.7765
2448 800.61536 280.7765
2465 813.85974 284.0414
2482 811.66034 280.85495
2499 811.66034 280.85495
2517 820.59656 292.12912
2533 820.59656 292.12912
2550 832.83093 295.58414
2567 832.83093 295.58414
2584 837.66156 305.17468
2601 837.66156 305.17468
2618 841.3088 311.40253
2635 841.3088 311.40253
2652 848.33435 315.50433
2669 848.33435 315.50433
2686 851.02106 317.76773
2703 851.02106 317.76773
2720 853.2473 318.722
2737 853.2473 318.722
2754 859.03625 322.03677
2771 859.03625 322.03677
2788 858.7653 323.84644
2805 858.7653 323.84644
2822 854.13116 314.95828
2839 854.13116 314.95828
2856 841.8284 353.73303
2873 841.8284 353.73303
2890 840.0121 340.66776
2908 840.0121 340.66776
2924 851.18005 337.5625
2941 851.18005 337.5625
2959 853.82214 336.258
2975 853.82214 336.258
2992 857.3501 341.0036
3009 857.3501 341.0036
3026 855.8134 333.25
3043 864.6093 329.50507
3060 864.6093 329.50507
3078 869.9211 324.73193
3094 869.9211 324.73193
3111 872.69836 324.12195
3128 872.69836 324.12195
3145 872.69836 324.12195
3162 872.6411 323.29065
3179 872.6411 323.29065
3196 872.6863 318.2061
3213 872.6863 318.2061
3230 850.97656 306.70804
3247 829.46387 301.8008
3264 829.46387 301.8008
3282 839.6074 308.12134
3298 839.6074 308.12134
3315 850.2958 304.3
3332 850.2958 304.3
3349 814.00336 300.29514
3367 814.00336 300.29514
3383 766.961 293.43964
3400 766.961 293.43964
3417 766.961 293.43964
3434 726.08014 289.61777
3451 697.15234 286.19818
3468 697.15234 286.19818
3485 671.64355 284.7986
3502 671.64355 284.7986
3519 655.0689 283.994
3536 655.0689 283.994
3553 642.0245 280.319
3570 642.0245 280.319
3587 650.1712 275.38608
3604 650.1712 275.38608
3621 680.8899 281.30505
3638 714.31226 292.27606
3656 714.31226 292.27606
3672 718.94275 282.60248
3689 718.94275 282.60248
3706 718.94275 282.60248
3723 733.0559 285.90112
3740 733.0559 285.90112
3757 742.1064 287.34583
3774 742.1064 287.34583
3791 750.2765 289.50342
3808 750.2765 289.50342
3825 763.76416 296.8296
3842 780.04315 307.3026
3859 780.04315 307.3026
3876 797.44293 313.1339
3893 797.44293 313.1339
3910 814.95984 318.909
3927 814.95984 318.909
3944 814.95984 318.909
3961 831.8144 323.61227
3978 831.8144 323.61227
3996 844.33997 324.39008
