299.0 683.0 384.0 768.0
1 661.72394 319.81522
17 658.5148 321.69916
34 658.5148 321.69916
51 659.94257 333.92468
68 655.87805 340.6745
85 655.87805 340.6745
102 655.36475 345.71066
119 655.36475 345.71066
137 656.796 343.1135
153 656.796 343.1135
170 658.547 345.58514
188 658.547 345.58514
204 658.547 345.58514
222 660.7461 350.6892
238 660.7461 350.6892
256 661.912 354.15295
272 663.47504 351.9353
290 663.47504 351.9353
306 664.7123 354.13452
323 664.7123 354.13452
340 656.6781 360.54242
357 656.6781 360.54242
374 635.1827 387.42197
391 635.1827 387.42197
408 616.51294 394.19308
425 616.51294 394.19308
443 616.51294 394.19308
459 601.08875 408.45547
476 592.6117 424.07513
493 592.6117 424.07513
510 580.2302 429.90237
527 580.2302 429.90237
544 569.51556 438.33032
562 569.51556 438.33032
578 842.87274 517.7954
596 842.87274 517.7954
612 674.2982 414.23633
630 674.2982 414.23633
646 674.2982 414.23633
663 539.4386 331.38907
680 431.55087 265.11127
698 431.55087 265.11127
714 345.2407 212.08902
731 345.2407 212.08902
748 276.19257 169.67122
766 276.19257 169.67122
782 276.19257 169.67122
800 343.19156 204.99841
816 396.1411 235.8952
834 396.1411 235.8952
850 429.10617 246.69368
867 458.1686 263.69626
885 458.1686 263.69626
901 458.1686 263.69626
918 486.36987 280.05267
935 486.36987 280.05267
952 508.21872 295.88806
969 508.21872 295.88806
986 525.0206 304.97263
1003 525.0206 304.97263
1020 524.1518 338.50653
1037 524.1518 338.50653
1054 518.7887 374.08945
1071 518.369 405.88843
1088 518.369 405.88843
1105 520.27826 430.57614
1122 520.27826 430.57614
1139 521.6766 457.7929
1156 521.6766 457.7929
1174 521.6766 457.7929
1190 521.94165 477.42435
1208 521.94165 477.42435
1225 523.61615 496.87164
1241 522.74365 511.23273
1258 522.74365 511.23273
1275 527.86304 529.3622
1292 527.86304 529.3622
1309 529.802 542.10974
1326 529.802 542.10974
1343 524.8677 554.3696
1361 524.8677 554.3696
1377 550.07214 534.8378
1395 550.07214 534.8378
1411 578.2429 493.20596
1428 578.2429 493.20596
1445 599.97437 459.19998
1462 599.97437 459.19998
1479 617.0968 439.05493
1496 617.0968 439.05493
1513 634.81396 413.54623
1530 634.81396 413.54623
1547 651.57776 392.64832
1564 651.57776 392.64832
1582 660.04254 382.2951
1598 660.04254 382.2951
1615 667.3494 372.7428
1633 672.11334 366.4671
1649 672.11334 366.4671
1666 672.11334 366.4671
1683 642.1544 339.27994
1700 642.1544 339.27994
1717 608.31525 325.31342
1734 608.31525 325.31342
1751 586.8775 318.80835
1768 586.8775 318.80835
1785 565.1344 316.8912
1802 565.1344 316.8912
1819 549.8622 311.39667
1836 541.0337 308.28357
1853 541.0337 308.28357
1870 541.0337 308.28357
1887 531.68445 307.465
1904 531.68445 307.465
1921 522.22687 304.60944
1938 522.22687 304.60944
1955 516.31995 346.10394
1973 516.31995 346.10394
1989 515.0833 399.2381
2007 512.9035 443.83545
2023 512.9035 443.83545
2040 509.93533 475.09732
2057 509.93533 475.09732
2074 505.6866 494.3149
2091 505.6866 494.3149
2108 509.4566 502.79944
2125 509.4566 502.79944
2142 508.7533 510.7995
2159 508.7533 510.7995
2176 508.7533 510.7995
2193 507.63647 523.1941
2210 505.33688 520.8779
2227 505.33688 520.8779
2244 481.95392 476.20267
2261 481.95392 476.20267
2279 472.53806 416.50537
2295 472.53806 416.50537
2312 462.0387 368.77405
2329 462.0387 368.77405
2347 454.65955 324.38342
2363 454.65955 324.38342
2380 458.34036 294.32825
2397 458.34036 294.32825
2414 472.39578 289.4497
2431 472.39578 289.4497
2448 480.96368 290.08142
2465 480.96368 290.08142
2482 490.48306 352.70087
2499 490.48306 352.70087
2516 495.42203 410.00598
2533 495.42203 410.00598
2550 501.07928 447.80243
2567 501.07928 447.80243
2584 507.72757 484.88666
2602 511.6738 512.14136
2618 511.6738 512.14136
2635 509.83148 530.75635
2652 509.83148 530.75635
2669 509.83148 530.75635
2686 510.18887 542.3284
2703 510.18887 542.3284
2720 512.2287 549.2811
2737 512.2287 549.2811
2754 513.1851 554.5295
2771 513.1851 554.5295
2788 506.97467 521.0434
2805 502.90808 491.3583
2822 502.90808 491.3583
2839 502.13043 465.05023
2856 502.13043 465.05023
2873 499.7376 436.0899
2890 499.7376 436.0899
2907 499.7376 436.0899
2924 494.80545 428.2252
2941 494.80545 428.2252
2958 485.92603 412.75848
2975 492.09134 408.59976
2993 492.09134 408.59976
3009 483.87866 397.32834
3026 483.87866 397.32834
3043 475.57175 387.0428
3060 475.57175 387.0428
3077 480.92993 387.77533
3095 480.92993 387.77533
3111 477.30228 380.85162
3128 477.30228 380.85162
3145 476.0241 385.594
3163 490.5997 411.18613
3179 490.5997 411.18613
3196 507.42133 438.75552
3214 507.42133 438.75552
3230 507.42133 438.75552
3247 522.1321 460.0727
3265 522.1321 460.0727
3282 537.85583 473.45172
3298 537.85583 473.45172
3315 549.52637 498.2355
3332 549.52637 498.2355
3349 549.40106 503.5998
3367 555.9684 510.79254
3383 555.9684 510.79254
3400 567.00305 518.5275
3417 567.00305 518.5275
3434 573.79333 521.4801
3451 573.79333 521.4801
3468 573.79333 521.4801
3485 579.40295 523.79565
3503 579.40295 523.79565
3519 584.3106 523.3383
3537 582.5148 529.1678
3553 582.5148 529.1678
3570 585.3719 538.8746
3587 585.3719 538.8746
3604 582.0126 540.61
3622 582.0126 540.61
3638 580.1738 542.5869
3655 580.1738 542.5869
3673 581.2504 537.96313
3689 581.2504 537.96313
3706 577.13135 540.3096
3723 577.13135 540.3096
3740 577.13135 540.3096
3757 580.48456 537.1831
3774 574.61865 529.6561
3791 574.61865 529.6561
3808 587.2864 496.88037
3826 587.2864 496.88037
3842 581.15924 461.2481
3859 581.15924 461.2481
3876 580.40405 433.7409
3893 580.40405 433.7409
3910 570.71655 408.26657
3927 570.71655 408.26657
3945 581.20844 397.20718
3961 581.20844 397.20718
3979 590.8233 387.7559
3995 590.8233 387.7559
4013 593.6764 378.175
