299.0 683.0 0.0 384.0
1 160.4373 73.48544
17 160.4373 73.48544
34 160.4373 73.48544
51 291.42062 144.98967
68 384.63953 214.45267
86 384.63953 214.45267
102 454.17722 256.39166
119 454.17722 256.39166
136 524.5111 281.70648
153 524.5111 281.70648
170 581.30133 297.6214
187 581.30133 297.6214
205 614.5834 307.01715
221 614.5834 307.01715
238 656.46375 319.6766
256 656.46375 319.6766
272 684.2594 328.49622
289 684.2594 328.49622
306 708.2494 338.12814
323 725.65576 344.47818
340 725.65576 344.47818
358 725.65576 344.47818
374 741.8595 351.50998
391 741.8595 351.50998
409 716.8576 333.60565
425 716.8576 333.60565
443 621.8893 319.5708
460 621.8893 319.5708
476 612.63434 312.12012
493 609.35706 304.14935
511 609.35706 304.14935
528 596.4759 299.35004
544 596.4759 299.35004
561 592.6755 294.7482
579 592.6755 294.7482
595 587.9914 289.72943
612 587.9914 289.72943
629 584.9087 286.9891
646 584.9087 286.9891
664 584.9087 286.9891
680 613.3455 301.7235
697 651.9337 333.9681
714 651.9337 333.9681
732 685.1261 356.48856
749 685.1261 356.48856
765 713.1393 375.56717
783 713.1393 375.56717
799 719.9276 376.0107
816 719.9276 376.0107
834 680.4441 331.02597
851 680.4441 331.02597
867 653.4008 299.89963
884 653.4008 299.89963
901 628.8418 278.72357
918 628.8418 278.72357
936 613.27185 259.86972
952 613.27185 259.86972
969 594.1894 245.0943
986 594.1894 245.0943
1004 582.7447 236.94289
1020 582.7447 236.94289
1037 574.35974 227.01105
1054 574.35974 227.01105
1071 567.2985 215.8885
1089 618.71954 205.03891
1105 618.71954 205.03891
1123 604.2611 202.60931
1139 604.2611 202.60931
1156 604.2611 202.60931
1174 597.5749 277.05823
1190 597.5749 277.05823
1207 595.3445 336.25983
1225 595.3445 336.25983
1241 592.5307 383.15536
1258 592.5307 383.15536
1275 593.6399 420.83618
1292 592.7237 446.963
1309 592.7237 446.963
1326 594.27435 466.6181
1343 594.27435 466.6181
1361 583.57837 488.82196
1377 583.57837 488.82196
1394 583.57837 488.82196
1411 642.8638 501.55844
1428 642.8638 501.55844
1445 621.92053 515.32935
1462 614.98096 528.67255
1480 614.98096 528.67255
1496 612.42474 530.82715
1513 612.42474 530.82715
1531 605.9594 539.2647
1547 605.9594 539.2647
1564 601.8345 546.009
1581 601.8345 546.009
1599 596.6895 551.8597
1615 596.6895 551.8597
1632 596.6895 551.8597
1649 594.978 557.3919
1666 594.14014 562.52795
1683 594.14014 562.52795
1700 593.9863 562.84155
1717 593.9863 562.84155
1734 592.7071 566.0104
1752 592.7071 566.0104
1769 589.82556 566.35046
1785 589.82556 566.35046
1802 587.496 565.3326
1819 587.496 565.3326
1837 584.0915 565.60114
1854 584.0915 565.60114
1870 581.6223 552.0037
1887 581.6223 552.0037
1904 581.0552 543.5165
1921 581.0552 543.5165
1938 578.537 535.28644
1955 578.537 535.28644
1972 577.9043 531.8652
1989 577.9043 531.8652
2006 571.4487 530.19385
2023 571.4487 530.19385
2041 563.3296 522.7468
2057 561.91675 518.93207
2074 561.91675 518.93207
2091 560.3429 516.6481
2108 560.3429 516.6481
2125 560.3429 516.6481
2143 559.0446 516.0608
2159 559.0446 516.0608
2177 555.7274 516.94196
2193 555.7274 516.94196
2210 554.1394 519.0641
2227 550.2854 518.1495
2244 550.2854 518.1495
2262 547.4954 519.40936
2278 547.4954 519.40936
2295 548.8546 521.1516
2313 548.8546 521.1516
2329 547.91504 520.2291
2346 547.91504 520.2291
2363 547.91504 520.2291
2380 545.2824 519.3954
2397 545.2824 519.3954
2414 538.7693 515.76514
2431 535.2557 504.97375
2448 535.2557 504.97375
2465 528.1112 499.03888
2483 528.1112 499.03888
2499 526.34705 490.51825
2516 526.34705 490.51825
2533 521.01654 483.04926
2551 521.01654 483.04926
2567 515.65906 479.26157
2584 515.65906 479.26157
2602 511.1592 475.46182
2618 511.1592 475.46182
2635 510.0628 472.53156
2653 510.0628 472.53156
2669 518.5951 457.40405
2686 518.5951 457.40405
2703 524.0614 447.68005
2720 524.0614 447.68005
2737 521.58716 439.7555
2754 521.58716 439.7555
2771 525.693 431.99326
2789 526.28357 424.0126
2805 526.28357 424.0126
2822 587.9281 415.9259
2839 587.9281 415.9259
2856 567.85034 416.7125
2874 567.85034 416.7125
2891 567.85034 416.7125
2907 549.6899 414.7571
2924 549.6899 414.7571
2942 545.62683 410.9413
2958 545.62683 410.9413
2975 569.41693 402.22833
2992 569.41693 402.22833
3010 588.86414 392.51495
3026 668.6889 385.17056
3044 668.6889 385.17056
3060 662.34467 380.6944
3077 662.34467 380.6944
3094 667.33966 377.60217
3111 667.33966 377.60217
3128 667.33966 377.60217
3145 671.0912 374.28384
3163 671.0912 374.28384
3179 670.2365 373.102
3196 669.7956 366.6789
3213 669.7956 366.6789
3231 671.9134 363.80127
3247 671.9134 363.80127
3264 672.3308 363.077
3281 672.3308 363.077
3298 669.1306 360.4444
3315 669.1306 360.4444
3332 662.43054 359.66327
3350 662.43054 359.66327
3367 666.63696 361.4079
3383 666.63696 361.4079
3400 666.1278 360.01248
3417 666.1278 360.01248
3434 666.64307 357.8405
3451 666.64307 357.8405
3468 667.8566 357.29947
3486 667.8566 357.29947
3503 660.81396 359.23944
3520 660.81396 359.23944
3536 662.747 360.67596
3553 662.747 360.67596
3571 658.05316 365.13702
3587 658.05316 365.13702
3604 660.1306 360.52582
3621 663.98926 361.72934
3638 663.98926 361.72934
3655 663.98926 361.72934
3673 664.1872 361.58456
3690 664.1872 361.58456
3706 663.40967 365.12393
3723 663.40967 365.12393
3741 659.0097 365.99207
3757 659.0097 365.99207
3774 653.28235 368.4945
3791 656.985 367.78433
3809 656.985 367.78433
3825 644.0894 368.48932
3843 644.0894 368.48932
3859 645.6711 368.7005
3876 645.6711 368.7005
3893 646.9429 369.43158
3910 646.9429 369.43158
3927 646.9429 369.43158
3944 713.0604 369.04117
3962 627.3277 366.62527
3978 627.3277 366.62527
3995 633.86926 366.6583
