683.0 1067.0 0.0 384.0
1 873.0929 373.7468
17 873.0929 373.7468
34 916.3677 371.55197
52 916.3677 371.55197
69 883.01666 373.84332
85 883.01666 373.84332
102 920.29376 375.96008
119 920.29376 375.96008
136 884.8676 376.9441
153 861.5206 375.328
170 861.5206 375.328
187 861.5206 375.328
204 835.5884 375.5733
221 835.5884 375.5733
238 813.36835 375.602
255 813.36835 375.602
272 867.3119 369.4596
289 867.3119 369.4596
306 844.86914 369.23212
324 891.70544 367.60034
340 891.70544 367.60034
357 931.67944 365.0243
374 931.67944 365.0243
391 898.94 365.5746
408 898.94 365.5746
425 867.81995 366.7989
443 867.81995 366.7989
459 867.81995 366.7989
477 848.0951 368.4887
493 848.0951 368.4887
510 884.08154 375.51596
527 884.08154 375.51596
544 849.3006 374.82953
561 828.39624 374.664
578 828.39624 374.664
595 810.3994 374.41205
612 810.3994 374.41205
629 817.8462 364.35986
647 817.8462 364.35986
664 843.48584 337.0587
681 843.48584 337.0587
697 848.5631 328.39474
714 848.5631 328.39474
731 865.43097 315.26956
748 865.43097 315.26956
765 887.478 307.6991
782 887.478 307.6991
799 903.3202 301.2835
816 903.3202 301.2835
833 912.50775 297.6894
850 912.50775 297.6894
867 922.5849 294.8282
885 922.5849 294.8282
901 855.6488 332.74094
918 802.76105 362.94608
936 802.76105 362.94608
952 802.76105 362.94608
969 757.7894 385.7918
986 757.7894 385.7918
1003 715.56036 402.5946
1020 715.56036 402.5946
1038 691.86176 416.08868
1054 691.86176 416.08868
1072 724.1679 434.21814
1088 724.1679 434.21814
1106 752.38947 444.22748
1122 782.1798 410.18707
1139 782.1798 410.18707
1156 824.0961 365.1285
1173 824.0961 365.1285
1191 854.2595 334.74698
1207 854.2595 334.74698
1225 854.2595 334.74698
1241 884.9196 311.67844
1258 884.9196 311.67844
1276 906.4739 288.4485
1292 906.4739 288.4485
1309 928.5571 275.85806
1326 939.0546 262.90228
1343 939.0546 262.90228
1361 952.2588 252.63452
1377 952.2588 252.63452
1395 965.868 245.42404
1411 965.868 245.42404
1428 949.70105 258.8308
1445 949.70105 258.8308
1463 949.70105 258.8308
1479 925.74725 306.7473
1496 850.5237 342.09915
1513 850.5237 342.09915
1530 830.8333 373.20276
1547 830.8333 373.20276
1564 771.04407 394.5726
1581 771.04407 394.5726
1598 724.142 417.63788
1616 724.142 417.63788
1632 686.27124 437.25653
1649 686.27124 437.25653
1666 658.7437 452.22275
1683 689.52997 462.1621
1700 689.52997 462.1621
1718 689.52997 462.1621
1735 659.18896 471.699
1751 659.18896 471.699
1768 631.1527 480.77646
1786 631.1527 480.77646
1802 665.0542 489.765
1819 665.0542 489.765
1837 639.84796 493.15747
1853 639.84796 493.15747
1870 616.31195 498.77863
1887 593.7795 502.84564
1905 593.7795 502.84564
1921 642.09296 503.6562
1938 642.09296 503.6562
1955 674.53436 503.61172
1972 674.53436 503.61172
1989 674.53436 503.61172
2007 649.2408 508.57812
2024 649.2408 508.57812
2041 623.2217 508.9806
2058 623.2217 508.9806
2074 655.4415 512.54736
2092 677.6768 512.36237
2108 677.6768 512.36237
2125 646.1839 513.8635
2143 646.1839 513.8635
2159 620.5814 515.8663
2177 620.5814 515.8663
2193 608.8928 505.27924
2210 608.8928 505.27924
2227 654.0648 494.88525
2244 654.0648 494.88525
2262 687.782 489.759
2278 687.782 489.759
2295 710.12195 484.6466
2312 710.12195 484.6466
2329 683.8681 472.71735
2347 683.8681 472.71735
2363 657.20233 466.76602
2380 657.20233 466.76602
2398 634.92523 463.37045
2415 634.92523 463.37045
2431 619.481 461.80786
2448 619.481 461.80786
2466 601.6725 459.33856
2482 601.6725 459.33856
2499 601.7646 467.55518
2516 601.7646 467.55518
2533 533.90204 471.20117
2550 533.90204 471.20117
2567 543.3094 474.21924
2584 543.3094 474.21924
2601 554.2079 474.76495
2618 554.2079 474.76495
2635 565.16095 478.77524
2653 630.535 479.47226
2669 630.535 479.47226
2686 630.535 479.47226
2704 626.2829 479.10513
2720 626.2829 479.10513
2737 621.7656 484.08014
2755 621.7656 484.08014
2771 617.7783 485.13623
2788 617.7783 485.13623
2805 614.36096 484.08145
2822 614.36096 484.08145
2839 618.566 482.9606
2856 621.8573 475.114
2873 621.8573 475.114
2890 623.14 470.6605
2907 623.14 470.6605
2924 623.14 470.6605
2941 630.26105 467.68237
2958 630.26105 467.68237
2975 698.9713 464.5367
2992 698.9713 464.5367
3009 688.62396 464.1702
3026 688.62396 464.1702
3043 681.30914 461.27942
3060 733.64813 464.1825
3077 733.64813 464.1825
3094 777.34674 462.6549
3111 777.34674 462.6549
3128 748.362 464.64102
3146 748.362 464.64102
3162 743.6293 456.35425
3179 743.6293 456.35425
3196 743.6293 456.35425
3213 726.2445 457.00766
3230 725.5498 450.654
3247 725.5498 450.654
3264 720.26874 444.0679
3281 720.26874 444.0679
3298 718.9538 439.40387
3315 718.9538 439.40387
3332 717.2055 437.1414
3350 717.2055 437.1414
3366 771.33295 440.94547
3383 771.33295 440.94547
3400 775.8424 420.0974
3418 775.8424 420.0974
3434 793.8496 394.58127
3451 793.8496 394.58127
3468 805.2574 373.30878
3485 805.2574 373.30878
3503 817.93835 356.92862
3519 817.93835 356.92862
3536 828.6899 340.2399
3553 828.6899 340.2399
3570 836.8794 328.489
3587 836.8794 328.489
3604 837.04395 322.39856
3622 841.282 321.9984
3638 841.282 321.9984
3655 917.1161 314.76288
3672 917.1161 314.76288
3690 907.04767 312.44495
3706 907.04767 312.44495
3723 904.77905 313.4311
3740 904.77905 313.4311
3758 904.77905 313.4311
3774 896.8615 310.44766
3791 896.8615 310.44766
3809 876.7547 310.4244
3825 874.3478 311.31854
3842 874.3478 311.31854
3859 874.96155 311.11172
3876 874.96155 311.11172
3893 880.80304 311.55286
3910 880.80304 311.55286
3927 880.1517 311.55792
3944 880.1517 311.55792
3961 951.9271 306.90735
3978 951.9271 306.90735
3995 931.0086 305.41388
