1 159.53703 233.4999
17 159.53703 233.4999
34 201.33073 294.2412
51 237.70364 345.03827
68 237.70364 345.03827
85 267.46924 386.7962
102 267.46924 386.7962
119 289.68726 423.1044
136 289.68726 423.1044
153 310.80505 448.97498
170 310.80505 448.97498
188 326.72104 469.99988
204 326.72104 469.99988
221 326.72104 469.99988
238 340.27438 487.56155
255 340.27438 487.56155
272 340.27438 487.56155
289 340.27438 487.56155
307 353.2771 507.25095
323 356.4938 514.95386
340 356.4938 514.95386
357 358.12155 520.2095
375 358.12155 520.2095
391 357.41718 524.1527
408 357.41718 524.1527
425 356.09705 527.7367
442 356.09705 527.7367
460 355.3606 528.35645
476 355.3606 528.35645
493 356.3692 531.3044
510 356.3692 531.3044
528 354.47955 529.17114
554 354.60696 529.53015
561 354.60696 529.53015
578 354.60696 529.53015
596 354.11548 527.63104
612 354.11548 527.63104
630 415.5824 491.63684
646 467.00946 467.1773
663 467.00946 467.1773
681 509.33014 444.4912
697 509.33014 444.4912
714 509.33014 444.4912
731 541.0989 427.50552
749 541.0989 427.50552
765 567.7856 411.52487
782 567.7856 411.52487
800 588.7961 398.2928
816 605.01587 392.23676
833 605.01587 392.23676
850 619.60535 385.39215
867 619.60535 385.39215
884 589.72253 415.87326
902 589.72253 415.87326
918 533.31506 470.3324
935 533.31506 470.3324
952 488.40445 515.71906
970 488.40445 515.71906
986 488.40445 515.71906
1003 452.34778 554.979
1020 422.54102 586.4786
1037 422.54102 586.4786
1055 400.6783 613.9448
1071 400.6783 613.9448
1088 381.17007 635.061
1105 381.17007 635.061
1122 366.7637 653.2489
1139 366.7637 653.2489
1157 351.45438 664.6901
1173 351.45438 664.6901
1190 334.62506 673.4901
1207 334.62506 673.4901
1225 322.59515 679.20074
1241 322.59515 679.20074
1259 314.0399 684.01355
1275 314.0399 684.01355
1292 308.3476 688.9602
1309 308.3476 688.9602
1326 301.50378 691.8188
1344 301.50378 691.8188
1360 358.06934 643.599
1377 358.06934 643.599
1394 419.11993 608.712
1411 469.96704 581.3021
1429 469.96704 581.3021
1445 509.94046 558.2407
1463 509.94046 558.2407
1479 509.94046 558.2407
1496 542.8199 539.1459
1513 542.8199 539.1459
1531 571.0363 525.22986
1547 571.0363 525.22986
1564 590.8963 517.4473
1581 606.4713 508.56592
1598 606.4713 508.56592
1615 623.10956 498.1043
1632 623.10956 498.1043
1649 635.3335 491.38583
1666 635.3335 491.38583
1683 642.1024 489.14978
1701 642.1024 489.14978
1717 642.1024 489.14978
1734 649.8674 486.15924
1751 649.8674 486.15924
1768 658.09656 486.90195
1785 660.43066 486.8963
1803 660.43066 486.8963
1819 663.66113 488.10754
1836 663.66113 488.10754
1853 668.33374 484.08594
1871 668.33374 484.08594
1887 671.1343 484.54138
1905 671.1343 484.54138
1921 670.18774 484.4275
1938 670.18774 484.4275
1955 671.4977 484.95178
1972 671.4977 484.95178
1990 672.58795 484.7367
2006 672.58795 484.7367
2023 670.0227 482.61523
2040 670.0227 482.61523
2058 669.2584 483.62915
2074 669.2584 483.62915
2091 669.7608 482.09656
2109 669.7608 482.09656
2125 668.9255 483.44846
2142 668.9255 483.44846
2160 666.7979 483.77927
2176 666.0013 486.23306
2194 666.0013 486.23306
2210 665.7436 487.48108
2228 665.7436 487.48108
2244 665.7436 487.48108
2261 668.6363 486.0621
2278 668.6363 486.0621
2295 679.1727 482.46057
2313 679.1727 482.46057
2329 706.84906 470.55692
2346 706.84906 470.55692
2363 731.06433 457.45633
2380 748.118 452.73535
2398 748.118 452.73535
2414 762.5949 446.18973
2432 762.5949 446.18973
2448 773.4957 442.73846
2466 773.4957 442.73846
2482 773.4957 442.73846
2500 781.25995 441.05133
2516 781.25995 441.05133
2533 787.19446 442.6484
2550 787.19446 442.6484
2567 793.1552 440.1603
2584 798.3197 440.8959
2601 798.3197 440.8959
2618 798.70984 442.51633
2635 798.70984 442.51633
2652 801.5859 441.51007
2669 801.5859 441.51007
2687 801.5859 441.51007
2703 802.85175 442.4602
2720 806.99036 441.03546
2737 806.99036 441.03546
2754 807.1617 445.82315
2771 807.1617 445.82315
2788 645.7294 356.65854
2805 645.7294 356.65854
2822 516.5835 285.32684
2839 516.5835 285.32684
2856 542.4414 342.55463
2873 542.4414 342.55463
2890 542.4414 342.55463
2907 567.8883 340.30078
2924 584.29285 335.66772
2941 599.92975 334.83112
2958 599.92975 334.83112
2975 606.2081 307.6572
2992 606.2081 307.6572
3009 606.2081 307.6572
3026 611.58746 280.19925
3043 611.58746 280.19925
3061 616.2032 258.76968
3077 616.2032 258.76968
3094 620.27924 242.60709
3111 620.27924 242.60709
3128 624.13184 229.39236
3145 625.3802 217.53995
3162 625.3802 217.53995
3179 626.7922 210.0044
3196 626.7922 210.0044
3213 630.18115 201.70197
3230 630.18115 201.70197
3248 630.18115 201.70197
3264 629.8982 194.29276
3281 629.8982 194.29276
3298 631.59094 189.96329
3315 631.59094 189.96329
3332 633.95105 186.04408
3349 636.495 182.21698
3366 636.495 182.21698
3383 642.07745 176.32906
3400 642.07745 176.32906
3417 643.02625 173.3497
3435 643.02625 173.3497
3451 647.6926 171.20705
3468 647.6926 171.20705
3485 647.6926 171.20705
3503 652.8477 168.22984
3519 652.8477 168.22984
3536 655.1366 165.32254
3553 655.38135 163.97423
3571 655.38135 163.97423
3587 654.91266 162.43454
3604 654.91266 162.43454
3621 657.6454 162.73834
3638 657.6454 162.73834
3655 659.3891 160.83963
3672 659.3891 160.83963
3689 661.7081 159.01959
3706 664.0706 157.74983
3723 664.0706 157.74983
3740 665.3968 156.16415
3758 665.3968 156.16415
3774 665.3968 156.16415
3791 666.171 153.96164
3808 666.171 153.96164
3825 665.18097 155.15895
3843 665.18097 155.15895
3859 664.97266 156.2112
3876 664.97266 156.2112
3894 665.4341 156.33133
3911 663.6366 158.61797
3928 663.6366 158.61797
3944 661.3336 157.71935
3961 661.3336 157.71935
3978 660.419 158.12978
3995 660.419 158.12978
4012 660.419 158.12978
4029 659.8471 157.9667
4047 659.8471 157.9667
4063 653.7922 158.91342
4080 653.7922 158.91342
4098 651.93976 158.5148
4114 649.5536 158.4226
4131 649.5536 158.4226
4148 645.5529 159.70425
4165 645.5529 159.70425
4182 646.70233 158.95685
4199 646.70233 158.95685
4217 646.5716 157.24342
4233 646.5716 157.24342
4250 646.0389 158.41815
4267 646.0389 158.41815
4285 647.97754 161.10228
4301 647.97754 161.10228
4319 648.43555 162.75848
4336 648.43555 162.75848
4352 644.93164 161.52838
4370 644.93164 161.52838
4398 641.5191 165.11136
4404 641.5191 165.11136
4420 643.3147 165.82721
4437 643.3147 165.82721
4454 642.3536 168.82372
4472 642.3536 168.82372
4488 641.43195 168.16884
4505 641.43195 168.16884
4522 640.46436 168.55948
4539 640.46436 168.55948
4556 641.04236 169.61278
4573 641.04236 169.61278
4590 639.6413 169.78937
4608 639.6413 169.78937
4624 643.7699 170.37888
4642 643.7699 170.37888
4658 642.1605 170.14476
4675 642.0163 171.23251
4693 642.0163 171.23251
4709 641.6256 170.94818
4726 641.6256 170.94818
4743 637.5365 178.80966
4760 637.5365 178.80966
4778 637.5365 178.80966
4794 635.3999 183.89153
4811 635.3999 183.89153
4828 634.1314 185.77968
4845 634.1314 185.77968
4862 630.2854 189.36359
4880 631.0311 193.1954
4897 631.0311 193.1954
4913 630.11237 195.75919
4930 630.11237 195.75919
4948 628.78973 197.82224
4964 628.78973 197.82224
4981 629.87164 196.9952
4999 629.87164 196.9952
5015 629.87164 196.9952
5032 630.4182 200.37517
5049 630.4182 200.37517
5067 629.42334 201.32965
5083 629.3881 202.87758
5100 629.3881 202.87758
5117 635.49493 212.44516
5134 635.49493 212.44516
5151 640.22363 220.2197
5168 640.22363 220.2197
5185 644.10864 227.7859
5202 644.10864 227.7859
5219 647.40356 232.3757
5236 647.40356 232.3757
5254 647.9013 236.45998
5270 647.9013 236.45998
5288 648.05164 239.99988
5304 648.05164 239.99988
5322 649.8218 242.12175
5338 649.8218 242.12175
5355 650.7373 242.78679
5372 650.7373 242.78679
5389 648.5978 226.02077
5406 648.5978 226.02077
5424 647.25574 216.15723
5440 647.25574 216.15723
5458 644.9575 207.60768
5474 644.9294 199.96445
5491 644.9294 199.96445
5509 645.24524 191.15623
5525 645.24524 191.15623
5542 645.24524 191.15623
5560 646.8446 185.85059
5576 646.8446 185.85059
5594 656.6141 185.42825
5610 656.6141 185.42825
5627 664.47394 195.38419
5645 672.36554 188.40312
5661 672.36554 188.40312
5678 667.2605 180.74947
5695 667.2605 180.74947
5712 664.9126 177.6051
5729 664.9126 177.6051
5772 664.6653 176.43416
5772 664.6653 176.43416
5780 664.6653 176.43416
5797 662.47485 174.77727
5815 662.47485 174.77727
5831 660.09 174.4218
5849 659.79956 172.92361
5865 659.79956 172.92361
5882 657.4199 173.99287
5899 657.4199 173.99287
5916 657.27563 173.69727
5933 657.27563 173.69727
5951 658.23047 173.06447
5967 658.23047 173.06447
5984 658.4724 172.83327
6001 658.4724 172.83327
6018 659.6327 172.26318
6036 659.6327 172.26318
6052 659.6352 178.63289
6069 659.6352 178.63289
6086 659.7749 213.33374
6104 659.7749 213.33374
6120 656.14624 240.88943
6137 656.14624 240.88943
6154 653.16077 264.96698
6171 653.16077 264.96698
6188 650.9127 283.65396
6205 650.9127 283.65396
6223 650.52606 298.2682
6239 650.52606 298.2682
6256 645.6694 310.32452
6273 645.6694 310.32452
6290 643.54785 321.17062
6307 643.54785 321.17062
6324 642.50806 376.17172
6341 642.50806 376.17172
6359 514.0065 300.93738
6375 514.0065 300.93738
6392 411.20517 240.74991
6409 411.20517 240.74991
6426 472.444 378.5689
6443 508.39435 413.95755
6460 508.39435 413.95755
6477 543.0442 403.98312
6494 543.0442 403.98312
6511 568.08374 393.24945
6529 568.08374 393.24945
6545 568.08374 393.24945
6562 587.11865 387.42383
6579 587.11865 387.42383
6596 603.26636 381.23474
6613 603.26636 381.23474
6631 615.9109 380.46768
6647 625.4705 375.35843
6665 625.4705 375.35843
6681 633.7263 376.03918
6698 633.7263 376.03918
6715 642.52606 375.59167
6733 642.52606 375.59167
6749 645.7922 374.43045
6766 645.7922 374.43045
6783 645.7922 374.43045
6801 645.4586 383.5867
6817 646.9054 391.11688
6834 646.9054 391.11688
6851 645.1763 398.02322
6868 645.1763 398.02322
6885 647.1518 403.65662
6903 647.1518 403.65662
6919 646.24927 407.81628
6937 646.24927 407.81628
6953 644.1702 410.83878
6970 644.1702 410.83878
6987 644.8991 412.9671
7004 645.63525 415.96988
7022 645.63525 415.96988
7038 645.63525 415.96988
7055 644.4654 418.21335
7073 644.4654 418.21335
7089 646.952 418.27893
7106 646.952 418.27893
7123 653.73865 414.68362
7141 653.73865 414.68362
7157 658.12036 414.82538
7174 658.12036 414.82538
7191 663.39886 414.12665
7208 667.70795 411.4396
7225 667.70795 411.4396
7242 671.22845 411.99033
7259 671.22845 411.99033
7277 671.22845 411.99033
7293 674.0482 412.11725
7310 677.745 412.98505
7328 677.745 412.98505
7344 677.745 412.98505
7361 680.9033 414.40338
7378 683.0282 415.2433
7395 683.0282 415.2433
7412 682.953 415.52545
7429 682.953 415.52545
7446 683.9712 415.0761
7463 683.9712 415.0761
7480 687.0491 417.23474
7498 687.0491 417.23474
7514 684.168 391.7123
7531 684.168 391.7123
7548 684.168 391.7123
7565 674.9726 360.11166
7582 670.69604 334.5561
7600 670.69604 334.5561
7616 664.95654 312.59393
7633 664.95654 312.59393
7650 662.4197 295.96558
7667 662.4197 295.96558
7685 657.4615 283.36176
7701 657.4615 283.36176
7718 654.3584 268.0874
7735 654.3584 268.0874
7752 654.4952 253.09203
7769 654.4952 253.09203
7786 652.9988 239.4942
7803 652.9988 239.4942
7820 652.4816 229.26257
7837 652.4816 229.26257
7854 651.38745 220.34705
7874 651.38745 220.34705
7888 650.14465 213.86093
7905 650.14465 213.86093
7922 651.1578 204.76343
7939 651.1578 204.76343
7956 648.9138 196.99731
7973 649.80896 190.32489
7990 649.80896 190.32489
8007 647.546 186.16116
8024 647.546 186.16116
8041 647.546 186.16116
8059 646.9696 180.62846
8075 646.9696 180.62846
8092 648.3135 177.66641
8109 648.3135 177.66641
8126 647.8303 174.66797
8143 647.8303 174.66797
8160 646.6438 172.83853
8177 648.6293 171.72777
8194 648.6293 171.72777
8211 650.87976 171.09122
8228 650.87976 171.09122
8245 651.0074 169.02527
8262 651.0074 169.02527
8280 651.9686 167.78531
8296 651.9686 167.78531
8313 651.9686 167.78531
8330 650.52 167.94418
8347 651.8926 167.55994
8364 651.8926 167.55994
8382 653.1178 168.68585
8398 653.1178 168.68585
8415 653.4829 168.33865
8432 653.4829 168.33865
8449 651.8404 165.78119
8466 651.8404 165.78119
8483 651.3273 170.18567
8500 651.3273 170.18567
8517 662.40686 202.57492
8535 662.40686 202.57492
8551 672.0832 227.67656
8568 672.0832 227.67656
8585 681.2895 247.17589
8602 681.2895 247.17589
8620 687.6948 264.62134
8636 687.6948 264.62134
8653 690.6498 280.35913
8670 690.6498 280.35913
8688 694.8254 292.19092
8704 694.8254 292.19092
8721 700.04474 300.9383
8738 702.03644 307.747
8755 702.03644 307.747
8773 705.5825 312.45917
8789 705.5825 312.45917
8806 708.25 317.12943
8823 708.25 317.12943
8840 708.25 317.12943
8857 708.4735 320.26315
8874 708.4735 320.26315
8891 710.3925 321.70517
8909 710.3925 321.70517
8925 712.2343 324.8825
8942 700.7387 301.85953
8959 700.7387 301.85953
8977 690.71674 274.9261
8994 690.71674 274.9261
9010 681.7078 254.09897
9028 681.7078 254.09897
9044 673.95734 234.32353
9062 673.95734 234.32353
9078 673.95734 234.32353
9095 667.54376 221.82939
9112 667.54376 221.82939
9130 661.5352 211.67831
9146 660.0025 204.16501
9163 660.0025 204.16501
9180 658.59393 198.4045
9197 658.59393 198.4045
9215 659.19556 195.65897
9231 659.19556 195.65897
9248 656.87427 191.9643
9265 656.87427 191.9643
9282 654.74634 189.23776
9299 654.74634 189.23776
9316 655.7616 188.5508
9333 655.7616 188.5508
9351 657.9802 188.6
9368 657.9802 188.6
9385 658.43646 186.66336
9401 658.43646 186.66336
9418 658.5918 187.11345
9436 658.5918 187.11345
9453 658.45483 186.44026
9469 658.45483 186.44026
9487 657.0582 187.65076
9503 657.0582 187.65076
9520 653.60236 187.14966
9537 651.0977 186.76227
9554 651.0977 186.76227
9572 651.0977 186.76227
9588 649.49854 188.21228
9605 649.49854 188.21228
9622 650.43744 188.49007
9640 650.43744 188.49007
9656 649.3224 188.17491
9674 649.3224 188.17491
9690 649.58264 188.05351
9707 648.62054 187.44365
9725 648.62054 187.44365
9741 648.1499 188.55817
9758 648.1499 188.55817
9775 645.202 189.62498
9792 645.202 189.62498
9809 644.17175 188.93658
9826 644.17175 188.93658
9844 644.17175 188.93658
9861 645.28906 188.01245
9877 645.28906 188.01245
9894 646.50525 187.94444
9911 647.30316 187.5922
9928 647.30316 187.5922
9945 642.2489 186.11076
9963 642.2489 186.11076
9979 637.16064 186.94243
9996 637.16064 186.94243
10014 634.3509 187.29196
10030 634.3509 187.29196
10047 632.4172 185.87111
10065 632.4172 185.87111
10082 628.4252 185.29987
10098 628.4252 185.29987
10115 628.76294 189.1705
10132 628.76294 189.1705
10150 643.5553 248.86624
10166 643.5553 248.86624
10183 634.56464 336.3786
10201 634.56464 336.3786
10217 631.7269 472.92712
10234 631.7269 472.92712
10251 626.0309 466.0027
10269 626.0309 466.0027
10285 543.4142 371.78983
10302 566.579 341.66858
10319 566.579 341.66858
10336 566.579 341.66858
10354 580.3264 308.58295
10370 580.3264 308.58295
10387 593.1318 279.72577
10405 593.1318 279.72577
10421 602.61884 259.52304
10439 602.61884 259.52304
10455 607.96216 242.53687
10472 614.13983 230.05098
10489 614.13983 230.05098
10507 620.263 221.63806
10523 620.263 221.63806
10540 621.08527 212.98074
10557 621.08527 212.98074
10574 621.08527 212.98074
10592 624.8029 206.57126
10608 624.8029 206.57126
10625 626.5491 203.46484
10643 626.5491 203.46484
10659 626.89606 198.9344
10676 627.4803 197.15677
10693 627.4803 197.15677
10710 629.0483 197.18024
10727 629.0483 197.18024
10744 627.4325 194.57039
10762 627.4325 194.57039
10778 627.8676 192.1672
10795 627.8676 192.1672
10812 626.5602 193.25462
10830 626.5602 193.25462
10846 621.83563 210.5937
10864 621.83563 210.5937
10880 615.5154 239.10988
10897 615.5154 239.10988
10914 610.565 263.7764
10931 610.565 263.7764
10949 607.0094 285.70392
10965 607.0094 285.70392
10982 602.64734 300.4643
11000 602.64734 300.4643
11016 600.2178 311.16125
11033 600.2178 311.16125
11050 601.1314 321.27017
11068 600.5986 328.0214
11084 600.5986 328.0214
11102 600.5986 328.0214
11118 600.6029 335.98264
11135 600.6029 335.98264
11153 596.7637 342.63953
11169 596.7637 342.63953
11186 597.98846 347.72125
11203 597.98846 347.72125
11221 598.30054 349.9378
11237 598.30054 349.9378
11254 596.3868 353.20496
11271 595.3692 356.34534
11288 595.3692 356.34534
11306 596.6748 357.82532
11322 596.6748 357.82532
11339 599.6928 359.06305
11356 599.6928 359.06305
11374 599.6928 359.06305
11390 601.44604 359.78946
11407 601.44604 359.78946
11424 601.0749 361.08795
11441 603.84314 363.92627
11458 603.84314 363.92627
11475 603.0391 363.61865
11493 603.0391 363.61865
11509 603.39056 364.01694
11527 603.39056 364.01694
11544 606.98785 364.13092
11561 606.98785 364.13092
11577 612.43146 347.80875
11594 612.43146 347.80875
11611 612.43146 347.80875
11628 619.21594 327.20123
11645 623.03174 309.51306
11663 623.03174 309.51306
11679 625.4225 293.8057
11697 625.4225 293.8057
11713 626.95337 283.65515
11731 626.95337 283.65515
11747 628.67664 275.84094
11764 628.67664 275.84094
11781 630.765 265.89227
11799 630.765 265.89227
11816 632.7365 259.75427
11832 649.7404 248.28177
11849 649.7404 248.28177
11866 649.7404 248.28177
11884 699.24506 237.00621
11900 699.24506 237.00621
11917 737.87805 229.46477
11935 737.87805 229.46477
11952 771.5751 224.44125
11968 771.5751 224.44125
11986 797.22644 218.8509
12002 797.22644 218.8509
12020 817.8045 214.67026
12036 833.0133 212.25597
12053 833.0133 212.25597
12070 844.26373 207.97794
12087 844.26373 207.97794
12104 844.26373 207.97794
12122 854.5503 207.83286
12138 854.5503 207.83286
12155 861.7032 206.71487
12173 861.7032 206.71487
12189 867.8572 208.71078
12206 823.83813 236.02127
12223 823.83813 236.02127
12240 785.5267 263.1593
12257 785.5267 263.1593
12274 753.0002 281.61606
12292 753.0002 281.61606
12308 730.92944 300.31964
12325 730.92944 300.31964
12342 711.4546 314.28262
12359 711.4546 314.28262
12376 711.4546 314.28262
12393 698.80493 326.235
12410 687.39215 335.09018
12428 687.39215 335.09018
12444 677.5564 341.42938
12462 677.5564 341.42938
12478 669.6883 350.42776
12495 669.6883 350.42776
12512 667.41003 355.87573
12530 667.41003 355.87573
12546 661.7096 359.4631
12563 661.7096 359.4631
12580 659.2255 363.83142
12597 659.2255 363.83142
12614 659.8638 365.2048
12631 659.8638 365.2048
12649 661.1217 370.50803
12665 661.1217 370.50803
12682 528.8974 296.40643
12699 528.8974 296.40643
12716 423.11792 237.12515
12733 423.11792 237.12515
12750 480.16745 499.71436
12767 480.16745 499.71436
12784 509.7552 548.68945
12802 533.4332 536.27655
12819 533.4332 536.27655
12835 551.93494 516.1489
12852 551.93494 516.1489
12869 551.93494 516.1489
12886 569.4971 497.78525
12903 569.4971 497.78525
12920 581.1618 479.6834
12937 581.1618 479.6834
12954 590.9555 528.6213
12972 590.9555 528.6213
12988 598.63135 569.7909
13005 604.5042 609.1388
13022 604.5042 609.1388
13039 607.2457 635.97217
13056 607.2457 635.97217
13073 609.8312 660.0498
13090 609.8312 660.0498
13107 611.5939 677.35364
13124 611.5939 677.35364
13141 611.5939 677.35364
13158 607.1456 704.57196
13175 607.1456 704.57196
13192 612.2091 729.5198
13209 611.6991 746.25305
13226 611.6991 746.25305
13243 611.9691 761.9571
13260 611.9691 761.9571
13277 614.8843 772.0869
13294 614.8843 772.0869
13311 616.99097 782.4191
13328 616.99097 782.4191
13345 619.4372 789.50256
13362 619.4372 789.50256
13379 622.35754 798.9939
13397 622.35754 798.9939
13413 622.81 804.2581
13430 622.81 804.2581
13447 622.3101 808.481
13465 622.3101 808.481
13481 636.83215 769.30756
13498 636.83215 769.30756
13515 660.6903 715.07074
13532 660.6903 715.07074
13549 680.0651 675.6654
13566 694.63275 643.7683
13584 694.63275 643.7683
13600 709.4242 617.3214
13617 709.4242 617.3214
13634 709.4242 617.3214
13651 721.4229 595.02167
13668 721.4229 595.02167
13686 727.3137 574.83813
13702 727.3137 574.83813
13720 730.52716 557.5299
13736 730.52716 557.5299
13753 736.08936 544.71857
13770 741.1612 535.63776
13788 741.1612 535.63776
13804 748.1582 517.2596
13821 748.1582 517.2596
13838 748.1582 517.2596
13856 749.0884 499.52173
13872 749.0884 499.52173
13889 748.55975 488.87036
13906 748.55975 488.87036
13924 749.1515 480.30563
13941 749.1515 480.30563
13957 748.44586 470.54294
13974 747.05414 462.3948
13992 747.05414 462.3948
14009 746.796 457.129
14025 746.796 457.129
14042 746.27594 454.69907
14059 746.27594 454.69907
14076 748.1382 451.77554
14094 748.1382 451.77554
14110 748.88086 448.61005
14127 748.88086 448.61005
14144 751.65955 446.3381
14161 751.65955 446.3381
14178 754.127 445.71317
14195 754.127 445.71317
14212 753.14716 446.66946
14230 753.14716 446.66946
14246 754.2255 447.4651
14264 754.2255 447.4651
14280 756.14844 446.3736
14297 756.14844 446.3736
14315 757.7616 446.1843
14331 757.7616 446.1843
14348 761.804 448.9871
14365 761.804 448.9871
14383 762.2984 447.9684
14399 762.2984 447.9684
14416 764.4608 446.80518
14434 764.4608 446.80518
14450 763.4879 447.41565
14467 763.4879 447.41565
14485 761.91626 445.53253
14501 761.91626 445.53253
14519 761.15576 442.90033
14536 759.79846 441.38275
14552 759.79846 441.38275
14569 759.85876 441.16202
14586 759.85876 441.16202
14604 760.99915 443.25485
14620 760.99915 443.25485
14637 760.99915 443.25485
14654 762.7604 442.8499
14671 762.7604 442.8499
14689 762.52216 440.23096
14705 762.52216 440.23096
14722 764.0991 439.1187
14739 766.9581 440.12466
14756 766.9581 440.12466
14773 765.5592 439.77737
14791 765.5592 439.77737
14807 766.6223 440.6901
14824 766.6223 440.6901
14841 766.16266 440.88013
14858 766.16266 440.88013
14875 766.84436 443.33997
14892 766.84436 443.33997
14910 766.2374 443.81897
14926 766.2374 443.81897
14944 765.05695 443.19348
14961 765.05695 443.19348
14977 766.8355 442.8141
14994 766.8355 442.8141
15012 768.78723 442.48672
15028 768.78723 442.48672
15045 770.9239 442.24945
15063 770.9239 442.24945
15079 773.75275 443.5545
15096 773.75275 443.5545
15113 772.5188 441.49008
15131 772.5188 441.49008
15147 761.2394 447.13528
15165 761.2394 447.13528
15181 734.6258 451.86136
15198 734.6258 451.86136
15215 710.17804 455.69705
15233 710.17804 455.69705
15249 688.23035 459.413
15266 688.23035 459.413
15284 671.69476 462.3525
15300 671.69476 462.3525
15318 656.1243 466.84943
15334 647.17505 472.466
15351 647.17505 472.466
15368 639.14105 473.05817
15385 639.14105 473.05817
15403 639.14105 473.05817
15419 631.1472 476.63315
15436 631.1472 476.63315
15454 627.4689 474.37305
15470 627.4689 474.37305
15487 624.64954 475.44687
15504 623.55145 479.6019
15521 623.55145 479.6019
15539 622.7554 482.24414
15555 622.7554 482.24414
15573 620.10675 483.367
15589 620.10675 483.367
15606 618.133 483.15704
15623 618.133 483.15704
15640 615.98145 483.17737
15657 615.98145 483.17737
15674 615.98145 483.17737
15691 615.21875 483.72864
15709 612.80365 484.59232
15725 612.80365 484.59232
15742 610.8971 485.97116
15759 610.8971 485.97116
15777 608.6754 485.43787
15793 608.6754 485.43787
15810 607.0968 487.09885
15828 607.0968 487.09885
15844 607.0968 487.09885
15861 606.71375 484.8232
15878 608.5856 482.38297
15895 608.5856 482.38297
15912 607.7614 483.2933
15929 607.7614 483.2933
15946 608.2286 482.17456
15963 608.2286 482.17456
15981 608.20776 481.25208
15997 608.20776 481.25208
16014 607.8357 484.0549
16031 607.8357 484.0549
16049 604.52563 487.30048
16065 604.52563 487.30048
16082 606.1559 488.1173
16100 605.655 487.5299
16116 605.655 487.5299
16134 607.2963 486.80826
16151 607.2963 486.80826
16167 607.2963 486.80826
16185 608.6333 487.37085
16202 608.6333 487.37085
16218 609.0204 488.20917
16235 609.0204 488.20917
16253 610.29034 488.05493
16269 608.2601 487.91248
16286 608.2601 487.91248
16303 607.1648 488.61423
16321 607.1648 488.61423
16337 607.60333 485.8038
16354 607.60333 485.8038
16371 608.1074 483.97678
16388 608.1074 483.97678
16405 611.3275 479.4188
16423 611.3275 479.4188
16440 611.3275 479.4188
16456 615.49536 475.94696
16473 617.7242 472.6143
16491 617.7242 472.6143
16507 616.8704 468.95148
16524 616.8704 468.95148
16541 614.67346 466.7835
16559 614.67346 466.7835
16575 617.6344 466.3922
16592 617.6344 466.3922
16609 618.4835 467.88364
16627 618.4835 467.88364
16643 616.59094 467.3697
16660 616.59094 467.3697
16677 617.35205 466.93695
16695 617.35205 466.93695
16711 619.0306 466.2556
16728 619.0306 466.2556
16746 630.60065 443.05243
16762 630.60065 443.05243
16779 636.2996 424.83633
16796 636.2996 424.83633
16814 642.69434 409.4198
16830 642.69434 409.4198
16847 647.71655 396.74774
16865 652.3056 389.93588
16881 652.3056 389.93588
16898 654.1106 380.13855
16916 654.1106 380.13855
16932 654.1106 380.13855
16949 658.7102 373.29346
16967 658.7102 373.29346
16983 657.1334 372.13904
17000 657.1334 372.13904
17017 652.5878 370.5824
17035 648.2738 368.35477
17051 648.2738 368.35477
17068 646.98926 365.00378
17086 646.98926 365.00378
17102 645.03925 363.2754
17119 645.03925 363.2754
17136 644.9508 359.65973
17153 644.9508 359.65973
17170 644.9508 359.65973
17188 648.4333 354.459
17204 648.4333 354.459
17221 651.6397 351.0957
17239 650.6987 348.2993
17255 650.6987 348.2993
17272 647.93475 344.76257
17290 647.93475 344.76257
17306 652.16473 339.7606
17324 652.16473 339.7606
17340 654.30414 340.38452
17358 654.30414 340.38452
17374 654.9118 337.05887
17392 654.9118 337.05887
17408 655.7261 332.15265
17425 655.7261 332.15265
17442 657.82477 329.61514
17459 657.82477 329.61514
17477 659.0398 327.5506
17494 659.0398 327.5506
17510 655.64056 325.3742
17527 655.64056 325.3742
17544 655.0727 324.1806
17561 655.0727 324.1806
17578 655.458 324.20868
17595 655.458 324.20868
17612 656.05884 323.80637
17629 654.0374 322.3478
17646 654.0374 322.3478
17663 651.3261 320.99426
17681 651.3261 320.99426
17697 651.3261 320.99426
17714 649.73486 321.0782
17731 649.73486 321.0782
17749 655.26184 335.11752
17765 655.26184 335.11752
17782 648.3652 547.1135
17799 648.3652 547.1135
17816 568.8126 839.38135
17833 605.49365 810.6583
17850 605.49365 810.6583
17867 624.3142 702.03687
17884 624.3142 702.03687
17901 637.10596 604.5192
17919 637.10596 604.5192
17935 637.10596 604.5192
17952 643.2645 520.41785
17969 643.2645 520.41785
17986 645.60614 453.48453
18003 645.60614 453.48453
18020 649.1074 400.81274
18037 654.38995 356.0362
18054 654.38995 356.0362
18071 659.7783 322.4426
18088 659.7783 322.4426
18106 662.1752 296.765
18122 662.1752 296.765
18139 662.704 274.2239
18156 662.704 274.2239
18173 664.2152 257.39224
18190 664.2152 257.39224
18207 664.1116 243.3842
18224 664.1116 243.3842
18241 664.1228 229.89848
18258 664.1228 229.89848
18275 661.5122 219.96913
18292 661.5122 219.96913
18309 659.6872 213.11792
18326 659.6872 213.11792
18343 657.369 209.10864
18360 657.369 209.10864
18377 656.13025 204.3963
18394 656.13025 204.3963
18411 654.90393 199.95815
18428 654.90393 199.95815
18446 652.0492 195.72385
18462 652.0492 195.72385
18479 648.9612 193.41533
18496 648.9612 193.41533
18513 644.2976 190.7808
18530 644.2976 190.7808
18548 643.01666 190.28882
18564 643.01666 190.28882
18581 643.3874 188.61945
18599 644.9891 188.07321
18615 644.9891 188.07321
18633 647.14233 186.14105
18649 647.14233 186.14105
18666 648.83044 185.86206
18684 648.83044 185.86206
18700 648.83044 185.86206
18717 649.77234 186.54979
18734 649.77234 186.54979
18752 652.5012 185.15369
18768 652.5012 185.15369
18785 654.00244 184.02142
18803 656.14905 184.57004
18819 656.14905 184.57004
18836 656.8797 186.36122
18853 656.8797 186.36122
18871 657.5437 187.74374
18887 657.5437 187.74374
18904 663.85254 185.38864
18922 663.85254 185.38864
18938 663.85254 185.38864
18955 667.71704 184.43091
18973 673.24414 182.26816
18989 673.24414 182.26816
19006 677.30756 179.628
19023 677.30756 179.628
19041 681.10535 178.46275
19057 681.10535 178.46275
19075 683.43945 177.00372
19091 683.43945 177.00372
19108 685.4092 177.1829
19125 685.4092 177.1829
19143 686.41693 177.50648
19159 686.41693 177.50648
19176 686.33813 176.69415
19194 686.33813 176.69415
19210 686.5854 175.93764
19228 686.5854 175.93764
19244 687.9839 176.57495
19261 687.9839 176.57495
19278 688.4412 177.26065
19296 688.4412 177.26065
19312 688.1371 179.06683
19329 688.1371 179.06683
19346 689.66846 180.70392
19364 689.3982 181.25461
19380 689.3982 181.25461
19398 689.3982 181.25461
19415 689.2656 179.88483
19431 689.2991 181.11739
19448 689.2991 181.11739
19465 689.2991 181.11739
19482 690.01074 182.21124
19500 690.01074 182.21124
19516 688.84595 182.09294
19533 688.84595 182.09294
19551 688.6927 183.70665
19567 688.01196 184.62997
19584 688.01196 184.62997
19601 685.9428 184.53532
19618 685.9428 184.53532
19635 686.7605 185.78099
19652 686.7605 185.78099
19670 687.7467 186.98532
19686 687.7467 186.98532
19704 687.9358 187.41574
19720 687.9358 187.41574
19737 688.8655 189.39105
19755 688.8655 189.39105
19771 689.36725 189.10678
19788 689.36725 189.10678
19805 693.8274 193.9773
19822 693.8274 193.9773
19840 710.44653 258.3716
19856 710.44653 258.3716
19874 713.14136 461.53223
19890 713.14136 461.53223
19907 570.5131 369.2258
19924 570.5131 369.2258
19941 456.4105 295.38065
19959 456.4105 295.38065
19975 365.1284 236.30452
19993 365.1284 236.30452
20009 292.10272 189.04362
20026 292.10272 189.04362
20044 380.74176 265.9668
20060 380.74176 265.9668
20077 451.36713 281.82376
20094 451.36713 281.82376
20111 511.40356 282.4429
20129 564.98206 282.7348
20145 564.98206 282.7348
20162 605.344 286.81622
20180 605.344 286.81622
20196 605.344 286.81622
20213 642.06396 292.32153
20230 642.06396 292.32153
20247 672.7323 295.4214
20264 672.7323 295.4214
20282 692.97156 296.60825
20298 692.97156 296.60825
20315 706.95715 294.9323
20333 717.3727 295.35416
20349 717.3727 295.35416
20367 730.22253 295.54416
20383 730.22253 295.54416
20401 730.22253 295.54416
20417 737.53394 290.18948
20434 742.4259 288.35962
20451 742.4259 288.35962
20468 742.4259 288.35962
20485 750.7787 291.92957
20503 756.86115 290.4807
20520 756.86115 290.4807
20536 761.3183 289.26712
20553 761.3183 289.26712
20570 761.3183 289.26712
20587 761.3183 289.26712
20604 761.0269 298.01758
20621 761.0269 298.01758
20639 758.2231 298.00058
20655 758.2231 298.00058
20672 760.3986 295.00974
20689 760.3986 295.00974
20706 753.58826 296.77313
20724 753.58826 296.77313
20740 759.1911 296.00238
20757 759.1911 296.00238
20775 753.87317 296.6917
20791 753.87317 296.6917
20808 752.1773 291.65598
20826 752.1773 291.65598
20842 755.77075 287.3379
20859 755.77075 287.3379
20876 757.1584 286.25876
20893 757.1584 286.25876
20910 757.1584 286.25876
20927 757.1584 286.25876
20944 747.9003 300.6102
20961 747.9003 300.6102
20979 746.51685 306.83905
20995 746.51685 306.83905
21012 743.1134 312.65222
21029 743.1134 312.65222
21047 740.53674 312.16043
21063 740.53674 312.16043
21081 741.3063 314.6972
21097 740.84045 315.9694
21114 740.84045 315.9694
21131 734.5862 312.77292
21148 734.5862 312.77292
21166 729.3226 309.4338
21182 729.3226 309.4338
21199 721.8351 309.9331
21216 721.8351 309.9331
21234 721.8351 309.9331
21250 717.8084 308.54935
21267 717.8084 308.54935
21284 714.9949 307.7541
21301 712.3697 306.8296
21318 712.3697 306.8296
21336 712.68945 306.17004
21352 712.68945 306.17004
21369 709.7267 307.11096
21387 709.7267 307.11096
21403 711.01013 307.22736
21420 711.01013 307.22736
21437 709.66547 308.3277
21454 709.66547 308.3277
21472 708.4804 308.42123
21488 708.4804 308.42123
21505 708.91205 309.14175
21522 708.91205 309.14175
21539 710.3031 308.96198
21556 710.3031 308.96198
21573 711.34924 309.2919
21591 711.34924 309.2919
21607 710.09595 308.04187
21624 710.09595 308.04187
21641 706.98694 306.4959
21658 706.98694 306.4959
21675 704.492 308.5713
21693 705.4166 312.21793
21709 705.4166 312.21793
21726 705.4166 312.21793
21743 704.12006 313.66574
21761 704.12006 313.66574
21778 704.73816 313.19962
21794 704.73816 313.19962
21811 704.5918 314.18097
21828 704.5918 314.18097
21846 703.8385 314.95508
21862 703.8385 314.95508
21879 701.3312 313.54218
21897 700.9442 313.03885
21914 700.9442 313.03885
21930 701.4117 312.80475
21947 701.4117 312.80475
21964 702.014 313.8444
21981 702.014 313.8444
21998 702.014 313.8444
22016 701.1499 316.07166
22032 701.1499 316.07166
22049 702.25635 316.46976
22066 701.0083 318.06332
22084 701.0083 318.06332
22101 703.0482 320.42093
22117 703.0482 320.42093
22134 702.4437 320.03436
22152 702.4437 320.03436
22168 702.5599 318.05093
22185 702.5599 318.05093
22202 701.3799 318.07184
22219 701.3799 318.07184
22237 701.3799 318.07184
22253 705.35376 318.45486
22271 708.287 321.23798
22287 708.287 321.23798
22304 710.5869 321.84363
22321 710.5869 321.84363
22339 711.3233 320.98798
22355 711.3233 320.98798
22372 710.3712 322.248
22390 710.3712 322.248
22406 710.3712 322.248
22423 711.3222 322.08395
22440 710.65393 320.6905
22458 711.2856 321.26892
22474 711.2856 321.26892
22492 711.2856 321.26892
22508 710.3699 321.69678
22525 710.3699 321.69678
22542 661.2201 361.76636
22559 661.2201 361.76636
22576 604.436 414.5611
22593 604.436 414.5611
22610 554.3537 460.0915
22627 554.3537 460.0915
22644 514.69806 501.72394
22661 482.31378 532.7858
22678 482.31378 532.7858
22695 454.58484 558.2356
22713 454.58484 558.2356
22729 454.58484 558.2356
22746 435.7843 579.8384
22763 435.7843 579.8384
22780 420.1798 593.9684
22797 420.1798 593.9684
22814 404.0601 604.1631
22831 404.0601 604.1631
22848 397.75568 613.58887
22865 386.73975 626.2107
22883 386.73975 626.2107
22899 376.85052 631.45605
22916 376.85052 631.45605
22933 423.0741 574.2903
22950 423.0741 574.2903
22967 473.69696 505.4831
22984 473.69696 505.4831
23002 473.69696 505.4831
23018 516.3909 452.15845
23035 548.65967 407.92017
23052 548.65967 407.92017
23069 576.20496 371.88376
23087 576.20496 371.88376
23103 600.13544 348.79233
23120 600.13544 348.79233
23137 618.7101 327.0735
23154 618.7101 327.0735
23171 626.9818 293.19608
23188 626.9818 293.19608
23206 632.38104 267.55957
23222 637.74194 244.14818
23239 637.74194 244.14818
23257 637.74194 244.14818
23273 640.2941 227.24971
23290 640.2941 227.24971
23307 642.19995 214.97787
23324 642.19995 214.97787
23341 645.4989 202.20834
23358 645.4989 202.20834
23375 648.0318 194.79904
23392 648.0318 194.79904
23409 650.2723 190.90526
23426 650.923 183.79547
23443 650.923 183.79547
23461 651.25134 176.05542
23477 651.25134 176.05542
23494 656.07104 172.96205
23512 656.07104 172.96205
23528 656.07104 172.96205
23545 658.9429 170.19604
23562 658.9429 170.19604
23580 661.5035 166.86177
23596 661.5035 166.86177
23613 662.36536 163.73962
23631 661.17957 163.33324
23647 661.17957 163.33324
23664 664.19507 162.32112
23681 664.19507 162.32112
23699 666.67554 160.26422
23715 666.67554 160.26422
23732 666.67554 160.26422
23749 669.1044 159.95122
23767 669.1044 159.95122
23784 669.3999 159.4686
23800 669.3999 159.4686
23818 668.8968 158.40434
23834 668.8248 158.78293
23851 668.8248 158.78293
23868 667.89813 159.63411
23885 667.89813 159.63411
23902 668.7255 167.70412
23920 668.7255 167.70412
23936 846.6811 321.05084
23953 846.6811 321.05084
23971 677.3449 256.84067
23987 677.3449 256.84067
24004 541.8759 205.47253
24021 541.8759 205.47253
24039 433.50073 164.37804
24055 433.50073 164.37804
24072 514.7977 391.14282
24090 514.7977 391.14282
24106 553.0392 389.221
24123 553.0392 389.221
24140 581.54974 348.5761
24157 581.54974 348.5761
24174 603.8766 312.8145
24192 619.0466 288.934
24208 619.0466 288.934
24226 635.64746 270.84717
24242 635.64746 270.84717
24260 635.64746 270.84717
24276 647.3946 255.82489
24293 647.3946 255.82489
24310 656.7579 245.43777
24327 656.7579 245.43777
24345 663.9234 236.62679
24362 663.9234 236.62679
24378 667.90607 229.88101
24395 667.90607 229.88101
24412 671.28955 224.4298
24430 674.24023 220.72414
24446 674.24023 220.72414
24464 676.94196 218.07016
24480 676.94196 218.07016
24497 679.3541 215.29146
24514 679.3541 215.29146
24532 679.3541 215.29146
24548 679.33765 214.82758
24565 679.33765 214.82758
24582 682.0337 212.69173
24600 683.625 208.89058
24616 683.625 208.89058
24633 685.84106 210.60179
24650 685.84106 210.60179
24667 688.0415 210.84424
24684 688.0415 210.84424
24702 687.7794 213.08514
24718 687.7794 213.08514
24735 687.68134 211.05766
24752 687.68134 211.05766
24770 687.84344 210.06473
24786 687.84344 210.06473
24803 688.22205 211.78073
24820 688.22205 211.78073
24838 688.69885 211.24106
24855 688.69885 211.24106
24871 688.9836 211.8423
24888 688.9836 211.8423
24905 693.84436 211.81744
24922 693.84436 211.81744
24939 697.00244 211.76147
24957 697.00244 211.76147
24973 699.9281 210.32137
24991 701.8323 210.12527
25007 701.8323 210.12527
25024 701.8323 210.12527
25041 702.9271 211.68082
25059 702.9271 211.68082
25075 702.56274 213.60979
25092 702.56274 213.60979
25109 703.9966 216.5921
25127 703.9966 216.5921
25144 702.73114 214.92783
25160 704.2271 217.23969
25177 704.2271 217.23969
25194 705.6361 217.1686
25211 705.6361 217.1686
25229 703.7327 217.05104
25245 703.7327 217.05104
25262 704.9265 218.73148
25279 704.9265 218.73148
25296 704.9265 218.73148
25313 703.90106 218.85626
25330 703.90106 218.85626
25348 704.3025 219.98676
25365 706.28143 219.44087
25381 706.28143 219.44087
25399 705.0739 220.43471
25415 705.0739 220.43471
25432 705.20575 219.56041
25449 705.20575 219.56041
25467 701.0248 219.06032
25483 701.0248 219.06032
25501 700.4285 217.7205
25517 700.4285 217.7205
25535 700.4285 217.7205
25551 700.6268 215.23283
25568 703.5295 214.64081
25585 703.5295 214.64081
25602 717.3861 209.17542
25620 717.3861 209.17542
25636 726.57214 205.72017
25653 726.57214 205.72017
25671 735.8918 202.50194
25687 735.8918 202.50194
25704 738.70605 201.5258
25722 738.70605 201.5258
25738 742.2274 202.6573
25755 742.2274 202.6573
25772 749.19147 200.2956
25789 749.19147 200.2956
25807 753.4356 199.38727
25823 753.4356 199.38727
25840 756.5232 199.36336
25857 756.5232 199.36336
25875 757.54297 199.92567
25891 757.54297 199.92567
25908 761.5636 197.70688
25926 762.3501 194.78143
25942 762.3501 194.78143
25959 765.72076 193.06142
25976 765.72076 193.06142
25994 769.18933 193.43858
26010 769.18933 193.43858
26028 769.18933 193.43858
26044 773.0862 194.49438
26061 773.0862 194.49438
26079 772.8665 195.1979
26095 772.8665 195.1979
26112 771.04944 196.80536
26129 771.96454 196.03854
26147 771.96454 196.03854
26163 771.9486 199.36455
26180 771.9486 199.36455
26198 770.88696 199.20204
26215 770.88696 199.20204
26231 770.0054 202.24571
26248 770.0054 202.24571
26266 769.95166 202.2851
26282 769.95166 202.2851
26299 769.95166 202.2851
26317 771.444 204.27875
26333 769.8081 204.0361
26350 769.8081 204.0361
26367 765.8456 204.38634
26384 765.8456 204.38634
26401 762.3689 206.9198
26419 762.3689 206.9198
26435 758.3596 205.64798
26453 758.3596 205.64798
26469 756.354 207.70535
26487 756.354 207.70535
26503 755.65894 209.75471
26520 755.65894 209.75471
26537 751.4862 209.26324
26555 751.4862 209.26324
26571 749.2068 210.30394
26589 749.2068 210.30394
26605 750.3031 212.25873
26622 750.3031 212.25873
26639 750.3236 214.82706
26657 750.3236 214.82706
26673 751.0603 215.33965
26690 751.0603 215.33965
26707 750.44586 216.47089
26724 750.16724 218.2938
26742 750.16724 218.2938
26758 749.66473 223.41096
26775 749.66473 223.41096
26792 749.66473 223.41096
26809 750.84674 234.42085
26826 750.84674 234.42085
26844 751.24 262.93707
26860 751.24 262.93707
26877 753.83234 280.63818
26894 753.83234 280.63818
26912 753.8518 274.9604
26928 754.3383 276.47092
26945 754.3383 276.47092
26962 750.6939 279.51785
26979 750.6939 279.51785
26997 747.42865 275.94965
27013 747.42865 275.94965
27031 748.1986 271.05798
27047 748.1986 271.05798
27064 748.1986 271.05798
27082 744.5393 268.32614
27099 743.1116 261.73987
27115 743.1116 261.73987
27133 738.1362 261.4071
27149 738.1362 261.4071
27166 735.9846 261.19516
27184 735.9846 261.19516
27200 732.67584 262.4688
27217 732.67584 262.4688
27234 732.2532 266.31638
27251 732.2532 266.31638
27269 730.8211 264.4813
27285 730.8211 264.4813
27302 730.53674 268.49323
27320 730.53674 268.49323
27336 729.1756 269.5987
27354 729.1756 269.5987
27370 728.6619 270.3272
27387 728.6619 270.3272
27405 728.71515 270.10016
27421 728.71515 270.10016
27438 731.8079 272.5721
27455 731.8079 272.5721
27473 731.1495 271.44077
27489 729.85016 270.67102
27506 729.85016 270.67102
27523 728.4258 270.43646
27540 728.4258 270.43646
27557 728.4258 270.43646
27574 728.3369 269.74255
27592 728.3369 269.74255
27608 728.9166 270.62134
27625 728.9166 270.62134
27642 732.72955 269.36923
27659 732.72955 269.36923
27677 732.6667 269.62982
27693 734.7909 270.71005
27710 734.7909 270.71005
27727 734.76 271.1361
27744 734.76 271.1361
27761 734.396 270.29544
27778 734.396 270.29544
27795 735.0489 271.79886
27812 735.0489 271.79886
27829 735.0489 271.79886
27846 734.5594 269.55505
27864 734.2319 269.3856
27880 734.2319 269.3856
27897 735.67224 272.51694
27914 735.67224 272.51694
27932 734.838 271.78958
27948 734.838 271.78958
27965 734.58923 270.86014
27982 734.58923 270.86014
27999 733.64685 272.61346
28016 733.64685 272.61346
28033 736.02954 273.12854
28051 736.02954 273.12854
28067 736.1461 272.8153
28084 736.1461 272.8153
28101 734.23083 271.25336
28118 734.23083 271.25336
28135 733.0815 280.22043
28152 733.0815 280.22043
28169 717.3822 376.25702
28186 717.3822 376.25702
28203 701.304 455.98138
28220 701.304 455.98138
28237 688.08215 522.1933
28255 678.211 574.0209
28271 678.211 574.0209
28288 669.9162 616.67944
28305 669.9162 616.67944
28322 669.9162 616.67944
28339 661.1765 652.6517
28356 661.1765 652.6517
28373 650.33514 681.12335
28391 650.33514 681.12335
28407 648.47095 700.9853
28424 648.47095 700.9853
28442 647.5218 718.87085
28458 643.5481 732.5266
28476 643.5481 732.5266
28492 637.9976 741.8159
28509 637.9976 741.8159
28526 636.3748 754.66736
28543 636.3748 754.66736
28561 636.8543 762.0393
28577 636.8543 762.0393
28595 636.8543 762.0393
28611 634.9456 764.93024
28628 634.9456 764.93024
28646 635.3301 768.8181
28662 633.4011 770.7233
28679 633.4011 770.7233
28696 632.8912 776.34985
28714 632.8912 776.34985
28730 632.0163 779.99945
28747 632.0163 779.99945
28764 630.7775 783.46277
28782 630.7775 783.46277
28799 629.8695 788.6131
28815 629.8695 788.6131
28833 629.45874 791.5208
28849 629.45874 791.5208
28866 630.8304 795.05164
28883 630.8304 795.05164
28900 628.578 794.8782
28917 628.578 794.8782
28935 628.4281 796.28595
28951 628.4281 796.28595
28969 627.9995 796.02814
28985 627.9995 796.02814
29002 627.3534 796.86566
29019 627.66125 798.1483
29036 627.66125 798.1483
29053 627.66125 798.1483
29071 629.49133 796.571
29087 629.49133 796.571
29104 627.58954 797.07886
29121 627.58954 797.07886
29139 628.4308 793.773
29155 628.4308 793.773
29172 629.62866 793.715
29189 629.62866 793.715
29207 631.61053 793.44116
29223 631.7017 791.9087
29240 631.7017 791.9087
29257 631.4976 793.9202
29275 631.4976 793.9202
29291 629.9942 794.5316
29309 629.9942 794.5316
29325 629.9942 794.5316
29342 630.6962 792.8742
29359 630.6962 792.8742
29377 627.7237 793.8266
29393 627.7237 793.8266
29410 627.12396 795.12274
29427 625.7409 797.27954
29444 625.7409 797.27954
29462 625.5367 796.163
29478 625.5367 796.163
29495 628.40857 795.4334
29512 628.40857 795.4334
29529 628.04156 798.2757
29546 628.04156 798.2757
29564 624.65717 800.6239
29580 624.65717 800.6239
29598 630.39777 800.8401
29614 630.39777 800.8401
29631 642.89996 760.5855
29649 642.89996 760.5855
29665 652.82996 725.745
29682 652.82996 725.745
29699 657.87195 697.5107
29716 657.87195 697.5107
29733 665.11597 675.5579
29751 665.11597 675.5579
29767 670.00195 660.60876
29784 670.00195 660.60876
29801 674.4822 647.61255
29818 674.4822 647.61255
29836 682.27637 633.3787
29852 682.27637 633.3787
29869 686.5291 619.9812
29887 686.5291 619.9812
29903 688.3395 612.57837
29921 688.3395 612.57837
29937 685.5259 606.5935
29954 685.5259 606.5935
29971 686.8072 600.4995
29989 689.06946 598.0266
