2 690.29083 266.22968 333.0016827034936 433.0016827034936 332.9952018786457 432.9952018786457
17 690.29083 266.22968 333.1215672298508 433.1215672298508 325.460353677165 425.460353677165
34 685.00116 273.62915 333.4861703954607 433.4861703954607 316.92762829531256 416.92762829531256
51 685.00116 273.62915 334.0935140048509 434.0935140048509 308.4087391863609 408.4087391863609
68 738.10706 281.47092 334.94310583748677 434.94310583748677 299.91059046864586 399.91059046864586
85 738.10706 281.47092 336.0342573431978 436.0342573431978 291.44006945149073 391.44006945149073
103 727.4568 275.46524 337.4518999466856 437.4518999466856 282.5090245297676 382.5090245297676
119 727.4568 275.46524 338.93750703184975 438.93750703184975 274.6093422383909 374.6093422383909
136 718.2051 282.98364 340.74725228130916 440.74725228130916 266.2627764750041 366.2627764750041
154 718.2051 282.98364 342.92158317776153 442.92158317776153 257.4852165009684 357.4852165009684
170 712.00604 284.69888 345.0756512552929 445.0756512552929 249.74105744826687 349.7410574482669
187 730.9487 273.3663 347.59079703666407 447.59079703666407 241.57929418234613 341.57929418234613
205 730.9487 273.3663 350.50596515083794 450.50596515083794 233.0192083877314 333.0192083877314
221 730.9487 273.3663 353.31279086333535 453.31279086333535 225.48702821623766 325.48702821623766
238 699.871 279.70157 356.51500152904384 456.51500152904384 217.5695674640201 317.5695674640201
255 699.871 279.70157 359.9412889638151 459.9412889638151 209.74646754616077 309.7464675461608
272 687.7 276.42 363.5888763391684 463.5888763391684 202.0240686798987 302.02406867989873
289 687.7 276.42 367.4548074744846 467.4548074744846 194.40862946948707 294.4086294694871
306 682.12756 287.06595 371.53594923283765 471.53594923283765 186.90632183391858 286.9063218339186
323 682.12756 287.06595 375.8289940602396 475.8289940602396 179.52322600490484 279.5232260049048
341 678.38885 280.45117 380.6016685145469 480.6016685145469 171.84241533816768 271.8424153381677
358 678.38885 280.45117 385.31984113972976 485.31984113972976 164.72348388819168 264.7234838881917
374 666.42413 277.57373 389.9439124255555 489.9439124255555 158.14853343516307 258.1485334351631
391 657.2765 279.61356 395.0481023758233 495.0481023758233 151.30108260568883 251.30108260568883
408 657.2765 279.61356 400.34514001297055 500.34514001297055 144.601699784777 244.601699784777
425 652.739 290.65015 405.83073236238414 505.83073236238414 138.05581447516937 238.05581447516937
442 652.739 290.65015 411.50043363562395 511.50043363562395 131.66873177782583 231.66873177782583
459 649.40454 300.19827 417.3496488335043 517.3496488335043 125.44562809241546 225.44562809241546
476 649.40454 300.19827 423.3736374701024 523.3736374701024 119.39154692211227 219.39154692211227
494 649.40454 300.19827 429.9370474236076 529.9370474236076 113.17102252884061 213.1710225288406
510 636.66595 268.40085 435.9262688483818 535.9262688483818 107.8099372430793 207.8099372430793
527 636.66595 268.40085 442.44473833256984 542.4447383325698 102.29179502905546 202.29179502905546
544 625.23456 220.67165 449.1176429853873 549.1176429853873 96.96144031244515 196.96144031244515
561 615.3569 182.60207 455.939574763276 555.939574763276 91.82319306962836 191.82319306962836
578 615.3569 182.60207 462.90500484391305 562.905004843913 86.88121758382923 186.88121758382923
595 608.3156 151.8314 470.0082881070341 570.0082881070341 82.13951907017963 182.13951907017963
612 608.3156 151.8314 477.24366770951156 577.2436677095116 77.60194042970028 177.60194042970028
629 598.2629 120.76709 484.6052797509776 584.6052797509776 73.27215913482809 173.2721591348281
646 598.2629 120.76709 492.08715802621145 592.0871580262115 69.15368424901567 169.15368424901567
663 588.50366 94.27719 499.6832388604396 599.6832388604396 65.24985358281685 165.24985358281685
680 588.50366 94.27719 507.3873660236304 607.3873660236304 61.563830988764266 161.56383098876427
697 588.2855 73.90753 515.1932957197998 615.1932957197998 58.09860379723074 158.09860379723074
715 588.2855 73.90753 523.5623270540765 623.5623270540765 54.6733171711283 154.6733171711283
731 596.9844 54.811424 531.0851801258791 631.0851801258791 51.84158795097835 151.84158795097835
748 596.9844 54.811424 539.158255286693 639.158255286693 49.0548702834833 149.0548702834833
765 583.9319 35.9689 547.3073843205016 647.3073843205016 46.49908588318232 146.49908588318232
782 583.9319 35.9689 555.5259627803556 655.5259627803556 44.176306080939696 144.1763060809397
799 573.8257 17.04026 563.8073299341439 663.8073299341439 42.08841336946284 142.08841336946284
817 573.8257 17.04026 572.6368142040386 672.6368142040386 40.13559963724384 140.13559963724384
833 574.088 2.4419289 580.531538399579 680.531538399579 38.62386599915499 138.623865999155
850 574.088 2.4419289 588.960825606595 688.960825606595 37.25001917650059 137.2500191765006
867 574.6554 -8.900718 597.4258042831839 697.4258042831839 36.116672841359446 136.11667284135945
885 574.6554 -8.900718 606.4200007018427 706.4200007018427 35.17981387243941 135.1798138724394
901 580.1775 -18.114954 614.4353709721212 714.4353709721212 34.574960050003085 134.57496005000309
918 580.1775 -18.114954 622.9661736117806 722.9661736117806 34.167843072143 134.167843072143
936 590.5976 -24.916384 632.0075037720162 732.0075037720162 34.00164175242986 134.00164175242986
952 608.14703 -34.08941 640.0452542165596 740.0452542165596 34.08273742076125 134.08273742076125
970 608.14703 -34.08941 649.0813904556234 749.0813904556234 34.431328605587055 134.43132860558705
986 608.14703 -34.08941 657.1015001944813 757.1015001944813 34.96970439707047 134.96970439707047
1003 627.96533 -40.89261 665.6037768999744 765.6037768999744 35.77693963769889 135.7769396376989
1020 627.96533 -40.89261 674.0796299331981 774.0796299331981 36.82586922049978 136.82586922049978
1037 653.9317 -49.260567 682.5221900543268 782.5221900543268 38.115643042381976 138.11564304238198
1054 653.9317 -49.260567 690.9246150057149 790.9246150057149 39.645215808474234 139.64521580847423
1071 671.2081 -53.058636 699.2800950571935 799.2800950571935 41.41334787928315 141.41334787928315
1088 671.2081 -53.058636 707.5818585250034 807.5818585250034 43.41860627535635 143.41860627535635
1106 681.1238 -56.23683 716.3059353437416 816.3059353437416 45.79847131476845 145.79847131476845
1122 681.1238 -56.23683 723.9973720999366 823.9973720999366 48.133810549576026 148.13381054957603
1139 708.06903 -63.013668 732.0978182836474 832.0978182836474 50.839934998910564 150.83993499891056
1156 774.7069 -58.784157 740.117950819005 840.117950819005 53.77554601295549 153.7755460129555
1173 774.7069 -58.784157 748.0512698040402 848.0512698040402 56.93826443105149 156.9382644310515
1190 865.18506 -47.931423 755.8913456946693 855.8913456946693 60.32552703375262 160.32552703375262
1207 865.18506 -47.931423 763.6318245155068 863.6318245155068 63.93458862018292 163.93458862018292
1224 939.1614 -33.13076 771.2664330094331 871.2664330094331 67.76252423287974 167.76252423287974
1241 939.1614 -33.13076 778.788983721744 878.788983721744 71.80623152831976 171.80623152831976
1258 939.1614 -33.13076 786.1933800147626 886.1933800147626 76.06243329120804 176.06243329120804
1275 1021.65186 -0.53982735 793.4736210088488 893.4736210088488 80.52768009049117 180.52768009049117
1292 1021.65186 -0.53982735 800.6238064458005 900.6238064458005 85.19835307494287 185.19835307494287
1309 1077.6478 45.60914 807.638141470708 907.638141470708 90.0706669060545 190.0706669060545
1326 1077.6478 45.60914 814.5109413283826 914.5109413283826 95.14067282585665 195.14067282585665
1344 1126.9279 79.93605 821.6275668282935 921.6275668282935 100.71982289007568 200.71982289007568
1360 1160.3076 124.9066 827.809774570124 927.809774570124 105.85716813378187 205.85716813378187
1378 1160.3076 124.9066 834.5973693489477 934.5973693489477 111.83226905874935 211.83226905874935
1394 1170.3768 198.43875 840.4772028442499 940.4772028442499 117.31310538030687 217.31310538030687
1411 1170.3768 198.43875 846.5612262243785 946.5612262243785 123.30685190652298 223.30685190652298
1429 1173.2631 289.56372 852.8143786828404 952.8143786828404 129.83918367062486 229.83918367062486
1445 1173.2631 289.56372 858.2052415379586 958.2052415379586 135.80161659632608 235.80161659632608
1462 1168.4697 360.91302 863.7557966001699 963.7557966001699 142.29250840037312 242.29250840037312
1479 1168.4697 360.91302 869.1193360426164 969.1193360426164 148.93876919572267 248.93876919572267
1497 1168.2125 447.13312 874.5897089352587 974.5897089352587 156.13934516994212 256.1393451699421
1513 1168.2125 447.13312 879.2681356740757 979.2681356740757 162.675730406883 262.67573040688296
1530 1168.2125 447.13312 884.0451707867052 984.0451707867052 169.7552977272204 269.7552977272204
1548 1166.0803 521.2497 888.8813645222324 988.8813645222324 177.39627306401533 277.3962730640153
1564 1152.1843 585.0426 892.9851570459276 992.9851570459276 184.30792233453255 284.3079223345326
1581 1152.1843 585.0426 897.1408627967578 997.1408627967578 191.76918547310373 291.76918547310373
1598 1146.5317 636.747 901.0824960610505 1001.0824960610505 199.34571931915121 299.3457193191512
1616 1146.5317 636.747 905.0191112173986 1005.0191112173986 207.48674720608716 307.48674720608716
1632 1139.6266 683.6097 908.3109432553329 1008.3109432553329 214.8199491363638 314.8199491363638
1650 1139.6266 683.6097 911.7778900120431 1011.7778900120431 223.17180845816728 323.1718084581673
1666 1134.2968 719.8878 914.6470702485676 1014.6470702485676 230.6804577033056 330.6804577033056
1684 1134.2968 719.8878 917.6331117598017 1017.6331117598017 239.21607894831448 339.2160789483145
1700 1136.926 750.2098 920.0703407916484 1020.0703407916484 246.87583895516212 346.8758389551621
1717 1136.5204 774.0753 922.4340447096293 1022.4340447096293 255.08274103198784 355.08274103198784
1734 1136.5204 774.0753 924.5631773273444 1024.5631773273444 263.35360145921436 363.35360145921436
1751 1136.5204 774.0753 926.4560130930984 1026.4560130930984 271.6817171329047 371.6817171329047
1768 1140.1202 790.28723 928.1110179615537 1028.1110179615537 280.0603385467098 380.0603385467098
1786 1140.1202 790.28723 929.6026611419293 1029.6026611419293 288.97932248926173 388.97932248926173
1803 1136.6105 803.3873 930.7640061395116 1030.7640061395116 297.4405053679775 397.4405053679775
1819 1136.6105 803.3873 931.6366043392997 1031.6366043392995 305.4311612295389 405.4311612295389
1836 1134.9626 814.0221 932.3288155200738 1032.328815520074 313.9435746118702 413.9435746118702
1853 1134.9626 814.0221 932.7784362013994 1032.7784362013995 322.4722426880359 422.4722426880359
1870 1112.4354 804.96674 932.9851019890048 1032.9851019890048 331.01025341435343 431.01025341435343
1887 1112.4354 804.96674 932.9486453909749 1032.948645390975 339.5506871754069 439.5506871754069
1904 1083.7747 790.84607 932.6690959534936 1032.6690959534935 348.08662239203596 448.08662239203596
1922 1064.7258 779.7851 932.1083946506541 1032.1083946506542 357.1120801640305 457.1120801640305
1938 1064.7258 779.7851 931.3818216320687 1031.3818216320687 365.1173347111916 465.1173347111916
1955 1049.6726 772.852 930.3751400172805 1030.3751400172805 373.5983093035911 473.5983093035911
1973 1049.6726 772.852 929.0465730175129 1029.0465730175129 382.54303868307437 482.54303868307437
1989 1049.6726 772.852 927.6397665348454 1027.6397665348454 390.4571339716405 490.4571339716405
2006 1025.9248 760.8203 925.9132915457113 1025.9132915457112 398.8213208432003 498.8213208432003
2023 1025.9248 760.8203 923.9494255069792 1023.9494255069792 407.13297339202586 507.13297339202586
2040 1010.0262 759.1121 921.7497600303433 1021.7497600303433 415.385355454278 515.3853554542779
2057 1010.0262 759.1121 919.3160778307275 1019.3160778307275 423.5717789017766 523.5717789017766
2074 937.31476 754.8866 916.6503512814876 1016.6503512814876 431.68560906238275 531.6856090623828
2091 937.31476 754.8866 913.7547408159044 1013.7547408159044 439.7202700970553 539.7202700970553
2108 937.6755 754.2284 910.6315931762647 1010.6315931762647 447.6692503292295 547.6692503292295
2125 930.2942 745.3832 907.2834395119482 1007.2834395119482 455.52610752219204 555.526107522192
2142 930.2942 745.3832 903.7129933280626 1003.7129933280626 463.2844741001809 563.2844741001809
2159 927.734 739.65674 899.9231482862865 999.9231482862865 470.9380623089762 570.9380623089762
2176 927.734 739.65674 895.9169758597092 995.9169758597092 478.4806693117979 578.4806693117979
2193 914.46454 737.79614 891.6977228435584 991.6977228435584 485.90618221638465 585.9061822163847
2211 914.46454 737.79614 887.0018309919924 987.0018309919924 493.63417507762983 593.6341750776298
2227 904.57635 733.0585 882.6338229060326 982.6338229060326 500.38195353258584 600.3819535325858
2244 904.57635 733.0585 877.7965218060378 977.7965218060378 507.42048008140796 607.420480081408
2261 904.57635 733.0585 872.7608258058228 972.7608258058228 514.3184583144773 614.3184583144773
2278 895.42706 730.7938 867.5308160761413 967.5308160761413 521.0702977777584 621.0702977777584
2296 873.2504 725.04614 861.7860765741736 961.7860765741736 528.0539388051589 628.0539388051589
2312 873.2504 725.04614 856.5049640822481 956.5049640822481 534.1137952031119 634.1137952031119
2330 881.1644 726.1801 850.3721099362925 950.3721099362925 540.7591976716982 640.7591976716982
2346 881.1644 726.1801 844.754702109853 944.754702109853 546.5086966087915 646.5086966087915
2363 875.729 732.0134 838.6197303028227 938.6197303028227 552.4502838409564 652.4502838409564
2381 875.729 732.0134 831.9423499372441 931.9423499372441 558.5483052740481 658.5483052740481
2397 865.051 736.196 825.8549614017456 925.8549614017456 563.7976585231695 663.7976585231695
2414 865.051 736.196 819.2355094916655 919.2355094916655 569.1942495138428 669.1942495138428
2431 908.06006 738.8252 812.4651233483269 912.4651233483269 574.4002277485814 674.4002277485814
2448 908.06006 738.8252 805.5492900189863 905.5492900189863 579.4113740517007 679.4113740517007
2465 889.5208 740.01025 798.4936144283101 898.4936144283101 584.2236271487043 684.2236271487043
2482 889.5208 740.01025 791.3038148358737 891.3038148358737 588.8330869577367 688.8330869577367
2500 872.38007 743.97253 783.5513727666926 883.5513727666926 593.48850486691 693.48850486691
2516 872.38007 743.97253 776.54525546435 876.54525546435 597.4288511793545 697.4288511793545
2534 864.1533 745.444 768.5404466713042 868.5404466713042 601.6355494252274 701.6355494252274
2550 864.1533 745.444 761.3214464020558 861.3214464020558 605.1708066759479 705.1708066759479
2567 856.83246 747.91986 753.5504381858558 853.5504381858558 608.7136542896951 708.7136542896951
2585 856.83246 747.91986 745.2159582546325 845.2159582546325 612.2221750921277 712.2221750921277
2601 852.1905 750.1951 737.721699277214 837.721699277214 615.1287351027865 715.1287351027865
2618 852.1905 750.1951 729.6767969577133 829.6767969577133 617.9957692114392 717.9957692114392
2635 834.68 752.5442 721.553543102233 821.553543102233 620.6326394604092 720.6326394604092
2653 834.68 752.5442 712.8743677514212 812.8743677514212 623.1713771733134 723.1713771733134
2669 819.39465 754.423 705.0983728534557 805.0983728534557 625.2075284601758 725.2075284601758
2686 819.39465 754.423 696.7797925232513 796.7797925232513 627.1418395004217 727.1418395004217
2704 788.0995 756.6827 687.9156881752673 787.9156881752673 628.9309532623472 728.9309532623472
2720 782.79083 759.39307 679.9943448795832 779.9943448795832 630.296357637651 730.296357637651
2737 782.79083 759.39307 671.5410813019316 771.5410813019316 631.5140081610913 731.5140081610913
2754 782.79083 759.39307 663.0565821743512 763.0565821743512 632.4905389924386 732.4905389924386
2771 766.6234 762.70685 654.5477237438794 754.5477237438794 633.2251587040392 733.2251587040392
2788 766.6234 762.70685 646.0214019995067 746.0214019995067 633.7172719246712 733.7172719246712
2806 748.3801 766.0397 636.982177164819 736.982177164819 633.9735692774082 733.9735692774082
2823 748.3801 766.0397 628.4416695312384 728.4416695312384 633.9653673731979 733.9653673731979
2839 731.2557 766.24695 620.4067954607539 720.4067954607539 633.7355687926154 733.7355687926154
2856 731.2557 766.24695 611.8797793711809 711.8797793711809 633.2556370072082 733.2556370072082
2874 709.0944 755.5344 602.8699783535706 702.8699783535706 632.4831348595524 732.4831348595524
2890 685.57086 746.6089 594.8839945588649 694.8839945588649 631.5687653790487 731.5687653790487
2907 685.57086 746.6089 586.4290000393138 686.4290000393138 630.3631926583694 730.3631926583694
2925 666.0552 744.2993 577.5179378468152 677.5179378468152 628.8249324247021 728.8249324247021
2941 666.0552 744.2993 569.6390628953682 669.6390628953682 627.232657883161 727.232657883161
2958 661.5094 740.24243 561.3177276452934 661.3177276452934 625.3102329649023 725.3102329649023
2976 661.5094 740.24243 552.5703667532769 652.5703667532769 623.0174287059479 723.0174287059479
2992 644.2128 735.7525 544.8560383791012 644.8560383791012 620.7588569334407 720.7588569334407
3009 644.2128 735.7525 536.7290257094023 636.7290257094023 618.1335944747455 718.1335944747455
3026 644.2128 735.7525 528.6800356774336 628.6800356774336 615.278056456131 715.278056456131
3043 630.7851 731.31494 520.7155915726703 620.7155915726703 612.1945571432422 712.1945571432422
3060 630.7851 731.31494 512.8421481644934 612.8421481644934 608.8855955525434 708.8855955525434
3078 616.8645 722.8388 504.6118388259649 604.6118388259649 605.1392263586182 705.1392263586182
3094 605.0807 715.99805 497.3937085871838 597.3937085871838 601.6021930576474 701.6021930576474
3111 605.0807 715.99805 489.8312325780845 589.8312325780845 597.6336549738851 697.6336549738851
3128 589.12854 710.9553 482.38478743869564 582.3847874386956 593.4514554692516 693.4514554692516
3145 589.12854 710.9553 475.06040812706976 575.0604081270698 589.058983999804 689.058983999804
3162 572.47974 705.9403 467.8640306732291 567.8640306732291 584.4598004361334 684.4598004361334
3179 572.47974 705.9403 460.8014873683203 560.8014873683203 579.6576321782761 679.6576321782761
3197 558.4553 699.32227 453.4757341971813 553.4757341971813 574.3560650118047 674.3560650118047
3213 558.4553 699.32227 447.10068540279684 547.1006854027969 569.4600705688548 669.4600705688548
3230 583.3 694.2728 440.47353053246013 540.4735305324601 564.0729418127313 664.0729418127313
3247 583.3 694.2728 434.0024083925641 534.0024083925641 558.4993508552757 658.4993508552757
3264 567.54095 686.5247 427.69256349239276 527.6925634923928 552.7438148032415 652.7438148032415
3282 567.54095 686.5247 421.193018823778 521.193018823778 546.4565902131905 646.4565902131905
3299 583.8706 675.5649 415.2311676524065 515.2311676524065 540.3413086562304 640.3413086562304
3315 583.8706 675.5649 409.7811519627961 509.7811519627961 534.4328962045494 634.4328962045494
3332 549.0864 646.8169 404.1661854693228 504.1661854693228 527.9976425819129 627.9976425819129
3350 549.0864 646.8169 398.4231643908829 498.4231643908829 521.0125883346178 621.0125883346178
3366 505.67944 612.2034 393.49702667636814 493.49702667636814 514.6608030789737 614.6608030789737
3384 505.67944 612.2034 388.16081736231547 488.16081736231547 507.3602452851014 607.3602452851014
3400 481.4158 580.7447 383.6041295851123 483.6041295851123 500.7384173488538 600.7384173488538
3418 481.4158 580.7447 378.69202741539596 478.69202741539596 493.1460181088685 593.1460181088685
3435 466.11447 557.5045 374.2649101067921 474.2649101067921 485.8425278304917 585.8425278304917
3452 438.3197 530.2366 370.04748418581175 470.04748418581175 478.4159770489023 578.4159770489023
3468 438.3197 530.2366 366.2727575118902 466.2727575118902 471.3192561685689 571.3192561685689
3485 419.1393 509.31705 362.4719822152257 462.4719822152257 463.6710900449318 563.6710900449318
3502 419.1393 509.31705 358.8904558633554 458.8904558633554 455.9178322199049 555.9178322199049
3519 419.1393 509.31705 355.5310810978608 455.5310810978608 448.06576630732854 548.0657663073285
3536 409.4975 499.00876 352.3965805179704 452.3965805179704 440.1212559998803 540.1212559998803
3553 409.4975 499.00876 349.4894944740342 449.4894944740342 432.0907399116313 532.0907399116313
3571 435.3115 476.5183 346.66189266404376 446.66189266404376 423.5013312038564 523.5013312038564
3587 435.3115 476.5183 344.3668039474663 444.3668039474663 415.79778809050777 515.7977880905078
3604 399.9992 435.54077 342.155351140146 442.155351140146 407.5485569510936 507.5485569510936
3621 399.9992 435.54077 340.17961285468476 440.17961285468476 399.23971851615926 499.23971851615926
3638 373.37137 388.98596 338.44119032461737 438.44119032461737 390.87800666884965 490.87800666884965
3655 350.56845 349.581 336.9414924513526 436.9414924513526 382.4701981434725 482.4701981434725
3672 350.56845 349.581 335.68173466233077 435.68173466233077 374.02310703330426 474.02310703330426
3689 334.00656 314.02658 334.66293792598333 434.66293792598333 365.5435792681223 465.5435792681223
3706 334.00656 314.02658 333.8859279242903 433.8859279242903 357.03848706593226 457.03848706593226
3723 325.48053 285.1752 333.35133438360816 433.35133438360816 348.5147233633919 448.5147233633919
3741 325.48053 285.1752 333.0499980009779 433.0499980009779 339.4768878742076 439.4768878742076
3757 306.9673 269.11856 453.02406576024066 553.0240657602407 331.056686471707 431.056686471707
3774 306.9673 269.11856 453.36623095517183 553.3662309551719 322.5235450269113 422.5235450269113
3791 306.9673 269.11856 454.11274721758974 554.1127472175897 314.01623679178385 414.01623679178385
3808 304.22684 249.68909 455.26193415828243 555.2619341582824 305.553911501838 405.553911501838
3825 304.22684 249.68909 456.81120498653286 556.8112049865329 297.15561763711503 397.15561763711503
3842 287.22437 231.98373 458.7570723329198 558.7570723329197 288.84025954453836 388.84025954453836
3859 275.74823 215.27469 461.09515609929747 561.0951560992975 280.62655488470796 380.62655488470796
3876 275.74823 215.27469 463.8201933182859 563.8201933182859 272.53299249891984 372.53299249891984
3893 318.35995 202.06384 466.92605000007745 566.9260500000775 264.5777907912517 364.5777907912517
3911 318.35995 202.06384 470.6219007798122 570.6219007798122 256.3253394366035 356.3253394366035
3927 353.94778 187.21828 474.251415455004 574.251415455004 249.15374548655507 349.15374548655507
3945 353.94778 187.21828 478.7126014504479 578.7126014504479 241.28862718732034 341.28862718732034
3961 342.54742 170.92035 483.0053327319572 583.0053327319572 234.49321736108072 334.4932173610807
3978 342.54742 170.92035 487.893864647575 587.893864647575 227.49080094619188 327.4908009461919
3995 336.14932 158.34575 493.109026801152 593.109026801152 220.7281340425647 320.7281340425647
4012 336.14932 158.34575 498.63907999467915 598.6390799946792 214.22043924223226 314.22043924223226
4029 336.14932 158.34575 504.47157621838664 604.4715762183866 207.98236520147657 307.98236520147657
4046 319.58658 150.39735 510.59338667089924 610.5933866708992 202.0279536670738 302.0279536670738
4063 339.47815 147.04214 516.9907313118342 616.9907313118342 196.37060786867886 296.37060786867886
4080 339.47815 147.04214 523.6492098803254 623.6492098803254 191.0230623484931 291.0230623484931
4097 368.40256 144.9089 530.5538343096449 630.5538343096449 185.9973542961332 285.9973542961332
4114 368.40256 144.9089 537.689062464963 637.689062464963 181.30479645322103 281.304796453221
4131 392.31396 136.5735 545.0388331282979 645.0388331282979 176.95595164869005 276.9559516486901
4148 392.31396 136.5735 552.5866021519138 652.5866021519138 172.9606090221234 272.96060902212344
4165 421.8848 127.68344 560.3153796987771 660.3153796987771 169.32776198864897 269.32776198864894
4182 421.8848 127.68344 568.2077684862486 668.2077684862486 166.06558799499004 266.06558799499004
4200 433.27878 120.535675 576.7229970015156 676.7229970015156 163.02368896976233 263.02368896976236
4217 453.7392 119.84506 584.8959282560902 684.8959282560902 160.54684124624086 260.5468412462409
4234 453.7392 119.84506 593.1771405586188 693.1771405586188 158.46043219287566 258.46043219287566
4250 472.37564 113.42371 601.053445290706 701.053445290706 156.85763453593017 256.8576345359302
4268 472.37564 113.42371 609.9896433324445 709.9896433324445 155.4768264733346 255.4768264733346
4284 472.37564 113.42371 617.9823830375866 717.9823830375866 154.6275629290547 254.6275629290547
4301 493.62537 100.96501 626.507114755926 726.507114755926 154.1171424476271 254.1171424476271
4318 493.62537 100.96501 635.0464617946108 735.0464617946108 154.01163372561214 254.01163372561214
4335 511.9318 89.13035 643.581202299593 743.581202299593 154.31127426047263 254.31127426047263
4352 511.9318 89.13035 652.0921247860152 752.0921247860152 155.01538956894865 255.01538956894865
4369 529.96967 85.55296 660.5600713827765 760.5600713827765 156.12239470530233 256.1223947053023
4386 529.96967 85.55296 668.9659809564164 768.9659809564164 157.6297978289907 257.6297978289907
4403 557.0223 80.04056 677.2909320172428 777.2909320172428 159.53420581373558 259.5342058137356
4420 582.9756 72.347145 685.5161853111272 785.5161853111272 161.83133188536496 261.831331885365
4437 582.9756 72.347145 693.6232260010909 793.6232260010909 164.5160052712332 264.5160052712332
4454 603.25604 69.26304 701.5938053437343 801.5938053437343 167.58218283949915 267.5821828394992
4471 603.25604 69.26304 709.4099817666976 809.4099817666976 171.0229627020636 271.02296270206364
4488 626.41644 68.26893 717.0541612546845 817.0541612546845 174.83059975054408 274.8305997505441
4505 626.41644 68.26893 724.5091369531456 824.5091369531456 178.99652309031762 278.9965230903176
4522 626.41644 68.26893 731.7581279004737 831.7581279004737 183.51135533338842 283.51135533338845
4539 679.2621 99.47324 738.7848168015221 838.7848168015221 188.36493370665013 288.36493370665016
4556 679.2621 99.47324 745.5733867574248 845.5733867574248 193.54633292803192 293.5463329280319
4573 738.7806 129.29706 752.108556869033 852.108556869033 199.0438897990301 299.0438897990301
4591 738.7806 129.29706 758.735613124305 858.735613124305 205.19566935752866 305.1956693575287
4608 798.77625 165.43512 764.7034286327194 864.7034286327194 211.30441374529323 311.30441374529323
4624 798.77625 165.43512 770.0496124154753 870.0496124154753 217.30636805391646 317.30636805391646
4641 855.0038 177.96794 775.4302705632856 875.4302705632856 223.93811728273374 323.93811728273374
4658 874.9609 220.61406 780.4903217770493 880.4903217770493 230.81761302381858 330.8176130238186
4675 874.9609 220.61406 785.2183760095571 885.2183760095571 237.9293697063817 337.9293697063817
4692 892.8525 258.09003 789.6037905304013 889.6037905304013 245.25737894613326 345.25737894613326
4709 892.8525 258.09003 793.6366938824929 893.6366938824929 252.78514557975075 352.78514557975075
4726 911.2539 287.8683 797.3080081024611 897.3080081024611 260.4957247950736 360.4957247950736
4743 911.2539 287.8683 800.6094691549205 900.6094691549205 268.3717602734482 368.3717602734482
4761 930.5468 317.2461 803.6937615671286 903.6937615671286 276.8717253711941 376.8717253711941
4777 930.5468 317.2461 806.0739549944915 906.0739549944915 284.5489524624127 384.5489524624127
4794 938.78064 341.94333 808.2246793622878 908.2246793622878 292.8136947228397 392.8136947228397
4812 938.78064 341.94333 810.0719169040786 910.0719169040786 301.6652471183856 401.6652471183856
4828 951.3938 357.00143 811.3388957607996 911.3388957607996 309.60249482388303 409.60249482388303
4846 951.3938 357.00143 812.3390893640834 912.3390893640834 318.5892561483454 418.5892561483454
4862 964.2856 376.2458 812.84827042036 912.84827042036 326.6108439720703 426.6108439720703
4880 964.2856 376.2458 812.9924195110625 912.9924195110625 335.6519438712278 435.6519438712278
4896 964.6913 394.81775 812.7392207321774 912.7392207321774 343.68568689301895 443.68568689301895
4913 964.6913 394.81775 812.0775238609478 912.0775238609478 352.200012303063 452.200012303063
4930 965.24615 406.0819 811.0127280160616 911.0127280160616 360.6733699460652 460.6733699460652
4947 965.24615 406.0819 809.5472300260149 909.5472300260149 369.0866865084376 469.0866865084376
4965 964.1423 406.09357 807.5624555236557 907.5624555236557 377.90841743392417 477.90841743392417
4981 964.1423 406.09357 805.4282173508461 905.4282173508461 385.65762152102405 485.65762152102405
4998 960.4667 407.24304 802.7839744590015 902.7839744590015 393.77793921594457 493.77793921594457
5015 960.4667 407.24304 799.7575521379785 899.7575521379785 401.7636982827043 501.7636982827043
5032 956.8149 410.4326 796.3557627878217 896.3557627878217 409.59692297976756 509.59692297976756
5050 956.8149 410.4326 792.3532545820084 892.3532545820084 417.70507902225296 517.7050790222529
5066 953.3855 418.73566 788.4575400722103 888.4575400722103 424.73562274375536 524.7356227437554
5083 953.3855 418.73566 783.9788854061801 883.9788854061801 432.00702098068035 532.0070209806804
5100 937.848 429.3958 779.1603810904619 879.1603810904619 439.057807893992 539.057807893992
5118 937.848 429.3958 773.7000770999266 873.7000770999266 446.265258669255 546.265258669255
5134 926.62897 436.55338 768.5479494131282 868.5479494131282 452.4345954942897 552.4345954942896
5151 926.62897 436.55338 762.7779103666112 862.7779103666112 458.73048537096236 558.7304853709624
5168 922.5 448.35577 756.7157445286122 856.7157445286122 464.7456100820642 564.7456100820642
5185 922.5 448.35577 750.3750976809954 850.3750976809954 470.46642973411736 570.4664297341174
5203 914.58984 459.5599 743.3738084758055 843.3738084758055 476.1886859160961 576.1886859160961
5219 905.3526 471.62888 736.9160462255444 836.9160462255444 480.9743356401059 580.9743356401059
5237 905.3526 471.62888 729.404044019961 829.404044019961 486.007435004336 586.007435004336
5253 849.4792 485.1106 722.5218717414465 822.5218717414465 490.15964421036574 590.1596442103657
5271 849.4792 485.1106 714.5667557803298 814.5667557803298 494.45829474187997 594.45829474188
5288 849.4792 485.1106 706.864242169551 806.864242169551 498.14650081167713 598.1465008116771
5304 795.5523 501.80295 699.4626183788416 799.4626183788416 501.28036453280606 601.2803645328061
5321 795.5523 501.80295 691.4535261011198 791.4535261011198 504.2444868016163 604.2444868016163
5338 754.7692 515.2975 683.3128564156366 783.3128564156366 506.8253930396211 606.8253930396211
5355 754.7692 515.2975 675.0589337638094 775.0589337638094 509.01727369220305 609.017273692203
5372 723.7739 528.3186 666.710337516615 766.710337516615 510.8151948914908 610.8151948914908
5389 723.7739 528.3186 658.2858601528986 758.2858601528986 512.2151095623715 612.2151095623715
5406 699.8149 532.64716 649.8044649579773 749.8044649579773 513.2138665323532 613.2138665323532
5423 664.0777 544.72614 641.2852433377668 741.2852433377668 513.8092176247758 613.8092176247758
5440 664.0777 544.72614 632.7473718445073 732.7473718445073 513.9998227193989 613.9998227193989
5457 641.52734 552.09814 624.2100690108309 724.2100690108309 513.7852527689789 613.7852527689789
5474 641.52734 552.09814 615.692552089333 715.692552089333 513.1659907650433 613.1659907650433
5491 655.83563 549.0364 607.2139937950213 707.2139937950213 512.1434306506889 612.1434306506889
5508 655.83563 549.0364 598.7934791480179 698.7934791480179 510.71987418285164 610.7198741828516
5525 664.70386 548.24347 590.4499625136663 690.4499625136663 508.8985257511097 608.8985257511097
5543 664.70386 548.24347 581.7204446332313 681.7204446332313 506.5410304866251 606.5410304866251
5559 664.70386 548.24347 574.0688318657412 674.0688318657412 504.079738423869 604.079738423869
5576 676.0609 546.0244 566.0680913626405 666.0680913626405 501.0931464966776 601.0931464966776
5593 673.9435 544.4466 558.218012891798 658.218012891798 497.7304321259451 597.7304321259451
5610 673.9435 544.4466 550.5362667811617 650.5362667811617 493.99916469660786 593.9991646966079
5627 670.3696 540.0417 543.0401444467964 643.0401444467964 489.90774319720856 589.9077431972086
5645 670.3696 540.0417 535.3241421383856 635.3241421383856 485.19334241625086 585.1933424162509
5661 647.1656 536.7365 528.6718096170268 628.6718096170268 480.6820667001052 580.6820667001052
5678 647.1656 536.7365 521.8319398796541 621.8319398796541 475.56857846668925 575.5685784666892
5695 640.8451 530.39996 515.2423066318847 615.2423066318847 470.13642294632587 570.1364229463259
5712 640.8451 530.39996 508.91774297137306 608.9177429713731 464.3978277836013 564.3978277836013
5729 637.47034 520.6695 502.8724853308397 602.8724853308397 458.36571041097886 558.3657104109789
5747 637.47034 520.6695 496.7911702808618 596.7911702808618 451.6739338449379 551.6739338449379
5764 619.8097 509.3134 491.36306905859533 591.3630690585953 445.0809605355471 545.0809605355471
5780 610.45496 502.41226 486.5452998949387 586.5452998949387 438.6471252215585 538.6471252215586
5797 610.45496 502.41226 481.74660595691194 581.7466059569119 431.58284065575424 531.5828406557542
5815 610.45496 502.41226 477.03695216566996 577.03695216567 423.8639399883317 523.8639399883317
5831 600.17554 490.16354 473.18065612063515 573.1806561206351 416.8116979778178 516.8116979778179
5848 600.17554 490.16354 469.43268195865755 569.4326819586576 409.1380893339877 509.1380893339877
5865 573.2282 478.28824 466.05289368960894 566.0528936896089 401.295346752855 501.295346752855
5883 573.2282 478.28824 462.88404530471144 562.8840453047114 392.8265412727159 492.8265412727159
5899 563.3554 464.5125 460.427460199564 560.4274601995639 385.1734160167848 485.1734160167848
5916 563.3554 464.5125 458.1944776869708 558.1944776869708 376.9305179198789 476.9305179198789
5933 546.0485 457.1548 456.35497798067684 556.3549779806768 368.59098431373195 468.59098431373195
5950 546.0485 457.1548 454.91310174796206 554.9131017479621 360.1735872774116 460.1735872774116
5967 539.849 448.75137 453.8720946157316 553.8720946157316 351.69727415859836 451.69727415859836
5984 530.97723 444.43515 453.23429986469176 553.2342998646918 343.18112492358273 443.18112492358273
6001 530.97723 444.43515 453.0036526131048 553.0036526131048 335.1467028281774 435.1467028281774
