5 369.94922 159.24431 333.0105168452194 433.0105168452194 331.48802935375215 431.48802935375215
18 440.4884 187.28539 333.13628878990846 433.13628878990846 324.9581694712406 424.9581694712406
34 440.4884 187.28539 333.4861703954607 433.4861703954607 316.92762829531256 416.92762829531256
51 483.94147 225.13977 334.0935140048509 434.0935140048509 308.4087391863609 408.4087391863609
68 483.94147 225.13977 334.94310583748677 434.94310583748677 299.91059046864586 399.91059046864586
86 534.42334 252.10077 336.1059474282776 436.1059474282776 290.9428107334055 390.9428107334055
102 534.42334 252.10077 337.3660842002114 437.3660842002114 283.00404105339845 383.00404105339845
119 578.49835 277.31982 338.93750703184975 438.93750703184975 274.6093422383909 374.6093422383909
156 616.8386 302.26318 343.1794832666984 443.1794832666984 256.51407817905204 356.51407817905204
156 616.8386 302.26318 343.1794832666984 443.1794832666984 256.51407817905204 356.51407817905204
170 616.8386 302.26318 345.0756512552929 445.0756512552929 249.74105744826687 349.7410574482669
187 640.8845 321.07385 347.59079703666407 447.59079703666407 241.57929418234613 341.57929418234613
205 653.34235 329.0799 350.50596515083794 450.50596515083794 233.0192083877314 333.0192083877314
221 653.34235 329.0799 353.31279086333535 453.31279086333535 225.48702821623766 325.48702821623766
238 667.1299 338.72427 356.51500152904384 456.51500152904384 217.5695674640201 317.5695674640201
255 667.1299 338.72427 359.9412889638151 459.9412889638151 209.74646754616077 309.7464675461608
273 667.1299 338.72427 363.8102697116431 463.8102697116431 201.57308012612515 301.57308012612515
289 677.47266 347.0863 367.4548074744846 467.4548074744846 194.40862946948707 294.4086294694871
306 677.47266 347.0863 371.53594923283765 471.53594923283765 186.90632183391858 286.9063218339186
323 685.9846 348.73575 375.8289940602396 475.8289940602396 179.52322600490484 279.5232260049048
340 685.9846 348.73575 380.3304626662418 480.3304626662418 172.26532559916362 272.2653255991636
357 692.59863 345.52182 385.0367068437197 485.0367068437197 165.13850276900726 265.13850276900723
374 692.59863 345.52182 389.9439124255555 489.9439124255555 158.14853343516307 258.1485334351631
392 704.1598 340.39236 395.3543956887837 495.3543956887837 150.90284887099742 250.90284887099742
408 710.5764 337.04416 400.34514001297055 500.34514001297055 144.601699784777 244.601699784777
425 710.5764 337.04416 405.83073236238414 505.83073236238414 138.05581447516937 238.05581447516937
442 720.07153 329.38794 411.50043363562395 511.50043363562395 131.66873177782583 231.66873177782583
459 720.07153 329.38794 417.3496488335043 517.3496488335043 125.44562809241546 225.44562809241546
476 729.69714 325.3614 423.3736374701024 523.3736374701024 119.39154692211227 219.39154692211227
493 729.69714 325.3614 429.5675174146769 529.5675174146769 113.51139478609738 213.51139478609738
510 778.7259 318.53137 435.9262688483818 535.9262688483818 107.8099372430793 207.8099372430793
527 778.7259 318.53137 442.44473833256984 542.4447383325698 102.29179502905546 202.29179502905546
544 778.7259 318.53137 449.1176429853873 549.1176429853873 96.96144031244515 196.96144031244515
562 764.8732 324.66644 456.34538828338435 556.3453882833844 91.52701560946679 191.5270156094668
578 764.8732 324.66644 462.90500484391305 562.905004843913 86.88121758382923 186.88121758382923
595 761.3099 324.677 470.0082881070341 570.0082881070341 82.13951907017963 182.13951907017963
612 761.3099 324.677 477.24366770951156 577.2436677095116 77.60194042970028 177.60194042970028
629 765.0823 319.69827 484.6052797509776 584.6052797509776 73.27215913482809 173.2721591348281
646 757.8966 320.21323 492.08715802621145 592.0871580262115 69.15368424901567 169.15368424901567
664 757.8966 320.21323 500.1334925058843 600.1334925058843 65.02696940712423 165.02696940712423
680 755.84265 321.99265 507.3873660236304 607.3873660236304 61.563830988764266 161.56383098876427
697 755.84265 321.99265 515.1932957197998 615.1932957197998 58.09860379723074 158.09860379723074
714 742.44275 319.4637 523.0947016472838 623.0947016472838 54.85698039535282 154.85698039535282
731 742.44275 319.4637 531.0851801258791 631.0851801258791 51.84158795097835 151.84158795097835
748 734.7666 299.07962 539.158255286693 639.158255286693 49.0548702834833 149.0548702834833
765 734.7666 299.07962 547.3073843205016 647.3073843205016 46.49908588318232 146.49908588318232
782 695.6184 250.48871 555.5259627803556 655.5259627803556 44.176306080939696 144.1763060809397
799 695.6184 250.48871 563.8073299341439 663.8073299341439 42.08841336946284 142.08841336946284
816 679.7683 216.4959 572.1447741627716 672.1447741627716 40.23709987763954 140.23709987763954
834 679.7683 216.4959 581.0262683082123 681.0262683082123 38.53641304886645 138.53641304886645
850 665.49615 183.77158 588.960825606595 688.960825606595 37.25001917650059 137.2500191765006
868 665.49615 183.77158 597.9247092126128 697.9247092126128 36.05751565750103 136.05751565750103
885 659.58417 153.84077 606.4200007018427 706.4200007018427 35.17981387243941 135.1798138724394
901 659.58417 153.84077 614.4353709721212 714.4353709721212 34.574960050003085 134.57496005000309
918 655.0833 130.81012 622.9661736117806 722.9661736117806 34.167843072143 134.167843072143
935 655.0833 130.81012 631.5051081479654 731.5051081479654 34.00372452586896 134.00372452586896
952 659.1679 109.545 640.0452542165596 740.0452542165596 34.08273742076125 134.08273742076125
970 669.90814 88.487465 649.0813904556234 749.0813904556234 34.431328605587055 134.43132860558705
986 669.90814 88.487465 657.1015001944813 757.1015001944813 34.96970439707047 134.96970439707047
1003 672.2961 76.68171 665.6037768999744 765.6037768999744 35.77693963769889 135.7769396376989
1020 672.2961 76.68171 674.0796299331981 774.0796299331981 36.82586922049978 136.82586922049978
1037 672.2961 76.68171 682.5221900543268 782.5221900543268 38.115643042381976 138.11564304238198
1054 690.8987 57.802128 690.9246150057149 790.9246150057149 39.645215808474234 139.64521580847423
1071 690.8987 57.802128 699.2800950571935 799.2800950571935 41.41334787928315 141.41334787928315
1089 707.2034 47.35042 708.0683806888678 808.0683806888678 43.54391343827683 143.54391343827683
1105 707.2034 47.35042 715.8231772598931 815.8231772598931 45.65936583863811 145.6593658386381
1122 723.843 39.011456 723.9973720999366 823.9973720999366 48.133810549576026 148.13381054957603
1139 723.843 39.011456 732.0978182836474 832.0978182836474 50.839934998910564 150.83993499891056
1156 739.40845 30.619566 740.117950819005 840.117950819005 53.77554601295549 153.7755460129555
1173 757.8098 27.187294 748.0512698040402 848.0512698040402 56.93826443105149 156.9382644310515
1191 757.8098 27.187294 756.3494866729714 856.3494866729714 60.53171273890922 160.53171273890922
1207 769.2661 23.016577 763.6318245155068 863.6318245155068 63.93458862018292 163.93458862018292
1226 769.2661 23.016577 772.15737385635 872.15737385635 68.22711706909587 168.22711706909587
1241 780.44666 20.11362 778.788983721744 878.788983721744 71.80623152831976 171.80623152831976
1258 780.44666 20.11362 786.1933800147626 886.1933800147626 76.06243329120804 176.06243329120804
1275 802.537 21.706017 793.4736210088488 893.4736210088488 80.52768009049117 180.52768009049117
1292 802.537 21.706017 800.6238064458005 900.6238064458005 85.19835307494287 185.19835307494287
1309 802.537 21.706017 807.638141470708 907.638141470708 90.0706669060545 190.0706669060545
1326 822.9534 20.227173 814.5109413283826 914.5109413283826 95.14067282585665 195.14067282585665
1344 822.9534 20.227173 821.6275668282935 921.6275668282935 100.71982289007568 200.71982289007568
1360 835.78253 21.161158 827.809774570124 927.809774570124 105.85716813378187 205.85716813378187
1377 849.6475 28.982666 834.2250299387413 934.2250299387413 111.49497235758312 211.49497235758312
1394 849.6475 28.982666 840.4772028442499 940.4772028442499 117.31310538030687 217.31310538030687
1411 871.6017 33.027054 846.5612262243785 946.5612262243785 123.30685190652298 223.30685190652298
1428 871.6017 33.027054 852.4721692933363 952.4721692933363 129.47135431515434 229.47135431515434
1445 891.1418 36.806263 858.2052415379586 958.2052415379586 135.80161659632608 235.80161659632608
1462 891.1418 36.806263 863.7557966001699 963.7557966001699 142.29250840037312 242.29250840037312
1479 907.6088 50.08813 869.1193360426164 969.1193360426164 148.93876919572267 248.93876919572267
1496 907.6088 50.08813 874.2915129944168 974.2915129944168 155.73501253228335 255.73501253228335
1513 926.0026 59.486526 879.2681356740757 979.2681356740757 162.675730406883 262.67573040688296
1531 926.0026 59.486526 884.3198737571439 984.3198737571439 170.1759448228275 270.1759448228275
1547 949.44183 64.74964 888.6187467928016 988.6187467928016 176.96797687071094 276.9679768707109
1564 949.44183 64.74964 892.9851570459276 992.9851570459276 184.30792233453255 284.3079223345326
1582 960.1797 77.84741 897.3786814969314 997.3786814969314 192.2117326082863 292.2117326082863
1598 960.1797 77.84741 901.0824960610505 1001.0824960610505 199.34571931915121 299.3457193191512
1615 974.9847 97.62688 904.8068623492258 1004.8068623492258 207.03138348446487 307.03138348446487
1632 974.9847 97.62688 908.3109432553329 1008.3109432553329 214.8199491363638 314.8199491363638
1649 991.4089 109.54322 911.5918989033121 1011.5918989033121 222.7051040458423 322.7051040458423
1666 991.4089 109.54322 914.6470702485676 1014.6470702485676 230.6804577033056 330.6804577033056
1683 999.92224 126.80821 917.4739812329851 1017.4739812329851 238.73954649774532 338.7395464977453
1700 999.92224 126.80821 920.0703407916484 1020.0703407916484 246.87583895516212 346.8758389551621
1717 1005.6533 143.13544 922.4340447096293 1022.4340447096293 255.08274103198784 355.08274103198784
1734 1005.6533 143.13544 924.5631773273444 1024.5631773273444 263.35360145921436 363.35360145921436
1751 1013.0646 157.69351 926.4560130930984 1026.4560130930984 271.6817171329047 371.6817171329047
1768 1025.8928 176.98795 928.1110179615537 1028.1110179615537 280.0603385467098 380.0603385467098
1785 1025.8928 176.98795 929.5268506369953 1029.5268506369953 288.4826752619944 388.4826752619944
1802 1025.8928 176.98795 930.7023636603816 1030.7023636603817 296.94190141113677 396.94190141113677
1819 1029.7856 195.49182 931.6366043392997 1031.6366043392995 305.4311612295389 405.4311612295389
1836 1029.7856 195.49182 932.3288155200738 1032.328815520074 313.9435746118702 413.9435746118702
1853 1036.049 212.52748 932.7784362013994 1032.7784362013995 322.4722426880359 422.4722426880359
1870 1036.049 212.52748 932.9851019890048 1032.9851019890048 331.01025341435343 431.01025341435343
1887 1037.0382 236.30197 932.9486453909749 1032.948645390975 339.5506871754069 439.5506871754069
1905 1037.0382 236.30197 932.6450853553974 1032.6450853553974 348.5884482504665 448.5884482504665
1921 1038.1193 259.06845 932.1466802368993 1032.1466802368993 356.6111411309172 456.6111411309172
1939 1050.135 273.94397 931.3292920861586 1031.3292920861586 365.61698093385 465.61698093385
1955 1050.135 273.94397 930.3751400172805 1030.3751400172805 373.5983093035911 473.5983093035911
1972 1058.2458 290.2804 929.1274512558361 1029.1274512558361 382.04719151753216 482.04719151753216
1990 1058.2458 290.2804 927.5448065389205 1027.5448065389205 390.9504779694597 490.9504779694597
2006 1063.7246 306.41614 925.9132915457113 1025.9132915457112 398.8213208432003 498.8213208432003
2023 1063.7246 306.41614 923.9494255069792 1023.9494255069792 407.13297339202586 507.13297339202586
2040 1067.1456 325.2344 921.7497600303433 1021.7497600303433 415.385355454278 515.3853554542779
2057 1067.1456 325.2344 919.3160778307275 1019.3160778307275 423.5717789017766 523.5717789017766
2074 1067.1456 325.2344 916.6503512814876 1016.6503512814876 431.68560906238275 531.6856090623828
2091 1061.6682 344.02203 913.7547408159044 1013.7547408159044 439.7202700970553 539.7202700970553
2108 1061.6682 344.02203 910.6315931762647 1010.6315931762647 447.6692503292295 547.6692503292295
2125 1060.5193 359.0003 907.2834395119482 1007.2834395119482 455.52610752219204 555.526107522192
2143 1057.9473 376.01062 903.4961054216201 1003.4961054216201 463.737646624778 563.737646624778
2159 1057.9473 376.01062 899.9231482862865 999.9231482862865 470.9380623089762 570.9380623089762
2176 1059.5975 395.4605 895.9169758597092 995.9169758597092 478.4806693117979 578.4806693117979
2193 1059.5975 395.4605 891.6977228435584 991.6977228435584 485.90618221638465 585.9061822163847
2210 1051.8069 409.11008 887.2688087238421 987.2688087238421 493.20858302917645 593.2085830291765
2227 1051.8069 409.11008 882.6338229060326 982.6338229060326 500.38195353258584 600.3819535325858
2244 1041.936 424.85052 877.7965218060378 977.7965218060378 507.42048008140796 607.420480081408
2261 1041.936 424.85052 872.7608258058228 972.7608258058228 514.3184583144773 614.3184583144773
2278 1028.0793 441.8948 867.5308160761413 967.5308160761413 521.0702977777584 621.0702977777584
2295 1028.0793 441.8948 862.1107312689596 962.1107312689596 527.6705264551181 627.6705264551181
2312 1028.0793 441.8948 856.5049640822481 956.5049640822481 534.1137952031119 634.1137952031119
2329 1014.53723 458.6295 850.7180576999276 950.7180576999276 540.394882086187 640.394882086187
2346 1012.4954 472.7692 844.754702109853 944.754702109853 546.5086966087915 646.5086966087915
2363 1012.4954 472.7692 838.6197303028227 938.6197303028227 552.4502838409564 652.4502838409564
2380 925.8723 487.85318 832.3181143556885 932.3181143556885 558.2148284340103 658.2148284340103
2397 925.8723 487.85318 825.8549614017456 925.8549614017456 563.7976585231695 663.7976585231695
2415 917.91516 496.70392 818.8413765564474 918.8413765564474 569.5058019659065 669.5058019659065
2431 917.91516 496.70392 812.4651233483269 912.4651233483269 574.4002277485814 674.4002277485814
2448 931.02185 511.88312 805.5492900189863 905.5492900189863 579.4113740517007 679.4113740517007
2465 931.02185 511.88312 798.4936144283101 898.4936144283101 584.2236271487043 684.2236271487043
2482 928.8757 522.2852 791.3038148358737 891.3038148358737 588.8330869577367 688.8330869577367
2500 928.8757 522.2852 783.5513727666926 883.5513727666926 593.48850486691 693.48850486691
2516 743.1005 417.8282 776.54525546435 876.54525546435 597.4288511793545 697.4288511793545
2534 743.1005 417.8282 768.5404466713042 868.5404466713042 601.6355494252274 701.6355494252274
2550 769.81226 452.84033 761.3214464020558 861.3214464020558 605.1708066759479 705.1708066759479
2567 769.81226 452.84033 753.5504381858558 853.5504381858558 608.7136542896951 708.7136542896951
2584 785.6841 482.23676 745.6817300841386 845.6817300841386 612.0338607170812 712.0338607170812
2601 785.6841 482.23676 737.721699277214 837.721699277214 615.1287351027865 715.1287351027865
2618 792.4982 507.8065 729.6767969577133 829.6767969577133 617.9957692114392 717.9957692114392
2636 792.4982 507.8065 721.0734050251664 821.0734050251664 620.7805351262059 720.7805351262059
2652 781.0477 559.221 713.3585211872297 813.3585211872297 623.0372088029525 723.0372088029525
2669 781.0477 559.221 705.0983728534557 805.0983728534557 625.2075284601758 725.2075284601758
2687 780.9423 580.5455 696.2887884500344 796.2887884500344 627.2482382837565 727.2482382837565
2703 781.3044 597.64215 688.4095219750633 788.4095219750633 628.8385742647915 728.8385742647915
2720 781.3044 597.64215 679.9943448795832 779.9943448795832 630.296357637651 730.296357637651
2738 779.3776 609.6311 671.0427906981013 771.0427906981013 631.5781344048996 731.5781344048996
2754 779.3776 609.6311 663.0565821743512 763.0565821743512 632.4905389924386 732.4905389924386
2772 771.8462 622.6685 654.0465913636143 754.0465913636143 633.2608243522246 733.2608243522246
2788 771.8462 622.6685 646.0214019995067 746.0214019995067 633.7172719246712 733.7172719246712
2805 768.3526 635.6045 637.4845270833351 737.4845270833351 633.9664798220608 733.9664798220608
2822 768.3526 635.6045 628.9440176902656 728.9440176902656 633.9725804261168 733.9725804261168
2839 768.3526 635.6045 620.4067954607539 720.4067954607539 633.7355687926154 733.7355687926154
2856 744.63165 640.4986 611.8797793711809 711.8797793711809 633.2556370072082 733.2556370072082
2873 744.63165 640.4986 603.3698801263789 703.3698801263789 632.5331740297464 732.5331740297464
2890 720.10815 646.76434 594.8839945588649 694.8839945588649 631.5687653790487 731.5687653790487
2908 707.7069 650.70184 585.9327560156919 685.9327560156919 630.2847862171152 730.2847862171152
2924 707.7069 650.70184 578.0117489028069 678.0117489028069 628.9174329219486 728.9174329219486
2941 695.2135 658.00055 569.6390628953682 669.6390628953682 627.232657883161 727.232657883161
2958 695.2135 658.00055 561.3177276452934 661.3177276452934 625.3102329649023 725.3102329649023
2975 679.57477 659.57666 553.0544871637487 653.0544871637487 623.1517161929854 723.1517161929854
2993 679.57477 659.57666 544.3759367047026 644.3759367047026 620.6108431393186 720.6108431393186
3009 663.5442 663.0564 536.7290257094023 636.7290257094023 618.1335944747455 718.1335944747455
3026 663.5442 663.0564 528.6800356774336 628.6800356774336 615.278056456131 715.278056456131
3044 648.3218 662.2417 520.2498660899855 620.2498660899855 612.0061281757542 712.0061281757542
3060 648.3218 662.2417 512.8421481644934 612.8421481644934 608.8855955525434 708.8855955525434
3077 634.4277 661.81244 505.066086470933 605.066086470933 605.3538534259965 705.3538534259965
3094 634.4277 661.81244 497.3937085871838 597.3937085871838 601.6021930576474 701.6021930576474
3111 620.74615 661.64795 489.8312325780845 589.8312325780845 597.6336549738851 697.6336549738851
3129 620.74615 661.64795 481.9505041384623 581.9505041384623 593.1988614943655 693.1988614943655
3145 603.8817 658.4856 475.06040812706976 575.0604081270698 589.058983999804 689.058983999804
3163 603.8817 658.4856 467.4448257527072 567.4448257527072 584.182901653867 684.182901653867
3179 591.27606 650.92474 460.8014873683203 560.8014873683203 579.6576321782761 679.6576321782761
3197 591.27606 650.92474 453.4757341971813 553.4757341971813 574.3560650118047 674.3560650118047
3213 575.3031 646.80365 447.10068540279684 547.1006854027969 569.4600705688548 669.4600705688548
3230 575.3031 646.80365 440.47353053246013 540.4735305324601 564.0729418127313 664.0729418127313
3247 561.1779 639.72766 434.0024083925641 534.0024083925641 558.4993508552757 658.4993508552757
3264 561.1779 639.72766 427.69256349239276 527.6925634923928 552.7438148032415 652.7438148032415
3281 543.8984 633.4204 421.54910963438175 521.5491096343817 546.8109982204569 646.8109982204569
3298 543.8984 633.4204 415.5770257696452 515.5770257696452 540.7057093474355 640.7057093474355
3315 530.3092 625.987 409.7811519627961 509.7811519627961 534.4328962045494 634.4328962045494
3332 530.3092 625.987 404.1661854693228 504.1661854693228 527.9976425819129 627.9976425819129
3349 519.7478 620.7673 398.7366769287074 498.7366769287074 521.4051639192346 621.4051639192346
3366 519.7478 620.7673 393.49702667636814 493.49702667636814 514.6608030789737 614.6608030789737
3383 505.30264 610.26044 388.45148117741576 488.45148117741576 507.7700260162269 607.7700260162269
3400 505.30264 610.26044 383.6041295851123 483.6041295851123 500.7384173488538 600.7384173488538
3418 491.74567 593.8766 378.69202741539596 478.69202741539596 493.1460181088685 593.1460181088685
3434 491.74567 593.8766 374.519558420162 474.519558420162 486.2756097367269 586.2756097367269
3451 477.52756 582.2218 370.28970142185455 470.28970142185455 478.85613214835485 578.8561321483548
3469 465.7743 564.5377 366.043167657697 466.043167657697 470.8723845988062 570.8723845988062
3485 465.7743 564.5377 362.4719822152257 462.4719822152257 463.6710900449318 563.6710900449318
3502 439.78375 530.18884 358.8904558633554 458.8904558633554 455.9178322199049 555.9178322199049
3519 439.78375 530.18884 355.5310810978608 455.5310810978608 448.06576630732854 548.0657663073285
3536 460.89682 504.5287 352.3965805179704 452.3965805179704 440.1212559998803 540.1212559998803
3553 460.89682 504.5287 349.4894944740342 449.4894944740342 432.0907399116313 532.0907399116313
3570 460.89682 504.5287 346.8121790087004 446.8121790087004 423.9807263598813 523.9807263598814
3588 481.87796 480.64047 344.23022471939606 444.23022471939606 415.31430922285153 515.3143092228515
3604 481.87796 480.64047 342.155351140146 442.155351140146 407.5485569510936 507.5485569510936
3621 449.6607 454.95352 340.17961285468476 440.17961285468476 399.23971851615926 499.23971851615926
3638 449.6607 454.95352 338.44119032461737 438.44119032461737 390.87800666884965 490.87800666884965
3655 425.3278 435.01852 336.9414924513526 436.9414924513526 382.4701981434725 482.4701981434725
3672 425.3278 435.01852 335.68173466233077 435.68173466233077 374.02310703330426 474.02310703330426
3689 411.1919 414.42737 334.66293792598333 434.66293792598333 365.5435792681223 465.5435792681223
3706 403.92435 397.68695 333.8859279242903 433.8859279242903 357.03848706593226 457.03848706593226
3724 403.92435 397.68695 333.32744725508564 433.32744725508564 348.0128916126015 448.0128916126015
3740 391.25192 375.7271 333.05959056430925 433.05959056430925 339.9791962294431 439.9791962294431
3757 391.25192 375.7271 453.02406576024066 553.0240657602407 331.056686471707 431.056686471707
3774 376.3995 357.6822 453.36623095517183 553.3662309551719 322.5235450269113 422.5235450269113
3791 376.3995 357.6822 454.11274721758974 554.1127472175897 314.01623679178385 414.01623679178385
3808 368.27808 343.78925 455.26193415828243 555.2619341582824 305.553911501838 405.553911501838
3825 368.27808 343.78925 456.81120498653286 556.8112049865329 297.15561763711503 397.15561763711503
3842 368.27808 343.78925 458.7570723329198 558.7570723329197 288.84025954453836 388.84025954453836
3859 353.3323 329.8619 461.09515609929747 561.0951560992975 280.62655488470796 380.62655488470796
3876 350.49905 323.83194 463.8201933182859 563.8201933182859 272.53299249891984 372.53299249891984
3893 350.49905 323.83194 466.92605000007745 566.9260500000775 264.5777907912517 364.5777907912517
3910 345.26816 299.58426 470.40573493989234 570.4057349398923 256.7788567193968 356.7788567193968
3928 345.26816 299.58426 474.4888488204813 574.4888488204813 248.71099161237862 348.7109916123786
3944 342.3636 284.87567 478.4544350159092 578.4544350159092 241.71962102511617 341.71962102511617
3961 342.3636 284.87567 483.0053327319572 583.0053327319572 234.49321736108072 334.4932173610807
3978 337.1647 277.5469 487.893864647575 587.893864647575 227.49080094619188 327.4908009461919
3995 337.1647 277.5469 493.109026801152 593.109026801152 220.7281340425647 320.7281340425647
4012 337.02765 269.5568 498.63907999467915 598.6390799946792 214.22043924223226 314.22043924223226
4030 337.02765 269.5568 504.82380561963384 604.8238056196338 207.62411941289355 307.62411941289355
4047 361.76904 261.24936 510.9622116294033 610.9622116294033 201.6868177027948 301.68681770279477
4064 361.76904 261.24936 517.3753216119491 617.3753216119491 196.0473496171248 296.04734961712484
4081 393.031 259.3597 524.0486998190197 624.0486998190197 190.7184094558065 290.7184094558065
4097 393.031 259.3597 530.5538343096449 630.5538343096449 185.9973542961332 285.9973542961332
4114 421.48883 249.83144 537.689062464963 637.689062464963 181.30479645322103 281.304796453221
4131 421.48883 249.83144 545.0388331282979 645.0388331282979 176.95595164869005 276.9559516486901
4148 444.91965 241.5471 552.5866021519138 652.5866021519138 172.9606090221234 272.96060902212344
4165 444.91965 241.5471 560.3153796987771 660.3153796987771 169.32776198864897 269.32776198864894
4182 459.75708 235.18134 568.2077684862486 668.2077684862486 166.06558799499004 266.06558799499004
4199 459.75708 235.18134 576.2460029469295 676.2460029469295 163.1814301122385 263.1814301122385
4216 484.98663 229.14249 584.4119892185008 684.4119892185008 160.68178050678887 260.68178050678887
4233 484.98663 229.14249 592.6873458725511 692.6873458725511 158.57226582663537 258.5722658266354
4251 502.7834 212.50824 601.547993109811 701.547993109811 156.76915826363768 256.7691582636377
4267 527.73376 199.97627 609.4914555949256 709.4914555949256 155.54174622631027 255.54174622631027
4284 527.73376 199.97627 617.9823830375866 717.9823830375866 154.6275629290547 254.6275629290547
4302 547.86145 189.77467 627.009212437205 727.009212437205 154.09972077737774 254.09972077737774
4318 547.86145 189.77467 635.0464617946108 735.0464617946108 154.01163372561214 254.01163372561214
4335 547.86145 189.77467 643.581202299593 743.581202299593 154.31127426047263 254.31127426047263
4352 571.61865 182.48453 652.0921247860152 752.0921247860152 155.01538956894865 255.01538956894865
4369 571.61865 182.48453 660.5600713827765 760.5600713827765 156.12239470530233 256.1223947053023
4387 599.24866 163.98355 669.4581090553891 769.4581090553891 157.73086973577773 257.73086973577773
4404 599.24866 163.98355 677.7777122819134 777.7777122819134 159.65850613580778 259.6585061358078
4420 620.36316 153.485 685.5161853111272 785.5161853111272 161.83133188536496 261.831331885365
4437 620.36316 153.485 693.6232260010909 793.6232260010909 164.5160052712332 264.5160052712332
4455 640.1318 143.5338 702.0580281761817 802.0580281761817 167.77428374521077 267.77428374521077
4471 669.407 141.19443 709.4099817666976 809.4099817666976 171.0229627020636 271.02296270206364
4488 669.407 141.19443 717.0541612546845 817.0541612546845 174.83059975054408 274.8305997505441
4506 699.4786 132.91547 724.9414118764473 824.9414118764473 179.25253868910977 279.25253868910977
4522 699.4786 132.91547 731.7581279004737 831.7581279004737 183.51135533338842 283.51135533338845
4539 727.3078 122.85327 738.7848168015221 838.7848168015221 188.36493370665013 288.36493370665016
4556 727.3078 122.85327 745.5733867574248 845.5733867574248 193.54633292803192 293.5463329280319
4573 727.3078 122.85327 752.108556869033 852.108556869033 199.0438897990301 299.0438897990301
4590 758.8915 120.36108 758.3756166338345 858.3756166338345 204.8452294582745 304.8452294582745
4607 758.8915 120.36108 764.3604590589218 864.3604590589218 210.9372932370277 310.9372932370277
4624 776.95056 122.55664 770.0496124154753 870.0496124154753 217.30636805391646 317.30636805391646
4641 776.95056 122.55664 775.4302705632856 875.4302705632856 223.93811728273374 323.93811728273374
4658 799.075 131.39873 780.4903217770493 880.4903217770493 230.81761302381858 330.8176130238186
4676 814.36206 146.59694 785.4859265519513 885.4859265519513 238.35460176468007 338.35460176468007
4692 814.36206 146.59694 789.6037905304013 889.6037905304013 245.25737894613326 345.25737894613326
4709 840.02966 166.64403 793.6366938824929 893.6366938824929 252.78514557975075 352.78514557975075
4726 840.02966 166.64403 797.3080081024611 897.3080081024611 260.4957247950736 360.4957247950736
4743 871.516 203.51892 800.6094691549205 900.6094691549205 268.3717602734482 368.3717602734482
4760 871.516 203.51892 803.5336455346032 903.5336455346032 276.3955232583588 376.3955232583588
4777 905.9854 243.93427 806.0739549944915 906.0739549944915 284.5489524624127 384.5489524624127
4794 905.9854 243.93427 808.2246793622878 908.2246793622878 292.8136947228397 392.8136947228397
4811 930.4129 285.08533 809.980977411876 909.980977411876 301.17114631399613 401.17114631399613
4828 930.4129 285.08533 811.3388957607996 911.3388957607996 309.60249482388303 409.60249482388303
4845 956.3252 316.19604 812.2953777692248 912.2953777692248 318.08876150040663 418.08876150040663
4862 956.3252 316.19604 812.84827042036 912.84827042036 326.6108439720703 426.6108439720703
4879 973.3755 343.04974 812.9963291668411 912.9963291668411 335.1495592469291 435.1495592469291
4897 973.3755 343.04974 812.7114868280897 912.7114868280897 344.18732065055974 444.18732065055974
4913 985.04694 367.69885 812.0775238609478 912.0775238609478 352.200012303063 452.200012303063
4931 985.04694 367.69885 810.9375863875596 910.9375863875596 361.1701187073185 461.1701187073185
4947 1000.675 391.47668 809.5472300260149 909.5472300260149 369.0866865084376 469.0866865084376
4964 1000.675 391.47668 807.6843286896907 907.6843286896907 377.4210238275436 477.4210238275436
4981 1003.1156 410.2578 805.4282173508461 905.4282173508461 385.65762152102405 485.65762152102405
4999 1003.1156 410.2578 802.6164664715639 902.6164664715639 394.25159169433493 494.25159169433493
5015 971.06396 442.46002 799.7575521379785 899.7575521379785 401.7636982827043 501.7636982827043
5032 943.4369 470.77313 796.3557627878217 896.3557627878217 409.59692297976756 509.59692297976756
5049 943.4369 470.77313 792.5862637502574 892.5862637502574 417.25998091660404 517.259980916604
5066 943.4369 470.77313 788.4575400722103 888.4575400722103 424.73562274375536 524.7356227437554
5083 923.10034 496.83163 783.9788854061801 883.9788854061801 432.00702098068035 532.0070209806804
5100 923.10034 496.83163 779.1603810904619 879.1603810904619 439.057807893992 539.057807893992
5117 908.2027 516.20953 774.0128734563121 874.0128734563121 445.8721123408068 545.8721123408068
5134 908.2027 516.20953 768.5479494131282 868.5479494131282 452.4345954942897 552.4345954942896
5151 894.9525 536.1069 762.7779103666112 862.7779103666112 458.73048537096236 558.7304853709624
5168 894.9525 536.1069 756.7157445286122 856.7157445286122 464.7456100820642 564.7456100820642
5185 881.9886 555.61414 750.3750976809954 850.3750976809954 470.46642973411736 570.4664297341174
5202 881.9886 555.61414 743.7702424593289 843.7702424593289 475.8800669068827 575.8800669068827
5220 864.9484 570.71674 736.5054202885274 836.5054202885274 481.26380400796154 581.2638040079615
5236 850.33923 583.2203 729.8279376018812 829.8279376018812 485.73776886380733 585.7377688638073
5253 850.33923 583.2203 722.5218717414465 822.5218717414465 490.15964421036574 590.1596442103657
5270 836.1454 579.46576 715.014294413571 815.014294413571 494.2300081502966 594.2300081502966
5287 836.1454 579.46576 707.3221049847989 807.3221049847989 497.93969839739407 597.9396983973941
5304 831.3025 572.7946 699.4626183788416 799.4626183788416 501.28036453280606 601.2803645328061
5321 831.3025 572.7946 691.4535261011198 791.4535261011198 504.2444868016163 604.2444868016163
5338 831.3025 572.7946 683.3128564156366 783.3128564156366 506.8253930396211 606.8253930396211
5355 872.99896 570.95636 675.0589337638094 775.0589337638094 509.01727369220305 609.017273692203
5372 872.99896 570.95636 666.710337516615 766.710337516615 510.8151948914908 610.8151948914908
5389 854.4287 571.8293 658.2858601528986 758.2858601528986 512.2151095623715 612.2151095623715
5407 836.5969 570.9634 649.3041943374132 749.3041943374132 513.2600715357657 613.2600715357657
5424 836.5969 570.9634 640.7833442119403 740.7833442119403 513.8316422459586 613.8316422459586
5440 810.71234 570.57697 632.7473718445073 732.7473718445073 513.9998227193989 613.9998227193989
5457 810.71234 570.57697 624.2100690108309 724.2100690108309 513.7852527689789 613.7852527689789
5474 789.4003 569.00006 615.692552089333 715.692552089333 513.1659907650433 613.1659907650433
5491 789.4003 569.00006 607.2139937950213 707.2139937950213 512.1434306506889 612.1434306506889
5508 769.92303 565.25256 598.7934791480179 698.7934791480179 510.71987418285164 610.7198741828516
5525 769.92303 565.25256 590.4499625136663 690.4499625136663 508.8985257511097 608.8985257511097
5542 759.34766 564.2005 582.2022249367301 682.2022249367301 506.68348516468336 606.6834851646834
5559 759.34766 564.2005 574.0688318657412 674.0688318657412 504.079738423869 604.079738423869
5576 759.34766 564.2005 566.0680913626405 666.0680913626405 501.0931464966776 601.0931464966776
5593 740.0923 563.2715 558.218012891798 658.218012891798 497.7304321259451 597.7304321259451
5610 724.00037 560.06055 550.5362667811617 650.5362667811617 493.99916469660786 593.9991646966079
5627 724.00037 560.06055 543.0401444467964 643.0401444467964 489.90774319720856 589.9077431972086
5644 711.69104 556.74744 535.7465194703461 635.7465194703461 485.4653773139863 585.4653773139863
5662 711.69104 556.74744 528.2628105761767 628.2628105761767 480.3903041584317 580.3903041584317
5678 697.9933 551.5507 521.8319398796541 621.8319398796541 475.56857846668925 575.5685784666892
5695 697.9933 551.5507 515.2423066318847 615.2423066318847 470.13642294632587 570.1364229463259
5712 668.8273 549.2567 508.91774297137306 608.9177429713731 464.3978277836013 564.3978277836013
5729 668.8273 549.2567 502.8724853308397 602.8724853308397 458.36571041097886 558.3657104109789
5746 646.4306 543.9008 497.1201414322254 597.1201414322254 452.0536489719888 552.0536489719889
5764 646.4306 543.9008 491.36306905859533 591.3630690585953 445.0809605355471 545.0809605355471
5780 613.8961 537.7311 486.5452998949387 586.5452998949387 438.6471252215585 538.6471252215586
5797 613.8961 537.7311 481.74660595691194 581.7466059569119 431.58284065575424 531.5828406557542
5814 586.6686 534.74585 477.2883795805666 577.2883795805666 424.29889958551144 524.2988995855114
5831 586.6686 534.74585 473.18065612063515 573.1806561206351 416.8116979778178 516.8116979778179
5848 564.55194 515.17395 469.43268195865755 569.4326819586576 409.1380893339877 509.1380893339877
5865 564.55194 515.17395 466.05289368960894 566.0528936896089 401.295346752855 501.295346752855
5882 560.79205 492.724 463.04889913133843 563.0488991313384 393.30112404946493 493.30112404946493
5900 560.79205 492.724 460.2853018905736 560.2853018905736 384.6915481808328 484.6915481808328
5916 549.94543 472.46445 458.1944776869708 558.1944776869708 376.9305179198789 476.9305179198789
5933 549.94543 472.46445 456.35497798067684 556.3549779806768 368.59098431373195 468.59098431373195
5950 536.7261 454.52234 454.91310174796206 554.9131017479621 360.1735872774116 460.1735872774116
5967 536.7261 454.52234 453.8720946157316 553.8720946157316 351.69727415859836 451.69727415859836
5984 519.09784 433.21008 453.23429986469176 553.2342998646918 343.18112492358273 443.18112492358273
6001 503.78476 401.79077 453.0036526131048 553.0036526131048 335.1467028281774 435.1467028281774
