0 358.6987 116.26733 333.0 433.0 334.0 434.0
17 286.95895 93.01386 333.1215672298508 433.1215672298508 325.460353677165 425.460353677165
34 286.95895 93.01386 333.4861703954607 433.4861703954607 316.92762829531256 416.92762829531256
51 368.6617 125.12752 334.0935140048509 434.0935140048509 308.4087391863609 408.4087391863609
68 368.6617 125.12752 334.94310583748677 434.94310583748677 299.91059046864586 399.91059046864586
85 432.26624 152.98325 336.0342573431978 436.0342573431978 291.44006945149073 391.44006945149073
103 485.1574 184.55753 337.4518999466856 437.4518999466856 282.5090245297676 382.5090245297676
119 485.1574 184.55753 338.93750703184975 438.93750703184975 274.6093422383909 374.6093422383909
136 525.03754 216.35342 340.74725228130916 440.74725228130916 266.2627764750041 366.2627764750041
154 525.03754 216.35342 342.92158317776153 442.92158317776153 257.4852165009684 357.4852165009684
170 559.3074 240.22577 345.0756512552929 445.0756512552929 249.74105744826687 349.7410574482669
188 559.3074 240.22577 347.745971055829 447.745971055829 241.10145872448777 341.10145872448777
204 582.9822 252.17534 350.3372521925565 450.3372521925565 233.4924331110061 333.4924331110061
221 582.9822 252.17534 353.31279086333535 453.31279086333535 225.48702821623766 325.48702821623766
238 582.9822 252.17534 356.51500152904384 456.51500152904384 217.5695674640201 317.5695674640201
255 605.40137 263.89444 359.9412889638151 459.9412889638151 209.74646754616077 309.7464675461608
272 605.40137 263.89444 363.5888763391684 463.5888763391684 202.0240686798987 302.02406867989873
289 620.3574 273.5915 367.4548074744846 467.4548074744846 194.40862946948707 294.4086294694871
306 639.0344 278.45657 371.53594923283765 471.53594923283765 186.90632183391858 286.9063218339186
323 639.0344 278.45657 375.8289940602396 475.8289940602396 179.52322600490484 279.5232260049048
340 650.12134 276.44315 380.3304626662418 480.3304626662418 172.26532559916362 272.2653255991636
357 650.12134 276.44315 385.0367068437197 485.0367068437197 165.13850276900726 265.13850276900723
374 637.4223 254.48213 389.9439124255555 489.9439124255555 158.14853343516307 258.1485334351631
391 637.4223 254.48213 395.0481023758233 495.0481023758233 151.30108260568883 251.30108260568883
408 598.3078 221.05212 400.34514001297055 500.34514001297055 144.601699784777 244.601699784777
425 598.3078 221.05212 405.83073236238414 505.83073236238414 138.05581447516937 238.05581447516937
442 567.81226 192.30565 411.50043363562395 511.50043363562395 131.66873177782583 231.66873177782583
460 567.81226 192.30565 417.69921012162035 517.6992101216204 125.08477825264669 225.0847782526467
476 546.8245 168.7479 423.3736374701024 523.3736374701024 119.39154692211227 219.39154692211227
494 546.8245 168.7479 429.9370474236076 529.9370474236076 113.17102252884061 213.1710225288406
510 534.5358 146.79134 435.9262688483818 535.9262688483818 107.8099372430793 207.8099372430793
528 534.5358 146.79134 442.83303936531155 542.8330393653116 101.97300354707676 201.97300354707676
544 530.163 132.42357 449.1176429853873 549.1176429853873 96.96144031244515 196.96144031244515
561 530.163 132.42357 455.939574763276 555.939574763276 91.82319306962836 191.82319306962836
578 580.155 118.78326 462.90500484391305 562.905004843913 86.88121758382923 186.88121758382923
595 580.155 118.78326 470.0082881070341 570.0082881070341 82.13951907017963 182.13951907017963
613 570.73865 101.53413 477.673267202495 577.673267202495 77.34146014899 177.34146014899
629 570.73865 101.53413 484.6052797509776 584.6052797509776 73.27215913482809 173.2721591348281
646 550.7142 92.30888 492.08715802621145 592.0871580262115 69.15368424901567 169.15368424901567
663 550.7142 92.30888 499.6832388604396 599.6832388604396 65.24985358281685 165.24985358281685
680 535.83704 78.96257 507.3873660236304 607.3873660236304 61.563830988764266 161.56383098876427
697 531.39526 65.272415 515.1932957197998 615.1932957197998 58.09860379723074 158.09860379723074
715 531.39526 65.272415 523.5623270540765 623.5623270540765 54.6733171711283 154.6733171711283
731 531.39526 65.272415 531.0851801258791 631.0851801258791 51.84158795097835 151.84158795097835
748 580.81573 51.800755 539.158255286693 639.158255286693 49.0548702834833 149.0548702834833
765 580.81573 51.800755 547.3073843205016 647.3073843205016 46.49908588318232 146.49908588318232
782 572.82477 39.023605 555.5259627803556 655.5259627803556 44.176306080939696 144.1763060809397
799 572.82477 39.023605 563.8073299341439 663.8073299341439 42.08841336946284 142.08841336946284
816 574.832 31.282185 572.1447741627716 672.1447741627716 40.23709987763954 140.23709987763954
834 574.832 31.282185 581.0262683082123 681.0262683082123 38.53641304886645 138.53641304886645
850 580.62067 24.435886 588.960825606595 688.960825606595 37.25001917650059 137.2500191765006
867 624.2273 11.86483 597.4258042831839 697.4258042831839 36.116672841359446 136.11667284135945
884 624.2273 11.86483 605.9196140026227 705.9196140026227 35.2247455122278 135.2247455122278
901 625.72754 -0.52539635 614.4353709721212 714.4353709721212 34.574960050003085 134.57496005000309
918 625.72754 -0.52539635 622.9661736117806 722.9661736117806 34.167843072143 134.167843072143
935 634.35986 -11.436517 631.5051081479654 731.5051081479654 34.00372452586896 134.00372452586896
953 634.35986 -11.436517 640.5475055449577 740.5475055449577 34.09495642779058 134.09495642779058
969 634.35986 -11.436517 648.5796904715623 748.5796904715623 34.40481772096149 134.4048177209615
986 648.12164 -17.709074 657.1015001944813 757.1015001944813 34.96970439707047 134.96970439707047
1003 648.12164 -17.709074 665.6037768999744 765.6037768999744 35.77693963769889 135.7769396376989
1020 654.8064 -23.688759 674.0796299331981 774.0796299331981 36.82586922049978 136.82586922049978
1038 654.8064 -23.688759 683.0176280498187 783.0176280498187 38.19899106955364 138.19899106955364
1054 669.8158 -30.03909 690.9246150057149 790.9246150057149 39.645215808474234 139.64521580847423
1072 693.70953 -35.39709 699.7699870000625 799.7699870000625 41.52475517402934 141.52475517402934
1088 693.70953 -35.39709 707.5818585250034 807.5818585250034 43.41860627535635 143.41860627535635
1105 719.6753 -38.102314 715.8231772598931 815.8231772598931 45.65936583863811 145.6593658386381
1122 719.6753 -38.102314 723.9973720999366 823.9973720999366 48.133810549576026 148.13381054957603
1139 740.5142 -40.56407 732.0978182836474 832.0978182836474 50.839934998910564 150.83993499891056
1156 740.5142 -40.56407 740.117950819005 840.117950819005 53.77554601295549 153.7755460129555
1173 756.323 -40.33654 748.0512698040402 848.0512698040402 56.93826443105149 156.9382644310515
1190 756.323 -40.33654 755.8913456946693 855.8913456946693 60.32552703375262 160.32552703375262
1208 781.55347 -40.623173 764.0839106673807 864.0839106673807 64.15373198032523 164.15373198032523
1224 781.55347 -40.623173 771.2664330094331 871.2664330094331 67.76252423287974 167.76252423287974
1241 781.55347 -40.623173 778.788983721744 878.788983721744 71.80623152831976 171.80623152831976
1258 800.0337 -41.89514 786.1933800147626 886.1933800147626 76.06243329120804 176.06243329120804
1275 800.0337 -41.89514 793.4736210088488 893.4736210088488 80.52768009049117 180.52768009049117
1292 817.7163 -41.06143 800.6238064458005 900.6238064458005 85.19835307494287 185.19835307494287
1309 833.9307 -36.672386 807.638141470708 907.638141470708 90.0706669060545 190.0706669060545
1327 833.9307 -36.672386 814.9106963702274 914.9106963702274 95.4449779482751 195.4449779482751
1343 852.96704 -34.194828 821.2366359705578 921.2366359705578 100.40426185718263 200.40426185718263
1360 852.96704 -34.194828 827.809774570124 927.809774570124 105.85716813378187 205.85716813378187
1378 864.7958 -34.525963 834.5973693489477 934.5973693489477 111.83226905874935 211.83226905874935
1395 864.7958 -34.525963 840.8397900584413 940.8397900584413 117.66086422363836 217.66086422363836
1411 890.1873 -28.358171 846.5612262243785 946.5612262243785 123.30685190652298 223.30685190652298
1428 890.1873 -28.358171 852.4721692933363 952.4721692933363 129.47135431515434 229.47135431515434
1445 921.9215 -19.797016 858.2052415379586 958.2052415379586 135.80161659632608 235.80161659632608
1462 921.9215 -19.797016 863.7557966001699 963.7557966001699 142.29250840037312 242.29250840037312
1479 944.3441 -11.768713 869.1193360426164 969.1193360426164 148.93876919572267 248.93876919572267
1496 944.3441 -11.768713 874.2915129944168 974.2915129944168 155.73501253228335 255.73501253228335
1513 896.3911 -2.4073706 879.2681356740757 979.2681356740757 162.675730406883 262.67573040688296
1530 896.3911 -2.4073706 884.0451707867052 984.0451707867052 169.7552977272204 269.7552977272204
1547 932.33655 35.834026 888.6187467928016 988.6187467928016 176.96797687071094 276.9679768707109
1564 932.33655 35.834026 892.9851570459276 992.9851570459276 184.30792233453255 284.3079223345326
1581 950.8624 77.4265 897.1408627967578 997.1408627967578 191.76918547310373 291.76918547310373
1598 950.8624 77.4265 901.0824960610505 1001.0824960610505 199.34571931915121 299.3457193191512
1616 973.8639 115.953186 905.0191112173986 1005.0191112173986 207.48674720608716 307.48674720608716
1632 973.8639 115.953186 908.3109432553329 1008.3109432553329 214.8199491363638 314.8199491363638
1650 992.49414 150.34485 911.7778900120431 1011.7778900120431 223.17180845816728 323.1718084581673
1666 1011.9638 184.03688 914.6470702485676 1014.6470702485676 230.6804577033056 330.6804577033056
1683 1011.9638 184.03688 917.4739812329851 1017.4739812329851 238.73954649774532 338.7395464977453
1700 1025.8055 228.70287 920.0703407916484 1020.0703407916484 246.87583895516212 346.8758389551621
1717 1025.8055 228.70287 922.4340447096293 1022.4340447096293 255.08274103198784 355.08274103198784
1735 1025.8055 228.70287 924.6810775952 1024.6810775952 263.8419714294728 363.8419714294728
1751 1036.4703 302.4572 926.4560130930984 1026.4560130930984 271.6817171329047 371.6817171329047
1768 1036.4703 302.4572 928.1110179615537 1028.1110179615537 280.0603385467098 380.0603385467098
1785 1047.4932 359.6541 929.5268506369953 1029.5268506369953 288.4826752619944 388.4826752619944
1802 1047.4932 359.6541 930.7023636603816 1030.7023636603817 296.94190141113677 396.94190141113677
1819 1057.1155 405.647 931.6366043392997 1031.6366043392995 305.4311612295389 405.4311612295389
1836 1057.1155 405.647 932.3288155200738 1032.328815520074 313.9435746118702 413.9435746118702
1853 1064.936 444.74072 932.7784362013994 1032.7784362013995 322.4722426880359 422.4722426880359
1870 1071.1354 475.0281 932.9851019890048 1032.9851019890048 331.01025341435343 431.01025341435343
1887 1071.1354 475.0281 932.9486453909749 1032.948645390975 339.5506871754069 439.5506871754069
1904 1079.2965 499.24225 932.6690959534936 1032.6690959534935 348.08662239203596 448.08662239203596
1921 1079.2965 499.24225 932.1466802368993 1032.1466802368993 356.6111411309172 456.6111411309172
1939 1080.946 521.30817 931.3292920861586 1031.3292920861586 365.61698093385 465.61698093385
1955 1080.946 521.30817 930.3751400172805 1030.3751400172805 373.5983093035911 473.5983093035911
1972 1085.2081 542.9769 929.1274512558361 1029.1274512558361 382.04719151753216 482.04719151753216
1989 1085.2081 542.9769 927.6397665348454 1027.6397665348454 390.4571339716405 490.4571339716405
2006 1085.2081 542.9769 925.9132915457113 1025.9132915457112 398.8213208432003 498.8213208432003
2023 1069.8091 564.2505 923.9494255069792 1023.9494255069792 407.13297339202586 507.13297339202586
2040 1069.8091 564.2505 921.7497600303433 1021.7497600303433 415.385355454278 515.3853554542779
2057 1019.9846 589.8329 919.3160778307275 1019.3160778307275 423.5717789017766 523.5717789017766
2074 915.326 610.5799 916.6503512814876 1016.6503512814876 431.68560906238275 531.6856090623828
2091 915.326 610.5799 913.7547408159044 1013.7547408159044 439.7202700970553 539.7202700970553
2108 899.84924 627.2229 910.6315931762647 1010.6315931762647 447.6692503292295 547.6692503292295
2125 899.84924 627.2229 907.2834395119482 1007.2834395119482 455.52610752219204 555.526107522192
2142 880.87933 642.2986 903.7129933280626 1003.7129933280626 463.2844741001809 563.2844741001809
2160 880.87933 642.2986 899.6934484911064 999.6934484911064 471.3848773771026 571.3848773771026
2176 870.15063 653.35364 895.9169758597092 995.9169758597092 478.4806693117979 578.4806693117979
2193 870.15063 653.35364 891.6977228435584 991.6977228435584 485.90618221638465 585.9061822163847
2210 863.02423 665.6564 887.2688087238421 987.2688087238421 493.20858302917645 593.2085830291765
2227 863.02423 665.6564 882.6338229060326 982.6338229060326 500.38195353258584 600.3819535325858
2245 850.5692 676.9116 877.5057571776003 977.5057571776003 507.8301892854297 607.8301892854297
2262 850.5692 676.9116 872.4585164298949 972.4585164298949 514.719724737489 614.719724737489
2278 867.47644 672.83746 867.5308160761413 967.5308160761413 521.0702977777584 621.0702977777584
2295 867.47644 672.83746 862.1107312689596 962.1107312689596 527.6705264551181 627.6705264551181
2312 890.9656 660.427 856.5049640822481 956.5049640822481 534.1137952031119 634.1137952031119
2329 890.9656 660.427 850.7180576999276 950.7180576999276 540.394882086187 640.394882086187
2346 712.77246 528.3416 844.754702109853 944.754702109853 546.5086966087915 646.5086966087915
2363 712.77246 528.3416 838.6197303028227 938.6197303028227 552.4502838409564 652.4502838409564
2380 570.21796 422.6733 832.3181143556885 932.3181143556885 558.2148284340103 658.2148284340103
2397 570.21796 422.6733 825.8549614017456 925.8549614017456 563.7976585231695 663.7976585231695
2414 456.17438 338.13864 819.2355094916655 919.2355094916655 569.1942495138428 669.1942495138428
2432 573.6069 331.10907 812.0622816327669 912.0622816327669 574.7004347658467 674.7004347658467
2449 573.6069 331.10907 805.1380660054275 905.1380660054275 579.6999923319313 679.6999923319313
2465 573.6069 331.10907 798.4936144283101 898.4936144283101 584.2236271487043 684.2236271487043
2482 636.7333 367.2857 791.3038148358737 891.3038148358737 588.8330869577367 688.8330869577367
2499 636.7333 367.2857 783.9857182018081 883.9857182018081 593.2360177503971 693.2360177503971
2516 686.9802 410.1832 776.54525546435 876.54525546435 597.4288511793545 697.4288511793545
2533 686.9802 410.1832 768.9884567331254 868.9884567331254 601.4081891703074 701.4081891703074
2550 723.7954 443.04572 761.3214464020558 861.3214464020558 605.1708066759479 705.1708066759479
2567 723.7954 443.04572 753.5504381858558 853.5504381858558 608.7136542896951 708.7136542896951
2585 747.92175 472.6292 745.2159582546325 845.2159582546325 612.2221750921277 712.2221750921277
2602 747.92175 472.6292 737.2507557291436 837.2507557291436 615.3037147460062 715.3037147460062
2618 763.95044 497.13925 729.6767969577133 829.6767969577133 617.9957692114392 717.9957692114392
2635 775.2844 517.1784 721.553543102233 821.553543102233 620.6326394604092 720.6326394604092
2652 775.2844 517.1784 713.3585211872297 813.3585211872297 623.0372088029525 723.0372088029525
2669 777.02515 538.77 705.0983728534557 805.0983728534557 625.2075284601758 725.2075284601758
2686 777.02515 538.77 696.7797925232513 796.7797925232513 627.1418395004217 727.1418395004217
2704 825.9397 557.6121 687.9156881752673 787.9156881752673 628.9309532623472 728.9309532623472
2720 825.9397 557.6121 679.9943448795832 779.9943448795832 630.296357637651 730.296357637651
2737 825.9397 557.6121 671.5410813019316 771.5410813019316 631.5140081610913 731.5140081610913
2755 820.76196 573.78516 662.5566681050749 762.5566681050749 632.5404551656717 732.5404551656717
2771 820.76196 573.78516 654.5477237438794 754.5477237438794 633.2251587040392 733.2251587040392
2788 799.7064 584.4553 646.0214019995067 746.0214019995067 633.7172719246712 733.7172719246712
2805 799.7064 584.4553 637.4845270833351 737.4845270833351 633.9664798220608 733.9664798220608
2822 791.7201 595.42865 628.9440176902656 728.9440176902656 633.9725804261168 733.9725804261168
2839 779.136 606.627 620.4067954607539 720.4067954607539 633.7355687926154 733.7355687926154
2857 779.136 606.627 611.3786557812324 711.3786557812324 633.2198480618783 733.2198480618783
2873 763.04767 618.7018 603.3698801263789 703.3698801263789 632.5331740297464 732.5331740297464
2890 763.04767 618.7018 594.8839945588649 694.8839945588649 631.5687653790487 731.5687653790487
2907 752.3599 631.78314 586.4290000393138 686.4290000393138 630.3631926583694 730.3631926583694
2924 752.3599 631.78314 578.0117489028069 678.0117489028069 628.9174329219486 728.9174329219486
2941 737.1771 639.2123 569.6390628953682 669.6390628953682 627.232657883161 727.232657883161
2958 737.1771 639.2123 561.3177276452934 661.3177276452934 625.3102329649023 725.3102329649023
2975 725.3416 645.9927 553.0544871637487 653.0544871637487 623.1517161929854 723.1517161929854
2992 725.3416 645.9927 544.8560383791012 644.8560383791012 620.7588569334407 720.7588569334407
3009 709.8872 649.44385 536.7290257094023 636.7290257094023 618.1335944747455 718.1335944747455
3026 709.8872 649.44385 528.6800356774336 628.6800356774336 615.278056456131 715.278056456131
3043 732.2941 643.4644 520.7155915726703 620.7155915726703 612.1945571432422 712.1945571432422
3060 732.2941 643.4644 512.8421481644934 612.8421481644934 608.8855955525434 708.8855955525434
3077 669.1085 563.6741 505.066086470933 605.066086470933 605.3538534259965 705.3538534259965
3094 669.1085 563.6741 497.3937085871838 597.3937085871838 601.6021930576474 701.6021930576474
3112 609.58307 465.15558 489.38993504921393 589.3899350492139 597.3935254421243 697.3935254421243
3129 609.58307 465.15558 481.9505041384623 581.9505041384623 593.1988614943655 693.1988614943655
3145 611.28925 395.56473 475.06040812706976 575.0604081270698 589.058983999804 689.058983999804
3162 611.28925 395.56473 467.8640306732291 567.8640306732291 584.4598004361334 684.4598004361334
3179 552.70844 335.9199 460.8014873683203 560.8014873683203 579.6576321782761 679.6576321782761
3197 553.38934 288.1296 453.4757341971813 553.4757341971813 574.3560650118047 674.3560650118047
3213 553.38934 288.1296 447.10068540279684 547.1006854027969 569.4600705688548 669.4600705688548
3230 553.38934 288.1296 440.47353053246013 540.4735305324601 564.0729418127313 664.0729418127313
3247 517.8946 261.72775 434.0024083925641 534.0024083925641 558.4993508552757 658.4993508552757
3264 517.8946 261.72775 427.69256349239276 527.6925634923928 552.7438148032415 652.7438148032415
3281 528.436 234.97115 421.54910963438175 521.5491096343817 546.8109982204569 646.8109982204569
3299 528.436 234.97115 415.2311676524065 515.2311676524065 540.3413086562304 640.3413086562304
3315 535.56396 214.1399 409.7811519627961 509.7811519627961 534.4328962045494 634.4328962045494
3332 535.56396 214.1399 404.1661854693228 504.1661854693228 527.9976425819129 627.9976425819129
3349 495.80054 191.52963 398.7366769287074 498.7366769287074 521.4051639192346 621.4051639192346
3366 495.80054 191.52963 393.49702667636814 493.49702667636814 514.6608030789737 614.6608030789737
3384 468.55292 175.4799 388.16081736231547 488.16081736231547 507.3602452851014 607.3602452851014
3401 542.1283 160.39096 383.3252481623738 483.3252481623738 500.3205287834901 600.3205287834901
3417 542.1283 160.39096 378.95890042682595 478.95890042682595 493.5716758314352 593.5716758314352
3434 539.554 171.54904 374.519558420162 474.519558420162 486.2756097367269 586.2756097367269
3451 539.554 171.54904 370.28970142185455 470.28970142185455 478.85613214835485 578.8561321483548
3468 542.19165 178.922 366.2727575118902 466.2727575118902 471.3192561685689 571.3192561685689
3485 542.19165 178.922 362.4719822152257 462.4719822152257 463.6710900449318 563.6710900449318
3502 546.08655 189.79459 358.8904558633554 458.8904558633554 455.9178322199049 555.9178322199049
3520 546.08655 189.79459 355.3404481323775 455.3404481323775 447.60093862583636 547.6009386258363
3536 546.08655 189.79459 352.3965805179704 452.3965805179704 440.1212559998803 540.1212559998803
3553 553.00085 205.774 349.4894944740342 449.4894944740342 432.0907399116313 532.0907399116313
3570 553.00085 205.774 346.8121790087004 446.8121790087004 423.9807263598813 523.9807263598814
3587 553.3111 218.90492 344.3668039474663 444.3668039474663 415.79778809050777 515.7977880905078
3604 551.9502 223.47739 342.155351140146 442.155351140146 407.5485569510936 507.5485569510936
3621 551.9502 223.47739 340.17961285468476 440.17961285468476 399.23971851615926 499.23971851615926
3638 551.4138 230.29189 338.44119032461737 438.44119032461737 390.87800666884965 490.87800666884965
3656 551.4138 230.29189 336.8607362133312 436.8607362133312 381.97433109371923 481.97433109371923
3672 527.86414 231.54625 335.68173466233077 435.68173466233077 374.02310703330426 474.02310703330426
3689 527.86414 231.54625 334.66293792598333 434.66293792598333 365.5435792681223 465.5435792681223
3706 489.12222 232.78342 333.8859279242903 433.8859279242903 357.03848706593226 457.03848706593226
3724 489.12222 232.78342 333.32744725508564 433.32744725508564 348.0128916126015 448.0128916126015
3741 489.12222 232.78342 333.0499980009779 433.0499980009779 339.4768878742076 439.4768878742076
3757 464.20395 233.74237 453.02406576024066 553.0240657602407 331.056686471707 431.056686471707
3774 464.20395 233.74237 453.36623095517183 553.3662309551719 322.5235450269113 422.5235450269113
3791 436.6021 230.16129 454.11274721758974 554.1127472175897 314.01623679178385 414.01623679178385
3808 416.94153 227.84827 455.26193415828243 555.2619341582824 305.553911501838 405.553911501838
3825 416.94153 227.84827 456.81120498653286 556.8112049865329 297.15561763711503 397.15561763711503
3842 448.2881 218.5812 458.7570723329198 558.7570723329197 288.84025954453836 388.84025954453836
3859 448.2881 218.5812 461.09515609929747 561.0951560992975 280.62655488470796 380.62655488470796
3876 474.05136 212.379 463.8201933182859 563.8201933182859 272.53299249891984 372.53299249891984
3894 474.05136 212.379 467.1204617306055 567.1204617306055 264.1145309557668 364.1145309557668
3910 493.3235 212.84497 470.40573493989234 570.4057349398923 256.7788567193968 356.7788567193968
3927 493.3235 212.84497 474.251415455004 574.251415455004 249.15374548655507 349.15374548655507
3944 467.2163 209.28476 478.4544350159092 578.4544350159092 241.71962102511617 341.71962102511617
3962 455.00995 205.66559 483.2836511094473 583.2836511094473 234.07495371588607 334.07495371588607
3978 455.00995 205.66559 487.893864647575 587.893864647575 227.49080094619188 327.4908009461919
3995 455.00995 205.66559 493.109026801152 593.109026801152 220.7281340425647 320.7281340425647
4012 491.59717 194.23505 498.63907999467915 598.6390799946792 214.22043924223226 314.22043924223226
4029 491.59717 194.23505 504.47157621838664 604.4715762183866 207.98236520147657 307.98236520147657
4047 466.88654 192.1669 510.9622116294033 610.9622116294033 201.6868177027948 301.68681770279477
4063 466.88654 192.1669 516.9907313118342 616.9907313118342 196.37060786867886 296.37060786867886
4080 456.05652 180.42574 523.6492098803254 623.6492098803254 191.0230623484931 291.0230623484931
4097 456.05652 180.42574 530.5538343096449 630.5538343096449 185.9973542961332 285.9973542961332
4114 452.5776 170.79219 537.689062464963 637.689062464963 181.30479645322103 281.304796453221
4131 452.5776 170.79219 545.0388331282979 645.0388331282979 176.95595164869005 276.9559516486901
4148 481.12082 167.6137 552.5866021519138 652.5866021519138 172.9606090221234 272.96060902212344
4166 506.73752 164.78955 560.7752807325808 660.7752807325808 169.12553282347662 269.12553282347665
4182 506.73752 164.78955 568.2077684862486 668.2077684862486 166.06558799499004 266.06558799499004
4199 522.8852 156.96591 576.2460029469295 676.2460029469295 163.1814301122385 263.1814301122385
4216 522.8852 156.96591 584.4119892185008 684.4119892185008 160.68178050678887 260.68178050678887
4233 538.98785 152.96309 592.6873458725511 692.6873458725511 158.57226582663537 258.5722658266354
4250 538.98785 152.96309 601.053445290706 701.053445290706 156.85763453593017 256.8576345359302
4267 538.98785 152.96309 609.4914555949256 709.4914555949256 155.54174622631027 255.54174622631027
4285 557.3157 148.69089 618.4830892855312 718.4830892855312 154.5863458281167 254.5863458281167
4301 557.3157 148.69089 626.507114755926 726.507114755926 154.1171424476271 254.1171424476271
4319 573.5643 140.91003 635.5488207000526 735.5488207000526 154.01804670179018 254.01804670179018
4335 573.5643 140.91003 643.581202299593 743.581202299593 154.31127426047263 254.31127426047263
4352 600.6865 128.49928 652.0921247860152 752.0921247860152 155.01538956894865 255.01538956894865
4369 626.9663 117.429955 660.5600713827765 760.5600713827765 156.12239470530233 256.1223947053023
4386 626.9663 117.429955 668.9659809564164 768.9659809564164 157.6297978289907 257.6297978289907
4404 652.3585 112.3822 677.7777122819134 777.7777122819134 159.65850613580778 259.6585061358078
4420 652.3585 112.3822 685.5161853111272 785.5161853111272 161.83133188536496 261.831331885365
4437 676.27936 107.607544 693.6232260010909 793.6232260010909 164.5160052712332 264.5160052712332
4454 676.27936 107.607544 701.5938053437343 801.5938053437343 167.58218283949915 267.5821828394992
4471 692.3302 106.9244 709.4099817666976 809.4099817666976 171.0229627020636 271.02296270206364
4488 692.3302 106.9244 717.0541612546845 817.0541612546845 174.83059975054408 274.8305997505441
4505 692.3302 106.9244 724.5091369531456 824.5091369531456 178.99652309031762 278.9965230903176
4522 709.4453 107.06542 731.7581279004737 831.7581279004737 183.51135533338842 283.51135533338845
4539 709.4453 107.06542 738.7848168015221 838.7848168015221 188.36493370665013 288.36493370665016
4556 726.0829 102.542114 745.5733867574248 845.5733867574248 193.54633292803192 293.5463329280319
4573 743.42773 98.97071 752.108556869033 852.108556869033 199.0438897990301 299.0438897990301
4590 743.42773 98.97071 758.3756166338345 858.3756166338345 204.8452294582745 304.8452294582745
4607 760.0856 101.876945 764.3604590589218 864.3604590589218 210.9372932370277 310.9372932370277
4624 760.0856 101.876945 770.0496124154753 870.0496124154753 217.30636805391646 317.30636805391646
4642 778.0868 108.87408 775.7369103211945 875.7369103211945 224.33608418463587 324.33608418463587
4659 778.0868 108.87408 780.7777404132385 880.7777404132385 231.2296762758943 331.2296762758943
4675 801.2484 127.431046 785.2183760095571 885.2183760095571 237.9293697063817 337.9293697063817
4692 801.2484 127.431046 789.6037905304013 889.6037905304013 245.25737894613326 345.25737894613326
4709 821.44604 150.31206 793.6366938824929 893.6366938824929 252.78514557975075 352.78514557975075
4727 849.15344 169.13849 797.5125264313018 897.5125264313018 260.95461241672945 360.95461241672945
4743 849.15344 169.13849 800.6094691549205 900.6094691549205 268.3717602734482 368.3717602734482
4760 849.15344 169.13849 803.5336455346032 903.5336455346032 276.3955232583588 376.3955232583588
4777 864.62994 186.78227 806.0739549944915 906.0739549944915 284.5489524624127 384.5489524624127
4795 864.62994 186.78227 808.3389522412413 908.3389522412413 293.3029260641045 393.3029260641045
4811 868.14246 202.36989 809.980977411876 909.980977411876 301.17114631399613 401.17114631399613
4828 868.14246 202.36989 811.3388957607996 911.3388957607996 309.60249482388303 409.60249482388303
4846 881.01965 219.76118 812.3390893640834 912.3390893640834 318.5892561483454 418.5892561483454
4862 881.01965 219.76118 812.84827042036 912.84827042036 326.6108439720703 426.6108439720703
4879 897.0196 235.03867 812.9963291668411 912.9963291668411 335.1495592469291 435.1495592469291
4896 897.0196 235.03867 812.7392207321774 912.7392207321774 343.68568689301895 443.68568689301895
4913 906.3103 251.59868 812.0775238609478 912.0775238609478 352.200012303063 452.200012303063
4930 914.35254 262.07684 811.0127280160616 911.0127280160616 360.6733699460652 460.6733699460652
4949 914.35254 262.07684 809.348618657031 909.348618657031 370.0716605905116 470.0716605905116
4964 923.97107 271.17926 807.6843286896907 907.6843286896907 377.4210238275436 477.4210238275436
4981 923.97107 271.17926 805.4282173508461 905.4282173508461 385.65762152102405 485.65762152102405
4998 931.9242 283.05328 802.7839744590015 902.7839744590015 393.77793921594457 493.77793921594457
5015 931.9242 283.05328 799.7575521379785 899.7575521379785 401.7636982827043 501.7636982827043
5032 931.9242 283.05328 796.3557627878217 896.3557627878217 409.59692297976756 509.59692297976756
5049 940.5476 291.1021 792.5862637502574 892.5862637502574 417.25998091660404 517.259980916604
5066 940.5476 291.1021 788.4575400722103 888.4575400722103 424.73562274375536 524.7356227437554
5083 946.8954 300.38885 783.9788854061801 883.9788854061801 432.00702098068035 532.0070209806804
5100 946.8954 300.38885 779.1603810904619 879.1603810904619 439.057807893992 539.057807893992
5117 997.84485 307.18518 774.0128734563121 874.0128734563121 445.8721123408068 545.8721123408068
5134 942.6609 347.90027 768.5479494131282 868.5479494131282 452.4345954942897 552.4345954942896
5151 942.6609 347.90027 762.7779103666112 862.7779103666112 458.73048537096236 558.7304853709624
5168 901.63245 376.3866 756.7157445286122 856.7157445286122 464.7456100820642 564.7456100820642
5185 901.63245 376.3866 750.3750976809954 850.3750976809954 470.46642973411736 570.4664297341174
5202 859.88635 409.28064 743.7702424593289 843.7702424593289 475.8800669068827 575.8800669068827
5220 859.88635 409.28064 736.5054202885274 836.5054202885274 481.26380400796154 581.2638040079615
5236 687.9091 327.42453 729.8279376018812 829.8279376018812 485.73776886380733 585.7377688638073
5253 687.9091 327.42453 722.5218717414465 822.5218717414465 490.15964421036574 590.1596442103657
5270 687.9091 327.42453 715.014294413571 815.014294413571 494.2300081502966 594.2300081502966
5287 710.1498 383.16885 707.3221049847989 807.3221049847989 497.93969839739407 597.9396983973941
5304 710.1498 383.16885 699.4626183788416 799.4626183788416 501.28036453280606 601.2803645328061
5321 721.9519 431.79227 691.4535261011198 791.4535261011198 504.2444868016163 604.2444868016163
5338 730.82227 470.01953 683.3128564156366 783.3128564156366 506.8253930396211 606.8253930396211
5355 730.82227 470.01953 675.0589337638094 775.0589337638094 509.01727369220305 609.017273692203
5372 675.35425 501.4998 666.710337516615 766.710337516615 510.8151948914908 610.8151948914908
5389 675.35425 501.4998 658.2858601528986 758.2858601528986 512.2151095623715 612.2151095623715
5406 690.80066 525.1776 649.8044649579773 749.8044649579773 513.2138665323532 613.2138665323532
5423 690.80066 525.1776 641.2852433377668 741.2852433377668 513.8092176247758 613.8092176247758
5440 702.6297 546.6684 632.7473718445073 732.7473718445073 513.9998227193989 613.9998227193989
5457 702.6297 546.6684 624.2100690108309 724.2100690108309 513.7852527689789 613.7852527689789
5475 711.61755 563.7253 615.1925479661336 715.1925479661336 513.1169859395293 613.1169859395293
5492 711.61755 563.7253 606.7168767722527 706.7168767722527 512.0707652406622 612.0707652406622
5508 707.5974 564.11346 598.7934791480179 698.7934791480179 510.71987418285164 610.7198741828516
5526 707.5974 564.11346 589.9619676676424 689.9619676676424 508.7790827672435 608.7790827672435
5542 702.85565 562.5769 582.2022249367301 682.2022249367301 506.68348516468336 606.6834851646834
5559 702.85565 562.5769 574.0688318657412 674.0688318657412 504.079738423869 604.079738423869
5577 695.4574 563.1764 565.6019771400934 665.6019771400934 500.9056814927985 600.9056814927985
5593 695.4574 563.1764 558.218012891798 658.218012891798 497.7304321259451 597.7304321259451
5610 692.32306 560.72284 550.5362667811617 650.5362667811617 493.99916469660786 593.9991646966079
5627 692.32306 560.72284 543.0401444467964 643.0401444467964 489.90774319720856 589.9077431972086
5644 690.7428 560.3651 535.7465194703461 635.7465194703461 485.4653773139863 585.4653773139863
5661 690.7428 560.3651 528.6718096170268 628.6718096170268 480.6820667001052 580.6820667001052
5678 728.8615 556.10223 521.8319398796541 621.8319398796541 475.56857846668925 575.5685784666892
5695 728.8615 556.10223 515.2423066318847 615.2423066318847 470.13642294632587 570.1364229463259
5712 706.98645 550.77783 508.91774297137306 608.9177429713731 464.3978277836013 564.3978277836013
5729 682.4868 541.4564 502.8724853308397 602.8724853308397 458.36571041097886 558.3657104109789
5746 682.4868 541.4564 497.1201414322254 597.1201414322254 452.0536489719888 552.0536489719889
5763 682.4868 541.4564 491.67365965604995 591.67365965605 445.47585175716756 545.4758517571676
5780 657.69867 533.68 486.5452998949387 586.5452998949387 438.6471252215585 538.6471252215586
5797 657.69867 533.68 481.74660595691194 581.7466059569119 431.58284065575424 531.5828406557542
5814 640.4212 525.18286 477.2883795805666 577.2883795805666 424.29889958551144 524.2988995855114
5832 640.4212 525.18286 472.9501422903951 572.9501422903951 416.3653024466931 516.365302446693
5849 663.3475 513.8984 469.2236005938714 569.2236005938714 408.68126269395975 508.68126269395975
5865 663.3475 513.8984 466.05289368960894 566.0528936896089 401.295346752855 501.295346752855
5882 636.67444 503.61942 463.04889913133843 563.0488991313384 393.30112404946493 493.30112404946493
5899 606.30597 494.78046 460.427460199564 560.4274601995639 385.1734160167848 485.1734160167848
5916 606.30597 494.78046 458.1944776869708 558.1944776869708 376.9305179198789 476.9305179198789
5933 587.9144 488.6758 456.35497798067684 556.3549779806768 368.59098431373195 468.59098431373195
5950 587.9144 488.6758 454.91310174796206 554.9131017479621 360.1735872774116 460.1735872774116
5967 575.1341 444.73175 453.8720946157316 553.8720946157316 351.69727415859836 451.69727415859836
5984 575.1341 444.73175 453.23429986469176 553.2342998646918 343.18112492358273 443.18112492358273
6002 460.10727 355.7854 453.0036526131048 553.0036526131048 335.1467028281774 435.1467028281774
