683.0 1067.0 384.0 768.0
0 677.39954 334.52637
17 677.39954 334.52637
34 677.98486 335.0679
51 678.36426 335.38712
69 678.36426 335.38712
85 683.9549 324.93167
102 683.9549 324.93167
119 686.70465 320.52628
136 686.70465 320.52628
153 688.462 315.28964
171 688.462 315.28964
187 690.306 311.13324
204 690.306 311.13324
221 630.5368 311.20523
238 630.5368 311.20523
255 642.9311 308.4232
272 642.9311 308.4232
289 654.70905 306.07892
307 654.70905 306.07892
324 663.6572 302.80493
340 663.6572 302.80493
358 670.1817 299.14166
374 670.1817 299.14166
391 673.032 296.3987
409 699.0555 338.28217
425 699.0555 338.28217
442 699.0555 338.28217
460 718.9329 368.15115
476 718.9329 368.15115
494 727.9132 393.90903
510 727.9132 393.90903
528 745.4756 413.63254
544 745.4756 413.63254
561 757.6727 430.06335
578 757.6727 430.06335
595 769.2303 445.09793
612 773.474 453.87833
629 773.474 453.87833
647 726.5549 404.7693
663 726.5549 404.7693
681 726.5549 404.7693
697 684.18695 361.06363
715 684.18695 361.06363
731 645.29865 323.5341
748 645.29865 323.5341
765 603.3157 283.25522
782 603.3157 283.25522
799 573.5947 250.42867
816 547.47473 222.21536
833 547.47473 222.21536
850 526.12366 200.64877
867 526.12366 200.64877
884 509.5927 183.57271
902 509.5927 183.57271
918 495.3818 169.64543
935 495.3818 169.64543
952 495.3818 169.64543
969 482.89008 155.94388
986 474.61847 144.47456
1003 474.61847 144.47456
1020 468.23206 134.86926
1038 468.23206 134.86926
1054 463.2566 126.33779
1071 463.2566 126.33779
1088 459.5304 120.55986
1106 459.5304 120.55986
1122 454.6551 118.39461
1139 454.6551 118.39461
1157 440.75772 112.33059
1173 440.75772 112.33059
1190 441.30292 111.72916
1208 441.63684 112.22772
1224 441.63684 112.22772
1242 441.63684 112.22772
1258 442.41794 110.84926
1276 442.41794 110.84926
1292 442.60968 110.51666
1310 442.60968 110.51666
1326 450.54047 104.76999
1343 450.54047 104.76999
1361 453.57715 100.078476
1377 456.09616 96.82794
1394 456.09616 96.82794
1411 457.72794 94.62826
1428 457.72794 94.62826
1445 459.27158 92.16801
1463 459.27158 92.16801
1480 459.27158 92.16801
1496 461.13367 92.31789
1513 461.13367 92.31789
1531 460.21527 92.31617
1547 460.21527 92.31617
1564 461.2121 90.32259
1582 462.6722 92.43558
1598 462.6722 92.43558
1615 460.75092 93.82773
1632 460.75092 93.82773
1650 461.57523 96.32595
1666 461.57523 96.32595
1683 462.42526 94.25514
1700 462.42526 94.25514
1718 463.27798 94.167534
1734 463.27798 94.167534
1751 463.27798 94.167534
1769 460.96484 92.89675
1785 463.4297 91.422066
1802 463.4297 91.422066
1819 463.24936 90.885376
1836 463.24936 90.885376
1854 453.39093 92.162125
1871 453.39093 92.162125
1887 448.98068 95.16194
1904 448.98068 95.16194
1921 443.88113 97.53326
1939 443.88113 97.53326
1955 441.79526 97.09352
1972 441.79526 97.09352
1990 438.21457 99.27984
2006 438.21457 99.27984
2023 434.85645 100.294235
2040 434.85645 100.294235
2057 434.45108 102.24141
2074 434.45108 102.24141
2091 433.58136 102.30621
2109 433.58136 102.30621
2125 435.31458 103.06333
2142 435.31458 103.06333
2160 436.80634 102.58057
2176 437.6391 105.81645
2193 437.6391 105.81645
2211 436.90723 107.46508
2227 436.90723 107.46508
2244 436.90723 107.46508
2261 438.5231 106.85579
2278 438.5231 106.85579
2295 437.66428 108.00449
2312 437.66428 108.00449
2329 436.39792 106.57338
2347 434.51752 106.775764
2364 434.51752 106.775764
2380 437.43994 107.53914
2398 437.43994 107.53914
2414 439.36624 108.69741
2431 439.36624 108.69741
2448 440.25812 108.884895
2466 440.25812 108.884895
2482 440.36334 109.80722
2499 440.36334 109.80722
2517 440.36334 109.80722
2533 438.07858 108.76128
2550 437.9566 107.88473
2567 437.9566 107.88473
2584 439.64612 108.96863
2602 439.64612 108.96863
2618 439.56003 108.446144
2635 439.56003 108.446144
2652 437.67203 101.99568
2670 437.67203 101.99568
2686 435.51645 98.27999
2704 435.51645 98.27999
2720 433.0302 97.098076
2737 433.0302 97.098076
2754 433.98013 94.50398
2772 433.98013 94.50398
2788 432.77576 90.329865
2805 432.77576 90.329865
2822 431.90558 91.47527
2839 431.90558 91.47527
2856 430.2531 91.05538
2873 430.2531 91.05538
2890 433.0218 91.51633
2908 430.96982 89.45515
2924 430.96982 89.45515
2941 432.92377 91.781715
2958 432.92377 91.781715
2976 431.9952 90.3324
2992 431.9952 90.3324
3009 431.9952 90.3324
3026 377.14456 90.2089
3043 377.14456 90.2089
3060 388.75278 87.141045
3078 388.75278 87.141045
3095 398.60336 89.515656
3112 405.28152 85.727264
3128 405.28152 85.727264
3146 410.7807 84.25505
3162 410.7807 84.25505
3179 415.17734 86.76967
3196 415.17734 86.76967
3213 420.45035 87.70339
3231 420.45035 87.70339
3248 420.45035 87.70339
3264 421.87088 82.12245
3282 421.87088 82.12245
3299 422.6161 80.9101
3315 422.24756 80.31252
3332 422.24756 80.31252
3349 424.8048 80.24746
3366 424.8048 80.24746
3383 421.0791 82.58443
3401 421.0791 82.58443
3417 425.92538 82.53526
3434 425.92538 82.53526
3451 427.20142 84.21291
3468 427.20142 84.21291
3485 426.8373 84.09929
3502 426.8373 84.09929
3519 428.61673 86.1589
3536 428.61673 86.1589
3553 427.40817 86.06012
3570 427.40817 86.06012
3587 429.3349 85.25354
3604 429.3349 85.25354
3621 431.0272 82.03326
3639 431.0272 82.03326
3655 429.94873 77.94519
3673 429.94873 77.94519
3689 427.3203 78.66861
3707 426.97272 78.147865
3723 426.97272 78.147865
3740 426.97272 78.147865
3757 428.7613 79.80505
3775 428.7613 79.80505
3791 428.67148 81.895966
3808 428.67148 81.895966
3825 430.3641 81.96069
3842 430.3641 81.96069
3859 433.2981 80.4003
3876 433.2981 80.4003
3893 433.0371 80.56098
3910 433.18216 81.325226
3927 433.18216 81.325226
3944 433.55234 79.63648
3961 433.55234 79.63648
3978 432.14807 78.152824
3995 432.14807 78.152824
