299.0 683.0 0.0 384.0
1 684.402 304.0647
17 684.402 304.0647
34 690.0217 305.67044
52 690.0217 305.67044
68 690.879 306.71585
85 694.2396 308.2437
102 694.2396 308.2437
119 694.2396 308.2437
136 696.338 307.39166
153 696.338 307.39166
171 694.45734 307.85416
187 694.45734 307.85416
204 697.8172 307.7086
221 697.8172 307.7086
239 696.4118 309.0705
255 696.4118 309.0705
272 700.64575 307.9959
289 697.10065 308.95438
306 697.10065 308.95438
324 687.9508 304.75854
341 687.9508 304.75854
358 687.9508 304.75854
374 649.9514 284.3751
391 649.9514 284.3751
408 619.5287 265.18033
426 619.5287 265.18033
442 594.4971 249.27495
460 563.20215 240.98068
477 563.20215 240.98068
494 550.95654 230.48181
511 550.95654 230.48181
527 538.52277 197.21854
544 538.52277 197.21854
561 528.01404 168.21965
579 528.01404 168.21965
595 519.95807 145.8036
612 519.95807 145.8036
629 519.95807 145.8036
647 516.4201 128.92126
663 510.47916 114.77414
681 510.47916 114.77414
698 506.3722 102.90331
714 506.3722 102.90331
731 503.2646 90.71343
748 503.2646 90.71343
765 508.1745 80.93339
782 508.1745 80.93339
799 510.09042 72.52509
816 510.09042 72.52509
833 519.62134 66.3632
851 519.62134 66.3632
868 582.33234 67.31651
884 582.33234 67.31651
901 578.88806 71.84213
918 578.88806 71.84213
935 631.2672 74.46175
952 631.2672 74.46175
969 672.0624 74.94965
986 672.0624 74.94965
1004 707.16437 76.03246
1020 707.16437 76.03246
1037 734.1921 77.02131
1054 698.2448 78.33841
1072 698.2448 78.33841
1088 725.1411 78.97145
1105 725.1411 78.97145
1123 725.1411 78.97145
1139 746.5733 78.73928
1157 746.5733 78.73928
1174 765.31287 77.66158
1190 765.31287 77.66158
1207 781.5922 74.80445
1224 781.5922 74.80445
1242 792.8988 76.982765
1258 802.8546 73.82911
1275 802.8546 73.82911
1293 814.8688 93.14157
1309 814.8688 93.14157
1326 837.7218 107.36664
1343 837.7218 107.36664
1361 853.12537 119.04378
1377 853.12537 119.04378
1394 853.12537 119.04378
1411 861.44226 127.517525
1428 873.22235 135.80893
1446 873.22235 135.80893
1462 883.1503 142.314
1480 883.1503 142.314
1496 890.41705 146.54935
1513 890.41705 146.54935
1530 895.9453 149.57216
1547 895.9453 149.57216
1564 898.7792 153.14377
1582 898.7792 153.14377
1598 903.40765 155.64775
1615 903.40765 155.64775
1632 907.2488 158.26999
1649 907.2488 158.26999
1667 907.56604 182.5537
1684 907.56604 182.5537
1700 906.6302 206.47136
1717 906.6302 206.47136
1735 905.31506 224.0553
1752 905.31506 224.0553
1768 904.44354 237.60724
1786 904.44354 237.60724
1803 902.82074 247.84055
1819 902.82074 247.84055
1837 902.99695 256.7952
1853 901.59814 264.4991
1870 901.59814 264.4991
1887 901.59814 264.4991
1904 901.6513 274.00372
1922 901.6513 274.00372
1939 889.2894 300.96024
1955 889.2894 300.96024
1972 884.6386 325.16345
1990 884.6386 325.16345
2006 874.96545 343.47287
2023 854.5358 358.45236
2040 854.5358 358.45236
2057 854.62177 368.982
2074 854.62177 368.982
2091 854.62177 368.982
2108 855.57764 382.0997
2125 855.57764 382.0997
2143 793.46246 395.34927
2159 793.46246 395.34927
2177 802.3251 402.59015
2193 802.3251 402.59015
2210 811.41693 406.45932
2227 816.9953 410.0065
2244 816.9953 410.0065
2261 820.58203 411.08914
2278 820.58203 411.08914
2296 828.85223 426.1247
2312 828.85223 426.1247
2329 832.3242 439.14825
2346 832.3242 439.14825
2363 832.3242 439.14825
2381 839.1767 454.52487
2397 839.1767 454.52487
2414 840.8042 461.71582
2431 845.4765 467.95975
2448 845.4765 467.95975
2465 852.3574 474.549
2482 852.3574 474.549
2499 853.84357 483.0125
2516 853.84357 483.0125
2534 856.3468 487.2597
2550 856.3468 487.2597
2567 856.37103 489.65656
2584 856.37103 489.65656
2601 859.2578 491.6314
2618 859.2578 491.6314
2635 860.5275 493.88248
2652 860.5275 493.88248
2669 860.3349 493.8439
2686 860.3349 493.8439
2703 860.7272 491.05182
2720 860.7272 491.05182
2737 856.27325 492.6158
2754 856.27325 492.6158
2771 855.2116 493.77478
2788 855.2116 493.77478
2805 855.13885 494.82123
2822 855.57513 492.3197
2839 855.57513 492.3197
2857 858.249 490.63544
2873 858.249 490.63544
2890 858.249 490.63544
2907 796.9158 495.63892
2924 796.9158 495.63892
2941 809.4053 494.508
2958 809.4053 494.508
2975 818.5136 492.74384
2992 763.587 497.22144
3009 763.587 497.22144
3026 783.47003 495.01636
3043 783.47003 495.01636
3060 798.1094 493.26428
3077 798.1094 493.26428
3094 814.15894 493.3373
3111 814.15894 493.3373
3128 814.15894 493.3373
3145 835.7737 478.838
3163 851.1561 467.17545
3179 851.1561 467.17545
3196 864.10944 457.48682
3213 864.10944 457.48682
3230 875.50433 449.19635
3247 875.50433 449.19635
3264 884.8784 441.00317
3281 884.8784 441.00317
3298 891.7176 435.89178
3315 891.7176 435.89178
3332 898.6094 429.758
3349 898.6094 429.758
3366 903.8957 426.249
3383 903.8957 426.249
3400 847.3077 425.19916
3417 847.3077 425.19916
3434 860.8269 420.3355
3451 860.8269 420.3355
3468 816.7148 410.81125
3485 816.7148 410.81125
3502 830.59735 398.59845
3519 830.59735 398.59845
3537 839.609 389.01825
3553 839.609 389.01825
3570 849.994 377.19696
3587 858.6944 370.35663
3604 858.6944 370.35663
3621 858.6944 370.35663
3638 865.6386 365.4245
3655 865.6386 365.4245
3672 871.641 359.89948
3689 871.641 359.89948
3706 876.6861 352.46646
3723 876.6861 352.46646
3740 871.5027 333.36774
3757 867.68585 318.89328
3774 867.68585 318.89328
3791 865.5454 307.1783
3808 865.5454 307.1783
3826 863.35297 300.3976
3842 863.35297 300.3976
3859 861.9119 294.2041
3876 861.9119 294.2041
3893 861.9119 294.2041
3910 862.2296 285.38513
3927 862.2296 285.38513
3944 861.35596 278.85858
3961 858.8324 273.02472
3978 858.8324 273.02472
3995 858.4906 268.26935
