299.0 683.0 0.0 384.0
1 645.81494 292.18164
17 645.81494 292.18164
35 650.049 296.78125
52 650.32605 299.38416
68 650.32605 299.38416
85 655.14685 305.27386
102 655.14685 305.27386
119 656.45764 309.25256
136 656.45764 309.25256
154 659.2857 311.78455
171 659.2857 311.78455
187 659.546 316.69858
204 659.546 316.69858
222 662.836 316.50012
238 662.836 316.50012
255 665.31274 317.1668
272 665.31274 317.1668
289 667.26715 318.26074
306 667.26715 318.26074
323 654.3944 310.61105
340 654.3944 310.61105
357 622.1368 288.56308
374 622.1368 288.56308
391 594.62494 272.4648
408 575.28015 258.48166
425 575.28015 258.48166
442 575.28015 258.48166
459 555.3726 245.97856
476 555.3726 245.97856
493 543.3806 237.6435
510 543.3806 237.6435
528 526.27325 207.0432
544 526.27325 207.0432
561 512.5781 179.22879
578 512.5781 179.22879
595 502.32974 160.03339
612 491.9878 140.36098
629 491.9878 140.36098
646 481.85333 125.95944
663 481.85333 125.95944
680 475.9235 116.19985
697 475.9235 116.19985
714 475.9235 116.19985
732 472.6109 107.776985
748 472.6109 107.776985
765 535.2693 104.23635
783 585.78284 102.29782
799 585.78284 102.29782
817 624.4511 100.8303
833 624.4511 100.8303
850 658.8578 98.52814
868 658.8578 98.52814
884 687.49866 98.12125
902 687.49866 98.12125
918 710.2573 99.783165
936 710.2573 99.783165
952 710.2573 99.783165
970 729.3571 100.831154
986 729.3571 100.831154
1003 740.12445 98.349945
1020 746.91724 96.49803
1037 746.91724 96.49803
1054 786.07947 149.86969
1071 786.07947 149.86969
1089 816.32965 219.2312
1106 816.32965 219.2312
1122 838.00726 277.22375
1139 838.00726 277.22375
1156 852.02185 320.84216
1173 852.02185 320.84216
1190 862.5571 360.28577
1207 862.5571 360.28577
1224 875.11414 389.73245
1241 875.11414 389.73245
1258 886.8428 414.98343
1276 886.8428 414.98343
1292 877.3177 441.18524
1309 877.3177 441.18524
1326 872.87646 451.64554
1344 872.87646 451.64554
1360 866.42615 455.35065
1377 866.42615 455.35065
1394 862.52783 459.90076
1411 794.29486 404.35992
1429 794.29486 404.35992
1445 732.7684 353.33743
1462 732.7684 353.33743
1480 732.7684 353.33743
1497 684.7979 310.68097
1514 684.7979 310.68097
1530 636.5682 262.11115
1547 636.5682 262.11115
1564 599.0014 220.87367
1582 568.2158 188.31613
1598 568.2158 188.31613
1615 544.6152 164.43279
1632 544.6152 164.43279
1650 527.17993 144.10855
1666 527.17993 144.10855
1683 509.1186 124.609505
1700 509.1186 124.609505
1718 509.1186 124.609505
1734 517.9288 124.399605
1751 517.9288 124.399605
1769 586.8489 199.98172
1785 641.1981 265.48907
1802 641.1981 265.48907
1820 685.08374 317.18393
1836 685.08374 317.18393
1854 721.0813 356.74908
1870 721.0813 356.74908
1887 747.1582 389.5098
1904 747.1582 389.5098
1921 763.173 417.15466
1938 763.173 417.15466
1955 763.173 417.15466
1972 703.30444 432.6629
1989 657.3534 450.0609
2006 657.3534 450.0609
2023 593.7733 430.85843
2041 593.7733 430.85843
2057 540.2415 414.94678
2074 540.2415 414.94678
2091 500.21335 383.7739
2109 500.21335 383.7739
2125 480.06406 323.86533
2142 480.06406 323.86533
2160 465.86948 273.36694
2176 454.9236 233.12456
2193 454.9236 233.12456
2210 454.9236 233.12456
2228 442.60944 203.12598
2244 442.60944 203.12598
2261 440.2956 177.45728
2278 440.2956 177.45728
2295 435.07657 154.45013
2312 435.07657 154.45013
2329 429.46545 157.74602
2347 420.035 224.33789
2363 420.035 224.33789
2380 415.34735 283.8461
2397 415.34735 283.8461
2414 410.95877 330.93848
2431 410.95877 330.93848
2448 410.95877 330.93848
2466 408.67566 371.75607
2482 408.67566 371.75607
2499 408.31027 403.99268
2516 408.31027 403.99268
2533 407.7383 429.15833
2551 406.85083 448.3925
2568 406.85083 448.3925
2584 406.63123 466.2182
2601 406.63123 466.2182
2618 407.57062 477.49014
2635 407.57062 477.49014
2652 408.081 486.2952
2669 408.081 486.2952
2686 408.081 486.2952
2704 409.0671 491.16397
2720 409.0671 491.16397
2737 411.49515 496.68768
2754 421.21494 506.4275
2772 421.21494 506.4275
2788 432.08246 513.7084
2805 432.08246 513.7084
2822 441.6765 520.306
2839 441.6765 520.306
2856 447.95697 523.21173
2874 447.95697 523.21173
2890 453.64847 527.01276
2908 453.64847 527.01276
2925 455.3714 530.5581
2942 455.3714 530.5581
2958 457.2457 531.646
2976 457.2457 531.646
2992 464.79456 509.38455
3009 464.79456 509.38455
3027 474.2486 491.0603
3043 474.2486 491.0603
3060 480.45117 476.5077
3078 480.45117 476.5077
3094 484.10825 464.37158
3111 484.10825 464.37158
3128 488.4744 454.1802
3146 491.9837 447.876
3162 491.9837 447.876
3179 496.6541 443.30664
3197 496.6541 443.30664
3214 496.6541 443.30664
3231 496.35675 440.19397
3247 496.35675 440.19397
3265 498.55435 439.50452
3282 498.55435 439.50452
3298 499.07672 437.94586
3315 499.45703 433.93243
3332 499.45703 433.93243
3349 500.54538 433.73853
3366 500.54538 433.73853
3383 499.09906 433.09634
3400 499.09906 433.09634
3417 500.9434 432.22473
3435 500.9434 432.22473
3452 492.86142 439.28635
3469 492.86142 439.28635
3485 492.86142 439.28635
3503 486.2681 447.69135
3519 480.3723 456.372
3536 480.3723 456.372
3553 469.67114 457.01315
3570 469.67114 457.01315
3588 464.52405 460.32385
3605 464.52405 460.32385
3621 459.47342 462.7358
3638 459.47342 462.7358
3655 458.7609 464.5879
3673 458.7609 464.5879
3689 458.16782 467.46115
3706 456.65958 469.47372
3723 456.65958 469.47372
3740 456.65958 469.47372
3758 454.02475 468.67938
3775 454.02475 468.67938
3791 453.3122 466.78397
3808 453.3122 466.78397
3825 454.30133 471.0011
3843 454.30133 471.0011
3859 456.50385 471.70505
3876 456.50385 471.70505
3893 455.94714 470.92828
3910 453.3426 470.3488
3927 453.3426 470.3488
3945 451.90665 470.4758
3961 451.90665 470.4758
3979 451.90665 470.4758
3995 449.20612 470.86136
4012 449.20612 470.86136
