2 672.4897 389.0636 333.0016827034936 433.0016827034936 332.9952018786457 432.9952018786457
17 672.4897 389.0636 333.1215672298508 433.1215672298508 325.460353677165 425.460353677165
34 673.6916 388.8003 333.4861703954607 433.4861703954607 316.92762829531256 416.92762829531256
51 673.6916 388.8003 334.0935140048509 434.0935140048509 308.4087391863609 408.4087391863609
68 675.26263 395.86835 334.94310583748677 434.94310583748677 299.91059046864586 399.91059046864586
86 675.26263 395.86835 336.1059474282776 436.1059474282776 290.9428107334055 390.9428107334055
103 682.1759 400.9319 337.4518999466856 437.4518999466856 282.5090245297676 382.5090245297676
119 682.1759 400.9319 338.93750703184975 438.93750703184975 274.6093422383909 374.6093422383909
136 680.5135 410.005 340.74725228130916 440.74725228130916 266.2627764750041 366.2627764750041
153 680.5135 410.005 342.7938532438116 442.7938532438116 257.9711082224287 357.9711082224287
170 682.06067 411.85156 345.0756512552929 445.0756512552929 249.74105744826687 349.7410574482669
187 685.11273 415.83768 347.59079703666407 447.59079703666407 241.57929418234613 341.57929418234613
204 685.11273 415.83768 350.3372521925565 450.3372521925565 233.4924331110061 333.4924331110061
222 685.11273 415.83768 353.4949060276202 453.4949060276202 225.01879775167134 325.01879775167134
238 693.7092 412.29684 356.51500152904384 456.51500152904384 217.5695674640201 317.5695674640201
256 693.7092 412.29684 360.14975501321027 460.14975501321027 209.2893596734873 309.2893596734873
272 698.7536 415.1253 363.5888763391684 463.5888763391684 202.0240686798987 302.02406867989873
289 698.7536 415.1253 367.4548074744846 467.4548074744846 194.40862946948707 294.4086294694871
306 699.274 416.0246 371.53594923283765 471.53594923283765 186.90632183391858 286.9063218339186
323 699.274 416.0246 375.8289940602396 475.8289940602396 179.52322600490484 279.5232260049048
340 639.9171 396.56104 380.3304626662418 480.3304626662418 172.26532559916362 272.2653255991636
357 639.9171 396.56104 385.0367068437197 485.0367068437197 165.13850276900726 265.13850276900723
374 596.4531 384.43057 389.9439124255555 489.9439124255555 158.14853343516307 258.1485334351631
391 561.22656 377.81274 395.0481023758233 495.0481023758233 151.30108260568883 251.30108260568883
408 561.22656 377.81274 400.34514001297055 500.34514001297055 144.601699784777 244.601699784777
425 532.0994 369.71503 405.83073236238414 505.83073236238414 138.05581447516937 238.05581447516937
442 532.0994 369.71503 411.50043363562395 511.50043363562395 131.66873177782583 231.66873177782583
459 532.0994 369.71503 417.3496488335043 517.3496488335043 125.44562809241546 225.44562809241546
476 509.51517 346.25708 423.3736374701024 523.3736374701024 119.39154692211227 219.39154692211227
494 509.51517 346.25708 429.9370474236076 529.9370474236076 113.17102252884061 213.1710225288406
510 495.61465 302.7347 435.9262688483818 535.9262688483818 107.8099372430793 207.8099372430793
527 495.61465 302.7347 442.44473833256984 542.4447383325698 102.29179502905546 202.29179502905546
544 493.11835 269.26544 449.1176429853873 549.1176429853873 96.96144031244515 196.96144031244515
561 492.08627 245.3613 455.939574763276 555.939574763276 91.82319306962836 191.82319306962836
578 492.08627 245.3613 462.90500484391305 562.905004843913 86.88121758382923 186.88121758382923
596 497.8015 219.95743 470.430298817712 570.430298817712 81.86691558325475 181.86691558325475
612 497.8015 219.95743 477.24366770951156 577.2436677095116 77.60194042970028 177.60194042970028
629 504.44302 199.51872 484.6052797509776 584.6052797509776 73.27215913482809 173.2721591348281
646 504.44302 199.51872 492.08715802621145 592.0871580262115 69.15368424901567 169.15368424901567
663 507.26498 188.97313 499.6832388604396 599.6832388604396 65.24985358281685 165.24985358281685
680 507.26498 188.97313 507.3873660236304 607.3873660236304 61.563830988764266 161.56383098876427
697 507.26498 188.97313 515.1932957197998 615.1932957197998 58.09860379723074 158.09860379723074
714 510.7126 177.11316 523.0947016472838 623.0947016472838 54.85698039535282 154.85698039535282
731 510.7126 177.11316 531.0851801258791 631.0851801258791 51.84158795097835 151.84158795097835
748 520.63904 172.55858 539.158255286693 639.158255286693 49.0548702834833 149.0548702834833
765 520.63904 172.55858 547.3073843205016 647.3073843205016 46.49908588318232 146.49908588318232
782 530.9368 162.03249 555.5259627803556 655.5259627803556 44.176306080939696 144.1763060809397
800 538.7758 152.17908 564.2962813350795 664.2962813350795 41.972948099647 141.972948099647
816 538.7758 152.17908 572.1447741627716 672.1447741627716 40.23709987763954 140.23709987763954
833 544.4299 147.44623 580.531538399579 680.531538399579 38.62386599915499 138.623865999155
850 544.4299 147.44623 588.960825606595 688.960825606595 37.25001917650059 137.2500191765006
867 554.88007 137.1849 597.4258042831839 697.4258042831839 36.116672841359446 136.11667284135945
884 554.88007 137.1849 605.9196140026227 705.9196140026227 35.2247455122278 135.2247455122278
901 564.46967 127.303406 614.4353709721212 714.4353709721212 34.574960050003085 134.57496005000309
919 564.46967 127.303406 623.4683063658551 723.4683063658551 34.151460206215404 134.1514602062154
935 575.3212 120.38043 631.5051081479654 731.5051081479654 34.00372452586896 134.00372452586896
953 575.3212 120.38043 640.5475055449577 740.5475055449577 34.09495642779058 134.09495642779058
969 589.36 112.05354 648.5796904715623 748.5796904715623 34.40481772096149 134.4048177209615
986 589.36 112.05354 657.1015001944813 757.1015001944813 34.96970439707047 134.96970439707047
1004 604.08075 98.2045 666.1031551661815 766.1031551661815 35.831958255007294 135.8319582550073
1020 604.08075 98.2045 674.0796299331981 774.0796299331981 36.82586922049978 136.82586922049978
1038 611.8579 91.99668 683.0176280498187 783.0176280498187 38.19899106955364 138.19899106955364
1054 611.8579 91.99668 690.9246150057149 790.9246150057149 39.645215808474234 139.64521580847423
1071 619.6085 84.89018 699.2800950571935 799.2800950571935 41.41334787928315 141.41334787928315
1089 619.6085 84.89018 708.0683806888678 808.0683806888678 43.54391343827683 143.54391343827683
1105 627.8307 78.98917 715.8231772598931 815.8231772598931 45.65936583863811 145.6593658386381
1122 627.8307 78.98917 723.9973720999366 823.9973720999366 48.133810549576026 148.13381054957603
1139 639.59186 78.007935 732.0978182836474 832.0978182836474 50.839934998910564 150.83993499891056
1157 652.4282 82.42471 740.5870829453671 840.5870829453671 53.95532573657704 153.95532573657704
1173 652.4282 82.42471 748.0512698040402 848.0512698040402 56.93826443105149 156.9382644310515
1190 652.4282 82.42471 755.8913456946693 855.8913456946693 60.32552703375262 160.32552703375262
1207 668.2002 73.79129 763.6318245155068 863.6318245155068 63.93458862018292 163.93458862018292
1224 668.2002 73.79129 771.2664330094331 871.2664330094331 67.76252423287974 167.76252423287974
1242 685.10175 75.14897 779.2278662476037 879.2278662476037 72.05074702783952 172.05074702783952
1258 685.10175 75.14897 786.1933800147626 886.1933800147626 76.06243329120804 176.06243329120804
1275 705.63806 78.13784 793.4736210088488 893.4736210088488 80.52768009049117 180.52768009049117
1293 705.63806 78.13784 801.040231024628 901.040231024628 85.47941582800502 185.47941582800502
1310 725.19366 88.94299 808.046396715908 908.046396715908 90.36346949445999 190.36346949446
1326 725.19366 88.94299 814.5109413283826 914.5109413283826 95.14067282585665 195.14067282585665
1344 748.1071 95.411194 821.6275668282935 921.6275668282935 100.71982289007568 200.71982289007568
1360 769.30475 108.9429 827.809774570124 927.809774570124 105.85716813378187 205.85716813378187
1377 769.30475 108.9429 834.2250299387413 934.2250299387413 111.49497235758312 211.49497235758312
1394 788.2278 115.166664 840.4772028442499 940.4772028442499 117.31310538030687 217.31310538030687
1412 788.2278 115.166664 846.9137673844003 946.9137673844003 123.66479105149173 223.66479105149173
1428 806.8771 118.36415 852.4721692933363 952.4721692933363 129.47135431515434 229.47135431515434
1445 806.8771 118.36415 858.2052415379586 958.2052415379586 135.80161659632608 235.80161659632608
1462 806.8771 118.36415 863.7557966001699 963.7557966001699 142.29250840037312 242.29250840037312
1480 825.2606 129.58913 869.4289206730178 969.4289206730178 149.33444969515332 249.33444969515332
1497 825.2606 129.58913 874.5897089352587 974.5897089352587 156.13934516994212 256.1393451699421
1514 840.60034 138.12097 879.5547012529947 979.5547012529947 163.08838749211185 263.08838749211185
1531 840.60034 138.12097 884.3198737571439 984.3198737571439 170.1759448228275 270.1759448228275
1547 875.3784 158.87094 888.6187467928016 988.6187467928016 176.96797687071094 276.9679768707109
1564 890.6824 185.91013 892.9851570459276 992.9851570459276 184.30792233453255 284.3079223345326
1581 890.6824 185.91013 897.1408627967578 997.1408627967578 191.76918547310373 291.76918547310373
1599 905.7301 209.32433 901.3076210713034 1001.3076210713034 199.79485674886422 299.7948567488642
1616 905.7301 209.32433 905.0191112173986 1005.0191112173986 207.48674720608716 307.48674720608716
1632 915.55444 237.0998 908.3109432553329 1008.3109432553329 214.8199491363638 314.8199491363638
1650 915.55444 237.0998 911.7778900120431 1011.7778900120431 223.17180845816728 323.1718084581673
1666 928.23315 255.43872 914.6470702485676 1014.6470702485676 230.6804577033056 330.6804577033056
1683 928.23315 255.43872 917.4739812329851 1017.4739812329851 238.73954649774532 338.7395464977453
1701 928.23315 255.43872 920.21584210631 1020.21584210631 247.35670803135872 347.3567080313587
1718 939.91907 273.66138 922.5657988908573 1022.5657988908573 255.56755701433508 355.5675570143351
1734 948.4105 290.33908 924.5631773273444 1024.5631773273444 263.35360145921436 363.35360145921436
1751 948.4105 290.33908 926.4560130930984 1026.4560130930984 271.6817171329047 371.6817171329047
1768 961.8223 311.6322 928.1110179615537 1028.1110179615537 280.0603385467098 380.0603385467098
1785 961.8223 311.6322 929.5268506369953 1029.5268506369953 288.4826752619944 388.4826752619944
1802 967.2407 316.00684 930.7023636603816 1030.7023636603817 296.94190141113677 396.94190141113677
1820 967.2407 316.00684 931.6840288345896 1031.6840288345898 305.9313178232743 405.9313178232743
1837 977.44507 329.77393 932.361983596427 1032.3619835964269 314.44487849148953 414.44487849148953
1854 977.44507 329.77393 932.7973209778079 1032.7973209778079 322.97428757271297 422.97428757271297
1871 978.37256 344.3241 932.9896881603357 1032.9896881603358 331.5126324227158 431.5126324227158
1887 978.37256 344.3241 932.9486453909749 1032.948645390975 339.5506871754069 439.5506871754069
1904 983.0324 352.54022 932.6690959534936 1032.6690959534935 348.08662239203596 448.08662239203596
1922 986.8469 360.50787 932.1083946506541 1032.1083946506542 357.1120801640305 457.1120801640305
1938 986.8469 360.50787 931.3818216320687 1031.3818216320687 365.1173347111916 465.1173347111916
1955 986.8469 360.50787 930.3751400172805 1030.3751400172805 373.5983093035911 473.5983093035911
1972 987.22 374.90286 929.1274512558361 1029.1274512558361 382.04719151753216 482.04719151753216
1990 987.22 374.90286 927.5448065389205 1027.5448065389205 390.9504779694597 490.9504779694597
2006 988.329 385.1742 925.9132915457113 1025.9132915457112 398.8213208432003 498.8213208432003
2023 988.329 385.1742 923.9494255069792 1023.9494255069792 407.13297339202586 507.13297339202586
2040 987.87994 403.94214 921.7497600303433 1021.7497600303433 415.385355454278 515.3853554542779
2057 987.87994 403.94214 919.3160778307275 1019.3160778307275 423.5717789017766 523.5717789017766
2074 989.49835 423.1919 916.6503512814876 1016.6503512814876 431.68560906238275 531.6856090623828
2092 989.49835 423.1919 913.5773009969078 1013.5773009969078 440.19029223658174 540.1902922365817
2108 987.8813 436.60254 910.6315931762647 1010.6315931762647 447.6692503292295 547.6692503292295
2125 991.1908 455.9058 907.2834395119482 1007.2834395119482 455.52610752219204 555.526107522192
2142 991.1908 455.9058 903.7129933280626 1003.7129933280626 463.2844741001809 563.2844741001809
2159 987.35516 473.8554 899.9231482862865 999.9231482862865 470.9380623089762 570.9380623089762
2176 987.35516 473.8554 895.9169758597092 995.9169758597092 478.4806693117979 578.4806693117979
2193 985.02466 489.91476 891.6977228435584 991.6977228435584 485.90618221638465 585.9061822163847
2210 985.02466 489.91476 887.2688087238421 987.2688087238421 493.20858302917645 593.2085830291765
2227 971.13196 519.8471 882.6338229060326 982.6338229060326 500.38195353258584 600.3819535325858
2244 971.13196 519.8471 877.7965218060378 977.7965218060378 507.42048008140796 607.420480081408
2261 971.13196 519.8471 872.7608258058228 972.7608258058228 514.3184583144773 614.3184583144773
2278 948.0161 542.8936 867.5308160761413 967.5308160761413 521.0702977777584 621.0702977777584
2295 948.0161 542.8936 862.1107312689596 962.1107312689596 527.6705264551181 627.6705264551181
2313 922.632 568.1722 856.169526925818 956.169526925818 534.4878107309933 634.4878107309933
2330 902.7183 580.3072 850.3721099362925 950.3721099362925 540.7591976716982 640.7591976716982
2346 902.7183 580.3072 844.754702109853 944.754702109853 546.5086966087915 646.5086966087915
2364 889.3152 595.9564 838.2536107340788 938.2536107340788 552.7943218655896 652.7943218655896
2381 889.3152 595.9564 831.9423499372441 931.9423499372441 558.5483052740481 658.5483052740481
2397 879.5303 602.8061 825.8549614017456 925.8549614017456 563.7976585231695 663.7976585231695
2415 879.5303 602.8061 818.8413765564474 918.8413765564474 569.5058019659065 669.5058019659065
2431 869.2633 615.32874 812.4651233483269 912.4651233483269 574.4002277485814 674.4002277485814
2448 869.2633 615.32874 805.5492900189863 905.5492900189863 579.4113740517007 679.4113740517007
2466 869.2633 615.32874 798.0743413925139 898.0743413925139 584.5004227817345 684.5004227817345
2483 858.1268 630.4014 790.8768325769166 890.8768325769166 589.0978356150445 689.0978356150445
2499 858.1268 630.4014 783.9857182018081 883.9857182018081 593.2360177503971 693.2360177503971
2517 844.331 640.3821 776.1038988675523 876.1038988675523 597.6688721273433 697.6688721273433
2533 832.9629 652.53394 768.9884567331254 868.9884567331254 601.4081891703074 701.4081891703074
2551 832.9629 652.53394 760.8671459641587 860.8671459641587 605.3853219740902 705.3853219740902
2567 822.62335 666.30786 753.5504381858558 853.5504381858558 608.7136542896951 708.7136542896951
2585 822.62335 666.30786 745.2159582546325 845.2159582546325 612.2221750921277 712.2221750921277
2601 813.4785 679.6029 737.721699277214 837.721699277214 615.1287351027865 715.1287351027865
2619 813.4785 679.6029 729.2010633664289 829.2010633664289 618.1572723108953 718.1572723108953
2635 802.0896 686.65784 721.553543102233 821.553543102233 620.6326394604092 720.6326394604092
2652 802.0896 686.65784 713.3585211872297 813.3585211872297 623.0372088029525 723.0372088029525
2669 789.9212 699.1253 705.0983728534557 805.0983728534557 625.2075284601758 725.2075284601758
2687 789.9212 699.1253 696.2887884500344 796.2887884500344 627.2482382837565 727.2482382837565
2703 774.52435 710.2126 688.4095219750633 788.4095219750633 628.8385742647915 728.8385742647915
2720 774.52435 710.2126 679.9943448795832 779.9943448795832 630.296357637651 730.296357637651
2737 763.60974 721.6847 671.5410813019316 771.5410813019316 631.5140081610913 731.5140081610913
2755 763.60974 721.6847 662.5566681050749 762.5566681050749 632.5404551656717 732.5404551656717
2772 762.0169 731.13965 654.0465913636143 754.0465913636143 633.2608243522246 733.2608243522246
2788 762.0169 731.13965 646.0214019995067 746.0214019995067 633.7172719246712 733.7172719246712
2806 755.9495 740.593 636.982177164819 736.982177164819 633.9735692774082 733.9735692774082
2822 755.9495 740.593 628.9440176902656 728.9440176902656 633.9725804261168 733.9725804261168
2840 748.22345 736.6071 619.9048561883765 719.9048561883765 633.714059077236 733.714059077236
2856 748.22345 736.6071 611.8797793711809 711.8797793711809 633.2556370072082 733.2556370072082
2874 737.8677 739.65643 602.8699783535706 702.8699783535706 632.4831348595524 732.4831348595524
2890 724.4551 751.551 594.8839945588649 694.8839945588649 631.5687653790487 731.5687653790487
2907 724.4551 751.551 586.4290000393138 686.4290000393138 630.3631926583694 730.3631926583694
2924 711.9439 755.3168 578.0117489028069 678.0117489028069 628.9174329219486 728.9174329219486
2942 711.9439 755.3168 569.1480850152877 669.1480850152877 627.1261382967836 727.1261382967836
2958 697.3238 750.6162 561.3177276452934 661.3177276452934 625.3102329649023 725.3102329649023
2975 697.3238 750.6162 553.0544871637487 653.0544871637487 623.1517161929854 723.1517161929854
2993 697.3238 750.6162 544.3759367047026 644.3759367047026 620.6108431393186 720.6108431393186
3010 686.75037 746.1145 536.2533318686146 636.2533318686146 617.9719743310518 717.9719743310518
3026 686.75037 746.1145 528.6800356774336 628.6800356774336 615.278056456131 715.278056456131
3043 664.5106 743.0233 520.7155915726703 620.7155915726703 612.1945571432422 712.1945571432422
3060 664.5106 743.0233 512.8421481644934 612.8421481644934 608.8855955525434 708.8855955525434
3078 653.3261 744.8541 504.6118388259649 604.6118388259649 605.1392263586182 705.1392263586182
3094 635.535 741.29144 497.3937085871838 597.3937085871838 601.6021930576474 701.6021930576474
3111 635.535 741.29144 489.8312325780845 589.8312325780845 597.6336549738851 697.6336549738851
3128 616.8299 734.9024 482.38478743869564 582.3847874386956 593.4514554692516 693.4514554692516
3145 616.8299 734.9024 475.06040812706976 575.0604081270698 589.058983999804 689.058983999804
3162 607.31537 734.05927 467.8640306732291 567.8640306732291 584.4598004361334 684.4598004361334
3179 607.31537 734.05927 460.8014873683203 560.8014873683203 579.6576321782761 679.6576321782761
3196 607.31537 734.05927 453.87850203784535 553.8785020378454 574.6563711348483 674.6563711348483
3214 588.36597 737.04877 446.7066291336331 546.7066291336331 569.1484211540582 669.1484211540582
3230 588.36597 737.04877 440.47353053246013 540.4735305324601 564.0729418127313 664.0729418127313
3247 573.5491 729.2742 434.0024083925641 534.0024083925641 558.4993508552757 658.4993508552757
3264 573.5491 729.2742 427.69256349239276 527.6925634923928 552.7438148032415 652.7438148032415
3282 553.2662 724.2208 421.193018823778 521.193018823778 546.4565902131905 646.4565902131905
3298 539.7712 712.70996 415.5770257696452 515.5770257696452 540.7057093474355 640.7057093474355
3315 539.7712 712.70996 409.7811519627961 509.7811519627961 534.4328962045494 634.4328962045494
3332 527.451 708.1661 404.1661854693228 504.1661854693228 527.9976425819129 627.9976425819129
3349 527.451 708.1661 398.7366769287074 498.7366769287074 521.4051639192346 621.4051639192346
3366 516.86725 702.64154 393.49702667636814 493.49702667636814 514.6608030789737 614.6608030789737
3383 516.86725 702.64154 388.45148117741576 488.45148117741576 507.7700260162269 607.7700260162269
3400 501.81384 699.47546 383.6041295851123 483.6041295851123 500.7384173488538 600.7384173488538
3418 501.81384 699.47546 378.69202741539596 478.69202741539596 493.1460181088685 593.1460181088685
3434 491.67422 689.0957 374.519558420162 474.519558420162 486.2756097367269 586.2756097367269
3451 491.67422 689.0957 370.28970142185455 470.28970142185455 478.85613214835485 578.8561321483548
3469 483.45364 678.17334 366.043167657697 466.043167657697 470.8723845988062 570.8723845988062
3485 483.45364 678.17334 362.4719822152257 462.4719822152257 463.6710900449318 563.6710900449318
3502 468.46558 646.8848 358.8904558633554 458.8904558633554 455.9178322199049 555.9178322199049
3519 468.46558 646.8848 355.5310810978608 455.5310810978608 448.06576630732854 548.0657663073285
3536 462.28705 627.0996 352.3965805179704 452.3965805179704 440.1212559998803 540.1212559998803
3554 462.28705 627.0996 349.3256228120883 449.3256228120883 431.61581699217805 531.615816992178
3570 447.96027 612.68036 346.8121790087004 446.8121790087004 423.9807263598813 523.9807263598814
3587 447.96027 612.68036 344.3668039474663 444.3668039474663 415.79778809050777 515.7977880905078
3605 436.5784 595.954 342.03258971905177 442.03258971905177 407.06138620638365 507.06138620638365
3621 436.5784 595.954 340.17961285468476 440.17961285468476 399.23971851615926 499.23971851615926
3638 432.39587 584.252 338.44119032461737 438.44119032461737 390.87800666884965 490.87800666884965
3655 432.39587 584.252 336.9414924513526 436.9414924513526 382.4701981434725 482.4701981434725
3672 431.98138 569.15234 335.68173466233077 435.68173466233077 374.02310703330426 474.02310703330426
3689 426.55115 551.05725 334.66293792598333 434.66293792598333 365.5435792681223 465.5435792681223
3706 426.55115 551.05725 333.8859279242903 433.8859279242903 357.03848706593226 457.03848706593226
3723 426.55115 551.05725 333.35133438360816 433.35133438360816 348.5147233633919 448.5147233633919
3740 423.18283 539.5747 333.05959056430925 433.05959056430925 339.9791962294431 439.9791962294431
3757 423.18283 539.5747 453.02406576024066 553.0240657602407 331.056686471707 431.056686471707
3775 415.9975 532.77313 453.3989626747057 553.3989626747057 322.0222125716715 422.0222125716715
3792 415.9975 532.77313 454.16922084104294 554.1692208410429 313.5170210808991 413.5170210808991
3808 411.87286 517.58124 455.26193415828243 555.2619341582824 305.553911501838 405.553911501838
3825 411.87286 517.58124 456.81120498653286 556.8112049865329 297.15561763711503 397.15561763711503
3842 410.74854 500.29742 458.7570723329198 558.7570723329197 288.84025954453836 388.84025954453836
3859 396.6822 479.95648 461.09515609929747 561.0951560992975 280.62655488470796 380.62655488470796
3876 396.6822 479.95648 463.8201933182859 563.8201933182859 272.53299249891984 372.53299249891984
3893 387.5869 460.00284 466.92605000007745 566.9260500000775 264.5777907912517 364.5777907912517
3910 387.5869 460.00284 470.40573493989234 570.4057349398923 256.7788567193968 356.7788567193968
3927 385.44324 443.19073 474.251415455004 574.251415455004 249.15374548655507 349.15374548655507
3944 385.44324 443.19073 478.4544350159092 578.4544350159092 241.71962102511617 341.71962102511617
3962 385.44324 443.19073 483.2836511094473 583.2836511094473 234.07495371588607 334.07495371588607
3979 380.3147 426.97256 488.19170848039323 588.1917084803932 227.08620899447726 327.08620899447726
3996 380.3147 426.97256 493.4257256503695 593.4257256503695 220.33812451057264 320.33812451057264
4012 373.44568 409.20322 498.63907999467915 598.6390799946792 214.22043924223226 314.22043924223226
4030 373.44568 409.20322 504.82380561963384 604.8238056196338 207.62411941289355 307.62411941289355
4046 374.424 390.96494 510.59338667089924 610.5933866708992 202.0279536670738 302.0279536670738
4064 402.11685 374.17255 517.3753216119491 617.3753216119491 196.0473496171248 296.04734961712484
4081 402.11685 374.17255 524.0486998190197 624.0486998190197 190.7184094558065 290.7184094558065
4098 428.01428 361.79535 530.9673246451781 630.9673246451781 185.71199252826437 285.7119925282644
4114 428.01428 361.79535 537.689062464963 637.689062464963 181.30479645322103 281.304796453221
4131 450.10626 346.43817 545.0388331282979 645.0388331282979 176.95595164869005 276.9559516486901
4149 450.10626 346.43817 553.0363936238961 653.0363936238961 172.73679385759596 272.73679385759596
4166 468.57687 338.3131 560.7752807325808 660.7752807325808 169.12553282347662 269.12553282347665
4182 468.57687 338.3131 568.2077684862486 668.2077684862486 166.06558799499004 266.06558799499004
4200 479.82397 332.05978 576.7229970015156 676.7229970015156 163.02368896976233 263.02368896976236
4217 479.82397 332.05978 584.8959282560902 684.8959282560902 160.54684124624086 260.5468412462409
4234 495.78793 320.1588 593.1771405586188 693.1771405586188 158.46043219287566 258.46043219287566
4250 495.78793 320.1588 601.053445290706 701.053445290706 156.85763453593017 256.8576345359302
4267 515.9479 307.9778 609.4914555949256 709.4914555949256 155.54174622631027 255.54174622631027
4284 515.9479 307.9778 617.9823830375866 717.9823830375866 154.6275629290547 254.6275629290547
4301 524.179 292.84006 626.507114755926 726.507114755926 154.1171424476271 254.1171424476271
4319 524.179 292.84006 635.5488207000526 735.5488207000526 154.01804670179018 254.01804670179018
4335 539.6506 265.38782 643.581202299593 743.581202299593 154.31127426047263 254.31127426047263
4352 539.6506 265.38782 652.0921247860152 752.0921247860152 155.01538956894865 255.01538956894865
4369 557.4265 250.13797 660.5600713827765 760.5600713827765 156.12239470530233 256.1223947053023
4386 557.4265 250.13797 668.9659809564164 768.9659809564164 157.6297978289907 257.6297978289907
4403 568.7072 237.69223 677.2909320172428 777.2909320172428 159.53420581373558 259.5342058137356
4420 568.7072 237.69223 685.5161853111272 785.5161853111272 161.83133188536496 261.831331885365
4438 586.7638 234.28174 694.0960379112927 794.0960379112927 164.68587137647998 264.68587137648
4454 586.7638 234.28174 701.5938053437343 801.5938053437343 167.58218283949915 267.5821828394992
4471 601.79114 229.74463 709.4099817666976 809.4099817666976 171.0229627020636 271.02296270206364
4489 601.79114 229.74463 717.4980927560449 817.4980927560449 175.0658239377357 275.0658239377357
4505 617.1702 225.66182 724.5091369531456 824.5091369531456 178.99652309031762 278.9965230903176
4522 617.1702 225.66182 731.7581279004737 831.7581279004737 183.51135533338842 283.51135533338845
4539 637.06915 224.7483 738.7848168015221 838.7848168015221 188.36493370665013 288.36493370665016
4556 637.06915 224.7483 745.5733867574248 845.5733867574248 193.54633292803192 293.5463329280319
4574 647.6489 222.04727 752.4847699331881 852.4847699331881 199.3768602579292 299.3768602579292
4591 647.6489 222.04727 758.735613124305 858.735613124305 205.19566935752866 305.1956693575287
4607 670.1526 219.48749 764.3604590589218 864.3604590589218 210.9372932370277 310.9372932370277
4625 690.8473 219.7569 770.3747830567704 870.3747830567704 217.68934279222185 317.68934279222185
4642 690.8473 219.7569 775.7369103211945 875.7369103211945 224.33608418463587 324.33608418463587
4658 708.6885 227.67955 780.4903217770493 880.4903217770493 230.81761302381858 330.8176130238186
4676 708.6885 227.67955 785.4859265519513 885.4859265519513 238.35460176468007 338.35460176468007
4692 708.6885 227.67955 789.6037905304013 889.6037905304013 245.25737894613326 345.25737894613326
4710 724.34735 227.98189 793.8627475670244 893.8627475670244 253.233816202647 353.233816202647
4727 724.34735 227.98189 797.5125264313018 897.5125264313018 260.95461241672945 360.95461241672945
4744 735.9086 237.0501 800.7919917624882 900.7919917624882 268.8398319494411 368.8398319494411
4760 735.9086 237.0501 803.5336455346032 903.5336455346032 276.3955232583588 376.3955232583588
4777 751.44116 246.75684 806.0739549944915 906.0739549944915 284.5489524624127 384.5489524624127
4794 751.44116 246.75684 808.2246793622878 908.2246793622878 292.8136947228397 392.8136947228397
4811 768.0257 262.7755 809.980977411876 909.980977411876 301.17114631399613 401.17114631399613
4828 781.7388 275.56396 811.3388957607996 911.3388957607996 309.60249482388303 409.60249482388303
4845 781.7388 275.56396 812.2953777692248 912.2953777692248 318.08876150040663 418.08876150040663
4863 795.5611 295.92764 812.8681938134266 912.8681938134266 327.11284860805364 427.11284860805364
4879 795.5611 295.92764 812.9963291668411 912.9963291668411 335.1495592469291 435.1495592469291
4896 806.18427 311.1408 812.7392207321774 912.7392207321774 343.68568689301895 443.68568689301895
4913 806.18427 311.1408 812.0775238609478 912.0775238609478 352.200012303063 452.200012303063
4930 814.5913 330.62076 811.0127280160616 911.0127280160616 360.6733699460652 460.6733699460652
4947 814.5913 330.62076 809.5472300260149 909.5472300260149 369.0866865084376 469.0866865084376
4964 809.5019 352.60373 807.6843286896907 907.6843286896907 377.4210238275436 477.4210238275436
4981 809.5019 352.60373 805.4282173508461 905.4282173508461 385.65762152102405 485.65762152102405
4998 809.5019 352.60373 802.7839744590015 902.7839744590015 393.77793921594457 493.77793921594457
5015 814.59424 380.59213 799.7575521379785 899.7575521379785 401.7636982827043 501.7636982827043
5032 821.71533 411.40128 796.3557627878217 896.3557627878217 409.59692297976756 509.59692297976756
5050 821.71533 411.40128 792.3532545820084 892.3532545820084 417.70507902225296 517.7050790222529
5066 831.7453 431.9574 788.4575400722103 888.4575400722103 424.73562274375536 524.7356227437554
5083 831.7453 431.9574 783.9788854061801 883.9788854061801 432.00702098068035 532.0070209806804
5101 832.2389 453.7982 778.8665841399335 878.8665841399335 439.4653480122629 539.4653480122629
5117 832.2389 453.7982 774.0128734563121 874.0128734563121 445.8721123408068 545.8721123408068
5135 830.46387 469.35443 768.2168577475671 868.2168577475671 452.81246307048013 552.8124630704801
5151 830.46387 469.35443 762.7779103666112 862.7779103666112 458.73048537096236 558.7304853709624
5168 830.85205 480.92004 756.7157445286122 856.7157445286122 464.7456100820642 564.7456100820642
5186 830.85205 480.92004 749.993748013828 849.993748013828 470.79350469111057 570.7935046911106
5202 820.4619 502.35455 743.7702424593289 843.7702424593289 475.8800669068827 575.8800669068827
5219 820.4619 502.35455 736.9160462255444 836.9160462255444 480.9743356401059 580.9743356401059
5237 811.0687 513.0246 729.404044019961 829.404044019961 486.007435004336 586.007435004336
5253 811.0687 513.0246 722.5218717414465 822.5218717414465 490.15964421036574 590.1596442103657
5270 798.6605 529.05896 715.014294413571 815.014294413571 494.2300081502966 594.2300081502966
5288 798.6605 529.05896 706.864242169551 806.864242169551 498.14650081167713 598.1465008116771
5304 787.08673 541.3418 699.4626183788416 799.4626183788416 501.28036453280606 601.2803645328061
5321 787.08673 541.3418 691.4535261011198 791.4535261011198 504.2444868016163 604.2444868016163
5338 776.12213 558.30414 683.3128564156366 783.3128564156366 506.8253930396211 606.8253930396211
5356 776.12213 558.30414 674.5702779150454 774.5702779150454 509.133982978935 609.133982978935
5373 768.0893 578.04016 666.2166959955493 766.2166959955493 510.90859534556046 610.9085953455605
5389 768.0893 578.04016 658.2858601528986 758.2858601528986 512.2151095623715 612.2151095623715
5406 755.676 588.69617 649.8044649579773 749.8044649579773 513.2138665323532 613.2138665323532
5423 746.40796 597.6879 641.2852433377668 741.2852433377668 513.8092176247758 613.8092176247758
5441 746.40796 597.6879 632.2449739756478 732.2449739756478 513.9984164810973 613.9984164810973
5457 731.9439 604.7919 624.2100690108309 724.2100690108309 513.7852527689789 613.7852527689789
5475 731.9439 604.7919 615.1925479661336 715.1925479661336 513.1169859395293 613.1169859395293
5491 731.9439 604.7919 607.2139937950213 707.2139937950213 512.1434306506889 612.1434306506889
5508 720.40204 608.90594 598.7934791480179 698.7934791480179 510.71987418285164 610.7198741828516
5526 720.40204 608.90594 589.9619676676424 689.9619676676424 508.7790827672435 608.7790827672435
5543 709.61804 607.80615 581.7204446332313 681.7204446332313 506.5410304866251 606.5410304866251
5559 709.61804 607.80615 574.0688318657412 674.0688318657412 504.079738423869 604.079738423869
5577 696.14966 611.7344 565.6019771400934 665.6019771400934 500.9056814927985 600.9056814927985
5594 678.9784 615.7204 557.7613149437265 657.7613149437265 497.5210698075416 597.5210698075416
5610 678.9784 615.7204 550.5362667811617 650.5362667811617 493.99916469660786 593.9991646966079
5627 660.6522 617.8479 543.0401444467964 643.0401444467964 489.90774319720856 589.9077431972086
5645 660.6522 617.8479 535.3241421383856 635.3241421383856 485.19334241625086 585.1933424162509
5662 645.8676 615.8571 528.2628105761767 628.2628105761767 480.3903041584317 580.3903041584317
5678 645.8676 615.8571 521.8319398796541 621.8319398796541 475.56857846668925 575.5685784666892
5695 628.26013 616.62604 515.2423066318847 615.2423066318847 470.13642294632587 570.1364229463259
5712 628.26013 616.62604 508.91774297137306 608.9177429713731 464.3978277836013 564.3978277836013
5729 628.26013 616.62604 502.8724853308397 602.8724853308397 458.36571041097886 558.3657104109789
5746 612.9535 616.3114 497.1201414322254 597.1201414322254 452.0536489719888 552.0536489719889
5763 612.9535 616.3114 491.67365965604995 591.67365965605 445.47585175716756 545.4758517571676
5781 593.3009 604.2027 486.25378898296606 586.2537889829661 438.23794679551276 538.2379467955127
5797 576.5027 589.61206 481.74660595691194 581.7466059569119 431.58284065575424 531.5828406557542
5814 576.5027 589.61206 477.2883795805666 577.2883795805666 424.29889958551144 524.2988995855114
5831 559.3019 578.0711 473.18065612063515 573.1806561206351 416.8116979778178 516.8116979778179
5849 559.3019 578.0711 469.2236005938714 569.2236005938714 408.68126269395975 508.68126269395975
5865 549.1942 562.6206 466.05289368960894 566.0528936896089 401.295346752855 501.295346752855
5882 549.1942 562.6206 463.04889913133843 563.0488991313384 393.30112404946493 493.30112404946493
5899 533.2863 545.83276 460.427460199564 560.4274601995639 385.1734160167848 485.1734160167848
5917 533.2863 545.83276 458.07533489037223 558.0753348903722 376.44244969702606 476.44244969702606
5933 521.66296 534.8358 456.35497798067684 556.3549779806768 368.59098431373195 468.59098431373195
5950 521.66296 534.8358 454.91310174796206 554.9131017479621 360.1735872774116 460.1735872774116
5967 507.22522 524.0178 453.8720946157316 553.8720946157316 351.69727415859836 451.69727415859836
5985 503.13257 498.76324 453.2093745722001 553.2093745722001 342.6793437701557 442.6793437701557
6001 503.13257 498.76324 453.0036526131048 553.0036526131048 335.1467028281774 435.1467028281774
