0 561.0132 395.1842 333.0 433.0 334.0 434.0
17 561.0132 395.1842 333.1215672298508 433.1215672298508 325.460353677165 425.460353677165
34 561.0132 395.1842 333.4861703954607 433.4861703954607 316.92762829531256 416.92762829531256
51 582.5486 390.1969 334.0935140048509 434.0935140048509 308.4087391863609 408.4087391863609
68 582.5486 390.1969 334.94310583748677 434.94310583748677 299.91059046864586 399.91059046864586
85 602.21625 385.14233 336.0342573431978 436.0342573431978 291.44006945149073 391.44006945149073
102 624.1321 370.68713 337.3660842002114 437.3660842002114 283.00404105339845 383.00404105339845
119 624.1321 370.68713 338.93750703184975 438.93750703184975 274.6093422383909 374.6093422383909
136 629.58795 380.09753 340.74725228130916 440.74725228130916 266.2627764750041 366.2627764750041
153 629.58795 380.09753 342.7938532438116 442.7938532438116 257.9711082224287 357.9711082224287
170 626.9007 396.67297 345.0756512552929 445.0756512552929 249.74105744826687 349.7410574482669
187 626.9007 396.67297 347.59079703666407 447.59079703666407 241.57929418234613 341.57929418234613
204 625.3711 408.6441 350.3372521925565 450.3372521925565 233.4924331110061 333.4924331110061
221 625.3711 408.6441 353.31279086333535 453.31279086333535 225.48702821623766 325.48702821623766
238 624.1919 416.86343 356.51500152904384 456.51500152904384 217.5695674640201 317.5695674640201
255 624.1919 416.86343 359.9412889638151 459.9412889638151 209.74646754616077 309.7464675461608
273 624.93396 426.13843 363.8102697116431 463.8102697116431 201.57308012612515 301.57308012612515
290 624.0379 433.2467 367.68894874217887 467.68894874217887 193.9641257374746 293.9641257374746
306 624.0379 433.2467 371.53594923283765 471.53594923283765 186.90632183391858 286.9063218339186
324 624.0379 433.2467 376.0880516625483 476.0880516625483 179.0927671105879 279.09276711058794
340 624.30896 440.26297 380.3304626662418 480.3304626662418 172.26532559916362 272.2653255991636
358 624.30896 440.26297 385.31984113972976 485.31984113972976 164.72348388819168 264.7234838881917
374 624.8702 445.341 389.9439124255555 489.9439124255555 158.14853343516307 258.1485334351631
391 624.8702 445.341 395.0481023758233 495.0481023758233 151.30108260568883 251.30108260568883
408 622.8881 452.36682 400.34514001297055 500.34514001297055 144.601699784777 244.601699784777
426 622.8881 452.36682 406.15919195402086 506.15919195402086 137.675656616284 237.675656616284
442 622.847 455.76282 411.50043363562395 511.50043363562395 131.66873177782583 231.66873177782583
459 622.847 455.76282 417.3496488335043 517.3496488335043 125.44562809241546 225.44562809241546
476 624.254 457.7184 423.3736374701024 523.3736374701024 119.39154692211227 219.39154692211227
493 615.08545 434.31274 429.5675174146769 529.5675174146769 113.51139478609738 213.51139478609738
510 615.08545 434.31274 435.9262688483818 535.9262688483818 107.8099372430793 207.8099372430793
527 607.6332 420.3901 442.44473833256984 542.4447383325698 102.29179502905546 202.29179502905546
544 607.6332 420.3901 449.1176429853873 549.1176429853873 96.96144031244515 196.96144031244515
561 607.6332 420.3901 455.939574763276 555.939574763276 91.82319306962836 191.82319306962836
579 602.45264 409.85898 463.31908475446505 563.319084754465 86.5967118216947 186.5967118216947
595 602.45264 409.85898 470.0082881070341 570.0082881070341 82.13951907017963 182.13951907017963
612 597.54913 401.63846 477.24366770951156 577.2436677095116 77.60194042970028 177.60194042970028
630 597.54913 401.63846 485.0421198581312 585.0421198581312 73.02401316610684 173.02401316610684
646 594.26514 394.65952 492.08715802621145 592.0871580262115 69.15368424901567 169.15368424901567
663 594.26514 394.65952 499.6832388604396 599.6832388604396 65.24985358281685 165.24985358281685
680 583.5899 376.3277 507.3873660236304 607.3873660236304 61.563830988764266 161.56383098876427
697 570.23206 344.23178 515.1932957197998 615.1932957197998 58.09860379723074 158.09860379723074
714 570.23206 344.23178 523.0947016472838 623.0947016472838 54.85698039535282 154.85698039535282
731 560.84155 323.3357 531.0851801258791 631.0851801258791 51.84158795097835 151.84158795097835
748 560.84155 323.3357 539.158255286693 639.158255286693 49.0548702834833 149.0548702834833
765 553.3662 302.8592 547.3073843205016 647.3073843205016 46.49908588318232 146.49908588318232
782 553.3662 302.8592 555.5259627803556 655.5259627803556 44.176306080939696 144.1763060809397
799 550.11896 286.72336 563.8073299341439 663.8073299341439 42.08841336946284 142.08841336946284
816 550.11896 286.72336 572.1447741627716 672.1447741627716 40.23709987763954 140.23709987763954
833 550.11896 286.72336 580.531538399579 680.531538399579 38.62386599915499 138.623865999155
850 550.95874 269.464 588.960825606595 688.960825606595 37.25001917650059 137.2500191765006
867 550.95874 269.464 597.4258042831839 697.4258042831839 36.116672841359446 136.11667284135945
884 557.3322 255.20808 605.9196140026227 705.9196140026227 35.2247455122278 135.2247455122278
901 564.47687 243.16806 614.4353709721212 714.4353709721212 34.574960050003085 134.57496005000309
918 564.47687 243.16806 622.9661736117806 722.9661736117806 34.167843072143 134.167843072143
935 570.96643 235.11578 631.5051081479654 731.5051081479654 34.00372452586896 134.00372452586896
952 570.96643 235.11578 640.0452542165596 740.0452542165596 34.08273742076125 134.08273742076125
970 581.40204 226.86296 649.0813904556234 749.0813904556234 34.431328605587055 134.43132860558705
986 581.40204 226.86296 657.1015001944813 757.1015001944813 34.96970439707047 134.96970439707047
1003 591.81287 209.88501 665.6037768999744 765.6037768999744 35.77693963769889 135.7769396376989
1021 591.81287 209.88501 674.5772397075203 774.5772397075203 36.895080588854285 136.89508058885428
1037 604.8656 197.97452 682.5221900543268 782.5221900543268 38.115643042381976 138.11564304238198
1054 604.8656 197.97452 690.9246150057149 790.9246150057149 39.645215808474234 139.64521580847423
1071 618.18097 189.1286 699.2800950571935 799.2800950571935 41.41334787928315 141.41334787928315
1089 618.18097 189.1286 708.0683806888678 808.0683806888678 43.54391343827683 143.54391343827683
1105 633.95215 183.02966 715.8231772598931 815.8231772598931 45.65936583863811 145.6593658386381
1123 633.95215 183.02966 724.4759748533495 824.4759748533495 48.286601601133555 148.28660160113355
1140 647.01294 176.3172 732.5718778238853 832.5718778238853 51.006287796662775 151.00628779666278
1156 647.01294 176.3172 740.117950819005 840.117950819005 53.77554601295549 153.7755460129555
1173 663.2056 170.54872 748.0512698040402 848.0512698040402 56.93826443105149 156.9382644310515
1191 663.2056 170.54872 756.3494866729714 856.3494866729714 60.53171273890922 160.53171273890922
1208 680.66266 167.0706 764.0839106673807 864.0839106673807 64.15373198032523 164.15373198032523
1224 680.66266 167.0706 771.2664330094331 871.2664330094331 67.76252423287974 167.76252423287974
1241 698.3319 163.56024 778.788983721744 878.788983721744 71.80623152831976 171.80623152831976
1258 732.61084 177.91019 786.1933800147626 886.1933800147626 76.06243329120804 176.06243329120804
1276 732.61084 177.91019 793.8978774307536 893.8978774307536 80.79677522140798 180.79677522140798
1292 768.1622 193.70486 800.6238064458005 900.6238064458005 85.19835307494287 185.19835307494287
1310 768.1622 193.70486 808.046396715908 908.046396715908 90.36346949445999 190.36346949446
1327 768.1622 193.70486 814.9106963702274 914.9106963702274 95.4449779482751 195.4449779482751
1343 798.5843 211.64482 821.2366359705578 921.2366359705578 100.40426185718263 200.40426185718263
1360 798.5843 211.64482 827.809774570124 927.809774570124 105.85716813378187 205.85716813378187
1378 824.8547 226.89328 834.5973693489477 934.5973693489477 111.83226905874935 211.83226905874935
1394 824.8547 226.89328 840.4772028442499 940.4772028442499 117.31310538030687 217.31310538030687
1411 847.18134 241.57693 846.5612262243785 946.5612262243785 123.30685190652298 223.30685190652298
1429 870.5849 256.7334 852.8143786828404 952.8143786828404 129.83918367062486 229.83918367062486
1445 870.5849 256.7334 858.2052415379586 958.2052415379586 135.80161659632608 235.80161659632608
1462 890.44116 272.5479 863.7557966001699 963.7557966001699 142.29250840037312 242.29250840037312
1480 890.44116 272.5479 869.4289206730178 969.4289206730178 149.33444969515332 249.33444969515332
1496 907.377 290.5685 874.2915129944168 974.2915129944168 155.73501253228335 255.73501253228335
1513 907.377 290.5685 879.2681356740757 979.2681356740757 162.675730406883 262.67573040688296
1530 925.2186 303.52515 884.0451707867052 984.0451707867052 169.7552977272204 269.7552977272204
1547 925.2186 303.52515 888.6187467928016 988.6187467928016 176.96797687071094 276.9679768707109
1564 925.2186 303.52515 892.9851570459276 992.9851570459276 184.30792233453255 284.3079223345326
1581 943.1985 318.8235 897.1408627967578 997.1408627967578 191.76918547310373 291.76918547310373
1598 943.1985 318.8235 901.0824960610505 1001.0824960610505 199.34571931915121 299.3457193191512
1615 948.246 330.64038 904.8068623492258 1004.8068623492258 207.03138348446487 307.03138348446487
1633 951.9361 334.6371 908.5101439647128 1008.5101439647128 215.28117010118746 315.28117010118746
1650 951.9361 334.6371 911.7778900120431 1011.7778900120431 223.17180845816728 323.1718084581673
1666 956.2267 339.7222 914.6470702485676 1014.6470702485676 230.6804577033056 330.6804577033056
1683 956.2267 339.7222 917.4739812329851 1017.4739812329851 238.73954649774532 338.7395464977453
1700 963.04565 347.891 920.0703407916484 1020.0703407916484 246.87583895516212 346.8758389551621
1717 963.04565 347.891 922.4340447096293 1022.4340447096293 255.08274103198784 355.08274103198784
1734 965.856 356.09454 924.5631773273444 1024.5631773273444 263.35360145921436 363.35360145921436
1751 965.856 356.09454 926.4560130930984 1026.4560130930984 271.6817171329047 371.6817171329047
1768 974.6411 365.77972 928.1110179615537 1028.1110179615537 280.0603385467098 380.0603385467098
1786 974.6411 365.77972 929.6026611419293 1029.6026611419293 288.97932248926173 388.97932248926173
1802 976.8369 380.7876 930.7023636603816 1030.7023636603817 296.94190141113677 396.94190141113677
1820 976.8369 380.7876 931.6840288345896 1031.6840288345898 305.9313178232743 405.9313178232743
1836 980.0412 393.1501 932.3288155200738 1032.328815520074 313.9435746118702 413.9435746118702
1854 980.0412 393.1501 932.7973209778079 1032.7973209778079 322.97428757271297 422.97428757271297
1870 984.38336 406.36517 932.9851019890048 1032.9851019890048 331.01025341435343 431.01025341435343
1887 984.38336 406.36517 932.9486453909749 1032.948645390975 339.5506871754069 439.5506871754069
1905 988.8695 406.76172 932.6450853553974 1032.6450853553974 348.5884482504665 448.5884482504665
1921 988.8695 406.76172 932.1466802368993 1032.1466802368993 356.6111411309172 456.6111411309172
1938 979.9091 424.12662 931.3818216320687 1031.3818216320687 365.1173347111916 465.1173347111916
1956 979.9091 424.12662 930.3084090841814 1030.3084090841814 374.09625777841393 474.09625777841393
1973 970.2482 450.89795 929.0465730175129 1029.0465730175129 382.54303868307437 482.54303868307437
1989 970.2482 450.89795 927.6397665348454 1027.6397665348454 390.4571339716405 490.4571339716405
2006 965.8557 473.48923 925.9132915457113 1025.9132915457112 398.8213208432003 498.8213208432003
2024 958.1849 495.31213 923.8265442264865 1023.8265442264865 407.6201139178652 507.6201139178652
2040 958.1849 495.31213 921.7497600303433 1021.7497600303433 415.385355454278 515.3853554542779
2057 966.60895 498.92413 919.3160778307275 1019.3160778307275 423.5717789017766 523.5717789017766
2074 966.60895 498.92413 916.6503512814876 1016.6503512814876 431.68560906238275 531.6856090623828
2092 966.60895 498.92413 913.5773009969078 1013.5773009969078 440.19029223658174 540.1902922365817
2109 960.8812 517.02124 910.4408458507073 1010.4408458507073 448.13403109346496 548.134031093465
2125 960.8812 517.02124 907.2834395119482 1007.2834395119482 455.52610752219204 555.526107522192
2142 947.1225 536.64435 903.7129933280626 1003.7129933280626 463.2844741001809 563.2844741001809
2160 947.1225 536.64435 899.6934484911064 999.6934484911064 471.3848773771026 571.3848773771026
2176 942.9827 542.6422 895.9169758597092 995.9169758597092 478.4806693117979 578.4806693117979
2194 945.56116 531.09705 891.4429679827582 991.4429679827582 486.339201456037 586.339201456037
2210 945.56116 531.09705 887.2688087238421 987.2688087238421 493.20858302917645 593.2085830291765
2227 946.9697 525.63196 882.6338229060326 982.6338229060326 500.38195353258584 600.3819535325858
2245 946.9697 525.63196 877.5057571776003 977.5057571776003 507.8301892854297 607.8301892854297
2261 936.6869 547.1199 872.7608258058228 972.7608258058228 514.3184583144773 614.3184583144773
2279 936.6869 547.1199 867.2172069588121 967.2172069588121 521.4627962141102 621.4627962141102
2295 918.2698 565.20276 862.1107312689596 962.1107312689596 527.6705264551181 627.6705264551181
2312 918.2698 565.20276 856.5049640822481 956.5049640822481 534.1137952031119 634.1137952031119
2330 918.2698 565.20276 850.3721099362925 950.3721099362925 540.7591976716982 640.7591976716982
2346 917.6522 584.2821 844.754702109853 944.754702109853 546.5086966087915 646.5086966087915
2363 917.6522 584.2821 838.6197303028227 938.6197303028227 552.4502838409564 652.4502838409564
2381 913.1418 602.5415 831.9423499372441 931.9423499372441 558.5483052740481 658.5483052740481
2397 913.1418 602.5415 825.8549614017456 925.8549614017456 563.7976585231695 663.7976585231695
2414 906.05786 611.3954 819.2355094916655 919.2355094916655 569.1942495138428 669.1942495138428
2431 892.0701 623.3946 812.4651233483269 912.4651233483269 574.4002277485814 674.4002277485814
2448 892.0701 623.3946 805.5492900189863 905.5492900189863 579.4113740517007 679.4113740517007
2465 875.03796 635.7218 798.4936144283101 898.4936144283101 584.2236271487043 684.2236271487043
2482 875.03796 635.7218 791.3038148358737 891.3038148358737 588.8330869577367 688.8330869577367
2499 859.1447 649.4693 783.9857182018081 883.9857182018081 593.2360177503971 693.2360177503971
2516 859.1447 649.4693 776.54525546435 876.54525546435 597.4288511793545 697.4288511793545
2533 827.7149 656.66876 768.9884567331254 868.9884567331254 601.4081891703074 701.4081891703074
2550 827.7149 656.66876 761.3214464020558 861.3214464020558 605.1708066759479 705.1708066759479
2567 827.7149 656.66876 753.5504381858558 853.5504381858558 608.7136542896951 708.7136542896951
2585 798.72076 664.8562 745.2159582546325 845.2159582546325 612.2221750921277 712.2221750921277
2601 773.9893 674.10394 737.721699277214 837.721699277214 615.1287351027865 715.1287351027865
2618 773.9893 674.10394 729.6767969577133 829.6767969577133 617.9957692114392 717.9957692114392
2635 750.4247 682.1473 721.553543102233 821.553543102233 620.6326394604092 720.6326394604092
2653 750.4247 682.1473 712.8743677514212 812.8743677514212 623.1713771733134 723.1713771733134
2669 727.9023 688.82025 705.0983728534557 805.0983728534557 625.2075284601758 725.2075284601758
2686 727.9023 688.82025 696.7797925232513 796.7797925232513 627.1418395004217 727.1418395004217
2703 706.7492 697.2709 688.4095219750633 788.4095219750633 628.8385742647915 728.8385742647915
2720 706.7492 697.2709 679.9943448795832 779.9943448795832 630.296357637651 730.296357637651
2737 688.3985 705.56036 671.5410813019316 771.5410813019316 631.5140081610913 731.5140081610913
2754 688.3985 705.56036 663.0565821743512 763.0565821743512 632.4905389924386 732.4905389924386
2771 672.0698 714.9834 654.5477237438794 754.5477237438794 633.2251587040392 733.2251587040392
2789 651.9488 722.02136 645.5194574500881 745.5194574500881 633.7386581426483 733.7386581426483
2805 651.9488 722.02136 637.4845270833351 737.4845270833351 633.9664798220608 733.9664798220608
2822 651.9488 722.02136 628.9440176902656 728.9440176902656 633.9725804261168 733.9725804261168
2839 634.41943 727.0155 620.4067954607539 720.4067954607539 633.7355687926154 733.7355687926154
2856 634.41943 727.0155 611.8797793711809 711.8797793711809 633.2556370072082 733.2556370072082
2873 616.6444 729.563 603.3698801263789 703.3698801263789 632.5331740297464 732.5331740297464
2891 616.6444 729.563 594.3857197476881 694.3857197476881 631.5045165381459 731.5045165381459
2907 599.4281 731.724 586.4290000393138 686.4290000393138 630.3631926583694 730.3631926583694
2924 599.4281 731.724 578.0117489028069 678.0117489028069 628.9174329219486 728.9174329219486
2942 585.0459 733.9075 569.1480850152877 669.1480850152877 627.1261382967836 727.1261382967836
2958 585.0459 733.9075 561.3177276452934 661.3177276452934 625.3102329649023 725.3102329649023
2975 569.3685 733.60297 553.0544871637487 653.0544871637487 623.1517161929854 723.1517161929854
2993 545.3018 739.184 544.3759367047026 644.3759367047026 620.6108431393186 720.6108431393186
3010 545.3018 739.184 536.2533318686146 636.2533318686146 617.9719743310518 717.9719743310518
3026 489.6991 748.1008 528.6800356774336 628.6800356774336 615.278056456131 715.278056456131
3044 489.6991 748.1008 520.2498660899855 620.2498660899855 612.0061281757542 712.0061281757542
3060 443.76376 758.03796 512.8421481644934 612.8421481644934 608.8855955525434 708.8855955525434
3077 443.76376 758.03796 505.066086470933 605.066086470933 605.3538534259965 705.3538534259965
3095 443.76376 758.03796 496.94575447846444 596.9457544784644 601.3747225815591 701.3747225815591
3111 404.50726 762.846 489.8312325780845 589.8312325780845 597.6336549738851 697.6336549738851
3128 404.50726 762.846 482.38478743869564 582.3847874386956 593.4514554692516 693.4514554692516
3145 372.58197 764.23016 475.06040812706976 575.0604081270698 589.058983999804 689.058983999804
3163 344.75446 767.3574 467.4448257527072 567.4448257527072 584.182901653867 684.182901653867
3179 344.75446 767.3574 460.8014873683203 560.8014873683203 579.6576321782761 679.6576321782761
3196 335.15317 762.29205 453.87850203784535 553.8785020378454 574.6563711348483 674.6563711348483
3213 335.15317 762.29205 447.10068540279684 547.1006854027969 569.4600705688548 669.4600705688548
3231 339.59683 752.15283 440.08850519699024 540.0885051969902 563.7502016818883 663.7502016818883
3247 339.59683 752.15283 434.0024083925641 534.0024083925641 558.4993508552757 658.4993508552757
3264 340.42688 742.3448 427.69256349239276 527.6925634923928 552.7438148032415 652.7438148032415
3281 340.42688 742.3448 421.54910963438175 521.5491096343817 546.8109982204569 646.8109982204569
3298 340.58087 733.30005 415.5770257696452 515.5770257696452 540.7057093474355 640.7057093474355
3315 340.58087 733.30005 409.7811519627961 509.7811519627961 534.4328962045494 634.4328962045494
3332 341.24442 721.71387 404.1661854693228 504.1661854693228 527.9976425819129 627.9976425819129
3349 341.24442 721.71387 398.7366769287074 498.7366769287074 521.4051639192346 621.4051639192346
3366 341.24442 721.71387 393.49702667636814 493.49702667636814 514.6608030789737 614.6608030789737
3383 338.89822 715.27234 388.45148117741576 488.45148117741576 507.7700260162269 607.7700260162269
3400 335.9265 705.90454 383.6041295851123 483.6041295851123 500.7384173488538 600.7384173488538
3417 335.9265 705.90454 378.95890042682595 478.95890042682595 493.5716758314352 593.5716758314352
3434 333.11606 696.769 374.519558420162 474.519558420162 486.2756097367269 586.2756097367269
3452 333.11606 696.769 370.04748418581175 470.04748418581175 478.4159770489023 578.4159770489023
3469 327.41254 688.373 366.043167657697 466.043167657697 470.8723845988062 570.8723845988062
3485 327.41254 688.373 362.4719822152257 462.4719822152257 463.6710900449318 563.6710900449318
3502 321.0496 679.6068 358.8904558633554 458.8904558633554 455.9178322199049 555.9178322199049
3519 321.0496 679.6068 355.5310810978608 455.5310810978608 448.06576630732854 548.0657663073285
3537 313.92212 670.44867 352.2192563482289 452.2192563482289 439.6511902174244 539.6511902174244
3553 314.05966 652.3171 349.4894944740342 449.4894944740342 432.0907399116313 532.0907399116313
3571 314.05966 652.3171 346.66189266404376 446.66189266404376 423.5013312038564 523.5013312038564
3587 314.05966 652.3171 344.3668039474663 444.3668039474663 415.79778809050777 515.7977880905078
3604 313.09418 632.7901 342.155351140146 442.155351140146 407.5485569510936 507.5485569510936
3622 313.09418 632.7901 340.07076873233893 440.07076873233893 398.74925072104793 498.74925072104793
3639 312.2084 616.019 338.34635171354296 438.34635171354296 390.3846393220784 490.3846393220784
3655 312.2084 616.019 336.9414924513526 436.9414924513526 382.4701981434725 482.4701981434725
3672 310.4829 600.08954 335.68173466233077 435.68173466233077 374.02310703330426 474.02310703330426
3689 310.4829 600.08954 334.66293792598333 434.66293792598333 365.5435792681223 465.5435792681223
3706 307.72165 586.7671 333.8859279242903 433.8859279242903 357.03848706593226 457.03848706593226
3723 307.72165 586.7671 333.35133438360816 433.35133438360816 348.5147233633919 448.5147233633919
3740 304.65515 572.19244 333.05959056430925 433.05959056430925 339.9791962294431 439.9791962294431
3757 303.63388 556.18225 453.02406576024066 553.0240657602407 331.056686471707 431.056686471707
3774 303.63388 556.18225 453.36623095517183 553.3662309551719 322.5235450269113 422.5235450269113
3791 300.49048 541.70874 454.11274721758974 554.1127472175897 314.01623679178385 414.01623679178385
3808 300.49048 541.70874 455.26193415828243 555.2619341582824 305.553911501838 405.553911501838
3825 300.49048 541.70874 456.81120498653286 556.8112049865329 297.15561763711503 397.15561763711503
3842 299.22223 528.4622 458.7570723329198 558.7570723329197 288.84025954453836 388.84025954453836
3860 299.22223 528.4622 461.2447967163995 561.2447967163995 280.14695788528695 380.14695788528695
3876 295.84143 513.3838 463.8201933182859 563.8201933182859 272.53299249891984 372.53299249891984
3894 295.84143 513.3838 467.1204617306055 567.1204617306055 264.1145309557668 364.1145309557668
3910 294.33853 478.1643 470.40573493989234 570.4057349398923 256.7788567193968 356.7788567193968
3927 294.33853 478.1643 474.251415455004 574.251415455004 249.15374548655507 349.15374548655507
3945 293.15985 448.9011 478.7126014504479 578.7126014504479 241.28862718732034 341.28862718732034
3962 293.428 423.3682 483.2836511094473 583.2836511094473 234.07495371588607 334.07495371588607
3978 293.428 423.3682 487.893864647575 587.893864647575 227.49080094619188 327.4908009461919
3995 294.5421 400.8905 493.109026801152 593.109026801152 220.7281340425647 320.7281340425647
4013 294.5421 400.8905 498.9739209792019 598.9739209792019 213.84589003154827 313.84589003154827
4029 295.8561 381.3083 504.47157621838664 604.4715762183866 207.98236520147657 307.98236520147657
4046 295.8561 381.3083 510.59338667089924 610.5933866708992 202.0279536670738 302.0279536670738
4063 300.42828 364.28122 516.9907313118342 616.9907313118342 196.37060786867886 296.37060786867886
4080 300.42828 364.28122 523.6492098803254 623.6492098803254 191.0230623484931 291.0230623484931
4097 300.42828 364.28122 530.5538343096449 630.5538343096449 185.9973542961332 285.9973542961332
4115 302.5146 346.8794 538.1156224410547 638.1156224410547 181.0393681522872 281.03936815228724
4132 302.5146 346.8794 545.4775025692394 645.4775025692394 176.71105428707807 276.71105428707807
4148 334.06277 334.65546 552.5866021519138 652.5866021519138 172.9606090221234 272.96060902212344
4165 363.4645 327.19498 560.3153796987771 660.3153796987771 169.32776198864897 269.32776198864894
4182 363.4645 327.19498 568.2077684862486 668.2077684862486 166.06558799499004 266.06558799499004
4199 390.82672 320.4245 576.2460029469295 676.2460029469295 163.1814301122385 263.1814301122385
4216 390.82672 320.4245 584.4119892185008 684.4119892185008 160.68178050678887 260.68178050678887
4233 413.364 313.7419 592.6873458725511 692.6873458725511 158.57226582663537 258.5722658266354
4250 413.364 313.7419 601.053445290706 701.053445290706 156.85763453593017 256.8576345359302
4267 434.87933 304.36838 609.4914555949256 709.4914555949256 155.54174622631027 255.54174622631027
4284 434.87933 304.36838 617.9823830375866 717.9823830375866 154.6275629290547 254.6275629290547
4301 452.9395 298.84668 626.507114755926 726.507114755926 154.1171424476271 254.1171424476271
4319 452.9395 298.84668 635.5488207000526 735.5488207000526 154.01804670179018 254.01804670179018
4335 468.41754 292.38806 643.581202299593 743.581202299593 154.31127426047263 254.31127426047263
4353 468.41754 292.38806 652.5916157056257 752.5916157056257 155.06937491294823 255.06937491294823
4369 487.1656 289.76627 660.5600713827765 760.5600713827765 156.12239470530233 256.1223947053023
4386 487.1656 289.76627 668.9659809564164 768.9659809564164 157.6297978289907 257.6297978289907
4403 504.0114 289.42062 677.2909320172428 777.2909320172428 159.53420581373558 259.5342058137356
4420 504.0114 289.42062 685.5161853111272 785.5161853111272 161.83133188536496 261.831331885365
4437 545.7418 291.2733 693.6232260010909 793.6232260010909 164.5160052712332 264.5160052712332
4454 545.7418 291.2733 701.5938053437343 801.5938053437343 167.58218283949915 267.5821828394992
4472 582.38367 295.77658 709.8645705675439 809.8645705675439 171.23686599396328 271.2368659939633
4489 582.38367 295.77658 717.4980927560449 817.4980927560449 175.0658239377357 275.0658239377357
4506 612.8025 299.87677 724.9414118764473 824.9414118764473 179.25253868910977 279.25253868910977
4522 612.8025 299.87677 731.7581279004737 831.7581279004737 183.51135533338842 283.51135533338845
4539 637.96094 306.16602 738.7848168015221 838.7848168015221 188.36493370665013 288.36493370665016
4556 661.2827 310.96964 745.5733867574248 845.5733867574248 193.54633292803192 293.5463329280319
4573 661.2827 310.96964 752.108556869033 852.108556869033 199.0438897990301 299.0438897990301
4590 661.2827 310.96964 758.3756166338345 858.3756166338345 204.8452294582745 304.8452294582745
4607 686.99554 315.9809 764.3604590589218 864.3604590589218 210.9372932370277 310.9372932370277
4625 686.99554 315.9809 770.3747830567704 870.3747830567704 217.68934279222185 317.68934279222185
4641 711.69037 324.63702 775.4302705632856 875.4302705632856 223.93811728273374 323.93811728273374
4658 711.69037 324.63702 780.4903217770493 880.4903217770493 230.81761302381858 330.8176130238186
4676 735.9957 338.21234 785.4859265519513 885.4859265519513 238.35460176468007 338.35460176468007
4692 735.9957 338.21234 789.6037905304013 889.6037905304013 245.25737894613326 345.25737894613326
4709 760.2512 351.67966 793.6366938824929 893.6366938824929 252.78514557975075 352.78514557975075
4727 776.9541 368.55292 797.5125264313018 897.5125264313018 260.95461241672945 360.95461241672945
4744 776.9541 368.55292 800.7919917624882 900.7919917624882 268.8398319494411 368.8398319494411
4760 784.3131 380.302 803.5336455346032 903.5336455346032 276.3955232583588 376.3955232583588
4777 784.3131 380.302 806.0739549944915 906.0739549944915 284.5489524624127 384.5489524624127
4795 789.39185 393.2876 808.3389522412413 908.3389522412413 293.3029260641045 393.3029260641045
4811 789.39185 393.2876 809.980977411876 909.980977411876 301.17114631399613 401.17114631399613
4828 799.01624 409.6081 811.3388957607996 911.3388957607996 309.60249482388303 409.60249482388303
4846 799.01624 409.6081 812.3390893640834 912.3390893640834 318.5892561483454 418.5892561483454
4862 799.01624 409.6081 812.84827042036 912.84827042036 326.6108439720703 426.6108439720703
4880 805.04675 429.17133 812.9924195110625 912.9924195110625 335.6519438712278 435.6519438712278
4897 805.04675 429.17133 812.7114868280897 912.7114868280897 344.18732065055974 444.18732065055974
4913 805.5665 448.05463 812.0775238609478 912.0775238609478 352.200012303063 452.200012303063
4930 805.0356 464.8958 811.0127280160616 911.0127280160616 360.6733699460652 460.6733699460652
4947 805.0356 464.8958 809.5472300260149 909.5472300260149 369.0866865084376 469.0866865084376
4964 806.5673 480.24518 807.6843286896907 907.6843286896907 377.4210238275436 477.4210238275436
4981 806.5673 480.24518 805.4282173508461 905.4282173508461 385.65762152102405 485.65762152102405
4998 808.9916 493.6159 802.7839744590015 902.7839744590015 393.77793921594457 493.77793921594457
5015 808.9916 493.6159 799.7575521379785 899.7575521379785 401.7636982827043 501.7636982827043
5032 809.6598 508.78537 796.3557627878217 896.3557627878217 409.59692297976756 509.59692297976756
5049 809.6598 508.78537 792.5862637502574 892.5862637502574 417.25998091660404 517.259980916604
5066 809.1349 522.8592 788.4575400722103 888.4575400722103 424.73562274375536 524.7356227437554
5083 809.1349 522.8592 783.9788854061801 883.9788854061801 432.00702098068035 532.0070209806804
5100 809.1349 522.8592 779.1603810904619 879.1603810904619 439.057807893992 539.057807893992
5117 810.8855 530.6535 774.0128734563121 874.0128734563121 445.8721123408068 545.8721123408068
5134 793.9477 541.2999 768.5479494131282 868.5479494131282 452.4345954942897 552.4345954942896
5151 793.9477 541.2999 762.7779103666112 862.7779103666112 458.73048537096236 558.7304853709624
5168 779.9517 551.0823 756.7157445286122 856.7157445286122 464.7456100820642 564.7456100820642
5185 779.9517 551.0823 750.3750976809954 850.3750976809954 470.46642973411736 570.4664297341174
5202 765.52313 560.5613 743.7702424593289 843.7702424593289 475.8800669068827 575.8800669068827
5219 765.52313 560.5613 736.9160462255444 836.9160462255444 480.9743356401059 580.9743356401059
5237 754.78296 569.4514 729.404044019961 829.404044019961 486.007435004336 586.007435004336
5253 754.78296 569.4514 722.5218717414465 822.5218717414465 490.15964421036574 590.1596442103657
5271 745.64795 579.04193 714.5667557803298 814.5667557803298 494.45829474187997 594.45829474188
5287 745.64795 579.04193 707.3221049847989 807.3221049847989 497.93969839739407 597.9396983973941
5305 735.7019 588.0705 698.995462019195 798.995462019195 501.46521726278866 601.4652172627887
5321 728.7303 592.86896 691.4535261011198 791.4535261011198 504.2444868016163 604.2444868016163
5338 728.7303 592.86896 683.3128564156366 783.3128564156366 506.8253930396211 606.8253930396211
5355 728.7303 592.86896 675.0589337638094 775.0589337638094 509.01727369220305 609.017273692203
5372 719.8634 597.61816 666.710337516615 766.710337516615 510.8151948914908 610.8151948914908
5390 719.8634 597.61816 657.788344134101 757.788344134101 512.2849909417206 612.2849909417206
5407 702.9994 602.9355 649.3041943374132 749.3041943374132 513.2600715357657 613.2600715357657
5423 702.9994 602.9355 641.2852433377668 741.2852433377668 513.8092176247758 613.8092176247758
5441 663.5411 597.84955 632.2449739756478 732.2449739756478 513.9984164810973 613.9984164810973
5457 663.5411 597.84955 624.2100690108309 724.2100690108309 513.7852527689789 613.7852527689789
5474 633.02716 594.9802 615.692552089333 715.692552089333 513.1659907650433 613.1659907650433
5492 608.663 593.1635 606.7168767722527 706.7168767722527 512.0707652406622 612.0707652406622
5508 608.663 593.1635 598.7934791480179 698.7934791480179 510.71987418285164 610.7198741828516
5525 586.7502 590.39514 590.4499625136663 690.4499625136663 508.8985257511097 608.8985257511097
5542 586.7502 590.39514 582.2022249367301 682.2022249367301 506.68348516468336 606.6834851646834
5559 569.9111 589.1107 574.0688318657412 674.0688318657412 504.079738423869 604.079738423869
5576 569.9111 589.1107 566.0680913626405 666.0680913626405 501.0931464966776 601.0931464966776
5594 554.1976 587.75397 557.7613149437265 657.7613149437265 497.5210698075416 597.5210698075416
5610 554.1976 587.75397 550.5362667811617 650.5362667811617 493.99916469660786 593.9991646966079
5627 554.1976 587.75397 543.0401444467964 643.0401444467964 489.90774319720856 589.9077431972086
5645 532.03314 582.68805 535.3241421383856 635.3241421383856 485.19334241625086 585.1933424162509
5661 532.03314 582.68805 528.6718096170268 628.6718096170268 480.6820667001052 580.6820667001052
5678 511.94333 571.83746 521.8319398796541 621.8319398796541 475.56857846668925 575.5685784666892
5695 511.94333 571.83746 515.2423066318847 615.2423066318847 470.13642294632587 570.1364229463259
5712 502.70605 567.78326 508.91774297137306 608.9177429713731 464.3978277836013 564.3978277836013
5729 499.3653 569.44165 502.8724853308397 602.8724853308397 458.36571041097886 558.3657104109789
5746 499.3653 569.44165 497.1201414322254 597.1201414322254 452.0536489719888 552.0536489719889
5763 499.47223 568.0183 491.67365965604995 591.67365965605 445.47585175716756 545.4758517571676
5780 499.47223 568.0183 486.5452998949387 586.5452998949387 438.6471252215585 538.6471252215586
5797 499.48062 566.31274 481.74660595691194 581.7466059569119 431.58284065575424 531.5828406557542
5814 499.48062 566.31274 477.2883795805666 577.2883795805666 424.29889958551144 524.2988995855114
5831 496.98062 563.2468 473.18065612063515 573.1806561206351 416.8116979778178 516.8116979778179
5848 496.98062 563.2468 469.43268195865755 569.4326819586576 409.1380893339877 509.1380893339877
5865 496.98062 563.2468 466.05289368960894 566.0528936896089 401.295346752855 501.295346752855
5882 496.76816 558.4327 463.04889913133843 563.0488991313384 393.30112404946493 493.30112404946493
5899 496.37393 553.72205 460.427460199564 560.4274601995639 385.1734160167848 485.1734160167848
5916 496.37393 553.72205 458.1944776869708 558.1944776869708 376.9305179198789 476.9305179198789
5933 493.3849 545.90027 456.35497798067684 556.3549779806768 368.59098431373195 468.59098431373195
5951 493.3849 545.90027 454.8407421273871 554.8407421273871 359.67642565233353 459.67642565233353
5967 490.6888 541.5722 453.8720946157316 553.8720946157316 351.69727415859836 451.69727415859836
5985 490.6888 541.5722 453.2093745722001 553.2093745722001 342.6793437701557 442.6793437701557
6001 479.68253 529.71106 453.0036526131048 553.0036526131048 335.1467028281774 435.1467028281774
