6 619.96906 414.82343 333.0151442181831 433.0151442181831 330.9856507232055 430.9856507232055
17 619.96906 414.82343 333.1215672298508 433.1215672298508 325.460353677165 425.460353677165
34 626.95337 424.4233 333.4861703954607 433.4861703954607 316.92762829531256 416.92762829531256
51 626.95337 424.4233 334.0935140048509 434.0935140048509 308.4087391863609 408.4087391863609
68 634.2959 434.42685 334.94310583748677 434.94310583748677 299.91059046864586 399.91059046864586
85 634.2959 434.42685 336.0342573431978 436.0342573431978 291.44006945149073 391.44006945149073
102 641.2573 437.70737 337.3660842002114 437.3660842002114 283.00404105339845 383.00404105339845
119 641.2573 437.70737 338.93750703184975 438.93750703184975 274.6093422383909 374.6093422383909
136 648.21826 444.4327 340.74725228130916 440.74725228130916 266.2627764750041 366.2627764750041
153 648.21826 444.4327 342.7938532438116 442.7938532438116 257.9711082224287 357.9711082224287
170 648.21826 444.4327 345.0756512552929 445.0756512552929 249.74105744826687 349.7410574482669
187 651.21674 448.70798 347.59079703666407 447.59079703666407 241.57929418234613 341.57929418234613
204 651.21674 448.70798 350.3372521925565 450.3372521925565 233.4924331110061 333.4924331110061
222 651.95123 451.92987 353.4949060276202 453.4949060276202 225.01879775167134 325.01879775167134
238 653.6634 456.24646 356.51500152904384 456.51500152904384 217.5695674640201 317.5695674640201
256 653.6634 456.24646 360.14975501321027 460.14975501321027 209.2893596734873 309.2893596734873
272 656.6277 459.21643 363.5888763391684 463.5888763391684 202.0240686798987 302.02406867989873
289 656.6277 459.21643 367.4548074744846 467.4548074744846 194.40862946948707 294.4086294694871
306 659.567 463.08398 371.53594923283765 471.53594923283765 186.90632183391858 286.9063218339186
323 659.567 463.08398 375.8289940602396 475.8289940602396 179.52322600490484 279.5232260049048
340 660.3268 460.41205 380.3304626662418 480.3304626662418 172.26532559916362 272.2653255991636
357 660.3268 460.41205 385.0367068437197 485.0367068437197 165.13850276900726 265.13850276900723
374 652.8702 447.48505 389.9439124255555 489.9439124255555 158.14853343516307 258.1485334351631
391 652.8702 447.48505 395.0481023758233 495.0481023758233 151.30108260568883 251.30108260568883
408 648.3171 437.92328 400.34514001297055 500.34514001297055 144.601699784777 244.601699784777
426 648.3171 437.92328 406.15919195402086 506.15919195402086 137.675656616284 237.675656616284
442 648.2561 438.46338 411.50043363562395 511.50043363562395 131.66873177782583 231.66873177782583
459 648.2561 438.46338 417.3496488335043 517.3496488335043 125.44562809241546 225.44562809241546
476 648.5754 436.47766 423.3736374701024 523.3736374701024 119.39154692211227 219.39154692211227
494 648.5754 436.47766 429.9370474236076 529.9370474236076 113.17102252884061 213.1710225288406
510 644.5281 434.4538 435.9262688483818 535.9262688483818 107.8099372430793 207.8099372430793
527 644.5281 434.4538 442.44473833256984 542.4447383325698 102.29179502905546 202.29179502905546
544 642.92 426.45944 449.1176429853873 549.1176429853873 96.96144031244515 196.96144031244515
561 642.92 426.45944 455.939574763276 555.939574763276 91.82319306962836 191.82319306962836
578 641.53973 426.13516 462.90500484391305 562.905004843913 86.88121758382923 186.88121758382923
596 641.53973 426.13516 470.430298817712 570.430298817712 81.86691558325475 181.86691558325475
612 640.14276 423.691 477.24366770951156 577.2436677095116 77.60194042970028 177.60194042970028
629 637.74915 420.26712 484.6052797509776 584.6052797509776 73.27215913482809 173.2721591348281
646 637.74915 420.26712 492.08715802621145 592.0871580262115 69.15368424901567 169.15368424901567
663 628.68286 395.91705 499.6832388604396 599.6832388604396 65.24985358281685 165.24985358281685
680 628.68286 395.91705 507.3873660236304 607.3873660236304 61.563830988764266 161.56383098876427
698 628.68286 395.91705 515.6555035702502 615.6555035702502 57.90170381248561 157.9017038124856
714 610.9247 346.3067 523.0947016472838 623.0947016472838 54.85698039535282 154.85698039535282
732 610.9247 346.3067 531.5578441028453 631.5578441028453 51.6713103368038 151.6713103368038
749 595.6126 307.3877 539.6355747641641 639.6355747641641 48.89811628054434 148.89811628054434
766 595.6126 307.3877 547.7889724557664 647.7889724557664 46.355982532478436 146.35598253247844
782 589.97546 276.8422 555.5259627803556 655.5259627803556 44.176306080939696 144.1763060809397
799 589.97546 276.8422 563.8073299341439 663.8073299341439 42.08841336946284 142.08841336946284
817 585.4487 256.17075 572.6368142040386 672.6368142040386 40.13559963724384 140.13559963724384
833 584.2035 235.79614 580.531538399579 680.531538399579 38.62386599915499 138.623865999155
850 584.2035 235.79614 588.960825606595 688.960825606595 37.25001917650059 137.2500191765006
868 585.21967 222.47118 597.9247092126128 697.9247092126128 36.05751565750103 136.05751565750103
885 585.21967 222.47118 606.4200007018427 706.4200007018427 35.17981387243941 135.1798138724394
901 587.35925 213.61765 614.4353709721212 714.4353709721212 34.574960050003085 134.57496005000309
918 587.35925 213.61765 622.9661736117806 722.9661736117806 34.167843072143 134.167843072143
935 590.1166 202.46898 631.5051081479654 731.5051081479654 34.00372452586896 134.00372452586896
952 590.1166 202.46898 640.0452542165596 740.0452542165596 34.08273742076125 134.08273742076125
970 590.1166 202.46898 649.0813904556234 749.0813904556234 34.431328605587055 134.43132860558705
986 601.10114 195.62436 657.1015001944813 757.1015001944813 34.96970439707047 134.96970439707047
1003 616.82556 182.61113 665.6037768999744 765.6037768999744 35.77693963769889 135.7769396376989
1020 616.82556 182.61113 674.0796299331981 774.0796299331981 36.82586922049978 136.82586922049978
1037 627.43054 169.49228 682.5221900543268 782.5221900543268 38.115643042381976 138.11564304238198
1054 627.43054 169.49228 690.9246150057149 790.9246150057149 39.645215808474234 139.64521580847423
1071 642.848 161.70757 699.2800950571935 799.2800950571935 41.41334787928315 141.41334787928315
1088 642.848 161.70757 707.5818585250034 807.5818585250034 43.41860627535635 143.41860627535635
1105 655.8919 153.5786 715.8231772598931 815.8231772598931 45.65936583863811 145.6593658386381
1122 655.8919 153.5786 723.9973720999366 823.9973720999366 48.133810549576026 148.13381054957603
1139 668.92944 147.64104 732.0978182836474 832.0978182836474 50.839934998910564 150.83993499891056
1156 668.92944 147.64104 740.117950819005 840.117950819005 53.77554601295549 153.7755460129555
1173 683.6893 145.21416 748.0512698040402 848.0512698040402 56.93826443105149 156.9382644310515
1192 683.6893 145.21416 756.8072817166773 856.8072817166773 60.73866538800752 160.73866538800752
1207 697.5022 144.87961 763.6318245155068 863.6318245155068 63.93458862018292 163.93458862018292
1224 697.5022 144.87961 771.2664330094331 871.2664330094331 67.76252423287974 167.76252423287974
1241 710.89636 139.20808 778.788983721744 878.788983721744 71.80623152831976 171.80623152831976
1258 710.89636 139.20808 786.1933800147626 886.1933800147626 76.06243329120804 176.06243329120804
1275 725.1575 142.8317 793.4736210088488 893.4736210088488 80.52768009049117 180.52768009049117
1292 725.1575 142.8317 800.6238064458005 900.6238064458005 85.19835307494287 185.19835307494287
1309 735.5738 143.46385 807.638141470708 907.638141470708 90.0706669060545 190.0706669060545
1326 735.5738 143.46385 814.5109413283826 914.5109413283826 95.14067282585665 195.14067282585665
1343 752.3177 144.78229 821.2366359705578 921.2366359705578 100.40426185718263 200.40426185718263
1360 752.3177 144.78229 827.809774570124 927.809774570124 105.85716813378187 205.85716813378187
1377 769.88605 148.45259 834.2250299387413 934.2250299387413 111.49497235758312 211.49497235758312
1394 788.0381 152.65512 840.4772028442499 940.4772028442499 117.31310538030687 217.31310538030687
1411 788.0381 152.65512 846.5612262243785 946.5612262243785 123.30685190652298 223.30685190652298
1428 805.0363 163.13013 852.4721692933363 952.4721692933363 129.47135431515434 229.47135431515434
1445 805.0363 163.13013 858.2052415379586 958.2052415379586 135.80161659632608 235.80161659632608
1462 805.0363 163.13013 863.7557966001699 963.7557966001699 142.29250840037312 242.29250840037312
1479 820.65625 171.41412 869.1193360426164 969.1193360426164 148.93876919572267 248.93876919572267
1496 820.65625 171.41412 874.2915129944168 974.2915129944168 155.73501253228335 255.73501253228335
1513 836.4746 177.07338 879.2681356740757 979.2681356740757 162.675730406883 262.67573040688296
1530 836.4746 177.07338 884.0451707867052 984.0451707867052 169.7552977272204 269.7552977272204
1548 854.84296 185.75266 888.8813645222324 988.8813645222324 177.39627306401533 277.3962730640153
1564 854.84296 185.75266 892.9851570459276 992.9851570459276 184.30792233453255 284.3079223345326
1581 874.35046 196.30977 897.1408627967578 997.1408627967578 191.76918547310373 291.76918547310373
1598 888.8926 207.45012 901.0824960610505 1001.0824960610505 199.34571931915121 299.3457193191512
1615 888.8926 207.45012 904.8068623492258 1004.8068623492258 207.03138348446487 307.03138348446487
1633 900.8772 219.37738 908.5101439647128 1008.5101439647128 215.28117010118746 315.28117010118746
1649 900.8772 219.37738 911.5918989033121 1011.5918989033121 222.7051040458423 322.7051040458423
1666 913.39966 235.76102 914.6470702485676 1014.6470702485676 230.6804577033056 330.6804577033056
1683 913.39966 235.76102 917.4739812329851 1017.4739812329851 238.73954649774532 338.7395464977453
1701 931.6604 259.17642 920.21584210631 1020.21584210631 247.35670803135872 347.3567080313587
1717 931.6604 259.17642 922.4340447096293 1022.4340447096293 255.08274103198784 355.08274103198784
1735 931.6604 259.17642 924.6810775952 1024.6810775952 263.8419714294728 363.8419714294728
1751 948.5118 281.15646 926.4560130930984 1026.4560130930984 271.6817171329047 371.6817171329047
1768 948.5118 281.15646 928.1110179615537 1028.1110179615537 280.0603385467098 380.0603385467098
1785 960.33124 304.52173 929.5268506369953 1029.5268506369953 288.4826752619944 388.4826752619944
1803 975.3587 321.82703 930.7640061395116 1030.7640061395116 297.4405053679775 397.4405053679775
1819 975.3587 321.82703 931.6366043392997 1031.6366043392995 305.4311612295389 405.4311612295389
1836 981.88306 342.8299 932.3288155200738 1032.328815520074 313.9435746118702 413.9435746118702
1854 981.88306 342.8299 932.7973209778079 1032.7973209778079 322.97428757271297 422.97428757271297
1870 977.3079 367.88437 932.9851019890048 1032.9851019890048 331.01025341435343 431.01025341435343
1887 977.3079 367.88437 932.9486453909749 1032.948645390975 339.5506871754069 439.5506871754069
1904 972.5273 392.65875 932.6690959534936 1032.6690959534935 348.08662239203596 448.08662239203596
1921 972.5273 392.65875 932.1466802368993 1032.1466802368993 356.6111411309172 456.6111411309172
1939 965.8002 418.564 931.3292920861586 1031.3292920861586 365.61698093385 465.61698093385
1955 965.8002 418.564 930.3751400172805 1030.3751400172805 373.5983093035911 473.5983093035911
1972 960.05334 442.39404 929.1274512558361 1029.1274512558361 382.04719151753216 482.04719151753216
1989 960.05334 442.39404 927.6397665348454 1027.6397665348454 390.4571339716405 490.4571339716405
2006 955.0985 463.2571 925.9132915457113 1025.9132915457112 398.8213208432003 498.8213208432003
2023 955.0985 463.2571 923.9494255069792 1023.9494255069792 407.13297339202586 507.13297339202586
2040 945.4515 479.11435 921.7497600303433 1021.7497600303433 415.385355454278 515.3853554542779
2057 945.4515 479.11435 919.3160778307275 1019.3160778307275 423.5717789017766 523.5717789017766
2074 931.5684 492.15106 916.6503512814876 1016.6503512814876 431.68560906238275 531.6856090623828
2091 931.5684 492.15106 913.7547408159044 1013.7547408159044 439.7202700970553 539.7202700970553
2108 915.24677 501.3637 910.6315931762647 1010.6315931762647 447.6692503292295 547.6692503292295
2125 915.24677 501.3637 907.2834395119482 1007.2834395119482 455.52610752219204 555.526107522192
2142 901.0106 509.16534 903.7129933280626 1003.7129933280626 463.2844741001809 563.2844741001809
2160 887.9393 517.62244 899.6934484911064 999.6934484911064 471.3848773771026 571.3848773771026
2176 887.9393 517.62244 895.9169758597092 995.9169758597092 478.4806693117979 578.4806693117979
2193 879.34143 523.1033 891.6977228435584 991.6977228435584 485.90618221638465 585.9061822163847
2210 879.34143 523.1033 887.2688087238421 987.2688087238421 493.20858302917645 593.2085830291765
2227 879.34143 523.1033 882.6338229060326 982.6338229060326 500.38195353258584 600.3819535325858
2244 874.64294 528.0613 877.7965218060378 977.7965218060378 507.42048008140796 607.420480081408
2261 874.64294 528.0613 872.7608258058228 972.7608258058228 514.3184583144773 614.3184583144773
2278 871.5804 534.07007 867.5308160761413 967.5308160761413 521.0702977777584 621.0702977777584
2295 871.5804 534.07007 862.1107312689596 962.1107312689596 527.6705264551181 627.6705264551181
2313 865.08136 540.36536 856.169526925818 956.169526925818 534.4878107309933 634.4878107309933
2330 865.08136 540.36536 850.3721099362925 950.3721099362925 540.7591976716982 640.7591976716982
2346 862.6122 544.7155 844.754702109853 944.754702109853 546.5086966087915 646.5086966087915
2363 840.87915 548.06213 838.6197303028227 938.6197303028227 552.4502838409564 652.4502838409564
2380 840.87915 548.06213 832.3181143556885 932.3181143556885 558.2148284340103 658.2148284340103
2397 800.53894 554.6612 825.8549614017456 925.8549614017456 563.7976585231695 663.7976585231695
2414 800.53894 554.6612 819.2355094916655 919.2355094916655 569.1942495138428 669.1942495138428
2431 740.24426 567.25214 812.4651233483269 912.4651233483269 574.4002277485814 674.4002277485814
2449 740.24426 567.25214 805.1380660054275 905.1380660054275 579.6999923319313 679.6999923319313
2465 684.2058 574.9636 798.4936144283101 898.4936144283101 584.2236271487043 684.2236271487043
2482 684.2058 574.9636 791.3038148358737 891.3038148358737 588.8330869577367 688.8330869577367
2500 684.2058 574.9636 783.5513727666926 883.5513727666926 593.48850486691 693.48850486691
2516 639.7822 583.04724 776.54525546435 876.54525546435 597.4288511793545 697.4288511793545
2533 639.7822 583.04724 768.9884567331254 868.9884567331254 601.4081891703074 701.4081891703074
2551 606.22894 591.59955 760.8671459641587 860.8671459641587 605.3853219740902 705.3853219740902
2568 566.32214 601.1349 753.0902155588545 853.0902155588545 608.9151507775223 708.9151507775223
2584 566.32214 601.1349 745.6817300841386 845.6817300841386 612.0338607170812 712.0338607170812
2601 519.51715 609.36145 737.721699277214 837.721699277214 615.1287351027865 715.1287351027865
2618 519.51715 609.36145 729.6767969577133 829.6767969577133 617.9957692114392 717.9957692114392
2635 484.64163 619.18555 721.553543102233 821.553543102233 620.6326394604092 720.6326394604092
2652 484.64163 619.18555 713.3585211872297 813.3585211872297 623.0372088029525 723.0372088029525
2669 453.98315 623.97363 705.0983728534557 805.0983728534557 625.2075284601758 725.2075284601758
2687 453.98315 623.97363 696.2887884500344 796.2887884500344 627.2482382837565 727.2482382837565
2703 428.67438 631.30817 688.4095219750633 788.4095219750633 628.8385742647915 728.8385742647915
2720 428.67438 631.30817 679.9943448795832 779.9943448795832 630.296357637651 730.296357637651
2737 428.67438 631.30817 671.5410813019316 771.5410813019316 631.5140081610913 731.5140081610913
2754 409.1167 634.0556 663.0565821743512 763.0565821743512 632.4905389924386 732.4905389924386
2771 396.61755 638.26074 654.5477237438794 754.5477237438794 633.2251587040392 733.2251587040392
2788 396.61755 638.26074 646.0214019995067 746.0214019995067 633.7172719246712 733.7172719246712
2805 397.82343 631.8051 637.4845270833351 737.4845270833351 633.9664798220608 733.9664798220608
2822 397.82343 631.8051 628.9440176902656 728.9440176902656 633.9725804261168 733.9725804261168
2839 402.70895 628.02167 620.4067954607539 720.4067954607539 633.7355687926154 733.7355687926154
2856 402.70895 628.02167 611.8797793711809 711.8797793711809 633.2556370072082 733.2556370072082
2873 407.4306 626.30615 603.3698801263789 703.3698801263789 632.5331740297464 732.5331740297464
2890 407.4306 626.30615 594.8839945588649 694.8839945588649 631.5687653790487 731.5687653790487
2907 411.26526 622.17773 586.4290000393138 686.4290000393138 630.3631926583694 730.3631926583694
2925 411.22513 619.0385 577.5179378468152 677.5179378468152 628.8249324247021 728.8249324247021
2941 411.22513 619.0385 569.6390628953682 669.6390628953682 627.232657883161 727.232657883161
2958 413.0814 616.2231 561.3177276452934 661.3177276452934 625.3102329649023 725.3102329649023
2975 413.0814 616.2231 553.0544871637487 653.0544871637487 623.1517161929854 723.1517161929854
2992 413.0814 616.2231 544.8560383791012 644.8560383791012 620.7588569334407 720.7588569334407
3009 414.2821 614.01746 536.7290257094023 636.7290257094023 618.1335944747455 718.1335944747455
3026 414.2821 614.01746 528.6800356774336 628.6800356774336 615.278056456131 715.278056456131
3043 416.08295 614.4535 520.7155915726703 620.7155915726703 612.1945571432422 712.1945571432422
3061 416.08295 614.4535 512.3819751274623 612.3819751274623 608.6839858379951 708.6839858379951
3077 414.47034 616.4469 505.066086470933 605.066086470933 605.3538534259965 705.3538534259965
3094 414.47034 616.4469 497.3937085871838 597.3937085871838 601.6021930576474 701.6021930576474
3111 415.44016 617.5147 489.8312325780845 589.8312325780845 597.6336549738851 697.6336549738851
3128 412.64563 613.42957 482.38478743869564 582.3847874386956 593.4514554692516 693.4514554692516
3145 412.64563 613.42957 475.06040812706976 575.0604081270698 589.058983999804 689.058983999804
3162 410.53107 615.3787 467.8640306732291 567.8640306732291 584.4598004361334 684.4598004361334
3179 410.53107 615.3787 460.8014873683203 560.8014873683203 579.6576321782761 679.6576321782761
3196 409.79614 615.7043 453.87850203784535 553.8785020378454 574.6563711348483 674.6563711348483
3213 409.79614 615.7043 447.10068540279684 547.1006854027969 569.4600705688548 669.4600705688548
3231 409.79614 615.7043 440.08850519699024 540.0885051969902 563.7502016818883 663.7502016818883
3247 407.8075 615.05994 434.0024083925641 534.0024083925641 558.4993508552757 658.4993508552757
3264 407.8075 615.05994 427.69256349239276 527.6925634923928 552.7438148032415 652.7438148032415
3281 402.5366 614.84753 421.54910963438175 521.5491096343817 546.8109982204569 646.8109982204569
3298 402.5366 614.84753 415.5770257696452 515.5770257696452 540.7057093474355 640.7057093474355
3315 400.2657 615.2792 409.7811519627961 509.7811519627961 534.4328962045494 634.4328962045494
3333 398.19824 618.51825 403.8416251188419 503.8416251188419 527.6141503656863 627.6141503656863
3349 398.19824 618.51825 398.7366769287074 498.7366769287074 521.4051639192346 621.4051639192346
3366 394.05713 615.06616 393.49702667636814 493.49702667636814 514.6608030789737 614.6608030789737
3384 394.05713 615.06616 388.16081736231547 488.16081736231547 507.3602452851014 607.3602452851014
3400 393.46805 606.5072 383.6041295851123 483.6041295851123 500.7384173488538 600.7384173488538
3417 393.46805 606.5072 378.95890042682595 478.95890042682595 493.5716758314352 593.5716758314352
3435 389.4724 603.47705 374.2649101067921 474.2649101067921 485.8425278304917 585.8425278304917
3452 389.4724 603.47705 370.04748418581175 470.04748418581175 478.4159770489023 578.4159770489023
3468 388.25977 600.9052 366.2727575118902 466.2727575118902 471.3192561685689 571.3192561685689
3485 388.25977 600.9052 362.4719822152257 462.4719822152257 463.6710900449318 563.6710900449318
3503 386.4392 595.95667 358.68666860027383 458.68666860027383 455.45861935813366 555.4586193581337
3519 386.4392 595.95667 355.5310810978608 455.5310810978608 448.06576630732854 548.0657663073285
3536 383.41888 591.82587 352.3965805179704 452.3965805179704 440.1212559998803 540.1212559998803
3553 383.41888 591.82587 349.4894944740342 449.4894944740342 432.0907399116313 532.0907399116313
3570 380.3325 585.5138 346.8121790087004 446.8121790087004 423.9807263598813 523.9807263598814
3587 380.3325 585.5138 344.3668039474663 444.3668039474663 415.79778809050777 515.7977880905078
3604 374.3665 576.8523 342.155351140146 442.155351140146 407.5485569510936 507.5485569510936
3621 374.3665 576.8523 340.17961285468476 440.17961285468476 399.23971851615926 499.23971851615926
3638 367.36066 571.329 338.44119032461737 438.44119032461737 390.87800666884965 490.87800666884965
3655 367.36066 571.329 336.9414924513526 436.9414924513526 382.4701981434725 482.4701981434725
3672 358.222 561.8182 335.68173466233077 435.68173466233077 374.02310703330426 474.02310703330426
3690 358.222 561.8182 334.61053131423415 434.61053131423415 365.043920136258 465.043920136258
3706 351.20468 554.1244 333.8859279242903 433.8859279242903 357.03848706593226 457.03848706593226
3723 344.91254 545.0433 333.35133438360816 433.35133438360816 348.5147233633919 448.5147233633919
3741 344.91254 545.0433 333.0499980009779 433.0499980009779 339.4768878742076 439.4768878742076
3757 344.91254 545.0433 453.02406576024066 553.0240657602407 331.056686471707 431.056686471707
3774 342.18036 537.37396 453.36623095517183 553.3662309551719 322.5235450269113 422.5235450269113
3791 342.18036 537.37396 454.11274721758974 554.1127472175897 314.01623679178385 414.01623679178385
3808 339.62238 531.74255 455.26193415828243 555.2619341582824 305.553911501838 405.553911501838
3825 339.62238 531.74255 456.81120498653286 556.8112049865329 297.15561763711503 397.15561763711503
3842 336.94238 527.19745 458.7570723329198 558.7570723329197 288.84025954453836 388.84025954453836
3859 336.94238 527.19745 461.09515609929747 561.0951560992975 280.62655488470796 380.62655488470796
3876 336.13092 519.6343 463.8201933182859 563.8201933182859 272.53299249891984 372.53299249891984
3894 335.49347 508.69446 467.1204617306055 567.1204617306055 264.1145309557668 364.1145309557668
3910 335.49347 508.69446 470.40573493989234 570.4057349398923 256.7788567193968 356.7788567193968
3927 336.3346 492.91168 474.251415455004 574.251415455004 249.15374548655507 349.15374548655507
3944 336.3346 492.91168 478.4544350159092 578.4544350159092 241.71962102511617 341.71962102511617
3961 338.10764 478.91806 483.0053327319572 583.0053327319572 234.49321736108072 334.4932173610807
3978 338.10764 478.91806 487.893864647575 587.893864647575 227.49080094619188 327.4908009461919
3995 338.10764 478.91806 493.109026801152 593.109026801152 220.7281340425647 320.7281340425647
4013 341.86578 466.33853 498.9739209792019 598.9739209792019 213.84589003154827 313.84589003154827
4029 341.86578 466.33853 504.47157621838664 604.4715762183866 207.98236520147657 307.98236520147657
4046 342.07614 453.53345 510.59338667089924 610.5933866708992 202.0279536670738 302.0279536670738
4064 342.07614 453.53345 517.3753216119491 617.3753216119491 196.0473496171248 296.04734961712484
4080 343.66565 445.49084 523.6492098803254 623.6492098803254 191.0230623484931 291.0230623484931
4098 345.9435 435.32617 530.9673246451781 630.9673246451781 185.71199252826437 285.7119925282644
4114 345.9435 435.32617 537.689062464963 637.689062464963 181.30479645322103 281.304796453221
4132 372.03967 412.001 545.4775025692394 645.4775025692394 176.71105428707807 276.71105428707807
4148 372.03967 412.001 552.5866021519138 652.5866021519138 172.9606090221234 272.96060902212344
4165 398.15692 393.67892 560.3153796987771 660.3153796987771 169.32776198864897 269.32776198864894
4183 398.15692 393.67892 568.6767438562879 668.6767438562879 165.88540004190477 265.88540004190475
4199 423.39145 378.86026 576.2460029469295 676.2460029469295 163.1814301122385 263.1814301122385
4216 423.39145 378.86026 584.4119892185008 684.4119892185008 160.68178050678887 260.68178050678887
4234 446.47015 368.09814 593.1771405586188 693.1771405586188 158.46043219287566 258.46043219287566
4250 446.47015 368.09814 601.053445290706 701.053445290706 156.85763453593017 256.8576345359302
4267 446.47015 368.09814 609.4914555949256 709.4914555949256 155.54174622631027 255.54174622631027
4284 462.1052 354.7475 617.9823830375866 717.9823830375866 154.6275629290547 254.6275629290547
4302 479.34418 344.79376 627.009212437205 727.009212437205 154.09972077737774 254.09972077737774
4318 479.34418 344.79376 635.0464617946108 735.0464617946108 154.01163372561214 254.01163372561214
4335 495.72308 338.1556 643.581202299593 743.581202299593 154.31127426047263 254.31127426047263
4352 495.72308 338.1556 652.0921247860152 752.0921247860152 155.01538956894865 255.01538956894865
4369 509.71146 334.0795 660.5600713827765 760.5600713827765 156.12239470530233 256.1223947053023
4386 509.71146 334.0795 668.9659809564164 768.9659809564164 157.6297978289907 257.6297978289907
4403 519.1862 329.92108 677.2909320172428 777.2909320172428 159.53420581373558 259.5342058137356
4420 519.1862 329.92108 685.5161853111272 785.5161853111272 161.83133188536496 261.831331885365
4437 541.72327 318.72742 693.6232260010909 793.6232260010909 164.5160052712332 264.5160052712332
4454 541.72327 318.72742 701.5938053437343 801.5938053437343 167.58218283949915 267.5821828394992
4472 564.1057 311.57355 709.8645705675439 809.8645705675439 171.23686599396328 271.2368659939633
4488 584.03564 303.8244 717.0541612546845 817.0541612546845 174.83059975054408 274.8305997505441
4505 584.03564 303.8244 724.5091369531456 824.5091369531456 178.99652309031762 278.9965230903176
4522 584.03564 303.8244 731.7581279004737 831.7581279004737 183.51135533338842 283.51135533338845
4539 599.13165 299.27515 738.7848168015221 838.7848168015221 188.36493370665013 288.36493370665016
4556 599.13165 299.27515 745.5733867574248 845.5733867574248 193.54633292803192 293.5463329280319
4573 616.18945 297.07584 752.108556869033 852.108556869033 199.0438897990301 299.0438897990301
4590 616.18945 297.07584 758.3756166338345 858.3756166338345 204.8452294582745 304.8452294582745
4608 631.6115 296.294 764.7034286327194 864.7034286327194 211.30441374529323 311.30441374529323
4624 631.6115 296.294 770.0496124154753 870.0496124154753 217.30636805391646 317.30636805391646
4641 650.3676 297.25226 775.4302705632856 875.4302705632856 223.93811728273374 323.93811728273374
4659 668.05237 298.38428 780.7777404132385 880.7777404132385 231.2296762758943 331.2296762758943
4675 668.05237 298.38428 785.2183760095571 885.2183760095571 237.9293697063817 337.9293697063817
4692 690.3274 304.31088 789.6037905304013 889.6037905304013 245.25737894613326 345.25737894613326
4709 690.3274 304.31088 793.6366938824929 893.6366938824929 252.78514557975075 352.78514557975075
4726 709.83746 308.66776 797.3080081024611 897.3080081024611 260.4957247950736 360.4957247950736
4743 709.83746 308.66776 800.6094691549205 900.6094691549205 268.3717602734482 368.3717602734482
4760 709.83746 308.66776 803.5336455346032 903.5336455346032 276.3955232583588 376.3955232583588
4778 731.205 315.24902 806.2113040348377 906.2113040348377 285.032213093187 385.032213093187
4794 731.205 315.24902 808.2246793622878 908.2246793622878 292.8136947228397 392.8136947228397
4811 747.37683 325.4714 809.980977411876 909.980977411876 301.17114631399613 401.17114631399613
4829 747.37683 325.4714 811.4062971637562 911.4062971637562 310.1003528829921 410.1003528829921
4845 759.7823 337.06674 812.2953777692248 912.2953777692248 318.08876150040663 418.08876150040663
4863 774.3344 346.88065 812.8681938134266 912.8681938134266 327.11284860805364 427.11284860805364
4879 774.3344 346.88065 812.9963291668411 912.9963291668411 335.1495592469291 435.1495592469291
4897 786.4491 356.95203 812.7114868280897 912.7114868280897 344.18732065055974 444.18732065055974
4913 786.4491 356.95203 812.0775238609478 912.0775238609478 352.200012303063 452.200012303063
4930 795.46484 368.68634 811.0127280160616 911.0127280160616 360.6733699460652 460.6733699460652
4947 795.46484 368.68634 809.5472300260149 909.5472300260149 369.0866865084376 469.0866865084376
4964 802.48804 379.05182 807.6843286896907 907.6843286896907 377.4210238275436 477.4210238275436
4981 802.48804 379.05182 805.4282173508461 905.4282173508461 385.65762152102405 485.65762152102405
4998 802.48804 379.05182 802.7839744590015 902.7839744590015 393.77793921594457 493.77793921594457
5015 803.81036 391.58105 799.7575521379785 899.7575521379785 401.7636982827043 501.7636982827043
5032 803.81036 391.58105 796.3557627878217 896.3557627878217 409.59692297976756 509.59692297976756
5049 805.6253 407.5937 792.5862637502574 892.5862637502574 417.25998091660404 517.259980916604
5066 807.0772 419.85083 788.4575400722103 888.4575400722103 424.73562274375536 524.7356227437554
5083 807.0772 419.85083 783.9788854061801 883.9788854061801 432.00702098068035 532.0070209806804
5100 809.5326 431.89642 779.1603810904619 879.1603810904619 439.057807893992 539.057807893992
5117 809.5326 431.89642 774.0128734563121 874.0128734563121 445.8721123408068 545.8721123408068
5134 809.05194 444.7438 768.5479494131282 868.5479494131282 452.4345954942897 552.4345954942896
5151 809.05194 444.7438 762.7779103666112 862.7779103666112 458.73048537096236 558.7304853709624
5168 804.80304 457.8291 756.7157445286122 856.7157445286122 464.7456100820642 564.7456100820642
5185 804.80304 457.8291 750.3750976809954 850.3750976809954 470.46642973411736 570.4664297341174
5202 799.0894 472.27658 743.7702424593289 843.7702424593289 475.8800669068827 575.8800669068827
5219 799.0894 472.27658 736.9160462255444 836.9160462255444 480.9743356401059 580.9743356401059
5237 795.3994 484.18066 729.404044019961 829.404044019961 486.007435004336 586.007435004336
5253 795.3994 484.18066 722.5218717414465 822.5218717414465 490.15964421036574 590.1596442103657
5270 787.71545 499.4301 715.014294413571 815.014294413571 494.2300081502966 594.2300081502966
5287 787.71545 499.4301 707.3221049847989 807.3221049847989 497.93969839739407 597.9396983973941
5304 783.4415 513.2561 699.4626183788416 799.4626183788416 501.28036453280606 601.2803645328061
5321 783.4415 513.2561 691.4535261011198 791.4535261011198 504.2444868016163 604.2444868016163
5338 783.4415 513.2561 683.3128564156366 783.3128564156366 506.8253930396211 606.8253930396211
5355 778.1456 523.34216 675.0589337638094 775.0589337638094 509.01727369220305 609.017273692203
5372 770.3488 536.08826 666.710337516615 766.710337516615 510.8151948914908 610.8151948914908
5389 770.3488 536.08826 658.2858601528986 758.2858601528986 512.2151095623715 612.2151095623715
5406 761.4225 549.43835 649.8044649579773 749.8044649579773 513.2138665323532 613.2138665323532
5423 761.4225 549.43835 641.2852433377668 741.2852433377668 513.8092176247758 613.8092176247758
5440 750.1201 558.64954 632.7473718445073 732.7473718445073 513.9998227193989 613.9998227193989
5457 736.1381 566.1227 624.2100690108309 724.2100690108309 513.7852527689789 613.7852527689789
5474 736.1381 566.1227 615.692552089333 715.692552089333 513.1659907650433 613.1659907650433
5491 723.08716 572.26605 607.2139937950213 707.2139937950213 512.1434306506889 612.1434306506889
5508 723.08716 572.26605 598.7934791480179 698.7934791480179 510.71987418285164 610.7198741828516
5525 723.08716 572.26605 590.4499625136663 690.4499625136663 508.8985257511097 608.8985257511097
5543 710.6176 581.162 581.7204446332313 681.7204446332313 506.5410304866251 606.5410304866251
5559 710.6176 581.162 574.0688318657412 674.0688318657412 504.079738423869 604.079738423869
5576 698.115 584.2523 566.0680913626405 666.0680913626405 501.0931464966776 601.0931464966776
5593 698.115 584.2523 558.218012891798 658.218012891798 497.7304321259451 597.7304321259451
5611 671.95544 595.5032 550.0900131230868 650.0900131230868 493.7683763329592 593.7683763329592
5627 671.95544 595.5032 543.0401444467964 643.0401444467964 489.90774319720856 589.9077431972086
5644 647.56616 610.8402 535.7465194703461 635.7465194703461 485.4653773139863 585.4653773139863
5661 626.4109 620.3395 528.6718096170268 628.6718096170268 480.6820667001052 580.6820667001052
5678 626.4109 620.3395 521.8319398796541 621.8319398796541 475.56857846668925 575.5685784666892
5695 606.64984 629.5062 515.2423066318847 615.2423066318847 470.13642294632587 570.1364229463259
5712 606.64984 629.5062 508.91774297137306 608.9177429713731 464.3978277836013 564.3978277836013
5729 592.3135 640.9276 502.8724853308397 602.8724853308397 458.36571041097886 558.3657104109789
5746 592.3135 640.9276 497.1201414322254 597.1201414322254 452.0536489719888 552.0536489719889
5763 592.3135 640.9276 491.67365965604995 591.67365965605 445.47585175716756 545.4758517571676
5780 575.2964 648.9205 486.5452998949387 586.5452998949387 438.6471252215585 538.6471252215586
5797 575.2964 648.9205 481.74660595691194 581.7466059569119 431.58284065575424 531.5828406557542
5814 561.5509 645.6855 477.2883795805666 577.2883795805666 424.29889958551144 524.2988995855114
5832 548.27344 644.0363 472.9501422903951 572.9501422903951 416.3653024466931 516.365302446693
5848 548.27344 644.0363 469.43268195865755 569.4326819586576 409.1380893339877 509.1380893339877
5865 545.17365 621.93774 466.05289368960894 566.0528936896089 401.295346752855 501.295346752855
5882 545.17365 621.93774 463.04889913133843 563.0488991313384 393.30112404946493 493.30112404946493
5900 539.41785 606.001 460.2853018905736 560.2853018905736 384.6915481808328 484.6915481808328
5916 539.41785 606.001 458.1944776869708 558.1944776869708 376.9305179198789 476.9305179198789
5933 532.1588 592.9983 456.35497798067684 556.3549779806768 368.59098431373195 468.59098431373195
5950 532.1588 592.9983 454.91310174796206 554.9131017479621 360.1735872774116 460.1735872774116
5967 528.6211 580.55316 453.8720946157316 553.8720946157316 351.69727415859836 451.69727415859836
5985 528.6211 580.55316 453.2093745722001 553.2093745722001 342.6793437701557 442.6793437701557
6001 524.7814 569.22284 453.0036526131048 553.0036526131048 335.1467028281774 435.1467028281774
