1 192.10492 1132.5352 333.00042067616835 433.00042067616835 333.4976002348308 433.4976002348308
17 192.10492 1132.5352 333.1215672298508 433.1215672298508 325.460353677165 425.460353677165
34 173.34903 1164.64 333.4861703954607 433.4861703954607 316.92762829531256 416.92762829531256
51 159.42343 1194.5676 334.0935140048509 434.0935140048509 308.4087391863609 408.4087391863609
69 159.42343 1194.5676 335.00061216007174 435.00061216007174 299.41149255853884 399.41149255853884
86 159.42343 1194.5676 336.1059474282776 436.1059474282776 290.9428107334055 390.9428107334055
102 143.64178 1228.436 337.3660842002114 437.3660842002114 283.00404105339845 383.00404105339845
119 143.64178 1228.436 338.93750703184975 438.93750703184975 274.6093422383909 374.6093422383909
136 65.927185 1335.4194 340.74725228130916 440.74725228130916 266.2627764750041 366.2627764750041
153 65.927185 1335.4194 342.7938532438116 442.7938532438116 257.9711082224287 357.9711082224287
171 0.3928299 1436.7852 345.21716057483684 445.21716057483684 249.25899851671107 349.2589985167111
188 0.3928299 1436.7852 347.745971055829 447.745971055829 241.10145872448777 341.10145872448777
204 -53.819057 1519.8712 350.3372521925565 450.3372521925565 233.4924331110061 333.4924331110061
221 -53.819057 1519.8712 353.31279086333535 453.31279086333535 225.48702821623766 325.48702821623766
238 -95.79419 1584.1764 356.51500152904384 456.51500152904384 217.5695674640201 317.5695674640201
255 -129.94244 1636.4166 359.9412889638151 459.9412889638151 209.74646754616077 309.7464675461608
272 -129.94244 1636.4166 363.5888763391684 463.5888763391684 202.0240686798987 302.02406867989873
289 -157.06053 1674.438 367.4548074744846 467.4548074744846 194.40862946948707 294.4086294694871
306 -157.06053 1674.438 371.53594923283765 471.53594923283765 186.90632183391858 286.9063218339186
323 -157.06053 1674.438 375.8289940602396 475.8289940602396 179.52322600490484 279.5232260049048
340 -202.59523 1705.3153 380.3304626662418 480.3304626662418 172.26532559916362 272.2653255991636
357 -202.59523 1705.3153 385.0367068437197 485.0367068437197 165.13850276900726 265.13850276900723
374 -256.39575 1722.6625 389.9439124255555 489.9439124255555 158.14853343516307 258.1485334351631
391 -256.39575 1722.6625 395.0481023758233 495.0481023758233 151.30108260568883 251.30108260568883
408 -303.4304 1739.4343 400.34514001297055 500.34514001297055 144.601699784777 244.601699784777
425 -303.4304 1739.4343 405.83073236238414 505.83073236238414 138.05581447516937 238.05581447516937
442 -342.41028 1751.9539 411.50043363562395 511.50043363562395 131.66873177782583 231.66873177782583
460 -375.9122 1771.4714 417.69921012162035 517.6992101216204 125.08477825264669 225.0847782526467
476 -375.9122 1771.4714 423.3736374701024 523.3736374701024 119.39154692211227 219.39154692211227
493 -317.06186 1642.3004 429.5675174146769 529.5675174146769 113.51139478609738 213.51139478609738
510 -317.06186 1642.3004 435.9262688483818 535.9262688483818 107.8099372430793 207.8099372430793
527 -186.81165 1412.4109 442.44473833256984 542.4447383325698 102.29179502905546 202.29179502905546
544 -186.81165 1412.4109 449.1176429853873 549.1176429853873 96.96144031244515 196.96144031244515
561 -186.81165 1412.4109 455.939574763276 555.939574763276 91.82319306962836 191.82319306962836
578 -52.29113 1191.3672 462.90500484391305 562.905004843913 86.88121758382923 186.88121758382923
596 -52.29113 1191.3672 470.430298817712 570.430298817712 81.86691558325475 181.86691558325475
612 57.709614 1014.68866 477.24366770951156 577.2436677095116 77.60194042970028 177.60194042970028
629 148.23907 877.204 484.6052797509776 584.6052797509776 73.27215913482809 173.2721591348281
646 148.23907 877.204 492.08715802621145 592.0871580262115 69.15368424901567 169.15368424901567
663 223.39941 765.8696 499.6832388604396 599.6832388604396 65.24985358281685 165.24985358281685
680 223.39941 765.8696 507.3873660236304 607.3873660236304 61.563830988764266 161.56383098876427
697 288.20242 676.35834 515.1932957197998 615.1932957197998 58.09860379723074 158.09860379723074
715 288.20242 676.35834 523.5623270540765 623.5623270540765 54.6733171711283 154.6733171711283
731 339.08612 607.8668 531.0851801258791 631.0851801258791 51.84158795097835 151.84158795097835
748 339.08612 607.8668 539.158255286693 639.158255286693 49.0548702834833 149.0548702834833
765 383.83838 551.8599 547.3073843205016 647.3073843205016 46.49908588318232 146.49908588318232
782 383.83838 551.8599 555.5259627803556 655.5259627803556 44.176306080939696 144.1763060809397
799 420.59683 507.45428 563.8073299341439 663.8073299341439 42.08841336946284 142.08841336946284
816 420.59683 507.45428 572.1447741627716 672.1447741627716 40.23709987763954 140.23709987763954
834 452.16385 470.34927 581.0262683082123 681.0262683082123 38.53641304886645 138.53641304886645
850 452.16385 470.34927 588.960825606595 688.960825606595 37.25001917650059 137.2500191765006
867 479.94037 441.92822 597.4258042831839 697.4258042831839 36.116672841359446 136.11667284135945
885 479.94037 441.92822 606.4200007018427 706.4200007018427 35.17981387243941 135.1798138724394
901 504.66812 417.1346 614.4353709721212 714.4353709721212 34.574960050003085 134.57496005000309
918 504.66812 417.1346 622.9661736117806 722.9661736117806 34.167843072143 134.167843072143
935 521.306 360.77017 631.5051081479654 731.5051081479654 34.00372452586896 134.00372452586896
953 521.306 360.77017 640.5475055449577 740.5475055449577 34.09495642779058 134.09495642779058
969 539.74713 319.25134 648.5796904715623 748.5796904715623 34.40481772096149 134.4048177209615
986 539.74713 319.25134 657.1015001944813 757.1015001944813 34.96970439707047 134.96970439707047
1004 556.5061 284.4306 666.1031551661815 766.1031551661815 35.831958255007294 135.8319582550073
1020 572.4902 255.44997 674.0796299331981 774.0796299331981 36.82586922049978 136.82586922049978
1037 572.4902 255.44997 682.5221900543268 782.5221900543268 38.115643042381976 138.11564304238198
1054 590.485 231.80302 690.9246150057149 790.9246150057149 39.645215808474234 139.64521580847423
1071 590.485 231.80302 699.2800950571935 799.2800950571935 41.41334787928315 141.41334787928315
1088 610.5421 217.23738 707.5818585250034 807.5818585250034 43.41860627535635 143.41860627535635
1105 610.5421 217.23738 715.8231772598931 815.8231772598931 45.65936583863811 145.6593658386381
1122 610.5421 217.23738 723.9973720999366 823.9973720999366 48.133810549576026 148.13381054957603
1139 631.1074 207.65515 732.0978182836474 832.0978182836474 50.839934998910564 150.83993499891056
1156 631.1074 207.65515 740.117950819005 840.117950819005 53.77554601295549 153.7755460129555
1173 651.53577 199.34697 748.0512698040402 848.0512698040402 56.93826443105149 156.9382644310515
1190 651.53577 199.34697 755.8913456946693 855.8913456946693 60.32552703375262 160.32552703375262
1207 672.69385 196.11473 763.6318245155068 863.6318245155068 63.93458862018292 163.93458862018292
1225 693.74475 192.45955 771.712097942471 871.712097942471 67.99444764366609 167.9944476436661
1241 693.74475 192.45955 778.788983721744 878.788983721744 71.80623152831976 171.80623152831976
1258 711.22235 189.36972 786.1933800147626 886.1933800147626 76.06243329120804 176.06243329120804
1275 711.22235 189.36972 793.4736210088488 893.4736210088488 80.52768009049117 180.52768009049117
1292 728.4155 190.98254 800.6238064458005 900.6238064458005 85.19835307494287 185.19835307494287
1310 728.4155 190.98254 808.046396715908 908.046396715908 90.36346949445999 190.36346949446
1326 747.96027 193.47298 814.5109413283826 914.5109413283826 95.14067282585665 195.14067282585665
1343 747.96027 193.47298 821.2366359705578 921.2366359705578 100.40426185718263 200.40426185718263
1360 747.96027 193.47298 827.809774570124 927.809774570124 105.85716813378187 205.85716813378187
1377 764.9754 197.04779 834.2250299387413 934.2250299387413 111.49497235758312 211.49497235758312
1394 764.9754 197.04779 840.4772028442499 940.4772028442499 117.31310538030687 217.31310538030687
1411 781.61383 197.33136 846.5612262243785 946.5612262243785 123.30685190652298 223.30685190652298
1428 801.36096 204.99329 852.4721692933363 952.4721692933363 129.47135431515434 229.47135431515434
1445 801.36096 204.99329 858.2052415379586 958.2052415379586 135.80161659632608 235.80161659632608
1462 815.8255 210.79742 863.7557966001699 963.7557966001699 142.29250840037312 242.29250840037312
1480 815.8255 210.79742 869.4289206730178 969.4289206730178 149.33444969515332 249.33444969515332
1496 827.42834 221.97617 874.2915129944168 974.2915129944168 155.73501253228335 255.73501253228335
1513 827.42834 221.97617 879.2681356740757 979.2681356740757 162.675730406883 262.67573040688296
1530 842.533 229.393 884.0451707867052 984.0451707867052 169.7552977272204 269.7552977272204
1548 842.533 229.393 888.8813645222324 988.8813645222324 177.39627306401533 277.3962730640153
1564 855.7531 240.35764 892.9851570459276 992.9851570459276 184.30792233453255 284.3079223345326
1582 868.63904 251.87418 897.3786814969314 997.3786814969314 192.2117326082863 292.2117326082863
1598 868.63904 251.87418 901.0824960610505 1001.0824960610505 199.34571931915121 299.3457193191512
1615 868.63904 251.87418 904.8068623492258 1004.8068623492258 207.03138348446487 307.03138348446487
1633 877.29596 264.9167 908.5101439647128 1008.5101439647128 215.28117010118746 315.28117010118746
1649 877.29596 264.9167 911.5918989033121 1011.5918989033121 222.7051040458423 322.7051040458423
1666 886.75964 278.06192 914.6470702485676 1014.6470702485676 230.6804577033056 330.6804577033056
1683 886.75964 278.06192 917.4739812329851 1017.4739812329851 238.73954649774532 338.7395464977453
1700 897.0393 290.3092 920.0703407916484 1020.0703407916484 246.87583895516212 346.8758389551621
1717 897.0393 290.3092 922.4340447096293 1022.4340447096293 255.08274103198784 355.08274103198784
1734 905.9827 306.8377 924.5631773273444 1024.5631773273444 263.35360145921436 363.35360145921436
1751 905.9827 306.8377 926.4560130930984 1026.4560130930984 271.6817171329047 371.6817171329047
1768 912.7186 323.54355 928.1110179615537 1028.1110179615537 280.0603385467098 380.0603385467098
1785 895.25226 352.79742 929.5268506369953 1029.5268506369953 288.4826752619944 388.4826752619944
1802 895.25226 352.79742 930.7023636603816 1030.7023636603817 296.94190141113677 396.94190141113677
1819 867.69006 388.86194 931.6366043392997 1031.6366043392995 305.4311612295389 405.4311612295389
1837 867.69006 388.86194 932.361983596427 1032.3619835964269 314.44487849148953 414.44487849148953
1854 867.69006 388.86194 932.7973209778079 1032.7973209778079 322.97428757271297 422.97428757271297
1870 842.76697 423.36322 932.9851019890048 1032.9851019890048 331.01025341435343 431.01025341435343
1887 842.76697 423.36322 932.9486453909749 1032.948645390975 339.5506871754069 439.5506871754069
1904 822.8479 454.1764 932.6690959534936 1032.6690959534935 348.08662239203596 448.08662239203596
1922 822.8479 454.1764 932.1083946506541 1032.1083946506542 357.1120801640305 457.1120801640305
1938 805.1557 482.47443 931.3818216320687 1031.3818216320687 365.1173347111916 465.1173347111916
1955 805.1557 482.47443 930.3751400172805 1030.3751400172805 373.5983093035911 473.5983093035911
1972 790.898 506.0191 929.1274512558361 1029.1274512558361 382.04719151753216 482.04719151753216
1989 778.376 527.9293 927.6397665348454 1027.6397665348454 390.4571339716405 490.4571339716405
2006 778.376 527.9293 925.9132915457113 1025.9132915457112 398.8213208432003 498.8213208432003
2023 804.09814 531.0332 923.9494255069792 1023.9494255069792 407.13297339202586 507.13297339202586
2040 804.09814 531.0332 921.7497600303433 1021.7497600303433 415.385355454278 515.3853554542779
2057 821.9562 535.11487 919.3160778307275 1019.3160778307275 423.5717789017766 523.5717789017766
2074 821.9562 535.11487 916.6503512814876 1016.6503512814876 431.68560906238275 531.6856090623828
2091 821.9562 535.11487 913.7547408159044 1013.7547408159044 439.7202700970553 539.7202700970553
2108 833.7225 543.6834 910.6315931762647 1010.6315931762647 447.6692503292295 547.6692503292295
2125 833.7225 543.6834 907.2834395119482 1007.2834395119482 455.52610752219204 555.526107522192
2142 845.20465 551.1788 903.7129933280626 1003.7129933280626 463.2844741001809 563.2844741001809
2159 848.9689 557.71173 899.9231482862865 999.9231482862865 470.9380623089762 570.9380623089762
2176 848.9689 557.71173 895.9169758597092 995.9169758597092 478.4806693117979 578.4806693117979
2193 851.44324 566.4824 891.6977228435584 991.6977228435584 485.90618221638465 585.9061822163847
2210 851.44324 566.4824 887.2688087238421 987.2688087238421 493.20858302917645 593.2085830291765
2228 851.7172 577.7304 882.3548386747549 982.3548386747549 500.79977346953126 600.7997734695313
2244 851.7172 577.7304 877.7965218060378 977.7965218060378 507.42048008140796 607.420480081408
2261 848.803 585.7558 872.7608258058228 972.7608258058228 514.3184583144773 614.3184583144773
2278 848.803 585.7558 867.5308160761413 967.5308160761413 521.0702977777584 621.0702977777584
2295 843.8241 596.8191 862.1107312689596 962.1107312689596 527.6705264551181 627.6705264551181
2312 843.8241 596.8191 856.5049640822481 956.5049640822481 534.1137952031119 634.1137952031119
2329 839.7796 607.2755 850.7180576999276 950.7180576999276 540.394882086187 640.394882086187
2346 839.7796 607.2755 844.754702109853 944.754702109853 546.5086966087915 646.5086966087915
2363 833.28644 620.32874 838.6197303028227 938.6197303028227 552.4502838409564 652.4502838409564
2380 833.28644 620.32874 832.3181143556885 932.3181143556885 558.2148284340103 658.2148284340103
2397 826.84814 633.0062 825.8549614017456 925.8549614017456 563.7976585231695 663.7976585231695
2414 826.84814 633.0062 819.2355094916655 919.2355094916655 569.1942495138428 669.1942495138428
2432 817.3467 643.70557 812.0622816327669 912.0622816327669 574.7004347658467 674.7004347658467
2449 817.3467 643.70557 805.1380660054275 905.1380660054275 579.6999923319313 679.6999923319313
2466 806.52875 658.17615 798.0743413925139 898.0743413925139 584.5004227817345 684.5004227817345
2482 806.52875 658.17615 791.3038148358737 891.3038148358737 588.8330869577367 688.8330869577367
2500 796.2626 668.7994 783.5513727666926 883.5513727666926 593.48850486691 693.48850486691
2516 796.2626 668.7994 776.54525546435 876.54525546435 597.4288511793545 697.4288511793545
2533 783.76337 678.4281 768.9884567331254 868.9884567331254 601.4081891703074 701.4081891703074
2550 768.81866 692.6617 761.3214464020558 861.3214464020558 605.1708066759479 705.1708066759479
2567 768.81866 692.6617 753.5504381858558 853.5504381858558 608.7136542896951 708.7136542896951
2584 759.87616 707.705 745.6817300841386 845.6817300841386 612.0338607170812 712.0338607170812
2601 759.87616 707.705 737.721699277214 837.721699277214 615.1287351027865 715.1287351027865
2619 759.87616 707.705 729.2010633664289 829.2010633664289 618.1572723108953 718.1572723108953
2635 750.4832 716.72107 721.553543102233 821.553543102233 620.6326394604092 720.6326394604092
2653 750.4832 716.72107 712.8743677514212 812.8743677514212 623.1713771733134 723.1713771733134
2669 739.4071 724.37854 705.0983728534557 805.0983728534557 625.2075284601758 725.2075284601758
2686 739.4071 724.37854 696.7797925232513 796.7797925232513 627.1418395004217 727.1418395004217
2703 725.57404 731.26776 688.4095219750633 788.4095219750633 628.8385742647915 728.8385742647915
2721 725.57404 731.26776 679.4980815799211 779.4980815799211 630.3746419810356 730.3746419810356
2737 712.03864 738.59546 671.5410813019316 771.5410813019316 631.5140081610913 731.5140081610913
2754 694.6469 745.0671 663.0565821743512 763.0565821743512 632.4905389924386 732.4905389924386
2772 694.6469 745.0671 654.0465913636143 754.0465913636143 633.2608243522246 733.2608243522246
2788 675.086 752.87384 646.0214019995067 746.0214019995067 633.7172719246712 733.7172719246712
2805 675.086 752.87384 637.4845270833351 737.4845270833351 633.9664798220608 733.9664798220608
2822 656.10144 756.9926 628.9440176902656 728.9440176902656 633.9725804261168 733.9725804261168
2839 656.10144 756.9926 620.4067954607539 720.4067954607539 633.7355687926154 733.7355687926154
2856 637.3158 758.87445 611.8797793711809 711.8797793711809 633.2556370072082 733.2556370072082
2873 637.3158 758.87445 603.3698801263789 703.3698801263789 632.5331740297464 732.5331740297464
2891 637.3158 758.87445 594.3857197476881 694.3857197476881 631.5045165381459 731.5045165381459
2907 620.13306 761.9242 586.4290000393138 686.4290000393138 630.3631926583694 730.3631926583694
2924 620.13306 761.9242 578.0117489028069 678.0117489028069 628.9174329219486 728.9174329219486
2942 603.0625 767.4471 569.1480850152877 669.1480850152877 627.1261382967836 727.1261382967836
2958 595.68805 771.34375 561.3177276452934 661.3177276452934 625.3102329649023 725.3102329649023
2975 595.68805 771.34375 553.0544871637487 653.0544871637487 623.1517161929854 723.1517161929854
2992 586.97534 772.69086 544.8560383791012 644.8560383791012 620.7588569334407 720.7588569334407
3009 586.97534 772.69086 536.7290257094023 636.7290257094023 618.1335944747455 718.1335944747455
3026 576.1284 774.7383 528.6800356774336 628.6800356774336 615.278056456131 715.278056456131
3044 576.1284 774.7383 520.2498660899855 620.2498660899855 612.0061281757542 712.0061281757542
3060 563.5489 773.60767 512.8421481644934 612.8421481644934 608.8855955525434 708.8855955525434
3077 563.5489 773.60767 505.066086470933 605.066086470933 605.3538534259965 705.3538534259965
3095 550.8922 777.74963 496.94575447846444 596.9457544784644 601.3747225815591 701.3747225815591
3111 550.8922 777.74963 489.8312325780845 589.8312325780845 597.6336549738851 697.6336549738851
3128 550.8922 777.74963 482.38478743869564 582.3847874386956 593.4514554692516 693.4514554692516
3146 539.69183 774.4565 474.6334910195917 574.6334910195917 588.7941302961241 688.7941302961241
3162 527.28986 766.8927 467.8640306732291 567.8640306732291 584.4598004361334 684.4598004361334
3179 527.28986 766.8927 460.8014873683203 560.8014873683203 579.6576321782761 679.6576321782761
3196 496.43066 720.1309 453.87850203784535 553.8785020378454 574.6563711348483 674.6563711348483
3213 496.43066 720.1309 447.10068540279684 547.1006854027969 569.4600705688548 669.4600705688548
3230 472.13205 685.0422 440.47353053246013 540.4735305324601 564.0729418127313 664.0729418127313
3247 472.13205 685.0422 434.0024083925641 534.0024083925641 558.4993508552757 658.4993508552757
3265 449.91632 656.00684 427.3265285815807 527.3265285815808 552.3996867092457 652.3996867092457
3282 449.91632 656.00684 421.193018823778 521.193018823778 546.4565902131905 646.4565902131905
3299 428.69205 631.68274 415.2311676524065 515.2311676524065 540.3413086562304 640.3413086562304
3315 428.69205 631.68274 409.7811519627961 509.7811519627961 534.4328962045494 634.4328962045494
3332 411.1472 610.3861 404.1661854693228 504.1661854693228 527.9976425819129 627.9976425819129
3349 396.48825 592.56036 398.7366769287074 498.7366769287074 521.4051639192346 621.4051639192346
3366 396.48825 592.56036 393.49702667636814 493.49702667636814 514.6608030789737 614.6608030789737
3383 396.48825 592.56036 388.45148117741576 488.45148117741576 507.7700260162269 607.7700260162269
3400 381.84628 579.06335 383.6041295851123 483.6041295851123 500.7384173488538 600.7384173488538
3418 381.84628 579.06335 378.69202741539596 478.69202741539596 493.1460181088685 593.1460181088685
3434 372.29593 566.7179 374.519558420162 474.519558420162 486.2756097367269 586.2756097367269
3451 372.29593 566.7179 370.28970142185455 470.28970142185455 478.85613214835485 578.8561321483548
3468 362.1491 554.81573 366.2727575118902 466.2727575118902 471.3192561685689 571.3192561685689
3486 362.1491 554.81573 362.2552058135661 462.2552058135661 463.2178641711182 563.2178641711182
3502 355.94153 545.13934 358.8904558633554 458.8904558633554 455.9178322199049 555.9178322199049
3519 346.06506 536.8456 355.5310810978608 455.5310810978608 448.06576630732854 548.0657663073285
3537 346.06506 536.8456 352.2192563482289 452.2192563482289 439.6511902174244 539.6511902174244
3553 340.00922 530.2117 349.4894944740342 449.4894944740342 432.0907399116313 532.0907399116313
3571 340.00922 530.2117 346.66189266404376 446.66189266404376 423.5013312038564 523.5013312038564
3587 336.08423 519.7041 344.3668039474663 444.3668039474663 415.79778809050777 515.7977880905078
3605 336.08423 519.7041 342.03258971905177 442.03258971905177 407.06138620638365 507.06138620638365
3621 331.13794 510.89395 340.17961285468476 440.17961285468476 399.23971851615926 499.23971851615926
3639 331.13794 510.89395 338.34635171354296 438.34635171354296 390.3846393220784 490.3846393220784
3655 331.13794 510.89395 336.9414924513526 436.9414924513526 382.4701981434725 482.4701981434725
3672 326.7923 501.46582 335.68173466233077 435.68173466233077 374.02310703330426 474.02310703330426
3689 326.7923 501.46582 334.66293792598333 434.66293792598333 365.5435792681223 465.5435792681223
3706 319.7292 490.05804 333.8859279242903 433.8859279242903 357.03848706593226 457.03848706593226
3723 315.6126 479.5566 333.35133438360816 433.35133438360816 348.5147233633919 448.5147233633919
3740 315.6126 479.5566 333.05959056430925 433.05959056430925 339.9791962294431 439.9791962294431
3757 310.97345 468.40704 453.02406576024066 553.0240657602407 331.056686471707 431.056686471707
3774 310.97345 468.40704 453.36623095517183 553.3662309551719 322.5235450269113 422.5235450269113
3791 305.50314 453.61014 454.11274721758974 554.1127472175897 314.01623679178385 414.01623679178385
3808 305.50314 453.61014 455.26193415828243 555.2619341582824 305.553911501838 405.553911501838
3825 303.035 440.1424 456.81120498653286 556.8112049865329 297.15561763711503 397.15561763711503
3842 303.035 440.1424 458.7570723329198 558.7570723329197 288.84025954453836 388.84025954453836
3859 299.74164 427.5092 461.09515609929747 561.0951560992975 280.62655488470796 380.62655488470796
3876 299.74164 427.5092 463.8201933182859 563.8201933182859 272.53299249891984 372.53299249891984
3893 299.74164 427.5092 466.92605000007745 566.9260500000775 264.5777907912517 364.5777907912517
3910 300.38232 412.04227 470.40573493989234 570.4057349398923 256.7788567193968 356.7788567193968
3927 300.7224 397.29333 474.251415455004 574.251415455004 249.15374548655507 349.15374548655507
3944 300.7224 397.29333 478.4544350159092 578.4544350159092 241.71962102511617 341.71962102511617
3961 306.79614 390.45657 483.0053327319572 583.0053327319572 234.49321736108072 334.4932173610807
3979 306.79614 390.45657 488.19170848039323 588.1917084803932 227.08620899447726 327.08620899447726
3995 308.78757 379.60904 493.109026801152 593.109026801152 220.7281340425647 320.7281340425647
4013 308.78757 379.60904 498.9739209792019 598.9739209792019 213.84589003154827 313.84589003154827
4029 309.8241 368.58936 504.47157621838664 604.4715762183866 207.98236520147657 307.98236520147657
4046 309.8241 368.58936 510.59338667089924 610.5933866708992 202.0279536670738 302.0279536670738
4064 336.83423 357.8602 517.3753216119491 617.3753216119491 196.0473496171248 296.04734961712484
4080 336.83423 357.8602 523.6492098803254 623.6492098803254 191.0230623484931 291.0230623484931
4097 361.1414 350.5583 530.5538343096449 630.5538343096449 185.9973542961332 285.9973542961332
4114 380.4577 342.08548 537.689062464963 637.689062464963 181.30479645322103 281.304796453221
4131 380.4577 342.08548 545.0388331282979 645.0388331282979 176.95595164869005 276.9559516486901
4148 380.4577 342.08548 552.5866021519138 652.5866021519138 172.9606090221234 272.96060902212344
4165 396.0287 333.17847 560.3153796987771 660.3153796987771 169.32776198864897 269.32776198864894
4183 396.0287 333.17847 568.6767438562879 668.6767438562879 165.88540004190477 265.88540004190475
4199 412.86652 323.02478 576.2460029469295 676.2460029469295 163.1814301122385 263.1814301122385
4216 412.86652 323.02478 584.4119892185008 684.4119892185008 160.68178050678887 260.68178050678887
4233 427.93442 314.00696 592.6873458725511 692.6873458725511 158.57226582663537 258.5722658266354
4251 427.93442 314.00696 601.547993109811 701.547993109811 156.76915826363768 256.7691582636377
4268 441.80795 309.1158 609.9896433324445 709.9896433324445 155.4768264733346 255.4768264733346
4284 469.79053 300.56427 617.9823830375866 717.9823830375866 154.6275629290547 254.6275629290547
4302 469.79053 300.56427 627.009212437205 727.009212437205 154.09972077737774 254.09972077737774
4318 493.1137 296.51187 635.0464617946108 735.0464617946108 154.01163372561214 254.01163372561214
4335 493.1137 296.51187 643.581202299593 743.581202299593 154.31127426047263 254.31127426047263
4353 516.30566 291.2094 652.5916157056257 752.5916157056257 155.06937491294823 255.06937491294823
4369 516.30566 291.2094 660.5600713827765 760.5600713827765 156.12239470530233 256.1223947053023
4386 538.39716 284.96057 668.9659809564164 768.9659809564164 157.6297978289907 257.6297978289907
4403 538.39716 284.96057 677.2909320172428 777.2909320172428 159.53420581373558 259.5342058137356
4420 538.39716 284.96057 685.5161853111272 785.5161853111272 161.83133188536496 261.831331885365
4438 559.15955 280.08017 694.0960379112927 794.0960379112927 164.68587137647998 264.68587137648
4454 559.15955 280.08017 701.5938053437343 801.5938053437343 167.58218283949915 267.5821828394992
4471 578.5154 277.80573 709.4099817666976 809.4099817666976 171.0229627020636 271.02296270206364
4488 598.2955 276.07132 717.0541612546845 817.0541612546845 174.83059975054408 274.8305997505441
4505 598.2955 276.07132 724.5091369531456 824.5091369531456 178.99652309031762 278.9965230903176
4522 617.48096 271.06317 731.7581279004737 831.7581279004737 183.51135533338842 283.51135533338845
4539 617.48096 271.06317 738.7848168015221 838.7848168015221 188.36493370665013 288.36493370665016
4556 632.8976 270.65195 745.5733867574248 845.5733867574248 193.54633292803192 293.5463329280319
4573 632.8976 270.65195 752.108556869033 852.108556869033 199.0438897990301 299.0438897990301
4590 652.19507 274.50797 758.3756166338345 858.3756166338345 204.8452294582745 304.8452294582745
4607 652.19507 274.50797 764.3604590589218 864.3604590589218 210.9372932370277 310.9372932370277
4624 669.11224 281.8491 770.0496124154753 870.0496124154753 217.30636805391646 317.30636805391646
4642 669.11224 281.8491 775.7369103211945 875.7369103211945 224.33608418463587 324.33608418463587
4658 669.11224 281.8491 780.4903217770493 880.4903217770493 230.81761302381858 330.8176130238186
4676 695.76697 269.12485 785.4859265519513 885.4859265519513 238.35460176468007 338.35460176468007
4692 711.76965 290.62433 789.6037905304013 889.6037905304013 245.25737894613326 345.25737894613326
4709 711.76965 290.62433 793.6366938824929 893.6366938824929 252.78514557975075 352.78514557975075
4726 569.4157 232.49947 797.3080081024611 897.3080081024611 260.4957247950736 360.4957247950736
4744 569.4157 232.49947 800.7919917624882 900.7919917624882 268.8398319494411 368.8398319494411
4760 618.8574 258.8663 803.5336455346032 903.5336455346032 276.3955232583588 376.3955232583588
4778 618.8574 258.8663 806.2113040348377 906.2113040348377 285.032213093187 385.032213093187
4794 672.37976 274.3714 808.2246793622878 908.2246793622878 292.8136947228397 392.8136947228397
4811 672.37976 274.3714 809.980977411876 909.980977411876 301.17114631399613 401.17114631399613
4828 696.33276 293.77094 811.3388957607996 911.3388957607996 309.60249482388303 409.60249482388303
4845 696.33276 293.77094 812.2953777692248 912.2953777692248 318.08876150040663 418.08876150040663
4862 718.05725 304.0947 812.84827042036 912.84827042036 326.6108439720703 426.6108439720703
4879 726.02515 330.73383 812.9963291668411 912.9963291668411 335.1495592469291 435.1495592469291
4897 726.02515 330.73383 812.7114868280897 912.7114868280897 344.18732065055974 444.18732065055974
4913 726.02515 330.73383 812.0775238609478 912.0775238609478 352.200012303063 452.200012303063
4930 735.3842 363.00067 811.0127280160616 911.0127280160616 360.6733699460652 460.6733699460652
4948 735.3842 363.00067 809.4486116349954 909.4486116349954 369.57931213616394 469.57931213616394
4964 746.8377 387.2797 807.6843286896907 907.6843286896907 377.4210238275436 477.4210238275436
4982 746.8377 387.2797 805.2833637432075 905.2833637432075 386.13868599538773 486.13868599538773
4998 756.5526 410.5641 802.7839744590015 902.7839744590015 393.77793921594457 493.77793921594457
5016 756.5526 410.5641 799.5677668269823 899.5677668269823 402.2288725853804 502.2288725853804
5033 759.3145 429.44592 796.1441273551981 896.1441273551981 410.05257201114836 510.05257201114836
5050 760.0959 446.2292 792.3532545820084 892.3532545820084 417.70507902225296 517.7050790222529
5066 760.0959 446.2292 788.4575400722103 888.4575400722103 424.73562274375536 524.7356227437554
5083 761.61224 462.85583 783.9788854061801 883.9788854061801 432.00702098068035 532.0070209806804
5101 761.61224 462.85583 778.8665841399335 878.8665841399335 439.4653480122629 539.4653480122629
5117 757.5813 477.66882 774.0128734563121 874.0128734563121 445.8721123408068 545.8721123408068
5134 757.5813 477.66882 768.5479494131282 868.5479494131282 452.4345954942897 552.4345954942896
5151 757.5813 477.66882 762.7779103666112 862.7779103666112 458.73048537096236 558.7304853709624
5169 753.1671 478.50552 756.3503375862501 856.3503375862501 465.09040474938706 565.0904047493871
5185 753.1671 478.50552 750.3750976809954 850.3750976809954 470.46642973411736 570.4664297341174
5202 731.84595 475.28403 743.7702424593289 843.7702424593289 475.8800669068827 575.8800669068827
5220 731.84595 475.28403 736.5054202885274 836.5054202885274 481.26380400796154 581.2638040079615
5236 585.47675 380.22723 729.8279376018812 829.8279376018812 485.73776886380733 585.7377688638073
5253 468.3814 304.1818 722.5218717414465 822.5218717414465 490.15964421036574 590.1596442103657
5271 468.3814 304.1818 714.5667557803298 814.5667557803298 494.45829474187997 594.45829474188
5287 374.70514 243.34544 707.3221049847989 807.3221049847989 497.93969839739407 597.9396983973941
5304 374.70514 243.34544 699.4626183788416 799.4626183788416 501.28036453280606 601.2803645328061
5321 299.76413 194.67636 691.4535261011198 791.4535261011198 504.2444868016163 604.2444868016163
5338 299.76413 194.67636 683.3128564156366 783.3128564156366 506.8253930396211 606.8253930396211
5355 299.76413 194.67636 675.0589337638094 775.0589337638094 509.01727369220305 609.017273692203
5374 408.16663 321.20703 665.7227957065836 765.7227957065836 511.0006176292761 611.0006176292761
5390 408.16663 321.20703 657.788344134101 757.788344134101 512.2849909417206 612.2849909417206
5406 326.5333 256.96564 649.8044649579773 749.8044649579773 513.2138665323532 613.2138665323532
5423 326.5333 256.96564 641.2852433377668 741.2852433377668 513.8092176247758 613.8092176247758
5440 406.6942 318.18143 632.7473718445073 732.7473718445073 513.9998227193989 613.9998227193989
5457 406.6942 318.18143 624.2100690108309 724.2100690108309 513.7852527689789 613.7852527689789
5474 442.58084 365.35486 615.692552089333 715.692552089333 513.1659907650433 613.1659907650433
5491 487.21375 403.55756 607.2139937950213 707.2139937950213 512.1434306506889 612.1434306506889
5508 487.21375 403.55756 598.7934791480179 698.7934791480179 510.71987418285164 610.7198741828516
5525 520.5833 430.11697 590.4499625136663 690.4499625136663 508.8985257511097 608.8985257511097
5543 520.5833 430.11697 581.7204446332313 681.7204446332313 506.5410304866251 606.5410304866251
5559 537.1694 461.61792 574.0688318657412 674.0688318657412 504.079738423869 604.079738423869
5576 537.1694 461.61792 566.0680913626405 666.0680913626405 501.0931464966776 601.0931464966776
5593 548.8042 486.90308 558.218012891798 658.218012891798 497.7304321259451 597.7304321259451
5611 548.8042 486.90308 550.0900131230868 650.0900131230868 493.7683763329592 593.7683763329592
5627 554.1731 510.12552 543.0401444467964 643.0401444467964 489.90774319720856 589.9077431972086
5645 554.1731 510.12552 535.3241421383856 635.3241421383856 485.19334241625086 585.1933424162509
5661 554.51495 529.7112 528.6718096170268 628.6718096170268 480.6820667001052 580.6820667001052
5679 554.51495 529.7112 521.4372397764029 621.4372397764029 475.25774503117407 575.2577450311741
5695 557.96765 545.28 515.2423066318847 615.2423066318847 470.13642294632587 570.1364229463259
5712 557.96765 545.28 508.91774297137306 608.9177429713731 464.3978277836013 564.3978277836013
5730 555.7323 554.96936 502.52587413130334 602.5258741313033 458.00202610763864 558.0020261076386
5746 555.7323 554.96936 497.1201414322254 597.1201414322254 452.0536489719888 552.0536489719889
5763 553.66455 564.0682 491.67365965604995 591.67365965605 445.47585175716756 545.4758517571676
5780 553.66455 564.0682 486.5452998949387 586.5452998949387 438.6471252215585 538.6471252215586
5797 549.8249 566.86365 481.74660595691194 581.7466059569119 431.58284065575424 531.5828406557542
5814 549.8249 566.86365 477.2883795805666 577.2883795805666 424.29889958551144 524.2988995855114
5831 542.1999 567.1997 473.18065612063515 573.1806561206351 416.8116979778178 516.8116979778179
5849 533.4366 565.36365 469.2236005938714 569.2236005938714 408.68126269395975 508.68126269395975
5865 533.4366 565.36365 466.05289368960894 566.0528936896089 401.295346752855 501.295346752855
5882 526.4803 561.0774 463.04889913133843 563.0488991313384 393.30112404946493 493.30112404946493
5900 526.4803 561.0774 460.2853018905736 560.2853018905736 384.6915481808328 484.6915481808328
5916 526.4803 561.0774 458.1944776869708 558.1944776869708 376.9305179198789 476.9305179198789
5933 518.05884 558.8088 456.35497798067684 556.3549779806768 368.59098431373195 468.59098431373195
5950 518.05884 558.8088 454.91310174796206 554.9131017479621 360.1735872774116 460.1735872774116
5967 507.76968 550.3578 453.8720946157316 553.8720946157316 351.69727415859836 451.69727415859836
5984 507.76968 550.3578 453.23429986469176 553.2342998646918 343.18112492358273 443.18112492358273
6002 501.86215 542.81024 453.0036526131048 553.0036526131048 335.1467028281774 435.1467028281774
6019 497.31647 537.6374 453.0036526131048 553.0036526131048 335.1467028281774 435.1467028281774
