1 519.206 421.13696 333.00042067616835 433.00042067616835 333.4976002348308 433.4976002348308
17 519.206 421.13696 333.1215672298508 433.1215672298508 325.460353677165 425.460353677165
34 551.36804 429.3251 333.4861703954607 433.4861703954607 316.92762829531256 416.92762829531256
51 551.36804 429.3251 334.0935140048509 434.0935140048509 308.4087391863609 408.4087391863609
68 574.25024 437.39838 334.94310583748677 434.94310583748677 299.91059046864586 399.91059046864586
85 574.25024 437.39838 336.0342573431978 436.0342573431978 291.44006945149073 391.44006945149073
102 600.62585 444.25104 337.3660842002114 437.3660842002114 283.00404105339845 383.00404105339845
119 600.62585 444.25104 338.93750703184975 438.93750703184975 274.6093422383909 374.6093422383909
136 619.83136 470.82123 340.74725228130916 440.74725228130916 266.2627764750041 366.2627764750041
153 635.09644 470.211 342.7938532438116 442.7938532438116 257.9711082224287 357.9711082224287
170 635.09644 470.211 345.0756512552929 445.0756512552929 249.74105744826687 349.7410574482669
187 648.35565 471.32965 347.59079703666407 447.59079703666407 241.57929418234613 341.57929418234613
205 648.35565 471.32965 350.50596515083794 450.50596515083794 233.0192083877314 333.0192083877314
221 653.9477 470.05005 353.31279086333535 453.31279086333535 225.48702821623766 325.48702821623766
238 653.9477 470.05005 356.51500152904384 456.51500152904384 217.5695674640201 317.5695674640201
255 653.9477 470.05005 359.9412889638151 459.9412889638151 209.74646754616077 309.7464675461608
272 661.4555 469.44046 363.5888763391684 463.5888763391684 202.0240686798987 302.02406867989873
289 661.4555 469.44046 367.4548074744846 467.4548074744846 194.40862946948707 294.4086294694871
306 664.5732 469.99838 371.53594923283765 471.53594923283765 186.90632183391858 286.9063218339186
323 664.5732 469.99838 375.8289940602396 475.8289940602396 179.52322600490484 279.5232260049048
340 623.189 435.4136 380.3304626662418 480.3304626662418 172.26532559916362 272.2653255991636
357 590.5185 389.21704 385.0367068437197 485.0367068437197 165.13850276900726 265.13850276900723
374 590.5185 389.21704 389.9439124255555 489.9439124255555 158.14853343516307 258.1485334351631
391 565.2766 354.45303 395.0481023758233 495.0481023758233 151.30108260568883 251.30108260568883
408 565.2766 354.45303 400.34514001297055 500.34514001297055 144.601699784777 244.601699784777
425 541.7461 323.5686 405.83073236238414 505.83073236238414 138.05581447516937 238.05581447516937
442 541.7461 323.5686 411.50043363562395 511.50043363562395 131.66873177782583 231.66873177782583
459 526.30304 295.6691 417.3496488335043 517.3496488335043 125.44562809241546 225.44562809241546
476 526.30304 295.6691 423.3736374701024 523.3736374701024 119.39154692211227 219.39154692211227
493 520.1164 277.111 429.5675174146769 529.5675174146769 113.51139478609738 213.51139478609738
510 520.1164 277.111 435.9262688483818 535.9262688483818 107.8099372430793 207.8099372430793
527 520.1164 277.111 442.44473833256984 542.4447383325698 102.29179502905546 202.29179502905546
544 515.17163 262.30023 449.1176429853873 549.1176429853873 96.96144031244515 196.96144031244515
561 518.804 241.89812 455.939574763276 555.939574763276 91.82319306962836 191.82319306962836
579 518.804 241.89812 463.31908475446505 563.319084754465 86.5967118216947 186.5967118216947
595 519.15204 224.7401 470.0082881070341 570.0082881070341 82.13951907017963 182.13951907017963
612 519.15204 224.7401 477.24366770951156 577.2436677095116 77.60194042970028 177.60194042970028
629 522.883 210.34514 484.6052797509776 584.6052797509776 73.27215913482809 173.2721591348281
646 522.883 210.34514 492.08715802621145 592.0871580262115 69.15368424901567 169.15368424901567
663 528.58923 203.24168 499.6832388604396 599.6832388604396 65.24985358281685 165.24985358281685
680 528.58923 203.24168 507.3873660236304 607.3873660236304 61.563830988764266 161.56383098876427
697 534.8483 186.27832 515.1932957197998 615.1932957197998 58.09860379723074 158.09860379723074
714 534.8483 186.27832 523.0947016472838 623.0947016472838 54.85698039535282 154.85698039535282
731 548.9162 175.983 531.0851801258791 631.0851801258791 51.84158795097835 151.84158795097835
748 548.9162 175.983 539.158255286693 639.158255286693 49.0548702834833 149.0548702834833
765 561.0238 165.9824 547.3073843205016 647.3073843205016 46.49908588318232 146.49908588318232
782 561.0238 165.9824 555.5259627803556 655.5259627803556 44.176306080939696 144.1763060809397
799 573.0886 158.23315 563.8073299341439 663.8073299341439 42.08841336946284 142.08841336946284
816 573.0886 158.23315 572.1447741627716 672.1447741627716 40.23709987763954 140.23709987763954
833 590.09784 151.83551 580.531538399579 680.531538399579 38.62386599915499 138.623865999155
850 590.09784 151.83551 588.960825606595 688.960825606595 37.25001917650059 137.2500191765006
867 604.1874 145.00888 597.4258042831839 697.4258042831839 36.116672841359446 136.11667284135945
884 604.1874 145.00888 605.9196140026227 705.9196140026227 35.2247455122278 135.2247455122278
901 617.2317 132.03416 614.4353709721212 714.4353709721212 34.574960050003085 134.57496005000309
918 617.2317 132.03416 622.9661736117806 722.9661736117806 34.167843072143 134.167843072143
935 631.399 132.20328 631.5051081479654 731.5051081479654 34.00372452586896 134.00372452586896
953 649.9703 130.7857 640.5475055449577 740.5475055449577 34.09495642779058 134.09495642779058
969 649.9703 130.7857 648.5796904715623 748.5796904715623 34.40481772096149 134.4048177209615
986 660.3059 126.22588 657.1015001944813 757.1015001944813 34.96970439707047 134.96970439707047
1003 660.3059 126.22588 665.6037768999744 765.6037768999744 35.77693963769889 135.7769396376989
1020 660.3059 126.22588 674.0796299331981 774.0796299331981 36.82586922049978 136.82586922049978
1037 673.29224 125.127266 682.5221900543268 782.5221900543268 38.115643042381976 138.11564304238198
1054 673.29224 125.127266 690.9246150057149 790.9246150057149 39.645215808474234 139.64521580847423
1071 687.3612 115.764496 699.2800950571935 799.2800950571935 41.41334787928315 141.41334787928315
1088 687.3612 115.764496 707.5818585250034 807.5818585250034 43.41860627535635 143.41860627535635
1105 706.3557 120.814575 715.8231772598931 815.8231772598931 45.65936583863811 145.6593658386381
1122 718.66113 118.01973 723.9973720999366 823.9973720999366 48.133810549576026 148.13381054957603
1139 718.66113 118.01973 732.0978182836474 832.0978182836474 50.839934998910564 150.83993499891056
1156 735.27545 120.758286 740.117950819005 840.117950819005 53.77554601295549 153.7755460129555
1173 735.27545 120.758286 748.0512698040402 848.0512698040402 56.93826443105149 156.9382644310515
1190 754.86774 117.92427 755.8913456946693 855.8913456946693 60.32552703375262 160.32552703375262
1207 754.86774 117.92427 763.6318245155068 863.6318245155068 63.93458862018292 163.93458862018292
1224 773.4532 124.132034 771.2664330094331 871.2664330094331 67.76252423287974 167.76252423287974
1241 773.4532 124.132034 778.788983721744 878.788983721744 71.80623152831976 171.80623152831976
1258 773.4532 124.132034 786.1933800147626 886.1933800147626 76.06243329120804 176.06243329120804
1275 783.0396 144.58269 793.4736210088488 893.4736210088488 80.52768009049117 180.52768009049117
1292 783.0396 144.58269 800.6238064458005 900.6238064458005 85.19835307494287 185.19835307494287
1309 794.53754 158.26001 807.638141470708 907.638141470708 90.0706669060545 190.0706669060545
1327 803.3176 174.60132 814.9106963702274 914.9106963702274 95.4449779482751 195.4449779482751
1343 803.3176 174.60132 821.2366359705578 921.2366359705578 100.40426185718263 200.40426185718263
1360 811.0335 186.6945 827.809774570124 927.809774570124 105.85716813378187 205.85716813378187
1377 811.0335 186.6945 834.2250299387413 934.2250299387413 111.49497235758312 211.49497235758312
1394 823.98926 196.19609 840.4772028442499 940.4772028442499 117.31310538030687 217.31310538030687
1411 823.98926 196.19609 846.5612262243785 946.5612262243785 123.30685190652298 223.30685190652298
1428 835.4145 211.43396 852.4721692933363 952.4721692933363 129.47135431515434 229.47135431515434
1445 835.4145 211.43396 858.2052415379586 958.2052415379586 135.80161659632608 235.80161659632608
1462 850.89545 224.2184 863.7557966001699 963.7557966001699 142.29250840037312 242.29250840037312
1479 850.89545 224.2184 869.1193360426164 969.1193360426164 148.93876919572267 248.93876919572267
1496 861.67865 233.65457 874.2915129944168 974.2915129944168 155.73501253228335 255.73501253228335
1513 861.67865 233.65457 879.2681356740757 979.2681356740757 162.675730406883 262.67573040688296
1530 873.84875 246.4857 884.0451707867052 984.0451707867052 169.7552977272204 269.7552977272204
1547 873.84875 246.4857 888.6187467928016 988.6187467928016 176.96797687071094 276.9679768707109
1564 891.38525 250.82774 892.9851570459276 992.9851570459276 184.30792233453255 284.3079223345326
1581 891.38525 250.82774 897.1408627967578 997.1408627967578 191.76918547310373 291.76918547310373
1598 903.44403 256.3041 901.0824960610505 1001.0824960610505 199.34571931915121 299.3457193191512
1615 903.44403 256.3041 904.8068623492258 1004.8068623492258 207.03138348446487 307.03138348446487
1632 918.4227 261.62445 908.3109432553329 1008.3109432553329 214.8199491363638 314.8199491363638
1649 918.4227 261.62445 911.5918989033121 1011.5918989033121 222.7051040458423 322.7051040458423
1666 929.5977 264.29163 914.6470702485676 1014.6470702485676 230.6804577033056 330.6804577033056
1683 929.5977 264.29163 917.4739812329851 1017.4739812329851 238.73954649774532 338.7395464977453
1700 943.23834 270.39304 920.0703407916484 1020.0703407916484 246.87583895516212 346.8758389551621
1718 954.05194 283.2927 922.5657988908573 1022.5657988908573 255.56755701433508 355.5675570143351
1734 954.05194 283.2927 924.5631773273444 1024.5631773273444 263.35360145921436 363.35360145921436
1751 954.05194 283.2927 926.4560130930984 1026.4560130930984 271.6817171329047 371.6817171329047
1768 955.8059 299.75763 928.1110179615537 1028.1110179615537 280.0603385467098 380.0603385467098
1785 955.8059 299.75763 929.5268506369953 1029.5268506369953 288.4826752619944 388.4826752619944
1802 958.56274 329.45245 930.7023636603816 1030.7023636603817 296.94190141113677 396.94190141113677
1819 958.56274 329.45245 931.6366043392997 1031.6366043392995 305.4311612295389 405.4311612295389
1836 948.89435 399.25372 932.3288155200738 1032.328815520074 313.9435746118702 413.9435746118702
1853 948.89435 399.25372 932.7784362013994 1032.7784362013995 322.4722426880359 422.4722426880359
1870 944.23566 445.18787 932.9851019890048 1032.9851019890048 331.01025341435343 431.01025341435343
1887 944.23566 445.18787 932.9486453909749 1032.948645390975 339.5506871754069 439.5506871754069
1904 934.20483 472.64664 932.6690959534936 1032.6690959534935 348.08662239203596 448.08662239203596
1921 921.0515 503.76788 932.1466802368993 1032.1466802368993 356.6111411309172 456.6111411309172
1938 921.0515 503.76788 931.3818216320687 1031.3818216320687 365.1173347111916 465.1173347111916
1955 906.20435 537.3401 930.3751400172805 1030.3751400172805 373.5983093035911 473.5983093035911
1972 906.20435 537.3401 929.1274512558361 1029.1274512558361 382.04719151753216 482.04719151753216
1989 916.654 563.62964 927.6397665348454 1027.6397665348454 390.4571339716405 490.4571339716405
2006 916.654 563.62964 925.9132915457113 1025.9132915457112 398.8213208432003 498.8213208432003
2023 916.654 563.62964 923.9494255069792 1023.9494255069792 407.13297339202586 507.13297339202586
2040 912.6288 588.52515 921.7497600303433 1021.7497600303433 415.385355454278 515.3853554542779
2057 912.6288 588.52515 919.3160778307275 1019.3160778307275 423.5717789017766 523.5717789017766
2074 907.17554 620.7469 916.6503512814876 1016.6503512814876 431.68560906238275 531.6856090623828
2092 912.30896 645.0485 913.5773009969078 1013.5773009969078 440.19029223658174 540.1902922365817
2108 912.30896 645.0485 910.6315931762647 1010.6315931762647 447.6692503292295 547.6692503292295
2125 915.3702 675.9213 907.2834395119482 1007.2834395119482 455.52610752219204 555.526107522192
2142 915.3702 675.9213 903.7129933280626 1003.7129933280626 463.2844741001809 563.2844741001809
2159 931.207 710.19196 899.9231482862865 999.9231482862865 470.9380623089762 570.9380623089762
2176 931.207 710.19196 895.9169758597092 995.9169758597092 478.4806693117979 578.4806693117979
2193 916.8611 740.4376 891.6977228435584 991.6977228435584 485.90618221638465 585.9061822163847
2210 916.8611 740.4376 887.2688087238421 987.2688087238421 493.20858302917645 593.2085830291765
2227 922.3434 762.885 882.6338229060326 982.6338229060326 500.38195353258584 600.3819535325858
2244 922.3434 762.885 877.7965218060378 977.7965218060378 507.42048008140796 607.420480081408
2261 911.20575 783.01404 872.7608258058228 972.7608258058228 514.3184583144773 614.3184583144773
2278 911.20575 783.01404 867.5308160761413 967.5308160761413 521.0702977777584 621.0702977777584
2295 913.67175 801.7329 862.1107312689596 962.1107312689596 527.6705264551181 627.6705264551181
2312 913.67175 801.7329 856.5049640822481 956.5049640822481 534.1137952031119 634.1137952031119
2329 893.05444 822.15405 850.7180576999276 950.7180576999276 540.394882086187 640.394882086187
2346 893.05444 822.15405 844.754702109853 944.754702109853 546.5086966087915 646.5086966087915
2363 880.3009 844.7719 838.6197303028227 938.6197303028227 552.4502838409564 652.4502838409564
2380 880.3009 844.7719 832.3181143556885 932.3181143556885 558.2148284340103 658.2148284340103
2397 860.74036 839.8834 825.8549614017456 925.8549614017456 563.7976585231695 663.7976585231695
2414 860.74036 839.8834 819.2355094916655 919.2355094916655 569.1942495138428 669.1942495138428
2431 849.4395 847.7563 812.4651233483269 912.4651233483269 574.4002277485814 674.4002277485814
2448 849.4395 847.7563 805.5492900189863 905.5492900189863 579.4113740517007 679.4113740517007
2466 803.789 837.03613 798.0743413925139 898.0743413925139 584.5004227817345 684.5004227817345
2482 634.3385 769.5299 791.3038148358737 891.3038148358737 588.8330869577367 688.8330869577367
2499 634.3385 769.5299 783.9857182018081 883.9857182018081 593.2360177503971 693.2360177503971
2516 634.3385 769.5299 776.54525546435 876.54525546435 597.4288511793545 697.4288511793545
2533 578.91125 778.0044 768.9884567331254 868.9884567331254 601.4081891703074 701.4081891703074
2550 578.91125 778.0044 761.3214464020558 861.3214464020558 605.1708066759479 705.1708066759479
2567 558.5586 798.71783 753.5504381858558 853.5504381858558 608.7136542896951 708.7136542896951
2584 558.5586 798.71783 745.6817300841386 845.6817300841386 612.0338607170812 712.0338607170812
2601 565.183 818.3429 737.721699277214 837.721699277214 615.1287351027865 715.1287351027865
2618 565.183 818.3429 729.6767969577133 829.6767969577133 617.9957692114392 717.9957692114392
2635 517.70483 821.66986 721.553543102233 821.553543102233 620.6326394604092 720.6326394604092
2652 517.70483 821.66986 713.3585211872297 813.3585211872297 623.0372088029525 723.0372088029525
2669 528.18774 817.6448 705.0983728534557 805.0983728534557 625.2075284601758 725.2075284601758
2686 422.5502 654.11584 696.7797925232513 796.7797925232513 627.1418395004217 727.1418395004217
2703 422.5502 654.11584 688.4095219750633 788.4095219750633 628.8385742647915 728.8385742647915
2720 446.681 684.5487 679.9943448795832 779.9943448795832 630.296357637651 730.296357637651
2746 446.681 684.5487 667.0527424290347 767.0527424290347 632.0610855731788 732.0610855731788
2755 357.34482 547.639 662.5566681050749 762.5566681050749 632.5404551656717 732.5404551656717
2771 357.34482 547.639 654.5477237438794 754.5477237438794 633.2251587040392 733.2251587040392
2788 357.34482 547.639 646.0214019995067 746.0214019995067 633.7172719246712 733.7172719246712
2805 285.87585 438.11118 637.4845270833351 737.4845270833351 633.9664798220608 733.9664798220608
2822 285.87585 438.11118 628.9440176902656 728.9440176902656 633.9725804261168 733.9725804261168
2840 228.70068 350.48895 619.9048561883765 719.9048561883765 633.714059077236 733.714059077236
2856 228.70068 350.48895 611.8797793711809 711.8797793711809 633.2556370072082 733.2556370072082
2873 224.41943 426.23413 603.3698801263789 703.3698801263789 632.5331740297464 732.5331740297464
2890 179.53555 340.9873 594.8839945588649 694.8839945588649 631.5687653790487 731.5687653790487
2907 179.53555 340.9873 586.4290000393138 686.4290000393138 630.3631926583694 730.3631926583694
2924 143.62845 272.78986 578.0117489028069 678.0117489028069 628.9174329219486 728.9174329219486
2941 143.62845 272.78986 569.6390628953682 669.6390628953682 627.232657883161 727.232657883161
2958 114.90276 218.23189 561.3177276452934 661.3177276452934 625.3102329649023 725.3102329649023
2975 114.90276 218.23189 553.0544871637487 653.0544871637487 623.1517161929854 723.1517161929854
2992 182.28204 330.20374 544.8560383791012 644.8560383791012 620.7588569334407 720.7588569334407
3009 182.28204 330.20374 536.7290257094023 636.7290257094023 618.1335944747455 718.1335944747455
3026 204.61115 422.5772 528.6800356774336 628.6800356774336 615.278056456131 715.278056456131
3043 204.61115 422.5772 520.7155915726703 620.7155915726703 612.1945571432422 712.1945571432422
3060 163.68892 338.06177 512.8421481644934 612.8421481644934 608.8855955525434 708.8855955525434
3077 163.68892 338.06177 505.066086470933 605.066086470933 605.3538534259965 705.3538534259965
3094 202.86676 427.97253 497.3937085871838 597.3937085871838 601.6021930576474 701.6021930576474
3111 202.86676 427.97253 489.8312325780845 589.8312325780845 597.6336549738851 697.6336549738851
3128 223.19872 500.73383 482.38478743869564 582.3847874386956 593.4514554692516 693.4514554692516
3145 223.19872 500.73383 475.06040812706976 575.0604081270698 589.058983999804 689.058983999804
3162 224.68231 574.9342 467.8640306732291 567.8640306732291 584.4598004361334 684.4598004361334
3179 224.68231 574.9342 460.8014873683203 560.8014873683203 579.6576321782761 679.6576321782761
3196 271.47104 619.8628 453.87850203784535 553.8785020378454 574.6563711348483 674.6563711348483
3214 271.47104 619.8628 446.7066291336331 546.7066291336331 569.1484211540582 669.1484211540582
3230 203.83084 639.9957 440.47353053246013 540.4735305324601 564.0729418127313 664.0729418127313
3247 203.83084 639.9957 434.0024083925641 534.0024083925641 558.4993508552757 658.4993508552757
3264 190.17699 669.16486 427.69256349239276 527.6925634923928 552.7438148032415 652.7438148032415
3281 190.17699 669.16486 421.54910963438175 521.5491096343817 546.8109982204569 646.8109982204569
3298 166.5215 683.431 415.5770257696452 515.5770257696452 540.7057093474355 640.7057093474355
3315 166.5215 683.431 409.7811519627961 509.7811519627961 534.4328962045494 634.4328962045494
3332 137.07217 679.186 404.1661854693228 504.1661854693228 527.9976425819129 627.9976425819129
3349 137.07217 679.186 398.7366769287074 498.7366769287074 521.4051639192346 621.4051639192346
3366 121.01542 678.623 393.49702667636814 493.49702667636814 514.6608030789737 614.6608030789737
3383 121.01542 678.623 388.45148117741576 488.45148117741576 507.7700260162269 607.7700260162269
3400 107.92258 672.473 383.6041295851123 483.6041295851123 500.7384173488538 600.7384173488538
3417 107.92258 672.473 378.95890042682595 478.95890042682595 493.5716758314352 593.5716758314352
3434 114.68083 650.3078 374.519558420162 474.519558420162 486.2756097367269 586.2756097367269
3451 142.08197 612.9073 370.28970142185455 470.28970142185455 478.85613214835485 578.8561321483548
3468 142.08197 612.9073 366.2727575118902 466.2727575118902 471.3192561685689 571.3192561685689
3485 166.71774 557.9909 362.4719822152257 462.4719822152257 463.6710900449318 563.6710900449318
3502 166.71774 557.9909 358.8904558633554 458.8904558633554 455.9178322199049 555.9178322199049
3519 188.01166 517.4916 355.5310810978608 455.5310810978608 448.06576630732854 548.0657663073285
3536 188.01166 517.4916 352.3965805179704 452.3965805179704 440.1212559998803 540.1212559998803
3553 203.96347 494.56296 349.4894944740342 449.4894944740342 432.0907399116313 532.0907399116313
3570 203.96347 494.56296 346.8121790087004 446.8121790087004 423.9807263598813 523.9807263598814
3588 203.96347 494.56296 344.23022471939606 444.23022471939606 415.31430922285153 515.3143092228515
3604 224.07263 481.04224 342.155351140146 442.155351140146 407.5485569510936 507.5485569510936
3621 224.07263 481.04224 340.17961285468476 440.17961285468476 399.23971851615926 499.23971851615926
3638 238.1172 468.01926 338.44119032461737 438.44119032461737 390.87800666884965 490.87800666884965
3655 247.48087 459.48364 336.9414924513526 436.9414924513526 382.4701981434725 482.4701981434725
3672 247.48087 459.48364 335.68173466233077 435.68173466233077 374.02310703330426 474.02310703330426
3689 255.99951 457.46964 334.66293792598333 434.66293792598333 365.5435792681223 465.5435792681223
3706 255.99951 457.46964 333.8859279242903 433.8859279242903 357.03848706593226 457.03848706593226
3723 263.1343 454.5279 333.35133438360816 433.35133438360816 348.5147233633919 448.5147233633919
3740 263.1343 454.5279 333.05959056430925 433.05959056430925 339.9791962294431 439.9791962294431
3757 269.67282 450.5169 453.02406576024066 553.0240657602407 331.056686471707 431.056686471707
3774 269.67282 450.5169 453.36623095517183 553.3662309551719 322.5235450269113 422.5235450269113
3791 269.67282 450.5169 454.11274721758974 554.1127472175897 314.01623679178385 414.01623679178385
3808 269.1406 444.4867 455.26193415828243 555.2619341582824 305.553911501838 405.553911501838
3825 275.55792 439.2823 456.81120498653286 556.8112049865329 297.15561763711503 397.15561763711503
3842 275.55792 439.2823 458.7570723329198 558.7570723329197 288.84025954453836 388.84025954453836
3859 277.65225 435.6073 461.09515609929747 561.0951560992975 280.62655488470796 380.62655488470796
3876 277.65225 435.6073 463.8201933182859 563.8201933182859 272.53299249891984 372.53299249891984
3893 292.12018 420.27255 466.92605000007745 566.9260500000775 264.5777907912517 364.5777907912517
3910 292.12018 420.27255 470.40573493989234 570.4057349398923 256.7788567193968 356.7788567193968
3927 319.52234 389.72208 474.251415455004 574.251415455004 249.15374548655507 349.15374548655507
3944 319.52234 389.72208 478.4544350159092 578.4544350159092 241.71962102511617 341.71962102511617
3961 349.59778 372.44885 483.0053327319572 583.0053327319572 234.49321736108072 334.4932173610807
3979 349.59778 372.44885 488.19170848039323 588.1917084803932 227.08620899447726 327.08620899447726
3995 367.22726 347.93262 493.109026801152 593.109026801152 220.7281340425647 320.7281340425647
4012 367.22726 347.93262 498.63907999467915 598.6390799946792 214.22043924223226 314.22043924223226
4029 388.02148 338.377 504.47157621838664 604.4715762183866 207.98236520147657 307.98236520147657
4046 405.40942 324.28186 510.59338667089924 610.5933866708992 202.0279536670738 302.0279536670738
4063 405.40942 324.28186 516.9907313118342 616.9907313118342 196.37060786867886 296.37060786867886
4080 405.40942 324.28186 523.6492098803254 623.6492098803254 191.0230623484931 291.0230623484931
4097 415.1123 317.84857 530.5538343096449 630.5538343096449 185.9973542961332 285.9973542961332
4114 415.1123 317.84857 537.689062464963 637.689062464963 181.30479645322103 281.304796453221
4131 459.27505 316.53494 545.0388331282979 645.0388331282979 176.95595164869005 276.9559516486901
4148 459.27505 316.53494 552.5866021519138 652.5866021519138 172.9606090221234 272.96060902212344
4165 490.26028 307.63364 560.3153796987771 660.3153796987771 169.32776198864897 269.32776198864894
4182 490.26028 307.63364 568.2077684862486 668.2077684862486 166.06558799499004 266.06558799499004
4199 516.4184 307.15466 576.2460029469295 676.2460029469295 163.1814301122385 263.1814301122385
4216 540.3119 304.15384 584.4119892185008 684.4119892185008 160.68178050678887 260.68178050678887
4233 540.3119 304.15384 592.6873458725511 692.6873458725511 158.57226582663537 258.5722658266354
4250 566.0303 304.42123 601.053445290706 701.053445290706 156.85763453593017 256.8576345359302
4267 566.0303 304.42123 609.4914555949256 709.4914555949256 155.54174622631027 255.54174622631027
4284 589.9818 303.68832 617.9823830375866 717.9823830375866 154.6275629290547 254.6275629290547
4301 589.9818 303.68832 626.507114755926 726.507114755926 154.1171424476271 254.1171424476271
4318 589.9818 303.68832 635.0464617946108 735.0464617946108 154.01163372561214 254.01163372561214
4335 611.72644 300.69653 643.581202299593 743.581202299593 154.31127426047263 254.31127426047263
4353 611.72644 300.69653 652.5916157056257 752.5916157056257 155.06937491294823 255.06937491294823
4369 636.2381 294.83215 660.5600713827765 760.5600713827765 156.12239470530233 256.1223947053023
4386 636.2381 294.83215 668.9659809564164 768.9659809564164 157.6297978289907 257.6297978289907
4403 657.2381 289.49228 677.2909320172428 777.2909320172428 159.53420581373558 259.5342058137356
4420 674.7434 291.3609 685.5161853111272 785.5161853111272 161.83133188536496 261.831331885365
4437 674.7434 291.3609 693.6232260010909 793.6232260010909 164.5160052712332 264.5160052712332
4454 691.45294 288.08478 701.5938053437343 801.5938053437343 167.58218283949915 267.5821828394992
4471 691.45294 288.08478 709.4099817666976 809.4099817666976 171.0229627020636 271.02296270206364
4488 709.2733 288.30566 717.0541612546845 817.0541612546845 174.83059975054408 274.8305997505441
4505 709.2733 288.30566 724.5091369531456 824.5091369531456 178.99652309031762 278.9965230903176
4522 722.414 286.44324 731.7581279004737 831.7581279004737 183.51135533338842 283.51135533338845
4539 722.414 286.44324 738.7848168015221 838.7848168015221 188.36493370665013 288.36493370665016
4556 743.7432 285.89536 745.5733867574248 845.5733867574248 193.54633292803192 293.5463329280319
4573 743.7432 285.89536 752.108556869033 852.108556869033 199.0438897990301 299.0438897990301
4590 743.7432 285.89536 758.3756166338345 858.3756166338345 204.8452294582745 304.8452294582745
4607 761.2111 291.63208 764.3604590589218 864.3604590589218 210.9372932370277 310.9372932370277
4624 778.6596 299.1517 770.0496124154753 870.0496124154753 217.30636805391646 317.30636805391646
4641 778.6596 299.1517 775.4302705632856 875.4302705632856 223.93811728273374 323.93811728273374
4658 793.1924 304.93146 780.4903217770493 880.4903217770493 230.81761302381858 330.8176130238186
4675 793.1924 304.93146 785.2183760095571 885.2183760095571 237.9293697063817 337.9293697063817
4692 810.8878 306.94983 789.6037905304013 889.6037905304013 245.25737894613326 345.25737894613326
4709 810.8878 306.94983 793.6366938824929 893.6366938824929 252.78514557975075 352.78514557975075
4727 825.6377 308.09937 797.5125264313018 897.5125264313018 260.95461241672945 360.95461241672945
4743 825.6377 308.09937 800.6094691549205 900.6094691549205 268.3717602734482 368.3717602734482
4760 835.91064 320.18884 803.5336455346032 903.5336455346032 276.3955232583588 376.3955232583588
4777 835.91064 320.18884 806.0739549944915 906.0739549944915 284.5489524624127 384.5489524624127
4794 841.43884 346.37234 808.2246793622878 908.2246793622878 292.8136947228397 392.8136947228397
4811 846.27545 363.7774 809.980977411876 909.980977411876 301.17114631399613 401.17114631399613
4828 846.27545 363.7774 811.3388957607996 911.3388957607996 309.60249482388303 409.60249482388303
4845 846.27545 363.7774 812.2953777692248 912.2953777692248 318.08876150040663 418.08876150040663
4862 850.4865 379.8897 812.84827042036 912.84827042036 326.6108439720703 426.6108439720703
4879 850.4865 379.8897 812.9963291668411 912.9963291668411 335.1495592469291 435.1495592469291
4896 844.491 386.80405 812.7392207321774 912.7392207321774 343.68568689301895 443.68568689301895
4913 844.491 386.80405 812.0775238609478 912.0775238609478 352.200012303063 452.200012303063
4930 843.9456 407.1307 811.0127280160616 911.0127280160616 360.6733699460652 460.6733699460652
4947 843.9456 407.1307 809.5472300260149 909.5472300260149 369.0866865084376 469.0866865084376
4964 838.6569 424.26685 807.6843286896907 907.6843286896907 377.4210238275436 477.4210238275436
4981 858.3778 428.6278 805.4282173508461 905.4282173508461 385.65762152102405 485.65762152102405
4998 858.3778 428.6278 802.7839744590015 902.7839744590015 393.77793921594457 493.77793921594457
5015 857.8035 435.65247 799.7575521379785 899.7575521379785 401.7636982827043 501.7636982827043
5032 857.8035 435.65247 796.3557627878217 896.3557627878217 409.59692297976756 509.59692297976756
5049 865.6863 451.73682 792.5862637502574 892.5862637502574 417.25998091660404 517.259980916604
5066 865.6863 451.73682 788.4575400722103 888.4575400722103 424.73562274375536 524.7356227437554
5084 865.6863 451.73682 783.7047491910079 883.7047491910079 432.4280375262833 532.4280375262833
5100 862.8549 475.08682 779.1603810904619 879.1603810904619 439.057807893992 539.057807893992
5117 862.8549 475.08682 774.0128734563121 874.0128734563121 445.8721123408068 545.8721123408068
5134 860.6974 476.5687 768.5479494131282 868.5479494131282 452.4345954942897 552.4345954942896
5151 860.6974 476.5687 762.7779103666112 862.7779103666112 458.73048537096236 558.7304853709624
5168 843.8588 507.8236 756.7157445286122 856.7157445286122 464.7456100820642 564.7456100820642
5185 808.21313 535.98773 750.3750976809954 850.3750976809954 470.46642973411736 570.4664297341174
5202 808.21313 535.98773 743.7702424593289 843.7702424593289 475.8800669068827 575.8800669068827
5219 793.2833 574.1066 736.9160462255444 836.9160462255444 480.9743356401059 580.9743356401059
5236 793.2833 574.1066 729.8279376018812 829.8279376018812 485.73776886380733 585.7377688638073
5253 771.06134 605.1845 722.5218717414465 822.5218717414465 490.15964421036574 590.1596442103657
5270 771.06134 605.1845 715.014294413571 815.014294413571 494.2300081502966 594.2300081502966
5287 747.8571 643.8239 707.3221049847989 807.3221049847989 497.93969839739407 597.9396983973941
5304 747.8571 643.8239 699.4626183788416 799.4626183788416 501.28036453280606 601.2803645328061
5321 698.164 675.88214 691.4535261011198 791.4535261011198 504.2444868016163 604.2444868016163
5338 698.164 675.88214 683.3128564156366 783.3128564156366 506.8253930396211 606.8253930396211
5355 698.164 675.88214 675.0589337638094 775.0589337638094 509.01727369220305 609.017273692203
5372 604.37915 702.1785 666.710337516615 766.710337516615 510.8151948914908 610.8151948914908
5389 556.5945 715.2542 658.2858601528986 758.2858601528986 512.2151095623715 612.2151095623715
5406 556.5945 715.2542 649.8044649579773 749.8044649579773 513.2138665323532 613.2138665323532
5423 504.50085 732.5519 641.2852433377668 741.2852433377668 513.8092176247758 613.8092176247758
5440 504.50085 732.5519 632.7473718445073 732.7473718445073 513.9998227193989 613.9998227193989
5457 464.1721 745.59106 624.2100690108309 724.2100690108309 513.7852527689789 613.7852527689789
5475 464.1721 745.59106 615.1925479661336 715.1925479661336 513.1169859395293 613.1169859395293
5491 427.81235 747.07074 607.2139937950213 707.2139937950213 512.1434306506889 612.1434306506889
5508 427.81235 747.07074 598.7934791480179 698.7934791480179 510.71987418285164 610.7198741828516
5525 391.3197 755.4881 590.4499625136663 690.4499625136663 508.8985257511097 608.8985257511097
5542 391.3197 755.4881 582.2022249367301 682.2022249367301 506.68348516468336 606.6834851646834
5559 412.40015 761.775 574.0688318657412 674.0688318657412 504.079738423869 604.079738423869
5576 412.40015 761.775 566.0680913626405 666.0680913626405 501.0931464966776 601.0931464966776
5593 426.3643 744.56824 558.218012891798 658.218012891798 497.7304321259451 597.7304321259451
5610 426.3643 744.56824 550.5362667811617 650.5362667811617 493.99916469660786 593.9991646966079
5627 421.96213 747.7929 543.0401444467964 643.0401444467964 489.90774319720856 589.9077431972086
5644 421.96213 747.7929 535.7465194703461 635.7465194703461 485.4653773139863 585.4653773139863
5661 421.24213 751.2643 528.6718096170268 628.6718096170268 480.6820667001052 580.6820667001052
5678 421.24213 751.2643 521.8319398796541 621.8319398796541 475.56857846668925 575.5685784666892
5695 433.26123 748.08545 515.2423066318847 615.2423066318847 470.13642294632587 570.1364229463259
5712 433.26123 748.08545 508.91774297137306 608.9177429713731 464.3978277836013 564.3978277836013
5729 450.88174 745.8286 502.8724853308397 602.8724853308397 458.36571041097886 558.3657104109789
5746 450.88174 745.8286 497.1201414322254 597.1201414322254 452.0536489719888 552.0536489719889
5763 447.0056 741.0443 491.67365965604995 591.67365965605 445.47585175716756 545.4758517571676
5780 439.70996 731.39874 486.5452998949387 586.5452998949387 438.6471252215585 538.6471252215586
5797 439.70996 731.39874 481.74660595691194 581.7466059569119 431.58284065575424 531.5828406557542
5814 428.75195 734.46857 477.2883795805666 577.2883795805666 424.29889958551144 524.2988995855114
5831 428.75195 734.46857 473.18065612063515 573.1806561206351 416.8116979778178 516.8116979778179
5849 428.75195 734.46857 469.2236005938714 569.2236005938714 408.68126269395975 508.68126269395975
5865 424.48355 731.65314 466.05289368960894 566.0528936896089 401.295346752855 501.295346752855
5882 424.48355 731.65314 463.04889913133843 563.0488991313384 393.30112404946493 493.30112404946493
5899 432.52225 733.20197 460.427460199564 560.4274601995639 385.1734160167848 485.1734160167848
5916 432.52225 733.20197 458.1944776869708 558.1944776869708 376.9305179198789 476.9305179198789
5933 376.33832 698.5186 456.35497798067684 556.3549779806768 368.59098431373195 468.59098431373195
5950 362.96942 663.5737 454.91310174796206 554.9131017479621 360.1735872774116 460.1735872774116
5967 362.96942 663.5737 453.8720946157316 553.8720946157316 351.69727415859836 451.69727415859836
5984 382.6236 613.0044 453.23429986469176 553.2342998646918 343.18112492358273 443.18112492358273
6001 382.6236 613.0044 453.0036526131048 553.0036526131048 335.1467028281774 435.1467028281774
