15 555.7643 386.10406 333.094647182865 433.094647182865 326.46479252908114 426.46479252908114
17 555.7643 386.10406 333.1215672298508 433.1215672298508 325.460353677165 425.460353677165
34 444.61142 308.88327 333.4861703954607 433.4861703954607 316.92762829531256 416.92762829531256
51 355.68915 247.10661 334.0935140048509 434.0935140048509 308.4087391863609 408.4087391863609
68 355.68915 247.10661 334.94310583748677 434.94310583748677 299.91059046864586 399.91059046864586
85 284.55133 197.68529 336.0342573431978 436.0342573431978 291.44006945149073 391.44006945149073
102 284.55133 197.68529 337.3660842002114 437.3660842002114 283.00404105339845 383.00404105339845
120 331.20023 329.45807 339.0373788905013 439.0373788905013 274.11696909446454 374.11696909446454
136 331.20023 329.45807 340.74725228130916 440.74725228130916 266.2627764750041 366.2627764750041
153 382.3263 390.47278 342.7938532438116 442.7938532438116 257.9711082224287 357.9711082224287
170 382.3263 390.47278 345.0756512552929 445.0756512552929 249.74105744826687 349.7410574482669
187 435.83957 401.46436 347.59079703666407 447.59079703666407 241.57929418234613 341.57929418234613
204 483.09955 393.66498 350.3372521925565 450.3372521925565 233.4924331110061 333.4924331110061
221 483.09955 393.66498 353.31279086333535 453.31279086333535 225.48702821623766 325.48702821623766
238 527.45905 393.34366 356.51500152904384 456.51500152904384 217.5695674640201 317.5695674640201
255 527.45905 393.34366 359.9412889638151 459.9412889638151 209.74646754616077 309.7464675461608
272 527.45905 393.34366 363.5888763391684 463.5888763391684 202.0240686798987 302.02406867989873
289 559.6121 395.6702 367.4548074744846 467.4548074744846 194.40862946948707 294.4086294694871
306 559.6121 395.6702 371.53594923283765 471.53594923283765 186.90632183391858 286.9063218339186
323 574.178 402.15637 375.8289940602396 475.8289940602396 179.52322600490484 279.5232260049048
341 574.178 402.15637 380.6016685145469 480.6016685145469 171.84241533816768 271.8424153381677
357 596.59155 409.0458 385.0367068437197 485.0367068437197 165.13850276900726 265.13850276900723
374 596.59155 409.0458 389.9439124255555 489.9439124255555 158.14853343516307 258.1485334351631
391 613.54095 430.8011 395.0481023758233 495.0481023758233 151.30108260568883 251.30108260568883
409 574.57605 398.96692 400.66264512599264 500.66264512599264 144.21234621253794 244.21234621253794
425 574.57605 398.96692 405.83073236238414 505.83073236238414 138.05581447516937 238.05581447516937
442 553.005 377.02917 411.50043363562395 511.50043363562395 131.66873177782583 231.66873177782583
459 553.005 377.02917 417.3496488335043 517.3496488335043 125.44562809241546 225.44562809241546
477 530.62866 355.24512 423.73332887425113 523.7333288742511 119.04079373995708 219.04079373995708
493 530.62866 355.24512 429.5675174146769 529.5675174146769 113.51139478609738 213.51139478609738
510 524.63586 340.82758 435.9262688483818 535.9262688483818 107.8099372430793 207.8099372430793
528 524.63586 340.82758 442.83303936531155 542.8330393653116 101.97300354707676 201.97300354707676
544 524.63586 340.82758 449.1176429853873 549.1176429853873 96.96144031244515 196.96144031244515
561 524.4796 311.49847 455.939574763276 555.939574763276 91.82319306962836 191.82319306962836
579 523.9321 297.54807 463.31908475446505 563.319084754465 86.5967118216947 186.5967118216947
596 523.9321 297.54807 470.430298817712 570.430298817712 81.86691558325475 181.86691558325475
612 520.5954 288.85788 477.24366770951156 577.2436677095116 77.60194042970028 177.60194042970028
629 520.5954 288.85788 484.6052797509776 584.6052797509776 73.27215913482809 173.2721591348281
646 526.37213 285.06787 492.08715802621145 592.0871580262115 69.15368424901567 169.15368424901567
663 526.37213 285.06787 499.6832388604396 599.6832388604396 65.24985358281685 165.24985358281685
680 529.3195 280.3703 507.3873660236304 607.3873660236304 61.563830988764266 161.56383098876427
697 529.3195 280.3703 515.1932957197998 615.1932957197998 58.09860379723074 158.09860379723074
714 542.06335 275.00464 523.0947016472838 623.0947016472838 54.85698039535282 154.85698039535282
732 542.06335 275.00464 531.5578441028453 631.5578441028453 51.6713103368038 151.6713103368038
748 557.84753 243.18533 539.158255286693 639.158255286693 49.0548702834833 149.0548702834833
765 557.84753 243.18533 547.3073843205016 647.3073843205016 46.49908588318232 146.49908588318232
782 557.84753 243.18533 555.5259627803556 655.5259627803556 44.176306080939696 144.1763060809397
800 576.75195 220.351 564.2962813350795 664.2962813350795 41.972948099647 141.972948099647
816 593.3788 197.35803 572.1447741627716 672.1447741627716 40.23709987763954 140.23709987763954
833 593.3788 197.35803 580.531538399579 680.531538399579 38.62386599915499 138.623865999155
851 611.98157 178.94095 589.4578444296311 689.4578444296311 37.176684392405264 137.17668439240526
867 611.98157 178.94095 597.4258042831839 697.4258042831839 36.116672841359446 136.11667284135945
885 624.37354 162.14688 606.4200007018427 706.4200007018427 35.17981387243941 135.1798138724394
901 624.37354 162.14688 614.4353709721212 714.4353709721212 34.574960050003085 134.57496005000309
918 642.4102 152.16743 622.9661736117806 722.9661736117806 34.167843072143 134.167843072143
935 642.4102 152.16743 631.5051081479654 731.5051081479654 34.00372452586896 134.00372452586896
953 655.91736 142.77946 640.5475055449577 740.5475055449577 34.09495642779058 134.09495642779058
969 655.91736 142.77946 648.5796904715623 748.5796904715623 34.40481772096149 134.4048177209615
986 671.18787 138.0816 657.1015001944813 757.1015001944813 34.96970439707047 134.96970439707047
1003 688.666 131.99304 665.6037768999744 765.6037768999744 35.77693963769889 135.7769396376989
1020 688.666 131.99304 674.0796299331981 774.0796299331981 36.82586922049978 136.82586922049978
1037 688.666 131.99304 682.5221900543268 782.5221900543268 38.115643042381976 138.11564304238198
1054 706.7407 129.93 690.9246150057149 790.9246150057149 39.645215808474234 139.64521580847423
1071 706.7407 129.93 699.2800950571935 799.2800950571935 41.41334787928315 141.41334787928315
1089 723.28986 128.99747 708.0683806888678 808.0683806888678 43.54391343827683 143.54391343827683
1106 723.28986 128.99747 716.3059353437416 816.3059353437416 45.79847131476845 145.79847131476845
1122 743.8034 128.26097 723.9973720999366 823.9973720999366 48.133810549576026 148.13381054957603
1140 743.8034 128.26097 732.5718778238853 832.5718778238853 51.006287796662775 151.00628779666278
1156 759.89954 130.65385 740.117950819005 840.117950819005 53.77554601295549 153.7755460129555
1173 776.0007 133.33624 748.0512698040402 848.0512698040402 56.93826443105149 156.9382644310515
1190 776.0007 133.33624 755.8913456946693 855.8913456946693 60.32552703375262 160.32552703375262
1207 793.9914 135.41266 763.6318245155068 863.6318245155068 63.93458862018292 163.93458862018292
1224 793.9914 135.41266 771.2664330094331 871.2664330094331 67.76252423287974 167.76252423287974
1241 808.22595 136.37868 778.788983721744 878.788983721744 71.80623152831976 171.80623152831976
1258 808.22595 136.37868 786.1933800147626 886.1933800147626 76.06243329120804 176.06243329120804
1275 808.22595 136.37868 793.4736210088488 893.4736210088488 80.52768009049117 180.52768009049117
1292 820.194 145.33894 800.6238064458005 900.6238064458005 85.19835307494287 185.19835307494287
1310 820.194 145.33894 808.046396715908 908.046396715908 90.36346949445999 190.36346949446
1326 832.86743 166.04385 814.5109413283826 914.5109413283826 95.14067282585665 195.14067282585665
1343 832.86743 166.04385 821.2366359705578 921.2366359705578 100.40426185718263 200.40426185718263
1361 843.7699 181.85753 828.1915644145411 928.1915644145411 106.18372933127876 206.18372933127876
1378 858.924 194.56789 834.5973693489477 934.5973693489477 111.83226905874935 211.83226905874935
1394 858.924 194.56789 840.4772028442499 940.4772028442499 117.31310538030687 217.31310538030687
1411 872.38245 204.77997 846.5612262243785 946.5612262243785 123.30685190652298 223.30685190652298
1428 872.38245 204.77997 852.4721692933363 952.4721692933363 129.47135431515434 229.47135431515434
1445 880.7969 218.7796 858.2052415379586 958.2052415379586 135.80161659632608 235.80161659632608
1462 880.7969 218.7796 863.7557966001699 963.7557966001699 142.29250840037312 242.29250840037312
1479 888.68066 226.37672 869.1193360426164 969.1193360426164 148.93876919572267 248.93876919572267
1496 888.68066 226.37672 874.2915129944168 974.2915129944168 155.73501253228335 255.73501253228335
1513 902.862 254.80032 879.2681356740757 979.2681356740757 162.675730406883 262.67573040688296
1530 902.862 254.80032 884.0451707867052 984.0451707867052 169.7552977272204 269.7552977272204
1547 902.862 254.80032 888.6187467928016 988.6187467928016 176.96797687071094 276.9679768707109
1564 913.21277 263.58386 892.9851570459276 992.9851570459276 184.30792233453255 284.3079223345326
1581 928.06586 272.698 897.1408627967578 997.1408627967578 191.76918547310373 291.76918547310373
1599 928.06586 272.698 901.3076210713034 1001.3076210713034 199.79485674886422 299.7948567488642
1615 938.56665 276.63312 904.8068623492258 1004.8068623492258 207.03138348446487 307.03138348446487
1632 938.56665 276.63312 908.3109432553329 1008.3109432553329 214.8199491363638 314.8199491363638
1649 954.2415 283.2882 911.5918989033121 1011.5918989033121 222.7051040458423 322.7051040458423
1666 954.2415 283.2882 914.6470702485676 1014.6470702485676 230.6804577033056 330.6804577033056
1683 968.4331 293.22345 917.4739812329851 1017.4739812329851 238.73954649774532 338.7395464977453
1701 968.4331 293.22345 920.21584210631 1020.21584210631 247.35670803135872 347.3567080313587
1717 978.5843 305.2605 922.4340447096293 1022.4340447096293 255.08274103198784 355.08274103198784
1734 978.5843 305.2605 924.5631773273444 1024.5631773273444 263.35360145921436 363.35360145921436
1751 991.39856 317.6381 926.4560130930984 1026.4560130930984 271.6817171329047 371.6817171329047
1769 991.39856 317.6381 928.2009350518042 1028.2009350518042 280.55462653755245 380.55462653755245
1785 1005.08 328.5226 929.5268506369953 1029.5268506369953 288.4826752619944 388.4826752619944
1802 1005.08 328.5226 930.7023636603816 1030.7023636603817 296.94190141113677 396.94190141113677
1819 1012.04047 344.07596 931.6366043392997 1031.6366043392995 305.4311612295389 405.4311612295389
1837 1012.04047 344.07596 932.361983596427 1032.3619835964269 314.44487849148953 414.44487849148953
1854 1009.55023 357.30463 932.7973209778079 1032.7973209778079 322.97428757271297 422.97428757271297
1870 1009.55023 357.30463 932.9851019890048 1032.9851019890048 331.01025341435343 431.01025341435343
1887 1016.81335 361.1396 932.9486453909749 1032.948645390975 339.5506871754069 439.5506871754069
1904 1016.81335 361.1396 932.6690959534936 1032.6690959534935 348.08662239203596 448.08662239203596
1921 1032.5991 365.4984 932.1466802368993 1032.1466802368993 356.6111411309172 456.6111411309172
1938 1033.1366 376.9092 931.3818216320687 1031.3818216320687 365.1173347111916 465.1173347111916
1955 1033.1366 376.9092 930.3751400172805 1030.3751400172805 373.5983093035911 473.5983093035911
1972 1036.5212 388.20322 929.1274512558361 1029.1274512558361 382.04719151753216 482.04719151753216
1989 1036.5212 388.20322 927.6397665348454 1027.6397665348454 390.4571339716405 490.4571339716405
2006 1021.85016 406.90753 925.9132915457113 1025.9132915457112 398.8213208432003 498.8213208432003
2023 1021.85016 406.90753 923.9494255069792 1023.9494255069792 407.13297339202586 507.13297339202586
2040 1021.85016 406.90753 921.7497600303433 1021.7497600303433 415.385355454278 515.3853554542779
2057 1010.32556 431.44818 919.3160778307275 1019.3160778307275 423.5717789017766 523.5717789017766
2075 1010.32556 431.44818 916.4863627748334 1016.4863627748334 432.1604916486035 532.1604916486035
2091 1005.63763 463.90567 913.7547408159044 1013.7547408159044 439.7202700970553 539.7202700970553
2108 1005.63763 463.90567 910.6315931762647 1010.6315931762647 447.6692503292295 547.6692503292295
2126 992.107 479.51654 907.0795392706568 1007.0795392706568 455.98527023040305 555.9852702304031
2142 987.0453 492.4187 903.7129933280626 1003.7129933280626 463.2844741001809 563.2844741001809
2160 987.0453 492.4187 899.6934484911064 999.6934484911064 471.3848773771026 571.3848773771026
2176 972.9933 529.6932 895.9169758597092 995.9169758597092 478.4806693117979 578.4806693117979
2194 972.9933 529.6932 891.4429679827582 991.4429679827582 486.339201456037 586.339201456037
2210 953.97424 565.7118 887.2688087238421 987.2688087238421 493.20858302917645 593.2085830291765
2228 953.97424 565.7118 882.3548386747549 982.3548386747549 500.79977346953126 600.7997734695313
2244 926.7532 590.9511 877.7965218060378 977.7965218060378 507.42048008140796 607.420480081408
2261 926.7532 590.9511 872.7608258058228 972.7608258058228 514.3184583144773 614.3184583144773
2278 904.00867 611.9327 867.5308160761413 967.5308160761413 521.0702977777584 621.0702977777584
2296 904.00867 611.9327 861.7860765741736 961.7860765741736 528.0539388051589 628.0539388051589
2312 904.00867 611.9327 856.5049640822481 956.5049640822481 534.1137952031119 634.1137952031119
2329 891.92285 633.19025 850.7180576999276 950.7180576999276 540.394882086187 640.394882086187
2346 871.44556 651.2289 844.754702109853 944.754702109853 546.5086966087915 646.5086966087915
2363 871.44556 651.2289 838.6197303028227 938.6197303028227 552.4502838409564 652.4502838409564
2380 857.31494 671.38666 832.3181143556885 932.3181143556885 558.2148284340103 658.2148284340103
2397 857.31494 671.38666 825.8549614017456 925.8549614017456 563.7976585231695 663.7976585231695
2414 836.00397 691.13385 819.2355094916655 919.2355094916655 569.1942495138428 669.1942495138428
2431 836.00397 691.13385 812.4651233483269 912.4651233483269 574.4002277485814 674.4002277485814
2448 809.8733 707.92896 805.5492900189863 905.5492900189863 579.4113740517007 679.4113740517007
2466 809.8733 707.92896 798.0743413925139 898.0743413925139 584.5004227817345 684.5004227817345
2482 794.3834 708.42725 791.3038148358737 891.3038148358737 588.8330869577367 688.8330869577367
2499 794.3834 708.42725 783.9857182018081 883.9857182018081 593.2360177503971 693.2360177503971
2517 785.8407 724.76855 776.1038988675523 876.1038988675523 597.6688721273433 697.6688721273433
2533 785.8407 724.76855 768.9884567331254 868.9884567331254 601.4081891703074 701.4081891703074
2550 775.65466 721.4275 761.3214464020558 861.3214464020558 605.1708066759479 705.1708066759479
2567 775.65466 721.4275 753.5504381858558 853.5504381858558 608.7136542896951 708.7136542896951
2584 762.471 729.7306 745.6817300841386 845.6817300841386 612.0338607170812 712.0338607170812
2601 762.471 729.7306 737.721699277214 837.721699277214 615.1287351027865 715.1287351027865
2618 765.1577 736.48676 729.6767969577133 829.6767969577133 617.9957692114392 717.9957692114392
2635 765.1577 736.48676 721.553543102233 821.553543102233 620.6326394604092 720.6326394604092
2652 759.0761 747.0499 713.3585211872297 813.3585211872297 623.0372088029525 723.0372088029525
2669 759.0761 747.0499 705.0983728534557 805.0983728534557 625.2075284601758 725.2075284601758
2686 747.7304 746.92224 696.7797925232513 796.7797925232513 627.1418395004217 727.1418395004217
2703 747.7304 746.92224 688.4095219750633 788.4095219750633 628.8385742647915 728.8385742647915
2720 736.5038 751.49963 679.9943448795832 779.9943448795832 630.296357637651 730.296357637651
2737 737.014 757.43994 671.5410813019316 771.5410813019316 631.5140081610913 731.5140081610913
2755 737.014 757.43994 662.5566681050749 762.5566681050749 632.5404551656717 732.5404551656717
2771 725.818 761.81885 654.5477237438794 754.5477237438794 633.2251587040392 733.2251587040392
2789 725.818 761.81885 645.5194574500881 745.5194574500881 633.7386581426483 733.7386581426483
2805 725.818 761.81885 637.4845270833351 737.4845270833351 633.9664798220608 733.9664798220608
2822 724.8344 769.39197 628.9440176902656 728.9440176902656 633.9725804261168 733.9725804261168
2839 724.8344 769.39197 620.4067954607539 720.4067954607539 633.7355687926154 733.7355687926154
2856 706.03455 769.22327 611.8797793711809 711.8797793711809 633.2556370072082 733.2556370072082
2874 706.03455 769.22327 602.8699783535706 702.8699783535706 632.4831348595524 732.4831348595524
2890 676.76117 773.91644 594.8839945588649 694.8839945588649 631.5687653790487 731.5687653790487
2907 635.69556 776.82336 586.4290000393138 686.4290000393138 630.3631926583694 730.3631926583694
2924 635.69556 776.82336 578.0117489028069 678.0117489028069 628.9174329219486 728.9174329219486
2941 622.75806 785.0394 569.6390628953682 669.6390628953682 627.232657883161 727.232657883161
2958 622.75806 785.0394 561.3177276452934 661.3177276452934 625.3102329649023 725.3102329649023
2976 586.71924 788.5071 552.5703667532769 652.5703667532769 623.0174287059479 723.0174287059479
2992 586.71924 788.5071 544.8560383791012 644.8560383791012 620.7588569334407 720.7588569334407
3009 566.4619 780.2916 536.7290257094023 636.7290257094023 618.1335944747455 718.1335944747455
3026 566.4619 780.2916 528.6800356774336 628.6800356774336 615.278056456131 715.278056456131
3043 566.4619 780.2916 520.7155915726703 620.7155915726703 612.1945571432422 712.1945571432422
3061 535.6938 770.7623 512.3819751274623 612.3819751274623 608.6839858379951 708.6839858379951
3077 535.6938 770.7623 505.066086470933 605.066086470933 605.3538534259965 705.3538534259965
3094 522.6621 777.33966 497.3937085871838 597.3937085871838 601.6021930576474 701.6021930576474
3111 497.5731 769.384 489.8312325780845 589.8312325780845 597.6336549738851 697.6336549738851
3128 497.5731 769.384 482.38478743869564 582.3847874386956 593.4514554692516 693.4514554692516
3145 478.04718 771.62354 475.06040812706976 575.0604081270698 589.058983999804 689.058983999804
3162 478.04718 771.62354 467.8640306732291 567.8640306732291 584.4598004361334 684.4598004361334
3180 457.34155 771.3062 460.39033437862736 560.3903343786274 579.3689127295427 679.3689127295427
3196 457.34155 771.3062 453.87850203784535 553.8785020378454 574.6563711348483 674.6563711348483
3213 455.56653 761.4239 447.10068540279684 547.1006854027969 569.4600705688548 669.4600705688548
3230 455.56653 761.4239 440.47353053246013 540.4735305324601 564.0729418127313 664.0729418127313
3247 449.55408 756.96216 434.0024083925641 534.0024083925641 558.4993508552757 658.4993508552757
3265 449.55408 756.96216 427.3265285815807 527.3265285815808 552.3996867092457 652.3996867092457
3281 427.2513 741.8913 421.54910963438175 521.5491096343817 546.8109982204569 646.8109982204569
3298 427.2513 741.8913 415.5770257696452 515.5770257696452 540.7057093474355 640.7057093474355
3315 412.06723 723.70465 409.7811519627961 509.7811519627961 534.4328962045494 634.4328962045494
3332 412.06723 723.70465 404.1661854693228 504.1661854693228 527.9976425819129 627.9976425819129
3350 401.2588 720.9802 398.4231643908829 498.4231643908829 521.0125883346178 621.0125883346178
3366 401.2588 720.9802 393.49702667636814 493.49702667636814 514.6608030789737 614.6608030789737
3383 393.32806 715.45544 388.45148117741576 488.45148117741576 507.7700260162269 607.7700260162269
3400 393.32806 715.45544 383.6041295851123 483.6041295851123 500.7384173488538 600.7384173488538
3417 376.81934 654.39233 378.95890042682595 478.95890042682595 493.5716758314352 593.5716758314352
3435 376.81934 654.39233 374.2649101067921 474.2649101067921 485.8425278304917 585.8425278304917
3451 363.79364 602.3925 370.28970142185455 470.28970142185455 478.85613214835485 578.8561321483548
3468 363.79364 602.3925 366.2727575118902 466.2727575118902 471.3192561685689 571.3192561685689
3485 358.44424 551.4139 362.4719822152257 462.4719822152257 463.6710900449318 563.6710900449318
3502 356.61343 507.81305 358.8904558633554 458.8904558633554 455.9178322199049 555.9178322199049
3519 356.61343 507.81305 355.5310810978608 455.5310810978608 448.06576630732854 548.0657663073285
3537 348.1565 455.56857 352.2192563482289 452.2192563482289 439.6511902174244 539.6511902174244
3553 348.1565 455.56857 349.4894944740342 449.4894944740342 432.0907399116313 532.0907399116313
3571 348.1565 455.56857 346.66189266404376 446.66189266404376 423.5013312038564 523.5013312038564
3588 350.13956 422.55396 344.23022471939606 444.23022471939606 415.31430922285153 515.3143092228515
3604 350.13956 422.55396 342.155351140146 442.155351140146 407.5485569510936 507.5485569510936
3621 342.79694 394.44504 340.17961285468476 440.17961285468476 399.23971851615926 499.23971851615926
3638 342.79694 394.44504 338.44119032461737 438.44119032461737 390.87800666884965 490.87800666884965
3655 334.56305 373.9238 336.9414924513526 436.9414924513526 382.4701981434725 482.4701981434725
3672 334.56305 373.9238 335.68173466233077 435.68173466233077 374.02310703330426 474.02310703330426
3690 334.77792 358.0563 334.61053131423415 434.61053131423415 365.043920136258 465.043920136258
3706 336.24872 338.2136 333.8859279242903 433.8859279242903 357.03848706593226 457.03848706593226
3723 336.24872 338.2136 333.35133438360816 433.35133438360816 348.5147233633919 448.5147233633919
3740 338.07446 326.14276 333.05959056430925 433.05959056430925 339.9791962294431 439.9791962294431
3757 338.07446 326.14276 453.02406576024066 553.0240657602407 331.056686471707 431.056686471707
3774 338.579 313.37018 453.36623095517183 553.3662309551719 322.5235450269113 422.5235450269113
3792 338.579 313.37018 454.16922084104294 554.1692208410429 313.5170210808991 413.5170210808991
3808 338.579 313.37018 455.26193415828243 555.2619341582824 305.553911501838 405.553911501838
3826 329.43488 295.2063 456.91472789945465 556.9147278994546 296.66399928652106 396.66399928652106
3843 329.43488 295.2063 458.8837967246308 558.8837967246309 288.35410470841526 388.35410470841526
3859 330.8119 282.38913 461.09515609929747 561.0951560992975 280.62655488470796 380.62655488470796
3876 330.84875 277.2933 463.8201933182859 563.8201933182859 272.53299249891984 372.53299249891984
3893 330.84875 277.2933 466.92605000007745 566.9260500000775 264.5777907912517 364.5777907912517
3910 338.16107 275.62048 470.40573493989234 570.4057349398923 256.7788567193968 356.7788567193968
3927 338.16107 275.62048 474.251415455004 574.251415455004 249.15374548655507 349.15374548655507
3944 340.3388 269.73212 478.4544350159092 578.4544350159092 241.71962102511617 341.71962102511617
3961 340.3388 269.73212 483.0053327319572 583.0053327319572 234.49321736108072 334.4932173610807
3978 344.40524 266.58914 487.893864647575 587.893864647575 227.49080094619188 327.4908009461919
3995 344.40524 266.58914 493.109026801152 593.109026801152 220.7281340425647 320.7281340425647
4012 347.3339 258.5526 498.63907999467915 598.6390799946792 214.22043924223226 314.22043924223226
4029 347.3339 258.5526 504.47157621838664 604.4715762183866 207.98236520147657 307.98236520147657
4046 352.72766 253.62517 510.59338667089924 610.5933866708992 202.0279536670738 302.0279536670738
4064 352.72766 253.62517 517.3753216119491 617.3753216119491 196.0473496171248 296.04734961712484
4080 354.52188 247.41483 523.6492098803254 623.6492098803254 191.0230623484931 291.0230623484931
4097 354.52188 247.41483 530.5538343096449 630.5538343096449 185.9973542961332 285.9973542961332
4114 364.8729 244.27705 537.689062464963 637.689062464963 181.30479645322103 281.304796453221
4131 364.8729 244.27705 545.0388331282979 645.0388331282979 176.95595164869005 276.9559516486901
4148 405.01376 240.35062 552.5866021519138 652.5866021519138 172.9606090221234 272.96060902212344
4166 405.01376 240.35062 560.7752807325808 660.7752807325808 169.12553282347662 269.12553282347665
4182 448.31555 243.08482 568.2077684862486 668.2077684862486 166.06558799499004 266.06558799499004
4199 448.31555 243.08482 576.2460029469295 676.2460029469295 163.1814301122385 263.1814301122385
4217 486.77655 238.44444 584.8959282560902 684.8959282560902 160.54684124624086 260.5468412462409
4233 486.77655 238.44444 592.6873458725511 692.6873458725511 158.57226582663537 258.5722658266354
4251 520.0678 238.74327 601.547993109811 701.547993109811 156.76915826363768 256.7691582636377
4267 554.12994 239.044 609.4914555949256 709.4914555949256 155.54174622631027 255.54174622631027
4284 554.12994 239.044 617.9823830375866 717.9823830375866 154.6275629290547 254.6275629290547
4302 554.12994 239.044 627.009212437205 727.009212437205 154.09972077737774 254.09972077737774
4318 582.6645 236.87636 635.0464617946108 735.0464617946108 154.01163372561214 254.01163372561214
4335 582.6645 236.87636 643.581202299593 743.581202299593 154.31127426047263 254.31127426047263
4353 609.34863 226.3658 652.5916157056257 752.5916157056257 155.06937491294823 255.06937491294823
4369 609.34863 226.3658 660.5600713827765 760.5600713827765 156.12239470530233 256.1223947053023
4386 632.07996 230.36942 668.9659809564164 768.9659809564164 157.6297978289907 257.6297978289907
4403 632.07996 230.36942 677.2909320172428 777.2909320172428 159.53420581373558 259.5342058137356
4420 652.65643 223.44667 685.5161853111272 785.5161853111272 161.83133188536496 261.831331885365
4437 652.65643 223.44667 693.6232260010909 793.6232260010909 164.5160052712332 264.5160052712332
4455 675.33234 220.97356 702.0580281761817 802.0580281761817 167.77428374521077 267.77428374521077
4471 695.79755 220.35588 709.4099817666976 809.4099817666976 171.0229627020636 271.02296270206364
4489 695.79755 220.35588 717.4980927560449 817.4980927560449 175.0658239377357 275.0658239377357
4506 714.75415 218.63037 724.9414118764473 824.9414118764473 179.25253868910977 279.25253868910977
4522 714.75415 218.63037 731.7581279004737 831.7581279004737 183.51135533338842 283.51135533338845
4539 730.3875 218.47755 738.7848168015221 838.7848168015221 188.36493370665013 288.36493370665016
4556 730.3875 218.47755 745.5733867574248 845.5733867574248 193.54633292803192 293.5463329280319
4574 730.3875 218.47755 752.4847699331881 852.4847699331881 199.3768602579292 299.3768602579292
4590 743.6246 224.97783 758.3756166338345 858.3756166338345 204.8452294582745 304.8452294582745
4607 743.6246 224.97783 764.3604590589218 864.3604590589218 210.9372932370277 310.9372932370277
4624 756.7605 227.57155 770.0496124154753 870.0496124154753 217.30636805391646 317.30636805391646
4641 756.7605 227.57155 775.4302705632856 875.4302705632856 223.93811728273374 323.93811728273374
4658 769.8803 235.04707 780.4903217770493 880.4903217770493 230.81761302381858 330.8176130238186
4675 780.93823 246.56854 785.2183760095571 885.2183760095571 237.9293697063817 337.9293697063817
4692 780.93823 246.56854 789.6037905304013 889.6037905304013 245.25737894613326 345.25737894613326
4709 799.29034 256.05502 793.6366938824929 893.6366938824929 252.78514557975075 352.78514557975075
4726 799.29034 256.05502 797.3080081024611 897.3080081024611 260.4957247950736 360.4957247950736
4743 809.2289 274.03735 800.6094691549205 900.6094691549205 268.3717602734482 368.3717602734482
4760 809.2289 274.03735 803.5336455346032 903.5336455346032 276.3955232583588 376.3955232583588
4778 820.67285 296.6894 806.2113040348377 906.2113040348377 285.032213093187 385.032213093187
4795 820.67285 296.6894 808.3389522412413 908.3389522412413 293.3029260641045 393.3029260641045
4811 820.67285 296.6894 809.980977411876 909.980977411876 301.17114631399613 401.17114631399613
4828 830.37415 315.36105 811.3388957607996 911.3388957607996 309.60249482388303 409.60249482388303
4845 830.37415 315.36105 812.2953777692248 912.2953777692248 318.08876150040663 418.08876150040663
4862 838.62585 317.20016 812.84827042036 912.84827042036 326.6108439720703 426.6108439720703
4879 845.52716 341.41537 812.9963291668411 912.9963291668411 335.1495592469291 435.1495592469291
4896 845.52716 341.41537 812.7392207321774 912.7392207321774 343.68568689301895 443.68568689301895
4913 843.9646 408.5252 812.0775238609478 912.0775238609478 352.200012303063 452.200012303063
4931 843.9646 408.5252 810.9375863875596 910.9375863875596 361.1701187073185 461.1701187073185
4947 823.6386 485.39484 809.5472300260149 909.5472300260149 369.0866865084376 469.0866865084376
4965 823.6386 485.39484 807.5624555236557 907.5624555236557 377.90841743392417 477.90841743392417
4981 821.41547 547.07935 805.4282173508461 905.4282173508461 385.65762152102405 485.65762152102405
4999 821.41547 547.07935 802.6164664715639 902.6164664715639 394.25159169433493 494.25159169433493
5015 785.4792 589.1034 799.7575521379785 899.7575521379785 401.7636982827043 501.7636982827043
5032 785.4792 589.1034 796.3557627878217 896.3557627878217 409.59692297976756 509.59692297976756
5049 745.99493 607.62024 792.5862637502574 892.5862637502574 417.25998091660404 517.259980916604
5067 745.99493 607.62024 788.2036816660764 888.2036816660764 425.1691680191018 525.1691680191018
5083 741.1699 635.9383 783.9788854061801 883.9788854061801 432.00702098068035 532.0070209806804
5100 741.1699 635.9383 779.1603810904619 879.1603810904619 439.057807893992 539.057807893992
5117 752.21265 635.8618 774.0128734563121 874.0128734563121 445.8721123408068 545.8721123408068
5134 752.21265 635.8618 768.5479494131282 868.5479494131282 452.4345954942897 552.4345954942896
5151 752.5735 642.22687 762.7779103666112 862.7779103666112 458.73048537096236 558.7304853709624
5168 752.5735 642.22687 756.7157445286122 856.7157445286122 464.7456100820642 564.7456100820642
5185 722.33295 666.0278 750.3750976809954 850.3750976809954 470.46642973411736 570.4664297341174
5202 722.33295 666.0278 743.7702424593289 843.7702424593289 475.8800669068827 575.8800669068827
5220 633.24915 674.9762 736.5054202885274 836.5054202885274 481.26380400796154 581.2638040079615
5236 651.6123 696.2348 729.8279376018812 829.8279376018812 485.73776886380733 585.7377688638073
5253 651.6123 696.2348 722.5218717414465 822.5218717414465 490.15964421036574 590.1596442103657
5271 658.6521 711.9516 714.5667557803298 814.5667557803298 494.45829474187997 594.45829474188
5287 658.6521 711.9516 707.3221049847989 807.3221049847989 497.93969839739407 597.9396983973941
5305 658.6521 711.9516 698.995462019195 798.995462019195 501.46521726278866 601.4652172627887
5321 585.8529 724.86346 691.4535261011198 791.4535261011198 504.2444868016163 604.2444868016163
5338 585.8529 724.86346 683.3128564156366 783.3128564156366 506.8253930396211 606.8253930396211
5355 543.897 730.569 675.0589337638094 775.0589337638094 509.01727369220305 609.017273692203
5372 543.897 730.569 666.710337516615 766.710337516615 510.8151948914908 610.8151948914908
5389 510.18103 748.3502 658.2858601528986 758.2858601528986 512.2151095623715 612.2151095623715
5407 482.35068 749.62054 649.3041943374132 749.3041943374132 513.2600715357657 613.2600715357657
5423 482.35068 749.62054 641.2852433377668 741.2852433377668 513.8092176247758 613.8092176247758
5440 458.58197 748.07654 632.7473718445073 732.7473718445073 513.9998227193989 613.9998227193989
5457 458.58197 748.07654 624.2100690108309 724.2100690108309 513.7852527689789 613.7852527689789
5474 427.04672 750.35864 615.692552089333 715.692552089333 513.1659907650433 613.1659907650433
5491 427.04672 750.35864 607.2139937950213 707.2139937950213 512.1434306506889 612.1434306506889
5509 413.37958 749.54407 598.3003682235171 698.3003682235171 510.6237117563112 610.6237117563112
5525 413.37958 749.54407 590.4499625136663 690.4499625136663 508.8985257511097 608.8985257511097
5543 398.81125 755.71625 581.7204446332313 681.7204446332313 506.5410304866251 606.5410304866251
5559 398.81125 755.71625 574.0688318657412 674.0688318657412 504.079738423869 604.079738423869
5576 398.81125 755.71625 566.0680913626405 666.0680913626405 501.0931464966776 601.0931464966776
5593 412.76447 761.6946 558.218012891798 658.218012891798 497.7304321259451 597.7304321259451
5610 412.76447 761.6946 550.5362667811617 650.5362667811617 493.99916469660786 593.9991646966079
5627 387.5187 762.0915 543.0401444467964 643.0401444467964 489.90774319720856 589.9077431972086
5644 367.84708 759.6943 535.7465194703461 635.7465194703461 485.4653773139863 585.4653773139863
5661 367.84708 759.6943 528.6718096170268 628.6718096170268 480.6820667001052 580.6820667001052
5678 387.37012 761.33105 521.8319398796541 621.8319398796541 475.56857846668925 575.5685784666892
5695 387.37012 761.33105 515.2423066318847 615.2423066318847 470.13642294632587 570.1364229463259
5712 409.49066 763.4013 508.91774297137306 608.9177429713731 464.3978277836013 564.3978277836013
5730 409.49066 763.4013 502.52587413130334 602.5258741313033 458.00202610763864 558.0020261076386
5747 417.03305 746.937 496.7911702808618 596.7911702808618 451.6739338449379 551.6739338449379
5763 417.03305 746.937 491.67365965604995 591.67365965605 445.47585175716756 545.4758517571676
5780 440.23853 729.8209 486.5452998949387 586.5452998949387 438.6471252215585 538.6471252215586
5797 440.23853 729.8209 481.74660595691194 581.7466059569119 431.58284065575424 531.5828406557542
5814 466.56668 712.11676 477.2883795805666 577.2883795805666 424.29889958551144 524.2988995855114
5832 466.56668 712.11676 472.9501422903951 572.9501422903951 416.3653024466931 516.365302446693
5848 462.2951 698.04083 469.43268195865755 569.4326819586576 409.1380893339877 509.1380893339877
5865 462.2951 698.04083 466.05289368960894 566.0528936896089 401.295346752855 501.295346752855
5882 490.3252 673.18115 463.04889913133843 563.0488991313384 393.30112404946493 493.30112404946493
5899 490.3252 673.18115 460.427460199564 560.4274601995639 385.1734160167848 485.1734160167848
5916 478.6061 661.235 458.1944776869708 558.1944776869708 376.9305179198789 476.9305179198789
5933 478.6061 661.235 456.35497798067684 556.3549779806768 368.59098431373195 468.59098431373195
5950 471.82074 639.6493 454.91310174796206 554.9131017479621 360.1735872774116 460.1735872774116
5967 471.82074 639.6493 453.8720946157316 553.8720946157316 351.69727415859836 451.69727415859836
5984 468.89285 601.13824 453.23429986469176 553.2342998646918 343.18112492358273 443.18112492358273
6002 459.84973 576.611 453.0036526131048 553.0036526131048 335.1467028281774 435.1467028281774
