1 555.81354 399.63403 333.00042067616835 433.00042067616835 333.4976002348308 433.4976002348308
17 555.81354 399.63403 333.1215672298508 433.1215672298508 325.460353677165 425.460353677165
34 444.65085 319.70724 333.4861703954607 433.4861703954607 316.92762829531256 416.92762829531256
51 444.65085 319.70724 334.0935140048509 434.0935140048509 308.4087391863609 408.4087391863609
68 355.72067 255.7658 334.94310583748677 434.94310583748677 299.91059046864586 399.91059046864586
85 355.72067 255.7658 336.0342573431978 436.0342573431978 291.44006945149073 391.44006945149073
102 284.57654 204.61264 337.3660842002114 437.3660842002114 283.00404105339845 383.00404105339845
119 284.57654 204.61264 338.93750703184975 438.93750703184975 274.6093422383909 374.6093422383909
137 227.66124 163.69011 340.8610993111701 440.8610993111701 265.7734457537099 365.7734457537099
153 227.66124 163.69011 342.7938532438116 442.7938532438116 257.9711082224287 357.9711082224287
170 296.80255 310.8119 345.0756512552929 445.0756512552929 249.74105744826687 349.7410574482669
187 296.80255 310.8119 347.59079703666407 447.59079703666407 241.57929418234613 341.57929418234613
204 364.58313 389.94138 350.3372521925565 450.3372521925565 233.4924331110061 333.4924331110061
221 364.58313 389.94138 353.31279086333535 453.31279086333535 225.48702821623766 325.48702821623766
238 422.67703 460.13007 356.51500152904384 456.51500152904384 217.5695674640201 317.5695674640201
255 422.67703 460.13007 359.9412889638151 459.9412889638151 209.74646754616077 309.7464675461608
272 338.14163 368.10406 363.5888763391684 463.5888763391684 202.0240686798987 302.02406867989873
289 270.5133 294.48325 367.4548074744846 467.4548074744846 194.40862946948707 294.4086294694871
306 270.5133 294.48325 371.53594923283765 471.53594923283765 186.90632183391858 286.9063218339186
324 216.41064 235.5866 376.0880516625483 476.0880516625483 179.0927671105879 279.09276711058794
340 216.41064 235.5866 380.3304626662418 480.3304626662418 172.26532559916362 272.2653255991636
357 173.12852 188.46928 385.0367068437197 485.0367068437197 165.13850276900726 265.13850276900723
374 173.12852 188.46928 389.9439124255555 489.9439124255555 158.14853343516307 258.1485334351631
391 173.12852 188.46928 395.0481023758233 495.0481023758233 151.30108260568883 251.30108260568883
408 138.50282 150.77544 400.34514001297055 500.34514001297055 144.601699784777 244.601699784777
425 138.50282 150.77544 405.83073236238414 505.83073236238414 138.05581447516937 238.05581447516937
442 229.94374 284.02048 411.50043363562395 511.50043363562395 131.66873177782583 231.66873177782583
459 229.94374 284.02048 417.3496488335043 517.3496488335043 125.44562809241546 225.44562809241546
476 317.4616 342.84125 423.3736374701024 523.3736374701024 119.39154692211227 219.39154692211227
493 389.74036 356.27036 429.5675174146769 529.5675174146769 113.51139478609738 213.51139478609738
510 389.74036 356.27036 435.9262688483818 535.9262688483818 107.8099372430793 207.8099372430793
527 427.53577 341.49884 442.44473833256984 542.4447383325698 102.29179502905546 202.29179502905546
544 427.53577 341.49884 449.1176429853873 549.1176429853873 96.96144031244515 196.96144031244515
561 439.33295 318.18167 455.939574763276 555.939574763276 91.82319306962836 191.82319306962836
579 439.33295 318.18167 463.31908475446505 563.319084754465 86.5967118216947 186.5967118216947
595 449.4898 305.4764 470.0082881070341 570.0082881070341 82.13951907017963 182.13951907017963
612 449.4898 305.4764 477.24366770951156 577.2436677095116 77.60194042970028 177.60194042970028
629 461.17102 294.88174 484.6052797509776 584.6052797509776 73.27215913482809 173.2721591348281
647 461.17102 294.88174 492.53088471125693 592.5308847112569 68.91807370173689 168.9180737017369
663 478.9635 285.79364 499.6832388604396 599.6832388604396 65.24985358281685 165.24985358281685
680 478.9635 285.79364 507.3873660236304 607.3873660236304 61.563830988764266 161.56383098876427
697 489.7907 277.6804 515.1932957197998 615.1932957197998 58.09860379723074 158.09860379723074
714 489.7907 277.6804 523.0947016472838 623.0947016472838 54.85698039535282 154.85698039535282
731 501.62494 273.96973 531.0851801258791 631.0851801258791 51.84158795097835 151.84158795097835
748 501.62494 273.96973 539.158255286693 639.158255286693 49.0548702834833 149.0548702834833
765 511.8471 259.10553 547.3073843205016 647.3073843205016 46.49908588318232 146.49908588318232
782 511.8471 259.10553 555.5259627803556 655.5259627803556 44.176306080939696 144.1763060809397
799 527.7003 246.82698 563.8073299341439 663.8073299341439 42.08841336946284 142.08841336946284
816 527.7003 246.82698 572.1447741627716 672.1447741627716 40.23709987763954 140.23709987763954
833 538.5191 239.55672 580.531538399579 680.531538399579 38.62386599915499 138.623865999155
850 538.5191 239.55672 588.960825606595 688.960825606595 37.25001917650059 137.2500191765006
867 544.1831 255.36719 597.4258042831839 697.4258042831839 36.116672841359446 136.11667284135945
884 575.05634 236.62541 605.9196140026227 705.9196140026227 35.2247455122278 135.2247455122278
902 575.05634 236.62541 614.9368339036334 714.9368339036334 34.54429036905128 134.54429036905128
918 594.67664 225.43764 622.9661736117806 722.9661736117806 34.167843072143 134.167843072143
936 594.67664 225.43764 632.0075037720162 732.0075037720162 34.00164175242986 134.00164175242986
952 613.9309 209.50252 640.0452542165596 740.0452542165596 34.08273742076125 134.08273742076125
969 613.9309 209.50252 648.5796904715623 748.5796904715623 34.40481772096149 134.4048177209615
986 613.9309 209.50252 657.1015001944813 757.1015001944813 34.96970439707047 134.96970439707047
1003 637.1282 198.96481 665.6037768999744 765.6037768999744 35.77693963769889 135.7769396376989
1020 637.1282 198.96481 674.0796299331981 774.0796299331981 36.82586922049978 136.82586922049978
1037 659.3362 193.57022 682.5221900543268 782.5221900543268 38.115643042381976 138.11564304238198
1054 659.3362 193.57022 690.9246150057149 790.9246150057149 39.645215808474234 139.64521580847423
1071 676.91907 182.14539 699.2800950571935 799.2800950571935 41.41334787928315 141.41334787928315
1088 689.31946 176.36963 707.5818585250034 807.5818585250034 43.41860627535635 143.41860627535635
1105 689.31946 176.36963 715.8231772598931 815.8231772598931 45.65936583863811 145.6593658386381
1122 707.59296 178.56445 723.9973720999366 823.9973720999366 48.133810549576026 148.13381054957603
1143 707.59296 178.56445 733.9923756298622 833.9923756298622 51.51010626106137 151.51010626106137
1156 723.68823 175.20682 740.117950819005 840.117950819005 53.77554601295549 153.7755460129555
1173 723.68823 175.20682 748.0512698040402 848.0512698040402 56.93826443105149 156.9382644310515
1190 737.4169 175.36292 755.8913456946693 855.8913456946693 60.32552703375262 160.32552703375262
1207 737.4169 175.36292 763.6318245155068 863.6318245155068 63.93458862018292 163.93458862018292
1224 737.4169 175.36292 771.2664330094331 871.2664330094331 67.76252423287974 167.76252423287974
1241 742.9669 170.75465 778.788983721744 878.788983721744 71.80623152831976 171.80623152831976
1258 755.62476 172.8518 786.1933800147626 886.1933800147626 76.06243329120804 176.06243329120804
1275 755.62476 172.8518 793.4736210088488 893.4736210088488 80.52768009049117 180.52768009049117
1292 774.67267 175.61041 800.6238064458005 900.6238064458005 85.19835307494287 185.19835307494287
1309 774.67267 175.61041 807.638141470708 907.638141470708 90.0706669060545 190.0706669060545
1326 788.4326 179.45966 814.5109413283826 914.5109413283826 95.14067282585665 195.14067282585665
1343 788.4326 179.45966 821.2366359705578 921.2366359705578 100.40426185718263 200.40426185718263
1360 802.4679 185.68869 827.809774570124 927.809774570124 105.85716813378187 205.85716813378187
1377 802.4679 185.68869 834.2250299387413 934.2250299387413 111.49497235758312 211.49497235758312
1395 820.6437 193.08176 840.8397900584413 940.8397900584413 117.66086422363836 217.66086422363836
1411 820.6437 193.08176 846.5612262243785 946.5612262243785 123.30685190652298 223.30685190652298
1429 838.3994 203.54247 852.8143786828404 952.8143786828404 129.83918367062486 229.83918367062486
1445 838.3994 203.54247 858.2052415379586 958.2052415379586 135.80161659632608 235.80161659632608
1462 851.4597 211.40337 863.7557966001699 963.7557966001699 142.29250840037312 242.29250840037312
1479 851.4597 211.40337 869.1193360426164 969.1193360426164 148.93876919572267 248.93876919572267
1496 865.09106 220.1478 874.2915129944168 974.2915129944168 155.73501253228335 255.73501253228335
1513 865.09106 220.1478 879.2681356740757 979.2681356740757 162.675730406883 262.67573040688296
1530 882.2939 231.24673 884.0451707867052 984.0451707867052 169.7552977272204 269.7552977272204
1547 882.2939 231.24673 888.6187467928016 988.6187467928016 176.96797687071094 276.9679768707109
1564 898.3061 240.73946 892.9851570459276 992.9851570459276 184.30792233453255 284.3079223345326
1581 898.3061 240.73946 897.1408627967578 997.1408627967578 191.76918547310373 291.76918547310373
1599 910.18445 254.50835 901.3076210713034 1001.3076210713034 199.79485674886422 299.7948567488642
1615 910.18445 254.50835 904.8068623492258 1004.8068623492258 207.03138348446487 307.03138348446487
1632 921.9272 264.549 908.3109432553329 1008.3109432553329 214.8199491363638 314.8199491363638
1649 934.11365 271.78998 911.5918989033121 1011.5918989033121 222.7051040458423 322.7051040458423
1666 934.11365 271.78998 914.6470702485676 1014.6470702485676 230.6804577033056 330.6804577033056
1683 941.842 288.00894 917.4739812329851 1017.4739812329851 238.73954649774532 338.7395464977453
1701 941.842 288.00894 920.21584210631 1020.21584210631 247.35670803135872 347.3567080313587
1717 941.842 288.00894 922.4340447096293 1022.4340447096293 255.08274103198784 355.08274103198784
1734 950.43933 314.75665 924.5631773273444 1024.5631773273444 263.35360145921436 363.35360145921436
1751 950.43933 314.75665 926.4560130930984 1026.4560130930984 271.6817171329047 371.6817171329047
1768 958.5458 342.31622 928.1110179615537 1028.1110179615537 280.0603385467098 380.0603385467098
1785 958.5458 342.31622 929.5268506369953 1029.5268506369953 288.4826752619944 388.4826752619944
1802 966.32544 364.72302 930.7023636603816 1030.7023636603817 296.94190141113677 396.94190141113677
1819 966.32544 364.72302 931.6366043392997 1031.6366043392995 305.4311612295389 405.4311612295389
1836 971.9099 383.6452 932.3288155200738 1032.328815520074 313.9435746118702 413.9435746118702
1853 976.6412 401.61572 932.7784362013994 1032.7784362013995 322.4722426880359 422.4722426880359
1870 976.6412 401.61572 932.9851019890048 1032.9851019890048 331.01025341435343 431.01025341435343
1887 979.0255 421.18478 932.9486453909749 1032.948645390975 339.5506871754069 439.5506871754069
1904 979.0255 421.18478 932.6690959534936 1032.6690959534935 348.08662239203596 448.08662239203596
1921 988.9977 435.7575 932.1466802368993 1032.1466802368993 356.6111411309172 456.6111411309172
1938 988.9977 435.7575 931.3818216320687 1031.3818216320687 365.1173347111916 465.1173347111916
1955 988.9977 435.7575 930.3751400172805 1030.3751400172805 373.5983093035911 473.5983093035911
1972 996.61755 444.76987 929.1274512558361 1029.1274512558361 382.04719151753216 482.04719151753216
1989 996.61755 444.76987 927.6397665348454 1027.6397665348454 390.4571339716405 490.4571339716405
2006 1004.6177 457.49744 925.9132915457113 1025.9132915457112 398.8213208432003 498.8213208432003
2024 1005.03076 466.76358 923.8265442264865 1023.8265442264865 407.6201139178652 507.6201139178652
2040 1005.03076 466.76358 921.7497600303433 1021.7497600303433 415.385355454278 515.3853554542779
2057 1008.8786 477.4902 919.3160778307275 1019.3160778307275 423.5717789017766 523.5717789017766
2074 1008.8786 477.4902 916.6503512814876 1016.6503512814876 431.68560906238275 531.6856090623828
2091 1017.4789 482.80112 913.7547408159044 1013.7547408159044 439.7202700970553 539.7202700970553
2108 1017.4789 482.80112 910.6315931762647 1010.6315931762647 447.6692503292295 547.6692503292295
2125 1003.61523 472.79443 907.2834395119482 1007.2834395119482 455.52610752219204 555.526107522192
2142 1003.61523 472.79443 903.7129933280626 1003.7129933280626 463.2844741001809 563.2844741001809
2159 994.0622 490.84158 899.9231482862865 999.9231482862865 470.9380623089762 570.9380623089762
2176 994.0622 490.84158 895.9169758597092 995.9169758597092 478.4806693117979 578.4806693117979
2193 962.1154 508.76514 891.6977228435584 991.6977228435584 485.90618221638465 585.9061822163847
2210 962.1154 508.76514 887.2688087238421 987.2688087238421 493.20858302917645 593.2085830291765
2227 892.38257 546.5773 882.6338229060326 982.6338229060326 500.38195353258584 600.3819535325858
2244 892.38257 546.5773 877.7965218060378 977.7965218060378 507.42048008140796 607.420480081408
2261 802.16675 586.16364 872.7608258058228 972.7608258058228 514.3184583144773 614.3184583144773
2279 802.16675 586.16364 867.2172069588121 967.2172069588121 521.4627962141102 621.4627962141102
2295 776.5523 613.6956 862.1107312689596 962.1107312689596 527.6705264551181 627.6705264551181
2312 776.5523 613.6956 856.5049640822481 956.5049640822481 534.1137952031119 634.1137952031119
2329 769.1158 654.2095 850.7180576999276 950.7180576999276 540.394882086187 640.394882086187
2346 769.1158 654.2095 844.754702109853 944.754702109853 546.5086966087915 646.5086966087915
2363 755.1657 682.3262 838.6197303028227 938.6197303028227 552.4502838409564 652.4502838409564
2380 755.1657 682.3262 832.3181143556885 932.3181143556885 558.2148284340103 658.2148284340103
2397 735.9713 717.074 825.8549614017456 925.8549614017456 563.7976585231695 663.7976585231695
2414 729.0816 739.32654 819.2355094916655 919.2355094916655 569.1942495138428 669.1942495138428
2431 729.0816 739.32654 812.4651233483269 912.4651233483269 574.4002277485814 674.4002277485814
2448 729.0816 739.32654 805.5492900189863 905.5492900189863 579.4113740517007 679.4113740517007
2465 714.7661 753.1422 798.4936144283101 898.4936144283101 584.2236271487043 684.2236271487043
2482 714.7661 753.1422 791.3038148358737 891.3038148358737 588.8330869577367 688.8330869577367
2499 704.76556 775.65955 783.9857182018081 883.9857182018081 593.2360177503971 693.2360177503971
2517 704.76556 775.65955 776.1038988675523 876.1038988675523 597.6688721273433 697.6688721273433
2533 658.8224 791.8434 768.9884567331254 868.9884567331254 601.4081891703074 701.4081891703074
2550 658.8224 791.8434 761.3214464020558 861.3214464020558 605.1708066759479 705.1708066759479
2567 625.19916 792.13477 753.5504381858558 853.5504381858558 608.7136542896951 708.7136542896951
2584 625.19916 792.13477 745.6817300841386 845.6817300841386 612.0338607170812 712.0338607170812
2601 631.0095 801.4909 737.721699277214 837.721699277214 615.1287351027865 715.1287351027865
2618 610.08966 805.09576 729.6767969577133 829.6767969577133 617.9957692114392 717.9957692114392
2635 610.08966 805.09576 721.553543102233 821.553543102233 620.6326394604092 720.6326394604092
2652 488.07175 644.0766 713.3585211872297 813.3585211872297 623.0372088029525 723.0372088029525
2669 488.07175 644.0766 705.0983728534557 805.0983728534557 625.2075284601758 725.2075284601758
2686 390.4574 515.2613 696.7797925232513 796.7797925232513 627.1418395004217 727.1418395004217
2703 390.4574 515.2613 688.4095219750633 788.4095219750633 628.8385742647915 728.8385742647915
2720 390.4574 515.2613 679.9943448795832 779.9943448795832 630.296357637651 730.296357637651
2737 422.60593 570.65936 671.5410813019316 771.5410813019316 631.5140081610913 731.5140081610913
2754 422.60593 570.65936 663.0565821743512 763.0565821743512 632.4905389924386 732.4905389924386
2771 471.49008 616.76483 654.5477237438794 754.5477237438794 633.2251587040392 733.2251587040392
2788 471.49008 616.76483 646.0214019995067 746.0214019995067 633.7172719246712 733.7172719246712
2805 486.9346 653.055 637.4845270833351 737.4845270833351 633.9664798220608 733.9664798220608
2822 492.55643 678.46985 628.9440176902656 728.9440176902656 633.9725804261168 733.9725804261168
2839 492.55643 678.46985 620.4067954607539 720.4067954607539 633.7355687926154 733.7355687926154
2857 480.417 700.3896 611.3786557812324 711.3786557812324 633.2198480618783 733.2198480618783
2873 480.417 700.3896 603.3698801263789 703.3698801263789 632.5331740297464 732.5331740297464
2890 479.33685 717.1196 594.8839945588649 694.8839945588649 631.5687653790487 731.5687653790487
2907 479.33685 717.1196 586.4290000393138 686.4290000393138 630.3631926583694 730.3631926583694
2924 479.33685 717.1196 578.0117489028069 678.0117489028069 628.9174329219486 728.9174329219486
2941 458.3203 729.2541 569.6390628953682 669.6390628953682 627.232657883161 727.232657883161
2958 458.3203 729.2541 561.3177276452934 661.3177276452934 625.3102329649023 725.3102329649023
2975 366.65625 583.40326 553.0544871637487 653.0544871637487 623.1517161929854 723.1517161929854
2992 366.65625 583.40326 544.8560383791012 644.8560383791012 620.7588569334407 720.7588569334407
3009 352.6684 622.5486 536.7290257094023 636.7290257094023 618.1335944747455 718.1335944747455
3026 351.1935 652.89056 528.6800356774336 628.6800356774336 615.278056456131 715.278056456131
3043 351.1935 652.89056 520.7155915726703 620.7155915726703 612.1945571432422 712.1945571432422
3061 280.9548 522.31244 512.3819751274623 612.3819751274623 608.6839858379951 708.6839858379951
3077 280.9548 522.31244 505.066086470933 605.066086470933 605.3538534259965 705.3538534259965
3094 224.76384 417.84995 497.3937085871838 597.3937085871838 601.6021930576474 701.6021930576474
3111 224.76384 417.84995 489.8312325780845 589.8312325780845 597.6336549738851 697.6336549738851
3128 179.81108 334.27997 482.38478743869564 582.3847874386956 593.4514554692516 693.4514554692516
3145 179.81108 334.27997 475.06040812706976 575.0604081270698 589.058983999804 689.058983999804
3162 143.84886 267.42398 467.8640306732291 567.8640306732291 584.4598004361334 684.4598004361334
3179 143.84886 267.42398 460.8014873683203 560.8014873683203 579.6576321782761 679.6576321782761
3196 115.079094 213.9392 453.87850203784535 553.8785020378454 574.6563711348483 674.6563711348483
3213 115.079094 213.9392 447.10068540279684 547.1006854027969 569.4600705688548 669.4600705688548
3230 161.20999 330.46484 440.47353053246013 540.4735305324601 564.0729418127313 664.0729418127313
3247 161.20999 330.46484 434.0024083925641 534.0024083925641 558.4993508552757 658.4993508552757
3264 161.20999 330.46484 427.69256349239276 527.6925634923928 552.7438148032415 652.7438148032415
3282 166.77042 426.50644 421.193018823778 521.193018823778 546.4565902131905 646.4565902131905
3298 166.77042 426.50644 415.5770257696452 515.5770257696452 540.7057093474355 640.7057093474355
3316 189.48944 507.07086 409.4458068390105 509.4458068390105 534.0587981572892 634.0587981572892
3332 217.07605 562.02246 404.1661854693228 504.1661854693228 527.9976425819129 627.9976425819129
3349 217.07605 562.02246 398.7366769287074 498.7366769287074 521.4051639192346 621.4051639192346
3366 216.81604 607.20703 393.49702667636814 493.49702667636814 514.6608030789737 614.6608030789737
3383 216.81604 607.20703 388.45148117741576 488.45148117741576 507.7700260162269 607.7700260162269
3400 279.762 639.3528 383.6041295851123 483.6041295851123 500.7384173488538 600.7384173488538
3417 289.03607 649.3989 378.95890042682595 478.95890042682595 493.5716758314352 593.5716758314352
3435 289.03607 649.3989 374.2649101067921 474.2649101067921 485.8425278304917 585.8425278304917
3451 301.8949 637.33276 370.28970142185455 470.28970142185455 478.85613214835485 578.8561321483548
3468 301.8949 637.33276 366.2727575118902 466.2727575118902 471.3192561685689 571.3192561685689
3485 301.8949 637.33276 362.4719822152257 462.4719822152257 463.6710900449318 563.6710900449318
3502 323.78137 600.1864 358.8904558633554 458.8904558633554 455.9178322199049 555.9178322199049
3519 323.78137 600.1864 355.5310810978608 455.5310810978608 448.06576630732854 548.0657663073285
3537 325.82727 585.43915 352.2192563482289 452.2192563482289 439.6511902174244 539.6511902174244
3553 325.82727 585.43915 349.4894944740342 449.4894944740342 432.0907399116313 532.0907399116313
3570 325.81268 571.8816 346.8121790087004 446.8121790087004 423.9807263598813 523.9807263598814
3587 320.7977 554.7319 344.3668039474663 444.3668039474663 415.79778809050777 515.7977880905078
3604 320.7977 554.7319 342.155351140146 442.155351140146 407.5485569510936 507.5485569510936
3621 320.92514 552.1911 340.17961285468476 440.17961285468476 399.23971851615926 499.23971851615926
3638 320.92514 552.1911 338.44119032461737 438.44119032461737 390.87800666884965 490.87800666884965
3656 320.73196 540.46277 336.8607362133312 436.8607362133312 381.97433109371923 481.97433109371923
3672 320.73196 540.46277 335.68173466233077 435.68173466233077 374.02310703330426 474.02310703330426
3689 326.6034 532.1332 334.66293792598333 434.66293792598333 365.5435792681223 465.5435792681223
3706 326.6034 532.1332 333.8859279242903 433.8859279242903 357.03848706593226 457.03848706593226
3723 337.34082 518.8929 333.35133438360816 433.35133438360816 348.5147233633919 448.5147233633919
3740 337.34082 518.8929 333.05959056430925 433.05959056430925 339.9791962294431 439.9791962294431
3757 337.34082 518.8929 453.02406576024066 553.0240657602407 331.056686471707 431.056686471707
3774 354.93738 508.12112 453.36623095517183 553.3662309551719 322.5235450269113 422.5235450269113
3791 366.84497 498.43213 454.11274721758974 554.1127472175897 314.01623679178385 414.01623679178385
3809 366.84497 498.43213 455.34202256495803 555.342022564958 305.0579362572376 405.0579362572376
3825 378.23575 493.02145 456.81120498653286 556.8112049865329 297.15561763711503 397.15561763711503
3842 378.23575 493.02145 458.7570723329198 558.7570723329197 288.84025954453836 388.84025954453836
3860 382.16907 482.22012 461.2447967163995 561.2447967163995 280.14695788528695 380.14695788528695
3877 382.16907 482.22012 463.99241332353733 563.9924133235373 272.0610328969076 372.0610328969076
3893 388.2372 478.21323 466.92605000007745 566.9260500000775 264.5777907912517 364.5777907912517
3910 388.2372 478.21323 470.40573493989234 570.4057349398923 256.7788567193968 356.7788567193968
3927 388.6875 471.56287 474.251415455004 574.251415455004 249.15374548655507 349.15374548655507
3944 388.6875 471.56287 478.4544350159092 578.4544350159092 241.71962102511617 341.71962102511617
3961 397.11163 462.52982 483.0053327319572 583.0053327319572 234.49321736108072 334.4932173610807
3979 402.41446 451.02054 488.19170848039323 588.1917084803932 227.08620899447726 327.08620899447726
3995 402.41446 451.02054 493.109026801152 593.109026801152 220.7281340425647 320.7281340425647
4012 402.41446 451.02054 498.63907999467915 598.6390799946792 214.22043924223226 314.22043924223226
4029 412.90216 445.26154 504.47157621838664 604.4715762183866 207.98236520147657 307.98236520147657
4046 412.90216 445.26154 510.59338667089924 610.5933866708992 202.0279536670738 302.0279536670738
4063 417.60434 436.9923 516.9907313118342 616.9907313118342 196.37060786867886 296.37060786867886
4080 417.60434 436.9923 523.6492098803254 623.6492098803254 191.0230623484931 291.0230623484931
4098 422.79996 427.38013 530.9673246451781 630.9673246451781 185.71199252826437 285.7119925282644
4114 422.79996 427.38013 537.689062464963 637.689062464963 181.30479645322103 281.304796453221
4132 446.66852 421.44525 545.4775025692394 645.4775025692394 176.71105428707807 276.71105428707807
4148 446.66852 421.44525 552.5866021519138 652.5866021519138 172.9606090221234 272.96060902212344
4165 474.44888 416.36707 560.3153796987771 660.3153796987771 169.32776198864897 269.32776198864894
4183 495.4739 404.23697 568.6767438562879 668.6767438562879 165.88540004190477 265.88540004190475
4199 495.4739 404.23697 576.2460029469295 676.2460029469295 163.1814301122385 263.1814301122385
4216 511.89172 397.73492 584.4119892185008 684.4119892185008 160.68178050678887 260.68178050678887
4233 511.89172 397.73492 592.6873458725511 692.6873458725511 158.57226582663537 258.5722658266354
4251 511.89172 397.73492 601.547993109811 701.547993109811 156.76915826363768 256.7691582636377
4267 534.2031 391.65225 609.4914555949256 709.4914555949256 155.54174622631027 255.54174622631027
4284 534.2031 391.65225 617.9823830375866 717.9823830375866 154.6275629290547 254.6275629290547
4301 547.2137 386.2736 626.507114755926 726.507114755926 154.1171424476271 254.1171424476271
4318 547.2137 386.2736 635.0464617946108 735.0464617946108 154.01163372561214 254.01163372561214
4335 563.3314 386.97598 643.581202299593 743.581202299593 154.31127426047263 254.31127426047263
4352 582.8112 381.5167 652.0921247860152 752.0921247860152 155.01538956894865 255.01538956894865
4369 582.8112 381.5167 660.5600713827765 760.5600713827765 156.12239470530233 256.1223947053023
4386 599.62933 377.02142 668.9659809564164 768.9659809564164 157.6297978289907 257.6297978289907
4403 599.62933 377.02142 677.2909320172428 777.2909320172428 159.53420581373558 259.5342058137356
4420 630.50366 370.68112 685.5161853111272 785.5161853111272 161.83133188536496 261.831331885365
4438 630.50366 370.68112 694.0960379112927 794.0960379112927 164.68587137647998 264.68587137648
4455 660.92206 369.2741 702.0580281761817 802.0580281761817 167.77428374521077 267.77428374521077
4472 660.92206 369.2741 709.8645705675439 809.8645705675439 171.23686599396328 271.2368659939633
4488 690.05505 366.90686 717.0541612546845 817.0541612546845 174.83059975054408 274.8305997505441
4505 690.05505 366.90686 724.5091369531456 824.5091369531456 178.99652309031762 278.9965230903176
4523 690.05505 366.90686 732.1777732058051 832.1777732058051 183.78758605914797 283.787586059148
4539 716.17035 363.78247 738.7848168015221 838.7848168015221 188.36493370665013 288.36493370665016
4556 742.46704 364.43536 745.5733867574248 845.5733867574248 193.54633292803192 293.5463329280319
4574 742.46704 364.43536 752.4847699331881 852.4847699331881 199.3768602579292 299.3768602579292
4590 767.4647 369.80524 758.3756166338345 858.3756166338345 204.8452294582745 304.8452294582745
4607 767.4647 369.80524 764.3604590589218 864.3604590589218 210.9372932370277 310.9372932370277
4624 788.9458 374.95898 770.0496124154753 870.0496124154753 217.30636805391646 317.30636805391646
4642 788.9458 374.95898 775.7369103211945 875.7369103211945 224.33608418463587 324.33608418463587
4658 809.21356 377.8608 780.4903217770493 880.4903217770493 230.81761302381858 330.8176130238186
4675 809.21356 377.8608 785.2183760095571 885.2183760095571 237.9293697063817 337.9293697063817
4692 828.47894 378.55048 789.6037905304013 889.6037905304013 245.25737894613326 345.25737894613326
4709 828.47894 378.55048 793.6366938824929 893.6366938824929 252.78514557975075 352.78514557975075
4726 846.84186 376.81287 797.3080081024611 897.3080081024611 260.4957247950736 360.4957247950736
4744 865.31116 377.42456 800.7919917624882 900.7919917624882 268.8398319494411 368.8398319494411
4760 865.31116 377.42456 803.5336455346032 903.5336455346032 276.3955232583588 376.3955232583588
4777 865.31116 377.42456 806.0739549944915 906.0739549944915 284.5489524624127 384.5489524624127
4794 881.7304 380.2486 808.2246793622878 908.2246793622878 292.8136947228397 392.8136947228397
4811 881.7304 380.2486 809.980977411876 909.980977411876 301.17114631399613 401.17114631399613
4828 883.4721 405.725 811.3388957607996 911.3388957607996 309.60249482388303 409.60249482388303
4846 883.4721 405.725 812.3390893640834 912.3390893640834 318.5892561483454 418.5892561483454
4862 881.84607 425.46872 812.84827042036 912.84827042036 326.6108439720703 426.6108439720703
4879 881.84607 425.46872 812.9963291668411 912.9963291668411 335.1495592469291 435.1495592469291
4896 877.897 451.53384 812.7392207321774 912.7392207321774 343.68568689301895 443.68568689301895
4913 877.897 451.53384 812.0775238609478 912.0775238609478 352.200012303063 452.200012303063
4930 879.1349 461.01242 811.0127280160616 911.0127280160616 360.6733699460652 460.6733699460652
4947 878.58307 474.19022 809.5472300260149 909.5472300260149 369.0866865084376 469.0866865084376
4965 878.58307 474.19022 807.5624555236557 907.5624555236557 377.90841743392417 477.90841743392417
4981 874.4487 486.03354 805.4282173508461 905.4282173508461 385.65762152102405 485.65762152102405
4998 874.4487 486.03354 802.7839744590015 902.7839744590015 393.77793921594457 493.77793921594457
5016 874.4487 486.03354 799.5677668269823 899.5677668269823 402.2288725853804 502.2288725853804
5032 870.9015 498.5431 796.3557627878217 896.3557627878217 409.59692297976756 509.59692297976756
5050 870.9015 498.5431 792.3532545820084 892.3532545820084 417.70507902225296 517.7050790222529
5066 870.4798 516.4866 788.4575400722103 888.4575400722103 424.73562274375536 524.7356227437554
5083 870.4798 516.4866 783.9788854061801 883.9788854061801 432.00702098068035 532.0070209806804
5100 869.4734 534.0254 779.1603810904619 879.1603810904619 439.057807893992 539.057807893992
5118 865.58685 551.3869 773.7000770999266 873.7000770999266 446.265258669255 546.265258669255
5134 865.58685 551.3869 768.5479494131282 868.5479494131282 452.4345954942897 552.4345954942896
5151 861.34717 559.9607 762.7779103666112 862.7779103666112 458.73048537096236 558.7304853709624
5168 861.34717 559.9607 756.7157445286122 856.7157445286122 464.7456100820642 564.7456100820642
5185 798.997 580.61884 750.3750976809954 850.3750976809954 470.46642973411736 570.4664297341174
5202 798.997 580.61884 743.7702424593289 843.7702424593289 475.8800669068827 575.8800669068827
5219 763.75183 601.3269 736.9160462255444 836.9160462255444 480.9743356401059 580.9743356401059
5236 763.75183 601.3269 729.8279376018812 829.8279376018812 485.73776886380733 585.7377688638073
5253 722.54755 615.2827 722.5218717414465 822.5218717414465 490.15964421036574 590.1596442103657
5270 722.54755 615.2827 715.014294413571 815.014294413571 494.2300081502966 594.2300081502966
5287 722.54755 615.2827 707.3221049847989 807.3221049847989 497.93969839739407 597.9396983973941
5305 704.6013 621.01575 698.995462019195 798.995462019195 501.46521726278866 601.4652172627887
5321 687.81915 641.5431 691.4535261011198 791.4535261011198 504.2444868016163 604.2444868016163
5338 687.81915 641.5431 683.3128564156366 783.3128564156366 506.8253930396211 606.8253930396211
5356 667.0524 653.5271 674.5702779150454 774.5702779150454 509.133982978935 609.133982978935
5372 667.0524 653.5271 666.710337516615 766.710337516615 510.8151948914908 610.8151948914908
5389 636.2546 659.00793 658.2858601528986 758.2858601528986 512.2151095623715 612.2151095623715
5406 636.2546 659.00793 649.8044649579773 749.8044649579773 513.2138665323532 613.2138665323532
5423 630.17957 665.2892 641.2852433377668 741.2852433377668 513.8092176247758 613.8092176247758
5441 630.17957 665.2892 632.2449739756478 732.2449739756478 513.9984164810973 613.9984164810973
5458 616.1249 678.05646 623.7083032838261 723.7083032838261 513.7600188365996 613.7600188365996
5474 616.1249 678.05646 615.692552089333 715.692552089333 513.1659907650433 613.1659907650433
5491 583.43854 689.6564 607.2139937950213 707.2139937950213 512.1434306506889 612.1434306506889
5508 583.43854 689.6564 598.7934791480179 698.7934791480179 510.71987418285164 610.7198741828516
5525 565.3483 702.31476 590.4499625136663 690.4499625136663 508.8985257511097 608.8985257511097
5542 565.3483 702.31476 582.2022249367301 682.2022249367301 506.68348516468336 606.6834851646834
5559 541.9896 697.42725 574.0688318657412 674.0688318657412 504.079738423869 604.079738423869
5577 541.9896 697.42725 565.6019771400934 665.6019771400934 500.9056814927985 600.9056814927985
5594 529.0519 700.90405 557.7613149437265 657.7613149437265 497.5210698075416 597.5210698075416
5610 529.0519 700.90405 550.5362667811617 650.5362667811617 493.99916469660786 593.9991646966079
5627 497.2083 706.8062 543.0401444467964 643.0401444467964 489.90774319720856 589.9077431972086
5644 497.2083 706.8062 535.7465194703461 635.7465194703461 485.4653773139863 585.4653773139863
5662 475.80054 704.6862 528.2628105761767 628.2628105761767 480.3903041584317 580.3903041584317
5678 475.80054 704.6862 521.8319398796541 621.8319398796541 475.56857846668925 575.5685784666892
5695 477.24927 696.62976 515.2423066318847 615.2423066318847 470.13642294632587 570.1364229463259
5713 474.68442 683.1505 508.5542719367003 608.5542719367003 464.0509929481327 564.0509929481327
5729 474.68442 683.1505 502.8724853308397 602.8724853308397 458.36571041097886 558.3657104109789
5746 482.52185 682.10376 497.1201414322254 597.1201414322254 452.0536489719888 552.0536489719889
5763 482.52185 682.10376 491.67365965604995 591.67365965605 445.47585175716756 545.4758517571676
5781 482.52185 682.10376 486.25378898296606 586.2537889829661 438.23794679551276 538.2379467955127
5797 496.3692 663.6594 481.74660595691194 581.7466059569119 431.58284065575424 531.5828406557542
5814 496.3692 663.6594 477.2883795805666 577.2883795805666 424.29889958551144 524.2988995855114
5832 505.47177 641.76733 472.9501422903951 572.9501422903951 416.3653024466931 516.365302446693
5848 505.47177 641.76733 469.43268195865755 569.4326819586576 409.1380893339877 509.1380893339877
5865 505.28622 605.1511 466.05289368960894 566.0528936896089 401.295346752855 501.295346752855
5882 508.1344 573.9174 463.04889913133843 563.0488991313384 393.30112404946493 493.30112404946493
5899 508.1344 573.9174 460.427460199564 560.4274601995639 385.1734160167848 485.1734160167848
5916 504.1163 537.78436 458.1944776869708 558.1944776869708 376.9305179198789 476.9305179198789
5933 504.1163 537.78436 456.35497798067684 556.3549779806768 368.59098431373195 468.59098431373195
5950 507.0258 523.1314 454.91310174796206 554.9131017479621 360.1735872774116 460.1735872774116
5968 507.0258 523.1314 453.8233973510431 553.8233973510431 351.19723998721406 451.19723998721406
5984 507.74033 516.4641 453.23429986469176 553.2342998646918 343.18112492358273 443.18112492358273
6001 507.74033 516.4641 453.0036526131048 553.0036526131048 335.1467028281774 435.1467028281774
