299.0 683.0 0.0 384.0
1 727.69666 400.98517
17 727.69666 400.98517
34 726.48364 399.221
51 720.1953 399.71338
69 720.1953 399.71338
85 720.2684 402.72025
102 720.2684 402.72025
119 719.17456 398.49762
136 719.17456 398.49762
153 717.1927 397.04324
170 717.1927 397.04324
187 717.79926 392.18768
204 717.79926 392.18768
221 721.6411 391.12204
238 721.6411 391.12204
256 721.6745 385.1303
272 721.6745 385.1303
289 721.75586 385.51608
306 721.75586 385.51608
323 722.167 384.3724
340 722.167 384.3724
357 711.2413 380.3868
374 711.2413 380.3868
391 680.4955 348.18048
408 680.4955 348.18048
425 655.60284 327.3144
442 655.60284 327.3144
459 634.79877 310.51562
477 634.79877 310.51562
493 619.08777 299.83716
510 608.5659 288.6725
527 608.5659 288.6725
544 608.5659 288.6725
561 600.5072 281.28436
578 600.5072 281.28436
596 593.29785 272.4383
613 593.29785 272.4383
629 586.1707 265.6443
647 586.1707 265.6443
663 579.7675 256.19528
680 579.7675 256.19528
697 570.31946 250.81905
715 564.9546 230.92058
731 564.9546 230.92058
748 558.9136 215.49773
765 558.9136 215.49773
782 554.77435 203.52428
799 554.77435 203.52428
816 554.77435 203.52428
833 550.649 193.09659
850 550.649 193.09659
867 549.0579 186.86108
884 547.43604 178.19235
901 547.43604 178.19235
918 544.24054 170.548
935 544.24054 170.548
952 537.5296 152.43916
969 537.5296 152.43916
986 530.7988 134.95667
1003 530.7988 134.95667
1021 525.1343 125.52349
1037 525.1343 125.52349
1054 521.06396 118.41271
1071 521.06396 118.41271
1088 518.52814 108.56687
1105 518.52814 108.56687
1122 516.2498 98.80248
1139 516.2498 98.80248
1156 512.92584 88.672646
1173 512.92584 88.672646
1190 509.9479 83.9124
1207 509.9479 83.9124
1224 510.6662 78.950264
1241 510.6662 78.950264
1259 506.87097 75.585655
1275 505.54208 71.39233
1293 505.54208 71.39233
1309 505.5264 68.3282
1326 505.5264 68.3282
1344 505.5264 68.3282
1360 537.19434 87.63294
1377 537.19434 87.63294
1394 607.46075 153.94183
1411 607.46075 153.94183
1428 670.7807 212.98155
1445 670.7807 212.98155
1463 720.6324 261.33963
1479 758.8836 303.51483
1496 758.8836 303.51483
1513 789.3326 338.15015
1530 789.3326 338.15015
1547 815.23517 363.69662
1564 815.23517 363.69662
1581 815.23517 363.69662
1599 835.0231 387.45624
1615 835.0231 387.45624
1632 854.0104 403.47864
1649 866.10864 421.12665
1666 866.10864 421.12665
1683 875.33795 432.23532
1700 875.33795 432.23532
1718 885.0995 440.43173
1734 885.0995 440.43173
1751 891.7978 446.91348
1768 891.7978 446.91348
1785 898.8625 451.11157
1802 898.8625 451.11157
1819 903.84485 457.65448
1836 903.84485 457.65448
1853 909.0491 461.84027
1870 909.0491 461.84027
1887 911.8564 464.22067
1904 911.8564 464.22067
1921 915.1398 462.7555
1938 915.1398 462.7555
1955 916.94385 466.38666
1972 916.94385 466.38666
1990 918.61536 469.4184
2006 918.61536 469.4184
2023 921.81775 467.88956
2040 925.04724 466.10266
2057 925.04724 466.10266
2074 925.04724 466.10266
2091 925.6539 465.78293
2109 925.6539 465.78293
2125 917.65894 481.7542
2142 917.65894 481.7542
2159 909.4795 493.37363
2177 909.4795 493.37363
2193 905.77734 499.91858
2210 905.77734 499.91858
2228 899.92773 505.91278
2244 895.4535 509.02075
2261 895.4535 509.02075
2278 891.71594 516.12524
2296 891.71594 516.12524
2312 888.49084 517.2447
2329 888.49084 517.2447
2347 888.49084 517.2447
2364 884.20667 523.5327
2380 884.20667 523.5327
2397 880.4978 526.30316
2415 880.4978 526.30316
2431 876.4013 529.54156
2449 873.6845 531.8594
2466 873.6845 531.8594
2482 871.29297 531.1186
2499 871.29297 531.1186
2516 872.89636 534.5313
2533 872.89636 534.5313
2550 869.57306 533.0029
2567 869.57306 533.0029
2584 927.75836 545.8786
2601 927.75836 545.8786
2618 1055.0681 580.3661
2635 1055.0681 580.3661
2652 1240.9991 650.55347
2670 1240.9991 650.55347
2686 1379.8921 704.9177
2704 1379.8921 704.9177
2720 1500.8977 746.7271
2737 1500.8977 746.7271
2754 1599.1472 780.5442
2771 1599.1472 780.5442
2789 1664.7623 808.50256
2805 1715.9937 830.05054
2823 1715.9937 830.05054
2839 1757.0867 848.49976
2856 1757.0867 848.49976
2873 1757.0867 848.49976
2890 1792.4501 862.6744
2907 1792.4501 862.6744
2924 1819.3988 870.8208
2941 1819.3988 870.8208
2958 1806.5134 869.2742
2975 1806.5134 869.2742
2992 1687.4158 823.8002
3010 1558.5876 774.5592
3026 1558.5876 774.5592
3043 1453.8167 732.39905
3060 1453.8167 732.39905
3077 1453.8167 732.39905
3094 1371.6503 702.25946
3111 1371.6503 702.25946
3129 1307.2059 673.7753
3145 1307.2059 673.7753
3163 1253.2535 651.57916
3179 1253.2535 651.57916
3197 1211.2236 635.4716
3213 1177.4636 620.80695
3230 1177.4636 620.80695
3247 1150.3016 603.329
3264 1150.3016 603.329
3281 1129.6327 589.7201
3298 1129.6327 589.7201
3315 1111.1884 584.24774
3332 1111.1884 584.24774
3349 1111.1884 584.24774
3366 1089.7161 579.90796
3383 1089.7161 579.90796
3400 1051.2299 568.7261
3417 1019.3841 567.1705
3434 1019.3841 567.1705
3451 992.6292 563.1856
3468 992.6292 563.1856
3486 970.61786 556.6987
3502 970.61786 556.6987
3520 953.3818 554.5517
3536 953.3818 554.5517
3553 940.04724 550.4545
3570 940.04724 550.4545
3587 928.7321 550.55554
3604 928.7321 550.55554
3621 920.1705 550.4546
3638 920.1705 550.4546
3655 912.0854 550.8446
3672 912.0854 550.8446
3689 905.6472 550.01636
3706 905.6472 550.01636
3724 901.43884 552.1992
3740 901.43884 552.1992
3757 905.1557 557.3562
3774 905.1557 557.3562
3792 923.57306 571.18896
3809 936.3503 586.38464
3826 936.3503 586.38464
3842 936.3503 586.38464
3859 947.3863 598.0349
3876 947.3863 598.0349
3893 959.0248 606.7623
3910 959.0248 606.7623
3927 966.5436 613.2209
3944 966.5436 613.2209
3961 973.35547 620.1721
3978 979.23254 629.2914
3995 979.23254 629.2914
4012 982.1804 633.69836
