683.0 1067.0 384.0 768.0
1 711.8574 379.3248
17 713.5675 378.31723
34 713.5675 378.31723
51 718.6884 376.47748
68 718.6884 376.47748
85 722.7388 380.33032
102 716.8933 379.74634
119 716.8933 379.74634
136 712.22766 379.37128
153 712.22766 379.37128
170 708.3936 381.29385
187 708.3936 381.29385
204 706.5069 380.99323
221 706.5069 380.99323
238 705.2477 378.9286
256 705.2477 378.9286
272 705.2477 378.9286
289 705.0602 379.6603
306 703.42706 378.99902
323 703.42706 378.99902
340 703.3398 378.94406
357 703.3398 378.94406
374 702.6086 380.0576
391 702.6086 380.0576
408 701.3777 377.35635
425 701.3777 377.35635
442 700.18823 380.0451
460 700.18823 380.0451
476 700.18823 380.0451
493 700.1695 378.54572
510 700.4711 375.7427
527 700.4711 375.7427
544 697.62024 376.68924
561 697.62024 376.68924
578 711.62885 386.9511
595 711.62885 386.9511
612 734.7039 412.65256
629 734.7039 412.65256
647 753.91925 435.93646
663 753.91925 435.93646
680 770.359 450.05515
697 781.8331 464.1249
714 781.8331 464.1249
731 781.8331 464.1249
748 791.1017 474.9603
765 791.1017 474.9603
782 797.93945 484.4867
799 797.93945 484.4867
816 803.0644 492.54602
833 803.0644 492.54602
850 814.079 498.82053
867 862.1426 531.70624
884 862.1426 531.70624
901 902.96655 558.7724
919 902.96655 558.7724
935 932.63586 580.8569
952 932.63586 580.8569
969 955.8468 599.66327
986 955.8468 599.66327
1003 955.8468 599.66327
1020 975.55676 612.28094
1037 975.55676 612.28094
1054 992.44165 622.9704
1071 1005.4075 629.0818
1088 1005.4075 629.0818
1105 1015.5913 636.5857
1122 1015.5913 636.5857
1139 1025.1819 642.1779
1156 1025.1819 642.1779
1173 1025.1819 642.1779
1190 1028.0511 645.58435
1207 1028.0511 645.58435
1224 1031.0553 646.2102
1241 1031.0553 646.2102
1258 1035.7296 646.619
1275 1037.906 649.8349
1293 1037.906 649.8349
1309 1041.2407 650.85815
1326 1041.2407 650.85815
1343 1043.1696 651.8746
1360 1043.1696 651.8746
1377 1044.543 655.0593
1394 1044.543 655.0593
1411 1044.9058 655.4693
1428 1044.9058 655.4693
1445 1044.9058 655.4693
1462 1044.6982 657.71765
1479 1044.7549 660.56915
1497 1044.7549 660.56915
1513 1044.6799 661.26587
1530 1044.6799 661.26587
1547 1044.6672 661.4697
1565 1044.6672 661.4697
1581 1044.724 660.52386
1598 1044.724 660.52386
1615 1047.448 660.07965
1632 1047.448 660.07965
1649 1049.3037 662.06976
1666 1041.1105 661.8132
1684 1041.1105 661.8132
1700 1023.9363 645.51166
1717 1023.9363 645.51166
1734 1023.9363 645.51166
1752 1005.985 634.29395
1768 1005.985 634.29395
1785 992.63055 619.8583
1802 992.63055 619.8583
1819 934.59515 559.10126
1836 875.46234 494.52554
1853 875.46234 494.52554
1870 828.14276 443.39752
1887 828.14276 443.39752
1904 791.75323 404.5745
1921 791.75323 404.5745
1938 759.9728 370.8095
1955 759.9728 370.8095
1972 736.2528 347.65152
1989 736.2528 347.65152
2006 736.2528 347.65152
2024 716.6567 326.177
2040 700.7033 305.8137
2058 700.7033 305.8137
2074 675.0533 289.1827
2091 675.0533 289.1827
2108 641.73303 262.90735
2125 641.73303 262.90735
2142 616.4627 240.84781
2159 616.4627 240.84781
2176 597.6837 225.53271
2193 597.6837 225.53271
2210 581.7763 211.8955
2227 569.6611 200.36353
2244 569.6611 200.36353
2262 569.6611 200.36353
2278 559.1963 190.04257
2295 559.1963 190.04257
2313 551.9874 182.3522
2329 551.9874 182.3522
2346 544.21313 175.09978
2363 544.21313 175.09978
2380 541.02625 163.57964
2398 541.02625 163.57964
2414 537.06744 161.17429
2431 534.7538 159.96246
2448 534.7538 159.96246
2465 531.19824 160.23354
2482 531.19824 160.23354
2499 531.19824 160.23354
2516 530.4445 154.23886
2533 530.4445 154.23886
2551 527.32104 155.22025
2567 527.32104 155.22025
2584 525.04407 153.9157
2602 525.04407 153.9157
2618 526.1835 150.72108
2635 523.43866 151.40472
2653 523.43866 151.40472
2669 520.9243 153.82645
2686 520.9243 153.82645
2703 520.8174 155.23471
2721 520.8174 155.23471
2737 519.9769 155.25154
2755 519.9769 155.25154
2771 519.9769 155.25154
2788 520.00964 157.19534
2805 520.00964 157.19534
2822 518.0914 154.3371
2839 518.7483 153.65565
2856 518.7483 153.65565
2873 518.4088 155.1826
2890 518.4088 155.1826
2907 519.5356 153.54166
2924 519.5356 153.54166
2941 520.27374 150.14436
2958 520.27374 150.14436
2975 520.96655 146.08075
2992 520.96655 146.08075
3009 520.4681 145.07454
3027 520.4681 145.07454
3043 521.3179 142.12187
3061 521.3179 142.12187
3077 521.8041 143.8013
3094 521.8041 143.8013
3111 522.20404 137.80128
3128 522.20404 137.80128
3145 520.88605 139.6721
3162 520.88605 139.6721
3179 520.82007 142.37854
3197 520.1724 144.15091
3214 520.1724 144.15091
3230 521.1484 145.4408
3247 521.1484 145.4408
3264 521.1484 145.4408
3281 521.9014 148.85712
3298 521.9014 148.85712
3315 521.65125 149.57689
3332 521.65125 149.57689
3349 539.34094 156.7672
3367 539.34094 156.7672
3383 555.2451 160.46194
3401 570.52734 165.38574
3417 570.52734 165.38574
3434 582.1461 170.95378
3451 582.1461 170.95378
3469 591.751 175.96591
3485 591.751 175.96591
3502 597.45764 180.47798
3520 597.45764 180.47798
3536 597.45764 180.47798
3553 606.08093 181.38647
3571 606.08093 181.38647
3587 596.53436 181.30994
3604 583.37445 175.77756
3621 583.37445 175.77756
3638 572.1887 172.00241
3655 572.1887 172.00241
3672 564.9462 171.18527
3689 564.9462 171.18527
3706 557.85626 171.84235
3723 557.85626 171.84235
3741 553.7379 169.00208
3757 553.7379 169.00208
3774 550.01587 166.66129
3791 550.01587 166.66129
3808 545.53217 167.21065
3825 545.53217 167.21065
3842 544.9958 164.24986
3859 544.9958 164.24986
3876 542.80743 164.78775
3893 542.80743 164.78775
3911 539.6502 166.93951
3927 539.6502 166.93951
3944 538.42004 166.21768
3962 537.8035 163.6948
3978 537.8035 163.6948
3995 536.6941 168.76729
4012 536.6941 168.76729
