299.0 683.0 384.0 768.0
1 648.5151 283.11636
18 648.5151 283.11636
35 653.7731 291.6887
51 658.23444 268.043
68 658.23444 268.043
85 658.23444 268.043
103 654.5405 273.45496
119 654.5405 273.45496
136 523.63245 218.76396
153 523.63245 218.76396
171 418.90598 175.01117
188 461.23578 199.3523
204 461.23578 199.3523
222 368.98862 159.48184
239 368.98862 159.48184
255 368.98862 159.48184
273 368.98862 159.48184
289 368.98862 159.48184
306 368.98862 159.48184
323 368.98862 159.48184
340 368.98862 159.48184
357 236.15271 102.06838
374 236.15271 102.06838
392 188.92216 81.65471
408 188.92216 81.65471
425 151.13774 65.32377
442 151.13774 65.32377
460 120.910194 52.259014
477 120.910194 52.259014
493 96.72816 41.807213
510 77.38253 33.44577
527 77.38253 33.44577
544 77.38253 33.44577
561 61.906025 26.756617
578 61.906025 26.756617
596 49.524822 21.405294
612 49.524822 21.405294
629 39.619858 17.124235
646 39.619858 17.124235
663 39.619858 17.124235
680 39.619858 17.124235
698 39.619858 17.124235
714 39.619858 17.124235
731 39.619858 17.124235
749 115.99104 40.65603
766 176.61406 118.99292
782 224.9618 180.71423
799 224.9618 180.71423
816 224.9618 180.71423
833 269.1317 236.99063
850 269.1317 236.99063
868 310.5532 285.56232
884 310.5532 285.56232
901 341.43448 327.65167
918 422.90137 355.94302
935 422.90137 355.94302
953 506.82635 382.90665
969 506.82635 382.90665
986 569.166 405.77274
1003 569.166 405.77274
1021 617.1503 423.4126
1037 617.1503 423.4126
1054 617.1503 423.4126
1071 661.64557 441.11087
1088 695.911 454.5211
1105 695.911 454.5211
1123 725.1627 462.69626
1140 725.1627 462.69626
1156 748.30383 470.23798
1173 748.30383 470.23798
1190 764.4254 475.58853
1207 764.4254 475.58853
1224 778.344 481.77945
1242 778.344 481.77945
1258 778.344 481.77945
1276 790.76135 486.43542
1293 797.2788 489.7804
1309 797.2788 489.7804
1326 804.1269 491.00076
1344 804.1269 491.00076
1360 808.4302 490.24472
1377 808.4302 490.24472
1394 808.4302 490.24472
1411 808.4302 490.24472
1428 808.4302 490.24472
1445 808.4302 490.24472
1462 818.75037 484.47864
1479 824.14246 487.50153
1497 824.14246 487.50153
1513 853.5222 414.91495
1531 853.5222 414.91495
1547 853.5222 414.91495
1564 915.88635 353.6084
1581 915.88635 353.6084
1599 939.41473 307.05322
1615 939.41473 307.05322
1632 966.54114 270.30804
1649 966.54114 270.30804
1666 940.3266 310.66772
1683 973.8051 252.12157
1701 973.8051 252.12157
1717 946.4727 292.53778
1734 946.4727 292.53778
1751 946.4727 292.53778
1769 946.4727 292.53778
1785 946.4727 292.53778
1802 946.4727 292.53778
1819 946.4727 292.53778
1836 907.13214 351.99
1853 891.01587 373.85522
1872 891.01587 373.85522
1887 878.6499 393.0005
1906 878.6499 393.0005
1921 869.83435 408.65576
1939 869.83435 408.65576
1955 860.28644 422.54797
1972 860.28644 422.54797
1989 860.28644 422.54797
2007 853.0547 429.04816
2023 849.5421 437.76135
2040 849.5421 437.76135
2057 845.62085 442.2778
2074 845.62085 442.2778
2091 843.9493 443.32153
2108 843.9493 443.32153
2125 843.9493 443.32153
2142 843.9493 443.32153
2159 843.9493 443.32153
2176 843.9493 443.32153
2193 843.9493 443.32153
2210 842.6271 443.67715
2227 844.18835 444.43982
2244 840.7616 446.04913
2261 840.7616 446.04913
2279 840.7616 446.04913
2296 838.9684 446.73035
2313 838.9684 446.73035
2329 838.47797 448.4572
2346 838.47797 448.4572
2363 841.12195 447.8548
2380 841.12195 447.8548
2397 842.66235 445.1354
2414 842.66235 445.1354
2432 841.0737 447.75928
2448 841.0737 447.75928
2465 841.0737 447.75928
2482 841.0737 447.75928
2499 841.0737 447.75928
2516 841.0737 447.75928
2534 841.0737 447.75928
2550 841.0737 447.75928
2567 841.0737 447.75928
2584 841.0737 447.75928
2602 841.0737 447.75928
2618 836.80524 449.7757
2635 836.80524 449.7757
2653 836.80524 449.7757
2669 836.80524 449.7757
2686 836.80524 449.7757
2703 836.80524 449.7757
2720 834.37756 444.50595
2737 834.37756 444.50595
2754 836.18585 443.88208
2772 836.18585 443.88208
2788 836.18585 443.88208
2805 834.6813 446.60938
2822 834.6813 446.60938
2839 833.5493 449.28857
2856 833.67316 445.50403
2873 833.67316 445.50403
2891 832.0736 444.06372
2908 832.0736 444.06372
2925 832.0736 444.06372
2942 833.4813 438.76883
2958 834.35516 443.9186
2976 834.35516 443.9186
2993 834.35516 443.9186
3009 835.09875 448.4428
3027 835.09875 448.4428
3044 835.09875 448.4428
3061 835.09875 448.4428
3077 835.09875 448.4428
3095 835.09875 448.4428
3111 837.34784 444.78406
3128 841.2318 445.7527
3146 841.2318 445.7527
3162 844.57245 446.21548
3179 844.57245 446.21548
3197 842.7277 444.13815
3213 842.7277 444.13815
3230 843.6234 443.67932
3247 843.6234 443.67932
3264 844.25806 440.39172
3282 844.25806 440.39172
3298 844.04913 440.66522
3316 844.04913 440.66522
3332 846.44604 439.5078
3349 846.44604 439.5078
3367 850.26404 442.18225
3383 850.26404 442.18225
3401 848.10645 446.06235
3417 848.10645 446.06235
3434 848.10645 446.06235
3451 848.10645 446.06235
3469 848.10645 446.06235
3485 848.10645 446.06235
3502 849.7036 446.7466
3520 846.1917 456.3003
3536 846.1917 456.3003
3553 846.1917 456.3003
3570 847.9116 452.59573
3587 845.4245 453.74542
3605 845.4245 453.74542
3622 844.49304 453.35928
3638 844.49304 453.35928
3655 842.08594 459.6513
3672 842.08594 459.6513
3690 843.21265 463.3305
3706 843.21265 463.3305
3723 845.3086 460.62653
3740 845.3086 460.62653
3758 845.14496 462.39832
3775 845.14496 462.39832
3791 845.14496 462.39832
3808 845.14496 462.39832
3825 845.14496 462.39832
3842 845.14496 462.39832
3859 843.75104 466.86145
3876 844.886 464.09076
3894 846.56335 466.8377
3911 846.56335 466.8377
3927 844.4659 470.05853
3945 844.4659 470.05853
3961 844.4659 470.05853
3979 841.66785 463.59314
3995 841.66785 463.59314
