1 357.3443 542.42914
17 285.87546 433.94333
34 285.87546 433.94333
51 285.87546 433.94333
68 228.70036 347.15466
85 228.70036 347.15466
102 182.9603 277.72372
119 182.9603 277.72372
136 182.9603 277.72372
153 146.36824 222.17899
170 117.0946 177.7432
187 117.0946 177.7432
204 93.67568 142.19456
221 74.940544 113.75565
238 74.940544 113.75565
255 59.952435 91.004524
272 59.952435 91.004524
289 47.96195 72.80362
306 47.96195 72.80362
323 47.96195 72.80362
341 47.96195 72.80362
357 47.96195 72.80362
374 30.695648 46.59432
391 30.695648 46.59432
408 24.556519 37.275455
425 19.645216 29.820364
442 19.645216 29.820364
459 15.716173 23.85629
476 15.716173 23.85629
493 12.572939 19.085033
510 12.572939 19.085033
528 10.0583515 15.268027
544 10.0583515 15.268027
561 8.046681 12.214422
578 8.046681 12.214422
595 6.437345 9.771538
612 6.437345 9.771538
629 5.149876 7.81723
646 5.149876 7.81723
663 5.149876 7.81723
680 5.149876 7.81723
697 5.149876 7.81723
714 268.1573 141.59174
731 360.8515 181.7403
748 360.8515 181.7403
765 434.37268 218.33023
782 438.49725 281.6563
799 438.49725 281.6563
816 421.6345 344.86664
833 421.6345 344.86664
851 421.6345 344.86664
867 408.8581 396.83624
884 408.8581 396.83624
901 395.94452 433.3869
918 395.94452 433.3869
935 388.90955 470.7652
952 388.90955 470.7652
969 381.39944 503.45984
986 372.6983 529.125
1003 372.6983 529.125
1020 366.1714 549.9592
1038 366.1714 549.9592
1054 440.89154 528.02203
1071 440.89154 528.02203
1088 517.5189 501.62164
1105 517.5189 501.62164
1122 517.5189 501.62164
1139 577.0339 484.55756
1156 577.0339 484.55756
1173 626.91547 469.94843
1190 667.92 455.6936
1207 667.92 455.6936
1224 698.6341 447.79532
1241 698.6341 447.79532
1258 721.7951 439.2106
1275 721.7951 439.2106
1292 741.7599 433.2282
1309 741.7599 433.2282
1326 754.26154 428.7946
1343 754.26154 428.7946
1360 767.4962 427.2751
1377 767.4962 427.2751
1394 779.24316 427.67484
1412 779.24316 427.67484
1428 798.2526 419.17548
1446 798.2526 419.17548
1462 814.1945 412.57367
1479 814.1945 412.57367
1496 826.9941 411.4389
1513 826.9941 411.4389
1530 835.7662 412.62796
1547 835.7662 412.62796
1564 844.87317 411.6444
1581 844.87317 411.6444
1598 850.47424 410.36975
1616 850.47424 410.36975
1632 857.921 407.96954
1649 857.921 407.96954
1666 864.49475 405.09473
1683 864.49475 405.09473
1700 869.8167 408.5536
1717 869.8167 408.5536
1734 848.78687 397.91113
1751 831.8331 394.3874
1771 831.8331 394.3874
1785 831.8331 394.3874
1802 816.9462 388.54926
1819 816.9462 388.54926
1836 805.6748 383.66907
1854 805.6748 383.66907
1870 795.66693 378.75958
1887 795.66693 378.75958
1905 786.8049 375.97165
1921 786.8049 375.97165
1938 780.64325 372.61145
1956 773.1815 368.54358
1972 773.1815 368.54358
1989 761.9891 366.80975
2006 761.9891 366.80975
2024 758.1743 361.61243
2040 758.1743 361.61243
2058 753.899 360.43854
2074 753.899 360.43854
2091 745.06525 363.33356
2109 745.06525 363.33356
2125 745.06525 363.33356
2143 736.70184 362.39432
2159 730.99927 361.1374
2176 730.99927 361.1374
2193 726.28033 360.2561
2211 726.28033 360.2561
2227 719.0574 360.4455
2244 719.0574 360.4455
2262 711.0631 358.76062
2278 711.0631 358.76062
2296 707.8216 357.8958
2312 707.8216 357.8958
2330 703.01526 359.0195
2346 703.01526 359.0195
2363 704.7393 358.5417
2381 704.7393 358.5417
2397 709.13086 357.31647
2414 709.13086 357.31647
2431 710.215 359.17752
2448 710.215 359.17752
2465 711.63104 359.74323
2482 711.63104 359.74323
2500 714.2015 364.3589
2517 714.1079 365.71515
2533 714.1079 365.71515
2550 712.8019 367.2298
2567 712.8019 367.2298
2584 737.31195 382.19272
2601 737.31195 382.19272
2618 737.31195 382.19272
2635 754.72046 391.8575
2652 754.72046 391.8575
2669 774.9739 397.34607
2686 774.9739 397.34607
2703 784.78735 401.84616
2720 796.9364 410.42676
2738 796.9364 410.42676
2754 805.2779 417.23993
2771 805.2779 417.23993
2788 812.30786 423.07162
2806 812.30786 423.07162
2822 813.2951 425.0635
2839 813.2951 425.0635
2856 816.35236 427.56552
2873 816.35236 427.56552
2890 816.35236 427.56552
2907 822.67694 430.91458
2924 822.89844 434.5708
2941 822.89844 434.5708
2958 818.9659 433.03412
2975 818.9659 433.03412
2992 823.0588 438.09656
3009 823.0588 438.09656
3027 818.2125 443.0191
3043 818.2125 443.0191
3060 786.9003 488.2607
3077 786.9003 488.2607
3094 757.38116 523.9621
3111 734.0018 552.46814
3128 734.0018 552.46814
3145 734.0018 552.46814
3162 714.13074 578.277
3179 714.13074 578.277
3196 698.73065 599.2573
3213 698.73065 599.2573
3230 685.7223 616.0198
3248 685.7223 616.0198
3264 679.42285 627.77405
3281 679.42285 627.77405
3298 665.6908 655.732
3315 654.49146 676.99866
3332 654.49146 676.99866
3349 644.84656 692.2682
3366 644.84656 692.2682
3383 644.84656 692.2682
3400 639.22296 705.04675
3417 639.22296 705.04675
3435 635.2803 717.75
3451 635.2803 717.75
3468 631.9482 726.47107
3485 631.9482 726.47107
3502 628.6974 732.16406
3519 624.5637 736.51013
3536 624.5637 736.51013
3553 623.4898 742.8536
3570 623.4898 742.8536
3588 624.94354 744.13855
3604 624.94354 744.13855
3621 624.94354 744.13855
3638 621.5101 747.97614
3656 621.5101 747.97614
3672 617.4565 749.6069
3689 613.7147 749.7084
3707 613.7147 749.7084
3723 609.3603 751.5046
3740 609.3603 751.5046
3757 606.9674 752.32135
3775 606.9674 752.32135
3791 602.2879 754.0027
3808 602.2879 754.0027
3825 602.2879 754.0027
3842 602.13916 754.34875
3860 601.71686 755.051
3876 601.71686 755.051
3893 601.56665 755.3332
3911 601.56665 755.3332
3928 604.6857 754.07263
3944 604.6857 754.07263
3961 605.28827 753.2837
3978 605.28827 753.2837
3995 601.17017 751.4723
4013 601.17017 751.4723
4029 602.0146 751.7445
4046 602.0146 751.7445
4063 604.6239 749.4504
4080 601.45337 748.1736
4098 601.45337 748.1736
4114 597.26654 748.92236
4132 597.26654 748.92236
4148 597.26654 748.92236
4165 598.0943 747.70374
4182 598.0943 747.70374
4199 596.5463 747.0252
4216 596.5463 747.0252
4234 595.6005 744.75586
4250 593.6793 746.1836
4268 593.6793 746.1836
4284 592.6898 745.9212
4301 592.6898 745.9212
4318 591.2218 745.2072
4335 591.2218 745.2072
4353 591.3293 747.0216
4369 591.3293 747.0216
4386 590.708 749.2377
4403 590.708 749.2377
4420 590.708 749.2377
4438 605.9621 746.2785
4454 605.9621 746.2785
4471 613.8114 746.36084
4488 620.8314 745.2511
4506 620.8314 745.2511
4522 627.8676 741.66797
4539 627.8676 741.66797
4556 632.91394 740.2363
4574 632.91394 740.2363
4590 635.79974 738.93134
4608 635.79974 738.93134
4624 638.72424 739.1107
4642 638.72424 739.1107
4658 639.3945 740.1226
4675 639.3945 740.1226
4692 628.7447 742.7762
4709 628.7447 742.7762
4727 626.2402 742.38916
4743 626.2402 742.38916
4760 621.42017 742.4651
4777 621.42017 742.4651
4795 616.3444 741.0642
4811 616.3444 741.0642
4828 616.3444 741.0642
4845 613.98065 739.7896
4863 613.98065 739.7896
4879 613.98065 739.7896
4896 613.71765 737.8137
4913 613.71765 737.8137
4931 612.5409 738.49744
4947 612.5409 738.49744
4965 611.00867 738.8409
4981 611.00867 738.8409
4998 613.11346 739.79193
5016 613.11346 739.79193
5032 611.60126 738.7258
5049 609.6748 738.04114
5066 609.6748 738.04114
5084 610.0918 737.1676
5100 610.0918 737.1676
5117 610.09607 736.84985
5135 610.09607 736.84985
5151 610.09607 736.84985
5168 609.26855 736.4562
5185 609.26855 736.4562
5202 608.1632 737.958
5220 608.1632 737.958
5236 608.6484 735.8562
5253 608.6484 735.8562
5271 607.28674 735.77234
5287 606.6903 735.96765
5304 606.6903 735.96765
5321 606.5282 737.6838
5338 606.5282 737.6838
5355 606.1577 738.25757
5372 606.1577 738.25757
5389 607.20526 739.40283
5406 607.20526 739.40283
5423 607.6296 739.8529
5440 607.6296 739.8529
5458 608.41095 739.8452
5474 608.41095 739.8452
5491 607.93945 739.00964
5509 607.93945 739.00964
5525 599.0992 735.7684
5542 599.0992 735.7684
5560 597.1152 733.4806
5577 597.1152 733.4806
5593 593.8353 732.6905
5611 591.5607 732.74646
5627 591.5607 732.74646
5644 588.87195 729.8698
5661 588.87195 729.8698
5679 588.87195 729.8698
5695 587.59155 729.3855
5713 587.59155 729.3855
5729 587.5202 728.4405
5747 587.5202 728.4405
5763 585.72314 728.073
5780 585.72314 728.073
5797 583.29974 728.3875
5815 584.82825 729.59186
5831 584.82825 729.59186
5849 584.7269 728.91064
5865 584.7269 728.91064
5882 605.8064 729.7933
5899 605.8064 729.7933
5917 605.8064 729.7933
5933 622.61804 728.54785
5950 622.61804 728.54785
5967 635.041 728.3354
5984 635.041 728.3354
6002 644.62036 729.8063
6019 649.2371 731.2106
6035 649.2371 731.2106
6052 655.40985 731.1037
6070 655.40985 731.1037
6086 659.3673 731.5171
6103 659.3673 731.5171
6121 661.3473 733.52924
6137 661.3473 733.52924
6155 529.0778 586.8234
6171 529.0778 586.8234
6189 423.26227 469.45874
6205 423.26227 469.45874
6222 313.32687 647.2692
6240 313.32687 647.2692
6256 357.3767 707.42944
6274 357.3767 707.42944
6290 412.79657 716.76855
6307 412.79657 716.76855
6325 412.79657 716.76855
6341 457.14902 716.42096
6358 490.4511 709.13025
6375 520.93713 702.4005
6393 520.93713 702.4005
6409 520.93713 702.4005
6426 546.40344 698.8352
6443 546.40344 698.8352
6461 568.7783 698.71234
6478 568.7783 698.71234
6494 582.46967 701.5277
6512 582.46967 701.5277
6528 594.69257 705.9767
6545 594.69257 705.9767
6562 605.391 707.8522
6580 603.3291 716.4261
6596 603.3291 716.4261
6613 603.3291 716.4261
6630 599.9011 724.9532
6648 599.86835 731.78186
6664 599.86835 731.78186
6681 599.86835 731.78186
6698 598.40875 737.4221
6715 598.40875 737.4221
6732 595.074 744.2838
6749 595.074 744.2838
6767 594.1349 747.2975
6783 591.67456 751.08984
6801 591.67456 751.08984
6817 590.80334 753.1623
6834 590.80334 753.1623
6852 588.95245 754.7389
6868 588.95245 754.7389
6885 588.09155 759.0526
6902 588.09155 759.0526
6919 587.72723 759.25336
6937 587.72723 759.25336
6953 587.72723 759.25336
6970 586.3828 760.083
6988 585.32623 760.4372
7004 585.32623 760.4372
7021 587.18933 762.1907
7038 587.18933 762.1907
7056 588.9928 764.2908
7072 588.9928 764.2908
7090 589.8191 761.0112
7106 589.8191 761.0112
7124 588.7502 760.37146
7140 588.7502 760.37146
7157 584.31537 750.34406
7174 584.31537 750.34406
7191 580.11487 744.8805
7209 580.11487 744.8805
7225 574.8623 736.78503
7243 574.8623 736.78503
7259 571.65466 733.15497
7277 571.65466 733.15497
7293 570.04803 729.51324
7311 570.04803 729.51324
7328 565.1766 725.47156
7344 561.45184 720.31226
7361 561.45184 720.31226
7378 560.3916 717.5675
7395 560.3916 717.5675
7413 560.3916 717.5675
7429 561.7109 717.6809
7447 561.7109 717.6809
7463 558.8495 714.6837
7481 558.8495 714.6837
7497 558.6435 711.58374
7514 558.6435 711.58374
7531 557.901 709.53107
7548 557.66455 709.1224
7565 557.66455 709.1224
7582 557.1124 710.1377
7599 557.1124 710.1377
7616 555.9505 712.05505
7633 555.9505 712.05505
7650 553.1747 713.54736
7667 553.1747 713.54736
7684 553.1747 713.54736
7701 552.77704 714.2498
7718 552.77704 714.2498
7735 553.61224 715.7697
7752 579.8659 709.13837
7769 579.8659 709.13837
7786 611.89185 686.84735
7804 611.89185 686.84735
7820 636.3486 668.78046
7837 636.3486 668.78046
7854 657.94257 653.7779
7872 657.94257 653.7779
7888 675.6057 641.2982
7905 675.6057 641.2982
7922 688.5988 631.04614
7939 688.5988 631.04614
7956 699.74524 622.38074
7973 699.74524 622.38074
7990 705.5321 619.70386
8007 705.5321 619.70386
8024 713.2678 611.19446
8041 713.2678 611.19446
8058 705.8036 510.3487
8075 705.8036 510.3487
8093 698.6579 432.54816
8109 698.6579 432.54816
8126 695.2329 372.1394
8143 690.5578 322.30975
8160 690.5578 322.30975
8177 690.5578 322.30975
8194 685.84503 281.44193
8211 685.84503 281.44193
8229 685.38275 252.33209
8245 685.38275 252.33209
8262 683.84375 224.67265
8279 683.84375 224.67265
8296 683.0431 205.2077
8313 682.16724 191.74919
8330 682.16724 191.74919
8347 680.46106 176.05974
8364 680.46106 176.05974
8381 680.9724 164.79428
8398 680.9724 164.79428
8416 680.9724 164.79428
8432 678.3891 156.66809
8449 678.3891 156.66809
8467 678.82166 150.6787
8483 678.82166 150.6787
8500 678.3704 145.31789
8517 706.6553 176.72885
8534 706.6553 176.72885
8551 732.94275 213.58704
8568 732.94275 213.58704
8585 753.3794 242.69736
8602 753.3794 242.69736
8619 771.7543 265.24673
8637 771.7543 265.24673
8653 784.0771 289.52106
8671 784.0771 289.52106
8687 793.8133 307.64612
8704 793.8133 307.64612
8722 800.38684 322.1704
8738 800.38684 322.1704
8755 806.73773 332.90613
8773 806.73773 332.90613
8789 810.708 341.06467
8806 810.708 341.06467
8824 814.3898 344.18463
8840 814.3898 344.18463
8857 807.1981 345.05206
8875 807.1981 345.05206
8891 801.93994 352.0683
8908 798.44495 355.62332
8926 798.44495 355.62332
8942 798.44495 355.62332
8959 793.1622 357.9387
8976 793.1622 357.9387
8993 789.6179 359.52963
9011 789.6179 359.52963
9027 789.1282 359.97577
9044 789.1282 359.97577
9061 788.5386 364.10352
9078 788.5386 364.10352
9096 788.1852 365.0698
9112 787.30164 366.28293
9129 787.30164 366.28293
9147 789.1768 367.24115
9163 789.1768 367.24115
9180 789.1768 367.24115
9197 788.32983 367.04895
9215 788.32983 367.04895
9231 783.8058 366.80945
9248 783.8058 366.80945
9265 782.368 368.9835
9282 782.4921 370.0709
9300 782.4921 370.0709
9316 779.776 366.4328
9333 779.776 366.4328
9350 779.1494 364.91385
9367 779.1494 364.91385
9384 778.74274 365.8655
9401 778.74274 365.8655
9418 781.3985 365.05945
9435 781.3985 365.05945
9453 781.3985 365.05945
9469 778.8933 364.32114
9486 773.9259 365.15552
9504 773.9259 365.15552
9520 750.65027 374.74875
9537 750.65027 374.74875
9554 693.3955 387.122
9571 693.3955 387.122
9589 641.7797 395.64978
9605 641.7797 395.64978
9622 603.0533 405.7461
9639 603.0533 405.7461
9656 571.617 410.4864
9673 546.6121 412.7576
9690 546.6121 412.7576
9708 546.6121 412.7576
9724 533.1741 414.7012
9741 533.1741 414.7012
9759 553.22156 413.1106
9775 553.22156 413.1106
9792 572.0464 413.77936
9809 572.0464 413.77936
9826 586.23975 410.9316
9843 586.23975 410.9316
9861 596.2275 406.49988
9878 604.16925 408.5953
9894 604.16925 408.5953
9911 612.1483 407.71912
9928 612.1483 407.71912
9946 612.1483 407.71912
9962 619.68976 412.69577
9980 619.68976 412.69577
9996 623.8302 416.99155
10013 623.8302 416.99155
10030 630.68713 421.73047
10047 630.68713 421.73047
10065 632.41907 425.83487
10081 635.03406 426.66016
10098 635.03406 426.66016
10116 639.7678 429.60907
10133 639.7678 429.60907
10149 643.2628 428.04593
10166 643.2628 428.04593
10183 647.1497 430.22318
10200 647.1497 430.22318
10218 647.1497 430.22318
10235 647.8907 430.48245
10251 647.0347 429.46198
10268 647.0347 429.46198
10285 647.04266 428.7101
10303 647.04266 428.7101
10319 649.0386 429.63315
10336 649.0386 429.63315
10354 647.358 431.87424
10370 647.358 431.87424
10388 646.04034 428.72
10404 646.04034 428.72
10421 648.0063 428.26404
10439 628.9307 465.50925
10455 628.9307 465.50925
10472 628.9307 465.50925
10489 617.5401 494.168
10506 617.5401 494.168
10524 607.28394 516.4733
10540 607.28394 516.4733
10557 598.36597 538.2433
10575 598.36597 538.2433
10591 592.43695 553.3972
10608 592.43695 553.3972
10625 589.9603 566.57733
10642 586.1218 575.88257
10660 586.1218 575.88257
10676 580.70215 585.9002
10694 580.70215 585.9002
10710 580.70215 585.9002
10727 578.05066 594.1095
10745 578.05066 594.1095
10761 587.6075 575.313
10778 587.6075 575.313
10795 593.1573 555.66376
10812 593.1573 555.66376
10829 598.22485 538.7134
10846 603.78107 528.505
10864 603.78107 528.505
10880 608.00055 515.6731
10898 608.00055 515.6731
10915 614.9945 495.73932
10931 614.9945 495.73932
10948 619.66766 481.1374
10966 619.66766 481.1374
10982 619.66766 481.1374
10999 625.5405 468.49646
11017 626.3934 460.6068
11033 626.3934 460.6068
11050 628.10205 455.64316
11067 628.10205 455.64316
11085 628.7673 451.46518
11101 628.7673 451.46518
11118 629.0405 445.26965
11135 629.0405 445.26965
11153 629.40967 441.811
11169 629.40967 441.811
11186 628.61847 435.56268
11203 628.61847 435.56268
11220 631.6887 428.53864
11238 631.6887 428.53864
11254 630.21063 427.89844
11271 630.21063 427.89844
11288 629.9475 422.74274
11305 629.9475 422.74274
11322 632.10443 425.89206
11340 632.10443 425.89206
11356 630.97766 429.5879
11373 630.97766 429.5879
11390 631.83813 429.58368
11408 633.2857 428.5273
11424 633.2857 428.5273
11441 630.94684 427.34418
11458 630.94684 427.34418
11476 630.94684 427.34418
11492 631.1027 426.91684
11510 631.1027 426.91684
11526 628.0116 421.8766
11543 628.0116 421.8766
11560 629.4331 422.94003
11577 629.4331 422.94003
11594 630.3261 425.12814
11611 632.3571 427.58746
11629 632.3571 427.58746
11646 631.4962 427.153
11662 631.4962 427.153
11679 634.4661 426.2202
11697 634.4661 426.2202
11713 632.5178 426.446
11731 632.5178 426.446
11747 632.5178 426.446
11764 632.53143 425.6502
11781 632.53143 425.6502
11798 632.8422 426.01947
11815 633.25323 423.60632
11833 633.25323 423.60632
11849 631.6494 421.78586
11867 631.6494 421.78586
11884 631.4733 423.49216
11900 631.4733 423.49216
11917 627.76447 421.8085
11935 627.76447 421.8085
11951 626.70496 419.99933
11969 626.70496 419.99933
11985 626.70496 419.99933
12002 626.1548 419.43964
12019 625.3022 419.5512
12036 625.3022 419.5512
12054 626.3552 421.90598
12070 626.3552 421.90598
12088 625.0751 424.2494
12104 625.0751 424.2494
12121 623.52057 424.34262
12138 623.52057 424.34262
12155 623.5421 427.548
12173 620.7911 427.393
12189 620.7911 427.393
12206 623.4396 427.5229
12223 623.4396 427.5229
12240 623.4396 427.5229
12257 624.45465 426.8307
12275 624.45465 426.8307
12291 624.4189 426.24423
12308 624.4189 426.24423
12325 625.30084 424.5298
12343 625.30084 424.5298
12359 624.8042 425.06653
12376 625.4725 424.7548
12393 625.4725 424.7548
12410 627.38617 424.34225
12427 627.38617 424.34225
12445 627.88434 423.44864
12461 627.88434 423.44864
12479 627.88434 423.44864
12495 627.9863 422.47076
12512 627.9863 422.47076
12529 628.4938 420.14813
12546 628.4938 420.14813
12563 626.02167 418.56604
12580 624.4884 415.3608
12598 624.4884 415.3608
12614 626.0963 417.4467
12631 626.0963 417.4467
12648 625.3473 414.1844
12665 625.3473 414.1844
12682 626.1588 417.0238
12699 626.1588 417.0238
12716 623.22235 434.77188
12733 623.22235 434.77188
12751 620.1386 482.5755
12767 620.1386 482.5755
12784 615.4673 523.3341
12801 615.4673 523.3341
12818 613.6527 557.6094
12836 613.6527 557.6094
12852 610.7173 583.8246
12869 610.7173 583.8246
12886 607.52576 603.2166
12903 607.52576 603.2166
12920 604.4093 630.97534
12937 604.4093 630.97534
12954 601.975 654.79517
12971 600.31116 673.34143
12988 600.31116 673.34143
13005 600.31116 673.34143
13022 599.1409 689.57874
13039 599.1409 689.57874
13056 595.9047 702.9562
13073 595.9047 702.9562
13091 594.07367 712.4227
13107 594.07367 712.4227
13124 609.744 673.4371
13141 621.8615 645.58636
13159 621.8615 645.58636
13175 630.07025 624.6557
13192 630.07025 624.6557
13209 635.3466 604.3992
13226 635.3466 604.3992
13243 635.3466 604.3992
13260 642.8463 588.28107
13277 642.8463 588.28107
13294 637.57135 558.9475
13311 637.57135 558.9475
13328 631.8126 532.34814
13346 629.19336 510.19147
13363 629.19336 510.19147
13379 625.33606 493.19186
13396 625.33606 493.19186
13413 623.191 480.70435
13430 623.191 480.70435
13447 620.267 471.22983
13464 620.267 471.22983
13481 620.267 471.22983
13498 619.86084 461.89682
13516 619.86084 461.89682
13532 616.209 457.66553
13549 652.4779 449.26337
13566 652.4779 449.26337
13583 684.43225 442.62445
13600 684.43225 442.62445
13618 710.9378 433.8881
13634 710.9378 433.8881
13652 732.7688 427.89145
13668 732.7688 427.89145
13685 748.9216 424.40375
13702 748.9216 424.40375
13720 757.0928 421.90558
13737 757.0928 421.90558
13753 764.886 414.51572
13771 764.886 414.51572
13787 770.4241 409.57202
13804 770.4241 409.57202
13821 772.7401 401.37518
13838 772.7401 401.37518
13856 774.3511 395.74066
13872 774.3511 395.74066
13890 775.4365 391.22638
13907 775.4365 391.22638
13923 776.6204 387.37454
13940 775.36316 382.74362
13958 775.36316 382.74362
13974 775.42145 382.08353
13992 775.42145 382.08353
14008 775.42145 382.08353
14025 776.1661 379.75137
14042 776.1661 379.75137
14059 776.1693 374.70013
14076 776.1693 374.70013
14094 776.2554 372.03363
14110 775.6041 371.33514
14128 775.6041 371.33514
14144 777.85144 368.9727
14161 777.85144 368.9727
14179 780.86383 377.13937
14195 780.86383 377.13937
14212 778.20593 381.347
14229 778.20593 381.347
14246 778.20593 381.347
14263 777.8216 385.64035
14281 777.8216 385.64035
14297 775.3975 388.31995
14314 777.25336 389.46207
14332 777.25336 389.46207
14348 778.4562 392.01788
14365 778.4562 392.01788
14382 779.02563 394.85886
14399 779.02563 394.85886
14417 778.87866 399.5978
14433 778.87866 399.5978
14450 778.42285 401.01883
14468 778.42285 401.01883
14484 777.65356 402.4603
14502 777.65356 402.4603
14518 778.76685 400.40936
14536 778.76685 400.40936
14552 779.8164 403.78897
14570 779.8164 403.78897
14586 780.9849 404.13675
14604 780.9849 404.13675
14620 782.2245 402.3038
14637 782.2245 402.3038
14654 780.9337 402.11438
14672 780.9337 402.11438
14688 783.21423 398.5647
14706 786.5945 399.3166
14722 786.5945 399.3166
14739 786.5945 399.3166
14757 785.48126 400.7457
14773 785.48126 400.7457
14790 784.1924 402.51245
14807 784.1924 402.51245
14825 785.0615 401.30524
14841 785.0615 401.30524
14859 784.7505 399.24664
14875 784.7505 399.24664
14892 784.4009 400.547
14910 783.30896 400.4541
14926 783.30896 400.4541
14944 783.0669 401.97537
14960 783.0669 401.97537
14977 784.61865 402.6953
14994 784.61865 402.6953
15012 784.9111 404.566
15028 784.9111 404.566
15045 784.9111 404.566
15063 784.97095 403.60132
15079 784.15125 406.4994
15096 784.15125 406.4994
15114 783.5023 407.01276
15130 783.5023 407.01276
15148 782.1541 407.71585
15164 782.1541 407.71585
15181 744.0514 417.79065
15198 744.0514 417.79065
15216 715.778 422.92462
15233 715.778 422.92462
15249 692.7828 428.3451
15267 692.7828 428.3451
15283 677.0284 433.2843
15300 677.0284 433.2843
15317 664.23584 433.15396
15335 664.23584 433.15396
15351 649.6078 435.94202
15369 649.6078 435.94202
15385 642.71875 439.07788
15402 642.71875 439.07788
15420 635.7783 439.6936
15437 635.7783 439.6936
15453 631.43097 440.73776
15471 624.48517 442.4041
15487 624.48517 442.4041
15504 623.0575 445.42487
15522 623.0575 445.42487
15538 623.0575 445.42487
15556 620.86017 447.219
15573 620.86017 447.219
15589 619.33813 443.47656
15606 619.33813 443.47656
15623 619.8319 441.32245
15641 619.8319 441.32245
15657 618.59546 441.18756
15674 617.05237 439.5338
15692 617.05237 439.5338
15708 616.9896 440.63516
15726 616.9896 440.63516
15742 618.3946 439.18036
15759 618.3946 439.18036
15777 618.3946 439.18036
15793 618.18036 440.81763
15811 618.18036 440.81763
15827 617.3602 437.11334
15844 616.1843 437.75092
15861 616.1843 437.75092
15879 616.42554 441.6772
15895 616.42554 441.6772
15912 614.56036 442.23862
15929 614.56036 442.23862
15946 611.5452 439.62714
15963 611.5452 439.62714
15981 613.22003 434.50113
15997 613.22003 434.50113
16014 612.44904 435.77435
16032 612.44904 435.77435
16048 611.7327 438.50665
16066 611.7327 438.50665
16082 610.1703 439.46094
16100 610.1703 439.46094
16116 608.8457 436.90936
16134 608.8457 436.90936
16150 607.8366 437.02716
16168 607.8366 437.02716
16184 608.9349 437.22284
16201 608.9349 437.22284
16219 607.6477 439.39993
16235 607.6477 439.39993
16252 605.8258 441.1256
16270 605.17664 441.9833
16286 605.17664 441.9833
16304 605.17664 441.9833
16320 606.0842 439.48505
16337 606.0842 439.48505
16355 607.59174 438.08994
16371 607.59174 438.08994
16388 607.4352 437.83575
16405 607.4352 437.83575
16422 604.1111 438.0034
16440 603.5644 434.41934
16456 603.5644 434.41934
16473 601.98047 435.2146
16490 601.98047 435.2146
16508 601.98047 435.2146
16525 601.9876 435.79678
16541 601.9876 435.79678
16558 599.8171 436.61633
16575 599.8171 436.61633
16592 596.61914 436.85336
16609 596.61914 436.85336
16627 593.17395 438.91107
16643 588.4391 437.8131
16661 588.4391 437.8131
16677 585.5736 440.337
16695 585.5736 440.337
16711 585.46075 439.37177
16728 585.46075 439.37177
16745 583.58344 439.0368
16762 583.58344 439.0368
16779 583.0683 437.16168
16796 583.0683 437.16168
16813 581.8574 437.55994
16830 581.8574 437.55994
16849 577.98 436.40836
16864 577.98 436.40836
16881 576.0776 437.68222
16898 576.0776 437.68222
16915 575.2654 436.86673
16932 575.2654 436.86673
16949 576.66516 435.79266
16966 576.66516 435.79266
16983 577.0156 435.8474
17001 574.6606 432.30817
17017 574.6606 432.30817
17034 574.6606 432.30817
17052 574.16895 430.11084
17068 574.16895 430.11084
17085 593.0755 394.29193
17102 593.0755 394.29193
17120 605.99146 363.85892
17136 605.99146 363.85892
17153 616.4023 338.51337
17171 616.4023 338.51337
17187 623.5958 316.6724
17205 629.7257 300.09445
17221 629.7257 300.09445
17238 633.90735 285.78372
17255 633.90735 285.78372
17272 639.41254 267.34702
17290 639.41254 267.34702
17306 639.41254 267.34702
17323 647.2218 255.74771
17340 647.2218 255.74771
17357 653.4358 244.70934
17375 653.4358 244.70934
17391 656.9055 234.77525
17408 658.9924 229.17206
17425 658.9924 229.17206
17443 659.7582 224.1957
17459 659.7582 224.1957
17477 655.07043 251.93927
17493 655.07043 251.93927
17510 651.9706 275.35464
17527 651.9706 275.35464
17544 649.8719 293.31934
17561 649.8719 293.31934
17579 649.8719 293.31934
17595 648.16174 311.41714
17612 645.10016 324.28336
17629 645.10016 324.28336
17646 643.7979 333.25354
17663 643.7979 333.25354
17680 635.4692 345.3624
17698 635.4692 345.3624
17714 628.64716 357.4557
17731 628.64716 357.4557
17748 628.64716 357.4557
17765 623.94196 367.6977
17782 638.7948 316.8385
17799 638.7948 316.8385
17816 649.5415 277.00375
17833 649.5415 277.00375
17850 659.36945 247.46237
17867 659.36945 247.46237
17885 667.9451 223.40765
17901 667.9451 223.40765
17918 674.1103 204.15782
17935 674.1103 204.15782
17952 678.49066 189.18457
17969 678.49066 189.18457
17986 684.1349 176.33868
18003 671.0557 205.97588
18020 671.0557 205.97588
18037 656.4899 235.90128
18054 656.4899 235.90128
18071 656.4899 235.90128
18088 642.70276 262.39197
18105 642.70276 262.39197
18122 634.1699 285.28644
18139 634.1699 285.28644
18156 627.94824 306.1422
18173 621.93384 317.13812
18190 621.93384 317.13812
18207 616.1658 330.03558
18225 616.1658 330.03558
18241 612.29456 337.55685
18258 612.29456 337.55685
18276 605.3801 358.45844
18292 605.3801 358.45844
18309 605.3801 358.45844
18326 597.75903 376.77673
18343 597.75903 376.77673
18360 592.55835 392.8222
18378 590.55853 406.63803
18394 590.55853 406.63803
18411 587.3702 414.22507
18428 587.3702 414.22507
18445 584.38446 423.08173
18462 584.38446 423.08173
18479 581.18365 429.48065
18497 581.18365 429.48065
18513 579.08887 437.994
18530 579.08887 437.994
18548 577.0725 440.80142
18564 577.0725 440.80142
18582 576.65735 444.94052
18599 576.65735 444.94052
18615 577.27637 450.5542
18632 577.27637 450.5542
18649 577.34106 454.42825
18666 577.34106 454.42825
18684 578.4895 459.3269
18700 578.4895 459.3269
18718 577.28687 458.0606
18734 577.28687 458.0606
18752 577.773 458.8845
18768 578.15204 458.41632
18786 578.15204 458.41632
18802 576.76544 460.87747
18819 576.76544 460.87747
18837 576.76544 460.87747
18853 575.3601 460.74365
18870 575.3601 460.74365
18887 576.662 459.30646
18905 576.662 459.30646
18921 574.98126 450.19632
18938 574.98126 450.19632
18956 571.84314 429.7952
18972 571.33795 414.5263
18990 571.33795 414.5263
19006 571.4518 404.44736
19023 571.4518 404.44736
19040 572.3654 395.4112
19057 572.3654 395.4112
19075 572.3654 395.4112
19091 572.8014 388.35883
19108 572.8014 388.35883
19125 571.2574 386.68503
19142 571.34485 381.65738
19159 571.34485 381.65738
19176 569.9185 376.111
19194 569.9185 376.111
19210 571.0956 373.91998
19228 571.0956 373.91998
19244 570.0224 370.37238
19262 570.0224 370.37238
19278 570.10443 368.62567
19295 570.10443 368.62567
19312 570.10443 368.62567
19330 569.2471 367.80273
19346 568.3269 366.24033
19363 568.3269 366.24033
19380 568.22754 362.89493
19398 568.22754 362.89493
19414 562.75085 357.20624
19431 562.75085 357.20624
19448 555.37445 347.2285
19465 555.37445 347.2285
19482 551.99445 338.92905
19499 551.99445 338.92905
19516 548.15015 331.82214
19534 544.82635 324.74915
19550 544.82635 324.74915
19567 544.82635 324.74915
19584 543.7513 321.22766
19602 543.7513 321.22766
19619 541.31537 317.01038
19635 541.31537 317.01038
19653 536.5164 315.71863
19669 536.5164 315.71863
19687 531.19727 318.37445
19704 531.19727 318.37445
19720 528.0396 317.8187
19737 522.0156 317.83743
19754 522.0156 317.83743
19771 520.2975 316.32535
19788 520.2975 316.32535
19806 518.277 318.23468
19822 518.277 318.23468
19839 518.277 318.23468
19857 517.2558 318.45822
19873 517.2558 318.45822
19891 514.6297 317.4567
19907 513.6943 317.5343
19924 513.6943 317.5343
19942 531.5625 324.0025
19958 531.5625 324.0025
19975 543.24 329.42014
19992 543.24 329.42014
20009 551.93665 333.80588
20026 551.93665 333.80588
20043 558.8828 339.10815
20060 558.8828 339.10815
20077 558.8828 339.10815
20094 566.1407 342.23306
20112 574.2195 348.12164
20128 574.2195 348.12164
20145 577.58466 350.97256
20162 577.58466 350.97256
20180 581.2092 351.2302
20196 581.2092 351.2302
20213 599.51135 354.14117
20230 599.51135 354.14117
20248 680.50653 367.71002
20264 680.50653 367.71002
20281 744.3848 378.34106
20298 796.5323 407.94498
20315 796.5323 407.94498
20333 796.5323 407.94498
20349 637.2258 326.356
20366 637.2258 326.356
20383 509.78067 261.0848
20401 509.78067 261.0848
20417 407.82455 208.86784
20434 407.82455 208.86784
20451 326.25964 167.09428
20468 326.25964 167.09428
20486 261.00772 133.67543
20502 208.80618 106.940346
20520 208.80618 106.940346
20536 167.04495 85.55228
20553 167.04495 85.55228
20570 167.04495 85.55228
20587 133.63597 68.441826
20605 133.63597 68.441826
20621 106.908775 54.75346
20638 106.908775 54.75346
20655 106.908775 54.75346
20672 288.52426 124.65277
20690 424.91513 178.8043
20707 531.6389 220.18103
20724 531.6389 220.18103
20740 618.10223 252.34644
20757 618.10223 252.34644
20774 684.8883 278.17993
20791 684.8883 278.17993
20809 736.9744 296.331
20825 736.9744 296.331
20843 736.9744 296.331
20859 779.9751 311.91293
20876 812.31384 324.09106
20893 812.31384 324.09106
20910 839.79834 336.3691
20928 839.79834 336.3691
20944 865.2866 341.90372
20962 865.2866 341.90372
20978 880.45325 348.38583
20995 880.45325 348.38583
21012 891.38403 355.59915
21029 891.38403 355.59915
21047 910.4135 352.41705
21063 910.4135 352.41705
21080 925.66956 356.2494
21098 925.66956 356.2494
21114 938.1514 356.4822
21132 938.1514 356.4822
21148 946.0717 357.8807
21165 946.0717 357.8807
21182 953.6852 358.2959
21199 953.6852 358.2959
21217 958.13916 360.19138
21233 958.13916 360.19138
21250 965.5376 359.68945
21267 968.13684 360.64105
21285 968.13684 360.64105
21301 972.97687 358.65417
21318 972.97687 358.65417
21335 972.97687 358.65417
21352 977.0925 355.2705
21370 977.0925 355.2705
21386 980.50476 356.32568
21404 980.50476 356.32568
21420 919.4119 353.46344
21437 919.4119 353.46344
21455 870.1668 353.51974
21471 828.80304 351.026
21488 828.80304 351.026
21505 797.413 348.4829
21522 797.413 348.4829
21540 770.8865 349.53372
21556 770.8865 349.53372
21573 750.247 347.1754
21590 750.247 347.1754
21607 750.247 347.1754
21625 733.42786 350.79254
21641 721.3607 348.5138
21659 721.3607 348.5138
21675 713.3828 342.4799
21692 713.3828 342.4799
21709 708.9894 340.30762
21727 708.9894 340.30762
21744 704.94037 338.68503
21760 704.94037 338.68503
21777 702.9137 339.37897
21795 702.9137 339.37897
21811 699.3776 338.93546
21828 699.3776 338.93546
21845 674.13727 343.9471
21863 674.13727 343.9471
21879 656.4504 347.40366
21896 656.4504 347.40366
21914 643.4246 348.57703
21930 643.4246 348.57703
21947 632.04193 350.67114
21964 632.04193 350.67114
21982 623.825 353.4342
21998 623.825 353.4342
22015 663.58203 354.13367
22033 695.88806 353.65134
22049 695.88806 353.65134
22067 719.6079 353.44513
22083 719.6079 353.44513
22100 739.32874 355.45813
22118 739.32874 355.45813
22134 739.32874 355.45813
22151 753.3332 353.8666
22168 753.3332 353.8666
22186 766.62427 354.87497
22203 766.62427 354.87497
22219 775.2282 354.31317
22236 783.0018 352.02905
22254 783.0018 352.02905
22270 789.8116 349.22775
22288 789.8116 349.22775
22304 794.5075 346.7249
22322 794.5075 346.7249
22338 799.682 343.82587
22355 799.682 343.82587
22372 799.682 343.82587
22390 800.5173 344.11227
22406 800.5173 344.11227
22423 802.9919 344.98352
22443 805.8583 346.80557
22457 805.8583 346.80557
22474 807.7535 347.64755
22491 807.7535 347.64755
22508 807.42615 350.59662
22525 807.42615 350.59662
22542 808.3056 347.00513
22560 808.3056 347.00513
22576 807.1576 345.97308
22593 807.1576 345.97308
22611 808.6673 344.8754
22627 808.6673 344.8754
22644 808.6621 346.12592
22661 808.6621 346.12592
22678 809.18024 348.9295
22695 809.18024 348.9295
22712 808.0431 346.73062
22729 808.0431 346.73062
22747 809.1615 345.36874
22763 809.1615 345.36874
22780 806.0874 345.76776
22797 806.0874 345.76776
22814 805.03687 344.43298
22832 804.9872 344.2518
22848 804.9872 344.2518
22865 804.9872 344.2518
22882 805.70465 345.00623
22899 805.70465 345.00623
22916 806.6514 345.36475
22933 806.6514 345.36475
22951 807.31805 346.30954
22967 807.31805 346.30954
22984 807.2153 348.56177
23001 790.2949 324.0025
23018 790.2949 324.0025
23035 771.3541 291.45813
23052 771.3541 291.45813
23069 755.6016 261.09973
23086 755.6016 261.09973
23103 740.9273 233.00372
23120 740.9273 233.00372
23137 740.9273 233.00372
23154 728.6013 211.91766
23171 728.6013 211.91766
23188 718.2388 196.37804
23205 710.7341 183.42484
23222 710.7341 183.42484
23239 706.6381 171.06195
23256 706.6381 171.06195
23274 701.5911 164.30084
23290 701.5911 164.30084
23307 696.74615 156.85591
23324 696.74615 156.85591
23341 691.4029 150.23363
23358 691.4029 150.23363
23375 691.4029 150.23363
23392 690.4005 142.95123
23409 688.6047 140.00676
23426 688.6047 140.00676
23443 683.0109 133.67981
23460 683.0109 133.67981
23477 677.24603 130.33847
23494 677.24603 130.33847
23512 675.00726 130.93237
23528 675.00726 130.93237
23545 673.7459 127.781624
23563 672.21204 128.07149
23580 672.21204 128.07149
23596 669.63617 125.653435
23613 669.63617 125.653435
23631 669.63617 125.653435
23647 667.82623 123.93229
23664 667.82623 123.93229
23682 669.27014 125.47976
23698 669.27014 125.47976
23715 668.80634 123.74889
23732 668.80634 123.74889
23750 664.3583 119.700455
23766 664.18243 119.68299
23784 664.18243 119.68299
23800 664.9275 117.12127
23817 664.9275 117.12127
23835 666.6858 122.71745
23851 666.6858 122.71745
23868 666.6858 122.71745
23886 666.0485 123.548164
23902 666.0485 123.548164
23919 665.4024 119.55715
23937 665.4024 119.55715
23953 667.7073 122.29908
23970 672.8621 124.68028
23987 672.8621 124.68028
24004 710.9277 161.99683
24021 710.9277 161.99683
24038 739.7462 191.0858
24056 739.7462 191.0858
24073 765.41296 217.62222
24089 765.41296 217.62222
24107 786.1667 236.94383
24123 786.1667 236.94383
24140 786.1667 236.94383
24157 802.78253 255.12912
24175 816.5912 268.8095
24191 816.5912 268.8095
24209 824.9784 281.14844
24225 824.9784 281.14844
24242 832.3843 289.86337
24260 832.3843 289.86337
24276 838.81323 294.8603
24294 838.81323 294.8603
24310 845.0296 299.13513
24327 845.0296 299.13513
24344 837.281 307.17856
24362 832.3207 314.56152
24378 832.3207 314.56152
24395 832.3207 314.56152
24412 829.63257 315.14297
24429 829.63257 315.14297
24447 826.48676 317.99484
24463 826.48676 317.99484
24481 824.9504 323.07825
24497 824.9504 323.07825
24514 822.17236 322.32028
24531 822.17236 322.32028
24548 820.4492 323.88507
24566 817.10547 325.71295
24582 817.10547 325.71295
24599 815.6322 329.20456
24616 815.6322 329.20456
24633 815.6322 329.20456
24651 813.7068 331.97015
24667 813.7068 331.97015
24684 810.8846 330.87506
24701 810.8846 330.87506
24718 809.1357 331.75824
24736 808.687 332.72168
24752 808.687 332.72168
24769 808.05194 330.1933
24786 808.05194 330.1933
24803 805.68445 330.1976
24821 805.68445 330.1976
24837 805.58484 334.16492
24854 805.58484 334.16492
24872 820.1591 371.39923
24888 820.1591 371.39923
24905 820.1591 371.39923
24922 656.1273 297.1194
24940 524.90186 237.69551
24956 524.90186 237.69551
24973 565.3171 304.98114
24990 565.3171 304.98114
25007 612.6607 305.35333
25025 612.6607 305.35333
25041 649.4756 309.55716
25058 649.4756 309.55716
25076 681.12286 307.19232
25093 681.12286 307.19232
25109 703.1332 306.49597
25126 722.6307 311.90286
25144 722.6307 311.90286
25160 722.6307 311.90286
25177 765.99713 323.10645
25194 765.99713 323.10645
25211 803.67676 336.5346
25229 803.67676 336.5346
25245 834.45715 345.90646
25263 834.45715 345.90646
25279 859.4038 353.08102
25297 859.4038 353.08102
25313 876.42004 356.1911
25330 891.0167 360.66028
25347 891.0167 360.66028
25364 903.69556 362.80176
25381 903.69556 362.80176
25399 903.69556 362.80176
25415 912.5139 367.67157
25432 912.5139 367.67157
25449 912.1734 374.86502
25466 912.1734 374.86502
25483 909.4529 381.6832
25501 910.91174 387.97058
25517 910.91174 387.97058
25534 908.1613 393.1248
25552 908.1613 393.1248
25568 906.0553 395.58646
25585 906.0553 395.58646
25602 907.237 398.2494
25619 907.237 398.2494
25637 910.0544 399.5404
25653 910.0544 399.5404
25670 910.0544 399.5404
25687 845.99695 399.43134
25704 798.92523 395.73853
25721 798.92523 395.73853
25738 761.5358 395.61536
25755 761.5358 395.61536
25773 735.6256 396.81723
25789 735.6256 396.81723
25806 709.15393 394.73032
25824 709.15393 394.73032
25840 692.87317 397.0111
25858 692.87317 397.0111
25874 680.49664 398.62726
25892 680.49664 398.62726
25908 670.71045 401.46597
25925 670.71045 401.46597
25943 662.3336 402.57825
25959 662.3336 402.57825
25976 652.9135 403.7765
25993 652.9135 403.7765
26011 652.8331 410.5278
26027 652.8331 410.5278
26044 651.0488 416.0719
26061 651.0488 416.0719
26079 649.50543 420.26395
26095 647.56793 420.3757
26112 647.56793 420.3757
26130 645.67975 423.00165
26147 645.67975 423.00165
26163 645.67975 423.00165
26180 643.1908 422.00433
26198 643.1908 422.00433
26214 641.8506 424.77032
26231 641.8506 424.77032
26249 639.8248 426.58127
26265 639.8248 426.58127
26282 638.19324 429.24
26300 639.58234 429.16058
26316 639.58234 429.16058
26333 639.83405 430.26102
26350 639.83405 430.26102
26367 640.3623 433.79132
26385 640.3623 433.79132
26401 639.53595 432.58453
26418 639.53595 432.58453
26436 639.53595 432.58453
26452 639.58264 434.05994
26470 637.83826 434.98474
26486 637.83826 434.98474
26504 633.9414 432.08038
26520 633.9414 432.08038
26537 633.84064 432.46826
26555 633.84064 432.46826
26571 632.8812 430.73267
26588 632.8812 430.73267
26606 634.72974 430.94998
26622 634.72974 430.94998
26639 632.5018 430.04117
26657 632.5018 430.04117
26673 629.5984 432.1603
26690 629.5984 432.1603
26708 629.86127 432.22284
26724 629.86127 432.22284
26741 630.81433 431.37634
26758 630.81433 431.37634
26775 630.0685 427.0573
26793 630.0685 427.0573
26809 669.7222 463.2492
26826 669.7222 463.2492
26843 696.6816 493.7129
26861 722.0509 519.22174
26877 722.0509 519.22174
26894 722.0509 519.22174
26912 740.3696 541.22754
26928 740.3696 541.22754
26946 765.5946 626.2971
26962 765.5946 626.2971
26979 612.4757 501.0377
26996 612.4757 501.0377
27014 489.98056 400.83017
27030 489.98056 400.83017
27047 352.37845 566.00085
27065 432.09174 610.1164
27081 432.09174 610.1164
27098 498.52493 606.6875
27115 498.52493 606.6875
27132 547.8163 594.7947
27149 547.8163 594.7947
27167 547.8163 594.7947
27183 588.13367 586.44995
27200 588.13367 586.44995
27218 622.3465 583.9986
27235 622.3465 583.9986
27251 648.672 581.76184
27268 670.7032 578.52814
27285 670.7032 578.52814
27302 666.9213 563.99066
27320 666.9213 563.99066
27336 656.7054 535.55225
27353 656.7054 535.55225
27370 649.45294 516.97546
27387 649.45294 516.97546
27404 643.15985 497.66412
27422 643.15985 497.66412
27438 638.3744 486.1134
27456 638.3744 486.1134
27472 636.20154 475.62796
27489 636.20154 475.62796
27506 634.49603 465.28592
27523 634.49603 465.28592
27540 633.8762 457.43164
27557 633.8762 457.43164
27575 631.17993 451.91953
27591 631.17993 451.91953
27608 629.1848 443.70358
27625 629.1848 443.70358
27642 628.5548 441.54974
27659 628.5548 441.54974
27676 636.67236 429.2872
27693 636.67236 429.2872
27710 652.0682 383.3125
27727 652.0682 383.3125
27744 666.453 345.2722
27761 666.453 345.2722
27779 675.7644 315.2365
27795 675.7644 315.2365
27812 685.27484 292.9336
27830 683.37366 265.12094
27846 683.37366 265.12094
27863 683.3137 241.4196
27880 683.3137 241.4196
27897 683.3137 241.4196
27914 683.8421 223.68575
27931 683.8421 223.68575
27948 680.74414 205.14574
27965 680.74414 205.14574
27983 681.2175 192.11867
27999 681.2175 192.11867
28016 681.8781 181.43597
28033 684.92816 174.39229
28051 684.92816 174.39229
28067 682.8464 166.00426
28084 682.8464 166.00426
28101 683.10693 160.6058
28118 683.10693 160.6058
28135 681.5928 152.48447
28152 681.5928 152.48447
28169 681.5928 152.48447
28186 682.33026 149.78864
28203 679.65674 144.45543
28220 679.65674 144.45543
28238 680.0621 141.46541
28254 680.0621 141.46541
28271 680.5502 139.17172
28288 680.5502 139.17172
28305 679.2844 135.14175
28322 679.2844 135.14175
28339 680.9211 133.17914
28357 680.9211 133.17914
28373 679.9479 132.59471
28390 679.9479 132.59471
28407 681.3269 130.64366
28424 681.3269 130.64366
28441 681.21014 129.33647
28458 681.21014 129.33647
28475 678.46027 129.29472
28492 678.46027 129.29472
28509 678.7608 130.64154
28527 678.7608 130.64154
28543 677.9679 129.43887
28561 677.9679 129.43887
28577 676.2472 128.52132
28594 676.2472 128.52132
28611 677.2183 127.52957
28629 677.7826 125.50276
28645 677.7826 125.50276
28662 675.7044 124.925995
28679 675.7044 124.925995
28697 675.7044 124.925995
28713 674.4261 123.83472
28730 674.4261 123.83472
28747 674.8533 123.73513
28764 674.8533 123.73513
28781 674.4751 126.89365
28798 676.80206 128.39462
28816 676.80206 128.39462
28832 678.18994 128.4532
28849 678.18994 128.4532
28866 716.5364 178.60353
28883 716.5364 178.60353
28900 750.5075 232.53561
28917 750.5075 232.53561
28934 750.5075 232.53561
28951 776.485 280.05466
28968 776.485 280.05466
28985 799.901 317.08398
29003 817.0202 345.93442
29019 817.0202 345.93442
29036 830.5071 370.6124
29053 830.5071 370.6124
29070 841.54724 389.4854
29087 841.54724 389.4854
29105 849.76495 404.04297
29121 849.76495 404.04297
29139 854.30115 416.17633
29155 854.30115 416.17633
29172 858.62366 425.5201
29189 858.62366 425.5201
29206 865.1143 432.94812
29223 865.1143 432.94812
29241 867.5588 437.6839
29257 867.5588 437.6839
29274 869.1213 440.07867
29292 869.1213 440.07867
29309 870.7551 444.13306
29325 870.7551 444.13306
29343 868.255 447.64804
29359 868.255 447.64804
29377 868.4767 449.40756
29394 870.90826 450.58044
29410 870.90826 450.58044
29427 870.90826 450.58044
29445 871.5941 451.5379
29462 871.5941 451.5379
29478 873.92285 452.58353
29496 873.92285 452.58353
29512 873.7374 456.19675
29529 873.7374 456.19675
29546 875.48267 458.62442
29563 874.79333 462.0723
29581 874.79333 462.0723
29597 871.4996 465.2394
29614 871.4996 465.2394
29631 870.5305 465.46582
29648 870.5305 465.46582
29666 869.66016 466.71448
29682 869.66016 466.71448
29699 869.66016 466.71448
29717 867.93195 467.45483
29734 867.93195 467.45483
29750 867.9525 468.93488
29768 869.16614 467.9353
29784 869.16614 467.9353
29802 867.32983 468.35626
29818 867.32983 468.35626
29835 867.0648 468.77142
29852 867.0648 468.77142
29869 864.3002 466.89645
29886 864.3002 466.89645
29903 865.90094 466.38275
29920 865.90094 466.38275
29938 865.90094 466.38275
29954 864.74963 466.6262
29971 865.8586 468.16614
29989 865.8586 468.16614
30005 867.47107 470.01236
