1 676.66833 297.24454
17 681.448 301.65637
34 681.448 301.65637
51 681.448 301.65637
68 681.9202 302.61285
86 679.0294 299.8562
102 680.2671 303.8028
119 680.2671 303.8028
136 679.5194 305.2995
153 679.5194 305.2995
170 679.29865 301.29178
188 679.29865 301.29178
204 676.71533 302.4837
221 676.71533 302.4837
238 675.7007 301.75412
256 719.81744 923.2864
272 719.81744 923.2864
289 713.4093 799.9316
306 713.4093 799.9316
323 709.1123 701.6094
340 709.1123 701.6094
357 756.20215 1338.3806
374 756.20215 1338.3806
392 739.16907 1114.4938
409 739.16907 1114.4938
425 739.16907 1114.4938
442 731.1895 940.2692
459 724.745 797.1582
476 724.745 797.1582
493 724.745 797.1582
510 719.5888 681.7381
527 714.51855 590.04584
545 714.51855 590.04584
562 708.47974 522.962
578 708.47974 522.962
595 708.47974 522.962
612 704.1888 464.111
630 704.1888 464.111
646 702.4604 413.821
663 698.90173 375.294
681 698.90173 375.294
697 698.749 351.6549
714 698.749 351.6549
731 695.49475 329.78473
748 695.49475 329.78473
765 697.7243 312.11972
782 697.7243 312.11972
799 699.5635 300.06955
817 699.5635 300.06955
833 699.6002 288.5699
851 699.6002 288.5699
867 698.2465 281.71167
884 698.2465 281.71167
901 706.69836 210.09946
918 706.69836 210.09946
936 565.3587 168.07957
952 565.3587 168.07957
969 594.0551 183.60284
986 594.0551 183.60284
1004 620.03156 139.06706
1020 620.03156 139.06706
1037 634.03864 106.84673
1055 654.54364 81.52337
1071 654.54364 81.52337
1088 654.54364 81.52337
1105 660.5949 71.963394
1122 660.5949 71.963394
1140 528.47595 57.570717
1156 528.47595 57.570717
1173 563.3981 73.136154
1190 563.3981 73.136154
1208 598.3273 66.06266
1224 598.3273 66.06266
1241 478.66183 52.85013
1259 521.3612 45.702343
1275 521.3612 45.702343
1292 417.08896 36.561874
1309 417.08896 36.561874
1327 417.08896 36.561874
1343 462.32764 10.142839
1360 462.32764 10.142839
1377 499.6457 2.131692
1394 499.6457 2.131692
1411 539.56555 33.457672
1429 572.7565 43.827637
1445 572.7565 43.827637
1462 596.09436 71.73619
1480 596.09436 71.73619
1496 617.1322 95.64247
1513 617.1322 95.64247
1531 634.87854 112.22744
1547 634.87854 112.22744
1564 647.2362 120.02945
1582 647.2362 120.02945
1598 661.63196 135.05444
1615 661.63196 135.05444
1632 668.4173 148.65718
1649 668.4173 148.65718
1666 677.2485 145.27084
1684 677.2485 145.27084
1700 680.2861 157.29648
1717 680.2861 157.29648
1734 685.9815 161.68298
1751 685.9815 161.68298
1768 688.0585 162.95647
1785 688.0585 162.95647
1802 691.41003 163.35391
1819 690.58954 140.53806
1836 690.58954 140.53806
1853 691.21423 153.47598
1871 691.21423 153.47598
1887 691.21423 153.47598
1904 691.4453 158.8783
1922 691.4453 158.8783
1938 692.41583 152.14426
1955 692.41583 152.14426
1972 695.40137 165.74606
1989 695.40137 165.74606
2007 697.3639 172.7691
2023 698.05164 175.89827
2040 698.05164 175.89827
2057 698.35583 174.23817
2074 698.35583 174.23817
2092 698.35583 174.23817
2108 697.8885 177.90573
2126 697.8885 177.90573
2142 699.0806 185.06282
2159 699.0806 185.06282
2176 700.4685 183.21718
2194 702.04333 179.7023
2210 702.04333 179.7023
2227 729.0016 192.75916
2244 729.0016 192.75916
2261 746.2028 203.35332
2278 746.2028 203.35332
2295 758.6487 209.34352
2312 758.6487 209.34352
2329 772.71375 215.92769
2346 772.71375 215.92769
2363 785.2924 222.7258
2380 785.2924 222.7258
2397 790.1382 229.78967
2414 790.1382 229.78967
2432 794.6971 236.23479
2464 794.6971 236.23479
2466 794.6971 236.23479
2482 797.17114 238.93224
2499 794.60425 240.59135
2516 794.60425 240.59135
2533 794.3386 243.80638
2550 794.3386 243.80638
2567 796.13275 241.94156
2585 796.13275 241.94156
2601 797.38806 247.41367
2618 797.38806 247.41367
2635 800.85986 253.67802
2652 800.85986 253.67802
2669 797.62195 258.70673
2686 797.62195 258.70673
2703 795.53125 259.42566
2720 795.53125 259.42566
2737 795.3741 260.96805
2754 795.3741 260.96805
2771 766.5477 181.27187
2788 744.54974 129.8643
2805 744.54974 129.8643
2823 744.54974 129.8643
2839 729.6986 90.125404
2856 720.36316 58.718506
2873 720.36316 58.718506
2890 712.9839 54.533485
2907 712.9839 54.533485
2924 705.35675 51.08675
2941 705.35675 51.08675
2958 701.8115 46.53064
2975 696.8956 42.952415
2992 696.8956 42.952415
3010 696.8956 42.952415
3026 695.9108 46.255577
3043 695.9108 46.255577
3060 693.3898 45.00136
3077 693.3898 45.00136
3094 693.3032 44.569633
3111 693.3032 44.569633
3128 692.2245 48.258247
3145 692.2245 48.258247
3162 691.32135 48.85688
3180 691.58105 51.381367
3196 691.58105 51.381367
3213 692.20087 53.606117
3230 692.20087 53.606117
3247 691.0878 55.090477
3264 691.0878 55.090477
3281 691.0878 55.090477
3298 690.657 57.181225
3315 690.657 57.181225
3332 688.88745 58.61466
3350 687.9629 58.952126
3366 687.9629 58.952126
3383 691.24585 59.9928
3400 691.24585 59.9928
3417 691.9773 59.322365
3434 691.9773 59.322365
3451 694.811 61.104794
3468 694.811 61.104794
3486 692.97235 60.308273
3502 692.97235 60.308273
3519 692.97235 60.308273
3536 692.92255 62.0581
3554 695.8904 57.76258
3570 695.8904 57.76258
3587 698.6634 56.202522
3604 698.6634 56.202522
3621 696.8408 54.37304
3638 696.8408 54.37304
3655 694.88116 56.22061
3672 694.88116 56.22061
3689 696.65137 56.648132
3706 696.65137 56.648132
3724 695.9966 57.54527
3741 695.9966 57.54527
3758 693.69495 63.292957
3774 693.69495 63.292957
3791 693.32837 63.782944
3808 693.32837 63.782944
3825 692.3877 65.67122
3842 692.3877 65.67122
3859 693.29333 66.852135
3876 693.29333 66.852135
3893 691.38617 62.43501
3910 691.38617 62.43501
3927 692.47217 63.88499
3944 692.47217 63.88499
3961 693.2963 63.809196
3978 694.0539 64.97242
3995 694.0539 64.97242
4012 694.0539 64.97242
4029 692.02386 63.416058
4047 692.02386 63.416058
4063 694.1633 63.588787
4080 694.1633 63.588787
4098 693.13727 56.83953
4114 693.13727 56.83953
4131 691.768 58.287468
4148 689.82117 57.625034
4166 689.82117 57.625034
4182 689.2747 57.17807
4199 689.2747 57.17807
4216 688.2588 55.6289
4233 688.2588 55.6289
4251 691.412 48.02464
4267 691.412 48.02464
4285 691.412 48.02464
4301 692.2351 45.991154
4318 685.1635 59.976044
4336 685.1635 59.976044
4352 681.3874 74.97346
4369 681.3874 74.97346
4387 677.93945 88.38193
4403 677.93945 88.38193
4420 663.8369 97.99754
4437 663.8369 97.99754
4454 664.1526 104.24396
4471 664.1526 104.24396
4489 664.1526 104.24396
4505 663.0526 112.72163
4522 663.25366 119.20606
4539 663.25366 119.20606
4556 662.9065 125.73425
4573 662.9065 125.73425
4591 664.7229 127.54512
4608 664.7229 127.54512
4624 665.9055 130.44171
4642 665.9055 130.44171
4659 666.32996 132.12067
4675 666.32996 132.12067
4692 668.3182 132.16473
4710 671.824 130.88722
4726 671.824 130.88722
4743 671.824 130.88722
4760 678.73676 160.427
4778 678.73676 160.427
4794 684.5093 184.51532
4811 684.5093 184.51532
4828 690.03076 206.70078
4845 690.03076 206.70078
4862 693.7099 225.87361
4879 693.7099 225.87361
4896 696.87494 238.03995
4914 702.6516 248.80106
4930 702.6516 248.80106
4947 702.6516 248.80106
4964 694.7335 257.92972
4981 698.07074 267.2965
4998 698.07074 267.2965
5015 698.07074 267.2965
5033 701.3181 275.71136
5049 701.3181 275.71136
5066 702.7229 280.28226
5083 702.7229 280.28226
5101 703.9488 285.70987
5117 704.5165 292.67322
5134 704.5165 292.67322
5151 707.08124 294.58597
5168 707.08124 294.58597
5185 708.04895 296.0481
5202 708.04895 296.0481
5219 710.9548 298.57782
5236 710.9548 298.57782
5254 711.8291 300.30374
5270 711.8291 300.30374
5288 713.3011 302.47153
5304 713.3011 302.47153
5322 712.4936 302.45673
5338 712.4936 302.45673
5355 713.23517 303.09232
5372 713.23517 303.09232
5390 715.7501 304.15933
5406 715.7501 304.15933
5423 715.73413 304.4019
5440 715.73413 304.4019
5457 718.58435 305.1502
5474 717.25836 305.57047
5491 717.25836 305.57047
5508 717.3896 306.46408
5526 717.3896 306.46408
5542 717.3896 306.46408
5559 716.86426 306.65393
5576 716.86426 306.65393
5593 665.8788 311.86972
5611 665.8788 311.86972
5627 604.34924 319.22427
5644 604.34924 319.22427
5661 547.9341 321.57642
5679 500.04443 325.0923
5695 500.04443 325.0923
5712 463.17758 329.6146
5730 463.17758 329.6146
5746 434.305 334.81116
5763 434.305 334.81116
5780 410.56924 337.83533
5797 410.56924 337.83533
5815 410.56924 337.83533
5831 392.0274 340.29688
5848 392.0274 340.29688
5865 378.22418 341.53085
5882 367.953 344.93317
5899 367.953 344.93317
5916 358.80933 346.68045
5933 358.80933 346.68045
5950 351.97574 347.2329
5968 351.97574 347.2329
5984 347.49002 347.71054
6001 347.49002 347.71054
6019 345.66113 348.83792
6036 345.66113 348.83792
6052 345.66113 348.83792
6069 343.0469 349.27032
6086 355.25122 345.9898
6103 355.25122 345.9898
6120 421.17902 338.7658
6138 421.17902 338.7658
6154 470.81668 330.5319
6171 470.81668 330.5319
6188 511.3415 323.71304
6205 511.3415 323.71304
6222 545.32385 317.42838
6239 545.32385 317.42838
6256 572.94586 316.015
6274 593.7154 313.03604
6290 593.7154 313.03604
6307 593.7154 313.03604
6324 613.2922 314.76453
6342 613.2922 314.76453
6358 626.83954 313.24432
6375 626.83954 313.24432
6392 639.422 312.89813
6410 639.422 312.89813
6427 650.6162 313.5444
6444 660.83295 311.218
6460 660.83295 311.218
6477 667.4903 309.40445
6494 667.4903 309.40445
6511 672.42804 309.1327
6528 672.42804 309.1327
6549 672.42804 309.1327
6563 675.39056 307.5947
6579 675.39056 307.5947
6596 688.4318 307.3212
6614 688.4318 307.3212
6630 693.4029 305.71017
6648 697.3653 307.6159
6664 697.3653 307.6159
6681 700.7533 307.9348
6698 700.7533 307.9348
6716 707.3375 308.45862
6732 707.3375 308.45862
6749 717.8951 305.72375
6766 717.8951 305.72375
6783 727.203 304.13858
6800 727.203 304.13858
6817 727.203 304.13858
6834 732.1387 298.7855
6851 737.97687 295.98755
6868 737.97687 295.98755
6885 741.97424 288.82172
6903 741.97424 288.82172
6919 747.99524 288.62863
6936 747.99524 288.62863
6953 750.9977 288.3248
6971 750.9977 288.3248
6987 753.2487 287.1369
7004 753.2487 287.1369
7021 755.6685 286.135
7038 755.6685 286.135
7056 755.6975 284.1813
7072 755.6975 284.1813
7089 746.3651 287.88556
7106 746.3651 287.88556
7123 699.1035 317.36008
7140 699.1035 317.36008
7158 660.9519 339.12207
7174 660.9519 339.12207
7191 630.0772 355.47375
7208 630.0772 355.47375
7225 606.4393 372.05624
7242 587.23755 385.6135
7260 587.23755 385.6135
7276 571.4932 396.91034
7293 571.4932 396.91034
7311 571.4932 396.91034
7327 559.89685 406.93457
7344 559.89685 406.93457
7361 549.81946 413.19644
7379 549.81946 413.19644
7395 541.52594 418.47467
7412 535.3775 424.47897
7429 535.3775 424.47897
7446 531.4669 426.9345
7464 531.4669 426.9345
7480 526.44366 430.06967
7497 526.44366 430.06967
7515 523.0697 435.78143
7531 523.0697 435.78143
7548 523.0697 435.78143
7565 519.9748 438.79178
7582 519.9748 438.79178
7599 515.8529 440.72278
7616 512.56757 440.54034
7634 512.56757 440.54034
7650 508.0376 441.58325
7667 508.0376 441.58325
7684 502.79916 444.27002
7702 502.79916 444.27002
7718 501.15207 444.03622
7735 501.15207 444.03622
7752 519.37366 412.2626
7769 519.37366 412.2626
7786 546.26294 322.9511
7803 565.62634 255.50787
7820 565.62634 255.50787
7838 565.62634 255.50787
7854 584.56213 225.19202
7871 584.56213 225.19202
7888 599.7072 203.10527
7905 599.7072 203.10527
7922 619.8271 173.55089
7939 619.8271 173.55089
7956 634.35065 155.87363
7973 634.35065 155.87363
7990 647.38007 141.10226
8008 654.8247 129.05043
8024 654.8247 129.05043
8041 663.0785 119.57429
8058 663.0785 119.57429
8075 663.0785 119.57429
8092 669.2688 114.44027
8109 669.2688 114.44027
8126 672.15015 106.93764
8143 672.15015 106.93764
8160 676.27466 102.85729
8177 680.15204 98.325516
8195 680.15204 98.325516
8211 683.6542 96.23979
8228 683.6542 96.23979
8245 684.9066 92.024796
8262 684.9066 92.024796
8279 686.73975 90.47374
8296 686.73975 90.47374
8313 684.27826 90.155396
8330 684.27826 90.155396
8347 684.27826 90.155396
8364 684.38043 87.06904
8381 689.9401 81.727135
8398 689.9401 81.727135
8415 689.4168 81.27189
8432 689.4168 81.27189
8449 690.24567 81.69231
8466 690.24567 81.69231
8483 691.98346 80.51946
8500 691.98346 80.51946
8517 692.02966 78.004814
8534 692.02966 78.004814
8552 694.68604 74.63755
8569 694.68604 74.63755
8585 696.2834 72.7349
8602 696.2834 72.7349
8619 696.9476 71.4026
8636 696.9476 71.4026
8653 690.052 70.39296
8670 690.052 70.39296
8688 690.02167 69.74765
8705 690.02167 69.74765
8721 690.8836 64.81976
8738 690.8836 64.81976
8755 691.6675 64.537834
8773 691.18396 64.31565
8789 691.18396 64.31565
8806 691.248 63.080303
8823 691.248 63.080303
8841 691.248 63.080303
8857 691.0191 61.692665
8874 691.0191 61.692665
8891 681.978 61.718075
8909 681.978 61.718075
8925 681.88904 61.932823
8942 681.88904 61.932823
8959 682.97894 60.71022
8976 683.164 59.380478
8994 683.164 59.380478
9010 683.5664 59.626842
9028 683.5664 59.626842
9044 683.9382 57.030113
9061 683.9382 57.030113
9078 684.1704 58.441273
9096 684.1704 58.441273
9113 684.1704 58.441273
9129 683.80743 61.733578
9146 686.057 59.249084
9163 686.057 59.249084
9181 684.3319 59.78677
9197 684.3319 59.78677
9215 684.7827 60.03228
9231 684.7827 60.03228
9248 686.4244 59.307545
9265 686.4244 59.307545
9282 691.2756 59.819656
9299 691.2756 59.819656
9316 692.5363 58.287125
9333 692.5363 58.287125
9350 693.3011 59.35246
9367 693.3011 59.35246
9385 693.72565 58.85349
9401 693.72565 58.85349
9419 694.3276 56.38665
9435 694.3276 56.38665
9453 696.94977 55.627323
9469 696.94977 55.627323
9487 698.32007 53.62426
9503 698.32007 53.62426
9520 698.13824 52.88377
9537 700.695 54.04578
9555 700.695 54.04578
9571 700.695 54.04578
9589 703.60925 54.674286
9605 703.60925 54.674286
9622 704.16565 51.35989
9639 704.16565 51.35989
9657 705.5903 49.158794
9673 705.5903 49.158794
9690 707.68475 51.155876
9708 707.68475 51.155876
9724 709.4613 52.499622
9742 693.0121 65.16182
9758 693.0121 65.16182
9775 670.8909 86.85443
9793 670.8909 86.85443
9809 653.3364 106.184204
9826 653.3364 106.184204
9843 653.3364 106.184204
9860 639.267 121.541245
9877 639.267 121.541245
9894 626.35345 134.81743
9912 616.9442 144.1344
9928 616.9442 144.1344
9945 616.9442 144.1344
9962 607.4031 151.67308
9980 603.7319 159.83746
9996 603.7319 159.83746
10013 596.7182 163.20631
10030 596.7182 163.20631
10048 596.7182 163.20631
10064 591.26666 169.19571
10081 591.26666 169.19571
10098 588.21906 174.92004
10115 588.21906 174.92004
10132 583.82227 179.23935
10149 582.4397 183.59082
10167 582.4397 183.59082
10183 580.74945 184.32895
10200 580.74945 184.32895
10217 579.2395 185.1479
10234 579.2395 185.1479
10252 593.6127 202.38173
10268 593.6127 202.38173
10285 609.20935 219.85213
10302 609.20935 219.85213
10320 617.82416 235.01736
10336 617.82416 235.01736
10353 628.1302 244.28854
10370 628.1302 244.28854
10388 636.89575 255.51656
10404 636.89575 255.51656
10421 644.68915 262.79462
10438 644.68915 262.79462
10455 645.4614 267.94632
10473 645.4614 267.94632
10489 649.62195 276.81564
10506 653.8257 286.70377
10523 653.8257 286.70377
10540 653.8257 286.70377
10557 658.20575 296.40402
10574 658.20575 296.40402
10591 662.03467 303.76553
10608 662.03467 303.76553
10625 664.5392 309.76727
10643 664.5392 309.76727
10659 665.7312 316.95703
10676 665.7312 316.95703
10693 664.708 322.7755
10711 663.4361 326.7138
10727 663.4361 326.7138
10745 665.8606 329.08545
10761 665.8606 329.08545
10778 667.1257 331.33954
10795 667.1257 331.33954
10812 666.38696 331.95276
10829 666.38696 331.95276
10846 668.32806 333.70895
10863 668.32806 333.70895
10881 668.32806 333.70895
10897 669.21 335.87534
10914 669.97595 335.89816
10931 669.97595 335.89816
10948 672.0766 337.39713
10965 672.0766 337.39713
10982 671.00446 338.2737
10999 671.00446 338.2737
11016 666.51385 338.513
11034 666.51385 338.513
11050 667.5227 337.52148
11067 667.5227 337.52148
11085 666.7742 337.21228
11101 666.7742 337.21228
11119 666.8733 337.0841
11136 666.8733 337.0841
11152 666.9812 337.06384
11169 666.9812 337.06384
11187 666.15576 335.8163
11203 666.15576 335.8163
11220 666.90826 334.86127
11237 666.90826 334.86127
11254 668.24225 333.1938
11271 668.24225 333.1938
11288 664.08044 337.28857
11306 664.08044 337.28857
11322 660.621 340.58734
11349 660.621 340.58734
11356 660.621 340.58734
11373 660.539 342.9675
11390 658.6594 344.06757
11408 658.6594 344.06757
11424 658.37787 345.63055
11441 658.37787 345.63055
11459 657.18896 342.90753
11476 656.82043 345.18402
11492 656.82043 345.18402
11509 656.8699 347.6425
11526 656.8699 347.6425
11543 655.7655 349.62164
11560 655.7655 349.62164
11577 655.7655 349.62164
11594 654.84595 349.40375
11612 654.84595 349.40375
11628 653.7483 348.84958
11645 653.7483 348.84958
11663 649.61896 347.8106
11679 649.05304 347.79083
11696 649.05304 347.79083
11713 647.96204 347.50708
11730 647.96204 347.50708
11747 650.1674 345.06573
11764 650.1674 345.06573
11782 652.97614 344.41873
11798 652.97614 344.41873
11815 652.7912 346.51462
11832 652.7912 346.51462
11849 652.7912 346.51462
11866 650.84076 349.60617
11883 651.20184 350.06348
11900 651.20184 350.06348
11918 649.842 348.64966
11964 648.4817 350.03687
11964 648.4817 350.03687
11968 648.4817 350.03687
11986 646.15857 349.75317
12002 646.15857 349.75317
12019 646.3092 350.76035
12036 646.3092 350.76035
12053 647.33936 348.1895
12070 647.33936 348.1895
12088 644.5779 347.3462
12104 644.5779 347.3462
12121 644.3727 347.19415
12138 644.3727 347.19415
12156 644.73145 345.12567
12173 644.73145 345.12567
12189 645.73956 346.0287
12206 645.73956 346.0287
12224 644.06134 344.77078
12240 644.06134 344.77078
12258 644.4408 347.61417
12275 645.495 347.44608
12291 645.495 347.44608
12308 645.306 346.6249
12326 645.306 346.6249
12342 645.0265 348.1689
12359 645.0265 348.1689
12377 645.0265 348.1689
12393 629.20013 335.70325
12411 629.20013 335.70325
12427 631.13586 338.47495
12444 632.953 342.31796
12461 632.953 342.31796
12479 633.4049 343.3886
12495 633.4049 343.3886
12512 633.4049 343.3886
12529 634.8649 346.57935
12547 581.2392 348.40936
12564 581.2392 348.40936
12580 594.1523 350.35608
12597 594.1523 350.35608
12614 594.1523 350.35608
12631 595.27826 349.23007
12648 602.74304 350.52554
12665 602.74304 350.52554
12682 641.37775 336.54663
12699 641.37775 336.54663
12716 698.03046 330.08594
12734 698.03046 330.08594
12750 745.7363 319.55316
12767 745.7363 319.55316
12784 786.05536 314.4716
12801 786.05536 314.4716
12818 816.7262 309.96185
12836 838.1013 312.26144
12852 838.1013 312.26144
12869 838.1013 312.26144
12886 818.85974 369.6644
12903 818.85974 369.6644
12921 799.0799 410.9319
12937 799.0799 410.9319
12954 784.1488 446.75583
12971 784.1488 446.75583
12988 774.4581 466.5534
13005 774.4581 466.5534
13022 751.4805 499.50415
13039 741.59503 523.6325
13056 741.59503 523.6325
13074 731.63684 537.02856
13090 731.63684 537.02856
13107 731.63684 537.02856
13124 726.1167 552.6093
13141 720.2126 567.1452
13158 720.2126 567.1452
13175 720.2126 567.1452
13192 711.2354 577.6155
13209 708.46625 586.2739
13227 708.46625 586.2739
13243 708.1713 593.2202
13261 708.1713 593.2202
13277 705.0015 600.4785
13294 705.0015 600.4785
13311 705.4979 606.88385
13328 705.4979 606.88385
13345 713.6426 599.8304
13362 713.6426 599.8304
13380 705.17957 616.4573
13396 705.17957 616.4573
13413 704.2329 612.48676
13431 704.2329 612.48676
13447 701.7668 617.2269
13464 701.7668 617.2269
13481 701.6036 619.413
13498 701.6036 619.413
13515 699.308 623.00586
13533 699.308 623.00586
13549 697.8109 627.2484
13566 697.8109 627.2484
13583 694.9842 631.47644
13600 694.9842 631.47644
13617 693.57135 633.8677
13634 693.57135 633.8677
13651 692.2373 635.63214
13669 692.2373 635.63214
13685 693.0256 636.3239
13703 693.0256 636.3239
13719 690.76587 634.50385
13736 690.76587 634.50385
13753 692.2568 635.785
13771 692.2568 635.785
13787 692.1566 630.72614
13804 689.6033 637.76404
13821 689.6033 637.76404
13838 693.55396 621.6466
13856 693.55396 621.6466
13872 708.07983 546.0494
13889 708.07983 546.0494
13907 708.07983 546.0494
13923 724.1156 489.07068
13940 724.1156 489.07068
13958 737.8502 440.43988
13974 737.8502 440.43988
13991 746.8303 406.6244
14009 772.7295 356.13647
14025 772.7295 356.13647
14042 774.22925 323.5653
14059 774.22925 323.5653
14076 776.7633 304.62457
14093 776.7633 304.62457
14110 779.10693 286.9876
14127 779.10693 286.9876
14145 779.10693 286.9876
14161 798.744 267.66528
14179 796.4806 256.8981
14195 796.4806 256.8981
14212 816.2913 237.38185
14229 816.2913 237.38185
14246 835.03674 215.89775
14263 835.03674 215.89775
14280 837.1646 226.99463
14298 837.1646 226.99463
14314 873.7996 183.89595
14331 873.7996 183.89595
14348 856.83813 193.8224
14365 842.8887 209.18137
14382 842.8887 209.18137
14400 842.8887 209.18137
14416 847.63184 196.6511
14433 847.63184 196.6511
14450 843.0105 222.46944
14468 843.0105 222.46944
14484 839.1656 233.49463
14502 839.1656 233.49463
14518 836.6298 251.07138
14535 836.6298 251.07138
14552 831.97577 262.12488
14570 829.75903 276.06894
14586 829.75903 276.06894
14603 825.89575 281.87125
14620 825.89575 281.87125
14637 827.65015 274.61835
14654 827.65015 274.61835
14671 827.65015 274.61835
14688 827.63794 277.2848
14706 827.63794 277.2848
14722 824.8008 284.14102
14739 824.8008 284.14102
14756 814.0897 276.37238
14773 806.3916 267.06744
14790 806.3916 267.06744
14807 792.17865 260.46332
14825 792.17865 260.46332
14841 741.913 273.53986
14858 741.913 273.53986
14875 699.88965 286.8368
14892 699.88965 286.8368
14910 699.88965 286.8368
14926 669.4555 298.6752
14944 643.47815 308.78165
14961 643.47815 308.78165
14977 624.6643 318.15042
14994 624.6643 318.15042
15012 603.01013 316.04388
15028 603.01013 316.04388
15046 592.0162 320.91205
15062 592.0162 320.91205
15079 585.9556 326.20966
15096 585.9556 326.20966
15114 577.98627 330.93118
15130 577.98627 330.93118
15148 571.2066 334.0164
15164 571.2066 334.0164
15181 568.6597 332.91022
15199 568.6597 332.91022
15215 529.5592 332.42136
15232 529.5592 332.42136
15249 486.57794 338.41336
15267 486.57794 338.41336
15283 454.47308 345.20825
15300 454.47308 345.20825
15317 426.7816 347.84402
15334 426.7816 347.84402
15351 405.062 351.0378
15368 405.062 351.0378
15385 378.19135 346.3624
15402 378.19135 346.3624
15419 352.6131 344.28467
15437 352.6131 344.28467
15453 332.2246 344.53482
15470 332.2246 344.53482
15488 318.62988 342.80557
15505 318.62988 342.80557
15521 308.5465 345.39743
15538 299.00488 346.33203
15555 299.00488 346.33203
15573 289.7027 347.57138
15590 289.7027 347.57138
15606 283.639 346.8236
15624 283.639 346.8236
15640 283.639 346.8236
15657 279.45212 346.56107
15674 279.45212 346.56107
15692 275.35864 344.59882
15708 275.35864 344.59882
15726 271.67944 345.7083
15749 270.45084 347.2068
15759 270.45084 347.2068
15777 267.5227 343.85718
15793 267.5227 343.85718
15810 278.41733 340.9541
15827 278.41733 340.9541
15844 375.68796 318.53207
15861 375.68796 318.53207
15879 375.68796 318.53207
15895 533.85986 301.8999
15912 662.18854 283.40283
15929 662.18854 283.40283
15947 763.3783 274.15665
15963 763.3783 274.15665
15980 846.5113 265.50012
15997 846.5113 265.50012
16015 910.1954 255.65486
16031 910.1954 255.65486
16048 962.3859 251.59735
16065 962.3859 251.59735
16083 1002.7995 248.41867
16100 1002.7995 248.41867
16116 1036.9009 243.96825
16133 1062.0778 242.08371
16150 1062.0778 242.08371
16167 1062.0778 242.08371
16185 1081.2528 242.3608
16201 1081.2528 242.3608
16218 1096.7415 239.26117
16235 1096.7415 239.26117
16253 1108.3074 236.53116
16269 1108.3074 236.53116
16286 1119.7295 233.72203
16303 1129.8938 235.91217
16320 1129.8938 235.91217
16337 1137.4227 235.51505
16354 1137.4227 235.51505
16371 1137.4227 235.51505
16389 1145.0995 231.77933
16405 1145.0995 231.77933
16422 1145.9899 232.83234
16439 1145.9899 232.83234
16456 1146.4423 231.68007
16473 1146.4423 231.68007
16490 1150.8735 230.80788
16508 1150.8735 230.80788
16524 1152.7366 229.77231
16541 1153.5702 230.5
16558 1153.5702 230.5
16577 1152.0714 230.30995
16592 1152.0714 230.30995
16609 1152.0714 230.30995
16627 1154.4916 223.38411
16643 1154.4916 223.38411
16661 1154.4916 223.38411
16677 1156.2476 220.56021
16694 1157.5823 220.47539
16711 1157.886 222.46573
16728 1157.886 222.46573
16745 1157.886 222.46573
16762 1161.5654 219.54076
16779 1161.5654 219.54076
16796 1157.8274 216.45175
16813 1106.9556 214.92339
16830 1106.9556 214.92339
16848 1106.9556 214.92339
16864 1059.8805 226.39041
16881 1021.7966 232.92575
16899 1021.7966 232.92575
16915 992.10565 222.80798
16932 992.10565 222.80798
16949 968.40125 221.61087
16966 968.40125 221.61087
16983 950.87244 234.27261
17000 950.87244 234.27261
17017 933.04016 230.27617
17035 933.04016 230.27617
17051 921.22723 241.96907
17068 921.22723 241.96907
17085 912.96466 248.84079
17102 908.1 256.32068
17119 908.1 256.32068
17136 902.73413 262.17508
17153 902.73413 262.17508
17170 902.73413 262.17508
17188 896.33923 268.19928
17204 896.33923 268.19928
17221 891.02606 273.61157
17238 891.02606 273.61157
17255 889.1208 276.6665
17272 885.847 278.81058
17289 885.847 278.81058
17306 708.6776 223.04846
17323 708.6776 223.04846
17340 566.9421 178.43877
17357 566.9421 178.43877
17375 566.9421 178.43877
17392 453.55368 142.75102
17409 453.55368 142.75102
17425 362.84296 114.20082
17442 362.84296 114.20082
17459 290.27438 91.36066
17476 290.27438 91.36066
17493 232.21951 73.088524
17510 232.21951 73.088524
17528 185.77562 58.47082
17544 185.77562 58.47082
17561 148.6205 46.776657
17578 148.6205 46.776657
17595 118.8964 37.421326
17613 118.8964 37.421326
17629 256.4316 34.9337
17646 256.4316 34.9337
17663 395.29614 6.3613205
17681 468.0067 27.042236
17697 468.0067 27.042236
17714 529.38885 50.413292
17732 529.38885 50.413292
17748 581.2609 77.92992
17765 581.2609 77.92992
17782 616.2378 101.070854
17799 616.2378 101.070854
17816 644.84235 116.85065
17833 644.84235 116.85065
17850 653.78906 95.2884
17867 653.78906 95.2884
17884 662.7146 85.3314
17901 662.7146 85.3314
17919 625.2916 89.84248
17935 625.2916 89.84248
17952 645.14355 97.74516
17969 645.14355 97.74516
17986 659.6213 112.43303
18003 659.6213 112.43303
18020 669.66034 123.34907
18037 673.62573 104.17909
18054 673.62573 104.17909
18071 684.42346 96.18576
18088 684.42346 96.18576
18105 691.28186 87.79075
18122 691.28186 87.79075
18139 694.4764 77.270935
18156 694.4764 77.270935
18174 699.45685 73.08245
18190 699.45685 73.08245
18207 699.45685 73.08245
18225 701.0969 69.40704
18241 702.5416 66.596535
18258 702.5416 66.596535
18275 699.6869 66.49537
18292 699.6869 66.49537
18309 698.0837 64.05408
18326 698.0837 64.05408
18344 701.5337 58.84244
18360 701.5337 58.84244
18377 704.40765 57.174175
18394 704.40765 57.174175
18411 705.08386 55.49086
18428 708.3981 56.39751
18445 708.3981 56.39751
18462 708.3981 56.39751
18479 710.8878 58.34625
18496 710.8878 58.34625
18513 707.2853 56.060238
18531 707.2853 56.060238
18548 705.787 54.28609
18564 705.787 54.28609
18582 706.9031 53.232876
18598 706.9031 53.232876
18615 706.35925 53.98652
18632 707.23895 48.585377
18649 707.23895 48.585377
18666 707.23895 48.585377
18684 705.57513 49.645844
18700 705.57513 49.645844
18717 703.5364 51.636017
18734 703.5364 51.636017
18751 701.39514 53.729076
18768 701.39514 53.729076
18785 745.1376 58.53286
18802 741.09247 58.84131
18820 741.09247 58.84131
18836 735.9496 55.646667
18853 735.9496 55.646667
18870 731.2607 57.220654
18887 731.2607 57.220654
18904 731.062 58.572945
18921 731.062 58.572945
18939 731.062 58.572945
18955 718.1058 60.1718
18973 718.1058 60.1718
18989 719.62 61.85316
19006 709.8417 59.04863
19024 709.8417 59.04863
19040 750.2912 61.516823
19058 750.2912 61.516823
19074 745.37335 57.78822
19091 745.37335 57.78822
19108 752.4494 55.876797
19125 752.4494 55.876797
19143 761.6553 50.2622
19159 761.6553 50.2622
19176 768.04456 48.25154
19193 768.04456 48.25154
19210 775.6684 45.801994
19228 775.6684 45.801994
19244 781.6241 45.126057
19261 781.6241 45.126057
19279 783.5675 44.239506
19295 783.5675 44.239506
19313 786.2138 43.686447
19329 786.2138 43.686447
19347 790.83105 40.51114
19363 790.83105 40.51114
19380 793.0744 40.370014
19397 792.16504 39.89683
19414 792.16504 39.89683
19431 792.16504 39.89683
19448 790.72186 38.855804
19465 790.72186 38.855804
19483 790.9868 37.708305
19499 790.9868 37.708305
19516 794.3224 37.317406
19533 794.3224 37.317406
19550 796.7228 35.517864
19568 796.7228 35.517864
19584 803.80835 35.36439
19602 804.5002 33.059654
19618 804.5002 33.059654
19635 793.8906 32.224422
19652 793.8906 32.224422
19670 784.5282 32.64724
19687 784.5282 32.64724
19703 784.5282 32.64724
19720 786.88513 31.390953
19737 786.88513 31.390953
19755 778.083 31.251642
19771 778.083 31.251642
19788 783.3523 31.514315
19805 784.7473 32.652172
19823 784.7473 32.652172
19840 788.7008 33.091938
19856 788.7008 33.091938
19874 787.5415 34.34059
19890 787.5415 34.34059
19907 788.7368 32.070652
19925 788.7368 32.070652
19941 788.7368 32.070652
19958 790.38184 30.319622
19975 790.6011 31.087097
19992 790.6011 31.087097
20009 792.7976 31.10398
20026 792.7976 31.10398
20044 795.5126 30.902264
20060 795.5126 30.902264
20077 795.00977 33.89905
20094 795.00977 33.89905
20111 794.0854 34.32312
20129 794.0854 34.32312
20145 796.454 34.048336
20162 796.72656 34.555107
20179 796.72656 34.555107
20196 796.72656 34.555107
20213 791.0658 34.31421
20230 791.0658 34.31421
20247 791.8698 35.312126
20265 791.8698 35.312126
20281 793.56494 31.856361
20298 793.56494 31.856361
20316 792.0203 33.00999
20332 792.0203 33.00999
20349 794.42004 34.399532
20366 790.7512 33.565426
20383 790.7512 33.565426
20400 790.7512 33.565426
20417 792.17505 29.78816
20434 792.17505 29.78816
20452 789.1259 28.326729
20468 789.1259 28.326729
20485 790.7171 26.988962
20502 790.7171 26.988962
20520 780.33154 29.225609
20536 780.33154 29.225609
20553 764.62024 32.68189
20570 757.898 33.398453
20587 757.898 33.398453
20604 751.34717 37.007164
20622 751.34717 37.007164
20638 742.9136 34.79093
20655 742.9136 34.79093
20673 742.9136 34.79093
20689 737.4608 34.695187
20706 737.4608 34.695187
20723 732.2362 37.00261
20741 729.8897 16.863947
20757 729.8897 16.863947
20774 713.6714 -1.8639832
20791 713.6714 -1.8639832
20808 709.71277 8.132474
20825 709.71277 8.132474
20842 707.08417 19.55468
20859 707.08417 19.55468
20877 702.35754 29.146524
20893 702.35754 29.146524
20910 695.7549 34.97192
20928 695.7549 34.97192
20945 698.7603 38.41858
20961 698.7603 38.41858
20979 705.13617 75.79752
20995 705.13617 75.79752
21012 713.385 102.15264
21029 713.385 102.15264
21048 725.9388 136.41919
21064 725.9388 136.41919
21080 730.7965 151.84303
21097 730.7965 151.84303
21114 734.80835 176.36975
21131 744.43207 195.08755
21149 744.43207 195.08755
21165 748.36383 185.97995
21182 748.36383 185.97995
21200 753.82574 204.46255
21216 753.82574 204.46255
21234 753.82574 204.46255
21250 756.91077 217.37308
21267 756.91077 217.37308
21285 755.4107 229.97029
21301 755.4107 229.97029
21318 754.0719 241.57393
21335 755.8131 250.0691
21352 755.8131 250.0691
21370 759.2433 257.12585
21386 759.2433 257.12585
21403 786.9701 251.66531
21420 786.9701 251.66531
21438 711.8588 240.3983
21455 711.8588 240.3983
21471 711.8588 240.3983
21488 763.43286 243.29907
21505 763.43286 243.29907
21522 796.27905 241.6486
21540 825.7491 245.91425
21556 825.7491 245.91425
21573 843.79474 247.64264
21590 843.79474 247.64264
21607 757.9983 239.13896
21624 757.9983 239.13896
21642 797.03406 239.43921
21658 797.03406 239.43921
21676 823.21204 236.88826
21692 823.21204 236.88826
21710 842.1742 241.87517
21726 842.1742 241.87517
21744 863.81274 247.62254
21760 863.81274 247.62254
21777 875.1298 245.63902
21794 875.1298 245.63902
21811 875.1298 245.63902
21828 885.54156 249.0587
21845 885.54156 249.0587
21862 898.51526 250.62451
21879 898.51526 250.62451
21896 906.051 248.58803
21914 906.051 248.58803
21930 906.051 248.58803
21947 906.051 248.58803
21964 914.7925 246.3516
21981 965.2199 255.09283
21998 965.2199 255.09283
22015 965.2199 255.09283
22033 965.2199 255.09283
22049 965.2199 255.09283
22066 772.17596 204.07426
22084 494.19263 130.60753
22100 395.3541 104.48602
22117 395.3541 104.48602
22134 316.2833 83.58882
22151 316.2833 83.58882
22169 316.2833 83.58882
22185 482.4965 126.66656
22202 482.4965 126.66656
22219 621.55585 161.0923
22237 621.55585 161.0923
22253 731.28107 184.71106
22270 731.28107 184.71106
22287 813.56433 205.97488
22304 880.5612 219.19444
22322 880.5612 219.19444
22338 880.5612 219.19444
22355 859.02893 228.70709
22372 859.02893 228.70709
22389 786.09753 248.69653
22406 786.09753 248.69653
22424 694.5261 284.07343
22440 694.5261 284.07343
22457 643.7807 302.15466
22474 643.7807 302.15466
22491 599.75946 322.1672
22508 558.9402 333.77423
22525 558.9402 333.77423
22542 530.73737 344.92035
22559 530.73737 344.92035
22577 508.3729 354.359
22593 508.3729 354.359
22610 487.8604 362.768
22627 487.8604 362.768
22644 487.8604 362.768
22661 461.0628 372.6152
22678 440.53717 379.8717
22695 418.57043 389.01544
22713 418.57043 389.01544
22729 397.9611 396.81857
22746 397.9611 396.81857
22763 397.9611 396.81857
22780 391.47778 400.23074
22797 391.47778 400.23074
22815 386.87427 405.00897
22831 386.87427 405.00897
22848 383.7161 408.07007
22865 378.55634 408.66672
22882 378.55634 408.66672
22900 373.8384 408.24734
22916 373.8384 408.24734
22933 399.65924 443.0608
22950 399.65924 443.0608
22967 457.51166 488.93945
22984 457.51166 488.93945
23001 457.51166 488.93945
23019 501.4345 535.1918
23035 501.4345 535.1918
23052 537.1144 563.66077
23069 565.66425 583.0956
23086 565.66425 583.0956
23104 587.8065 600.38153
23120 587.8065 600.38153
23137 606.4327 612.547
23154 606.4327 612.547
23171 621.69244 629.0421
23188 621.69244 629.0421
23205 587.19855 646.8145
23222 587.19855 646.8145
23239 599.16815 643.86554
23256 599.16815 643.86554
23273 614.3477 653.2624
23290 614.3477 653.2624
23307 626.7687 649.6007
23324 626.7687 649.6007
23341 634.2073 650.2103
23358 634.2073 650.2103
23375 595.0167 664.80554
23392 595.0167 664.80554
23409 612.6386 661.4248
23426 612.6386 661.4248
23443 582.10046 671.3083
23460 602.60895 668.7409
23477 602.60895 668.7409
23495 617.9796 663.1451
23511 617.9796 663.1451
23528 617.9796 663.1451
23546 629.9205 663.8928
23562 629.9205 663.8928
23579 639.2516 656.6667
23596 639.2516 656.6667
23613 648.78796 656.3943
23630 648.78796 656.3943
23648 660.4879 658.0581
23664 664.7301 650.2844
23681 664.7301 650.2844
23698 621.45483 661.4618
23715 621.45483 661.4618
23732 621.45483 661.4618
23749 635.75995 657.89557
23766 635.75995 657.89557
23783 647.9287 657.78394
23801 647.9287 657.78394
23817 656.5256 654.01025
23834 659.1697 653.9201
23851 659.1697 653.9201
23868 664.28455 652.03406
23885 664.28455 652.03406
23902 664.21515 605.6866
23919 664.21515 605.6866
23936 665.2007 558.96027
23954 665.2007 558.96027
23970 665.2007 558.96027
23987 680.68744 530.562
24004 680.68744 530.562
24021 691.4917 511.8518
24039 688.5714 487.12482
24055 688.5714 487.12482
24072 693.84296 475.03992
24089 693.84296 475.03992
24107 694.0483 462.12106
24123 694.0483 462.12106
24140 656.5056 391.0582
24157 656.5056 391.0582
24174 618.87134 345.4697
24192 618.87134 345.4697
24208 618.87134 345.4697
24225 569.9633 285.00626
24242 569.9633 285.00626
24259 569.9633 285.00626
24276 555.559 264.58835
24293 555.559 264.58835
24310 542.8252 250.81332
24328 542.8252 250.81332
24344 531.7829 240.58412
24362 531.7829 240.58412
24378 524.1146 230.28574
24396 524.1146 230.28574
24412 516.2238 223.5224
24429 516.2238 223.5224
24446 511.02203 218.72716
24463 506.5156 216.19815
24480 506.5156 216.19815
24497 506.5156 216.19815
24514 504.251 212.64735
24531 504.251 212.64735
24548 498.20673 209.75273
24565 498.20673 209.75273
24582 488.15332 210.91284
24599 488.15332 210.91284
24616 487.37164 207.053
24633 487.4406 206.3086
24650 487.4406 206.3086
24667 487.7475 205.94206
24685 487.7475 205.94206
24701 488.23285 205.22528
24718 488.23285 205.22528
24735 487.72964 205.21587
24752 487.72964 205.21587
24769 487.72964 205.21587
24786 508.91824 202.64848
24804 544.1338 201.92229
24820 544.1338 201.92229
24838 573.7556 200.76865
24854 573.7556 200.76865
24872 594.01624 199.74272
24888 594.01624 199.74272
24905 613.44025 200.99068
24922 613.44025 200.99068
24939 624.6237 198.94055
24956 624.6237 198.94055
24973 637.1808 199.05804
24990 637.1808 199.05804
25007 646.8285 199.24637
25025 646.8285 199.24637
25041 656.83276 199.26654
25058 656.83276 199.26654
25076 664.6583 199.8406
25092 664.6583 199.8406
25109 694.95026 193.52644
25126 694.95026 193.52644
25143 723.7555 189.2373
25160 723.7555 189.2373
25177 745.2046 187.20801
25194 765.40894 184.84998
25211 765.40894 184.84998
25228 765.40894 184.84998
25246 780.0985 183.1662
25262 780.0985 183.1662
25279 792.1568 180.88611
25296 792.1568 180.88611
25313 800.4057 179.93863
25330 800.4057 179.93863
25347 806.0913 176.00565
25364 806.0913 176.00565
25381 811.41565 172.80754
25398 818.02216 171.97319
25415 818.02216 171.97319
25432 816.68274 171.49887
25449 816.68274 171.49887
25466 821.34485 173.13776
25483 821.34485 173.13776
25500 824.05176 172.04765
25517 824.05176 172.04765
25535 824.05176 172.04765
25551 825.182 172.37555
25568 825.182 172.37555
25585 819.73914 171.55028
25602 802.05194 185.7604
25620 802.05194 185.7604
25636 780.9839 200.61197
25654 780.9839 200.61197
25670 769.4034 210.84822
25687 769.4034 210.84822
25705 758.53467 221.1785
25721 758.53467 221.1785
25738 752.478 228.77042
25756 752.478 228.77042
25772 747.3483 236.95743
25789 747.3483 236.95743
25807 779.0925 247.57845
25823 779.0925 247.57845
25840 768.0908 251.67441
25857 768.0908 251.67441
25874 768.0908 251.67441
25891 759.3259 257.4521
25908 749.4608 257.59134
25925 749.4608 257.59134
25942 741.8618 257.7415
25960 736.4105 259.5381
25976 736.4105 259.5381
25993 736.4105 259.5381
26010 731.65674 259.28064
26028 731.65674 259.28064
26045 730.91846 259.88617
26061 730.91846 259.88617
26078 726.56665 257.83875
26095 726.56665 257.83875
26112 724.52814 257.5883
26130 724.52814 257.5883
26146 723.2788 256.32047
26163 721.05206 257.96658
26180 721.05206 257.96658
26197 717.355 256.9465
26214 717.355 256.9465
26232 716.5743 257.46628
26248 716.5743 257.46628
26265 715.5996 257.50534
26283 715.5996 257.50534
26299 715.5996 257.50534
26316 713.00726 243.32173
26334 713.00726 243.32173
26351 708.2915 213.7641
26367 695.2388 191.78656
26384 695.2388 191.78656
26401 695.2388 191.78656
26418 689.50385 198.27458
26435 689.50385 198.27458
26453 684.301 202.78986
26469 681.8245 207.3798
26486 681.8245 207.3798
26503 681.8245 207.3798
26520 678.91644 213.27776
26537 676.3832 215.24542
26554 676.3832 215.24542
26572 674.6084 219.20406
26588 674.6084 219.20406
26605 675.9403 222.30984
26622 675.9403 222.30984
26640 673.4829 224.36511
26656 673.4829 224.36511
26673 670.7357 226.59122
26690 670.7357 226.59122
26707 669.9084 230.44308
26724 669.9084 230.44308
26742 678.48065 201.52646
26758 701.119 191.72482
26775 701.119 191.72482
26792 701.119 191.72482
26810 718.6317 183.67007
26826 718.6317 183.67007
26843 741.0731 191.61374
26860 741.0731 191.61374
26877 749.64087 186.46918
26894 749.64087 186.46918
26912 764.5248 196.08356
26928 777.70374 201.85321
26945 777.70374 201.85321
26962 787.83887 204.52293
26979 787.83887 204.52293
26996 797.60114 207.1249
27013 797.60114 207.1249
27030 797.60114 207.1249
27047 803.42053 210.46738
27064 803.42053 210.46738
27081 807.2263 212.73376
27099 807.2263 212.73376
27115 809.3643 215.39633
27132 810.89874 215.58774
27150 810.89874 215.58774
27166 811.55334 216.26712
27183 811.55334 216.26712
27200 812.9508 217.66513
27217 812.9508 217.66513
27234 814.4597 217.95187
27251 814.4597 217.95187
27268 814.4597 217.95187
27285 817.99493 220.57912
27303 816.5324 222.30869
27319 816.5324 222.30869
27336 816.7221 219.34323
27353 816.7221 219.34323
27370 815.3346 220.47992
27387 815.3346 220.47992
27404 814.7997 220.74522
27421 814.7997 220.74522
27438 814.5421 221.31024
27455 814.5421 221.31024
27473 815.898 224.26674
27489 815.898 224.26674
27506 814.6328 228.22029
27523 814.6328 228.22029
27541 814.7988 229.28181
27557 814.7988 229.28181
27574 815.99194 230.67316
27591 815.99194 230.67316
27608 815.68884 232.21584
27625 815.68884 232.21584
27642 816.3853 235.07263
27659 816.3853 235.07263
27676 819.2408 235.25974
27694 821.8446 234.96304
27710 821.8446 234.96304
27727 819.9509 237.26607
27744 819.9509 237.26607
27761 819.7963 239.48541
27778 819.7963 239.48541
27795 822.35547 237.54959
27812 822.35547 237.54959
27829 822.35547 237.54959
27846 823.0887 236.87314
27863 823.0887 236.87314
27880 806.0579 279.0744
27897 794.0792 329.76163
27914 794.0792 329.76163
27931 774.2269 387.286
27948 774.2269 387.286
27965 759.7766 437.3038
27982 759.7766 437.3038
27999 745.236 475.04752
28017 745.236 475.04752
28033 745.236 475.04752
28050 746.50323 487.40863
28067 742.3647 506.98874
28084 742.3647 506.98874
28101 736.3385 526.72546
28118 736.3385 526.72546
28135 731.08496 540.7674
28152 731.08496 540.7674
28170 726.3076 557.93445
28186 726.3076 557.93445
28203 723.9404 572.8363
28221 723.9404 572.8363
28237 717.86523 588.5026
28254 717.86523 588.5026
28271 715.27673 599.648
28288 705.4346 605.69635
28305 705.4346 605.69635
28322 700.7305 596.6236
28339 700.7305 596.6236
28356 700.7305 596.6236
28374 699.9041 605.79736
28390 699.9041 605.79736
28408 700.12744 613.00415
28424 700.12744 613.00415
28441 701.52875 615.79944
28458 699.4015 621.1139
28475 699.4015 621.1139
28492 698.0788 629.4462
28509 698.0788 629.4462
28526 698.3794 630.35187
28543 698.3794 630.35187
28561 698.3794 630.35187
28577 695.26874 633.6278
28594 695.26874 633.6278
28611 702.304 619.1656
28629 702.304 619.1656
28645 705.24414 616.2912
28662 703.6113 621.08405
28679 703.6113 621.08405
28696 704.0358 625.58276
28714 704.0358 625.58276
28730 694.3685 632.1362
28747 694.3685 632.1362
28764 696.06146 632.1193
28782 696.06146 632.1193
28798 696.06146 632.1193
28815 697.72534 632.15546
28832 697.72534 632.15546
28850 698.59644 632.8842
28867 704.8526 585.3566
28884 704.8526 585.3566
28900 711.5679 542.943
28917 711.5679 542.943
28934 719.7596 513.1259
28951 719.7596 513.1259
28968 725.41705 488.66815
28985 725.41705 488.66815
29002 725.41705 488.66815
29019 732.9019 467.21228
29036 732.9019 467.21228
29054 745.7617 450.12234
29070 773.9713 405.1757
29088 773.9713 405.1757
29104 767.16235 399.4356
29121 767.16235 399.4356
29138 772.5132 403.86765
29155 772.5132 403.86765
29172 775.48346 403.36603
29189 775.48346 403.36603
29206 770.77856 395.44504
29223 770.77856 395.44504
29240 763.59735 388.25977
29258 763.59735 388.25977
29274 770.75305 392.9283
29291 770.75305 392.9283
29309 775.7044 396.56128
29325 775.7044 396.56128
29342 777.386 400.26495
29360 777.386 400.26495
29376 778.3086 401.17728
29393 778.3086 401.17728
29410 795.61707 363.80566
29428 795.61707 363.80566
29445 783.235 364.76416
29461 775.1208 365.4405
29478 775.1208 365.4405
29500 775.1208 365.4405
29512 775.1208 365.4405
29529 791.3588 337.84714
29546 779.6877 344.60492
29563 779.6877 344.60492
29580 780.14014 359.39352
29598 780.14014 359.39352
29614 776.41205 362.77185
29632 778.33575 374.98828
29648 778.33575 374.98828
29665 771.3559 383.09027
29682 771.3559 383.09027
29699 778.7923 390.94788
29716 778.7923 390.94788
29733 784.4084 397.0137
29750 784.4084 397.0137
29767 786.2494 402.31677
29784 786.2494 402.31677
29802 786.2494 402.31677
29818 785.98584 406.9876
29835 786.7176 410.60724
29852 786.7176 410.60724
29870 786.10675 413.28152
29886 786.10675 413.28152
29903 789.87994 417.80945
29920 789.87994 417.80945
29938 790.5615 419.0675
29954 790.5615 419.0675
29971 791.79407 416.85373
29988 791.79407 416.85373
30005 793.2207 412.93866
