0 96.72723 16.869328 297.625 468.375 336.0 432.0
18 96.72723 16.869328 297.76128878990846 468.51128878990846 326.9581694712406 422.9581694712406
34 77.38178 13.495462 298.1111703954607 468.8611703954607 318.92762829531256 414.92762829531256
51 77.38178 13.495462 298.7185140048509 469.4685140048509 310.4087391863609 406.4087391863609
68 61.905426 10.7963705 299.56810583748677 470.31810583748677 301.91059046864586 397.91059046864586
85 61.905426 10.7963705 300.6592573431978 471.4092573431978 293.44006945149073 389.44006945149073
102 49.52434 8.637096 301.9910842002114 472.7410842002114 285.00404105339845 381.00404105339845
119 49.52434 8.637096 303.56250703184975 474.31250703184975 276.6093422383909 372.6093422383909
136 39.619473 6.909677 305.37225228130916 476.12225228130916 268.2627764750041 364.2627764750041
153 31.695578 5.527742 307.4188532438116 478.1688532438116 259.9711082224287 355.9711082224287
170 31.695578 5.527742 309.7006512552929 480.4506512552929 251.74105744826687 347.7410574482669
187 31.695578 5.527742 312.21579703666407 482.96579703666407 243.57929418234613 339.57929418234613
205 165.97658 102.827835 315.13096515083794 485.88096515083794 235.0192083877314 331.0192083877314
221 165.97658 102.827835 317.93779086333535 488.68779086333535 227.48702821623766 323.48702821623766
238 273.66602 187.06723 321.14000152904384 491.89000152904384 219.5695674640201 315.5695674640201
255 273.66602 187.06723 324.5662889638151 495.3162889638151 211.74646754616077 307.7464675461608
272 364.26855 250.36221 328.2138763391684 498.9638763391684 204.0240686798987 300.02406867989873
289 364.26855 250.36221 332.0798074744846 502.8298074744846 196.40862946948707 292.4086294694871
307 430.44037 305.92862 336.4076486363828 507.1576486363828 188.46866317091627 284.4686631709163
323 430.44037 305.92862 340.4539940602396 511.2039940602396 181.52322600490484 277.5232260049048
340 488.20078 352.11136 344.9554626662418 515.7054626662418 174.26532559916362 270.2653255991636
357 488.20078 352.11136 349.6617068437197 520.4117068437197 167.13850276900726 263.13850276900723
374 532.90674 376.93512 354.5689124255555 525.3189124255555 160.14853343516307 256.1485334351631
392 527.1272 370.43402 359.9793956887837 530.7293956887837 152.90284887099742 248.90284887099742
408 527.1272 370.43402 364.97014001297055 535.7201400129705 146.601699784777 242.601699784777
425 526.2458 360.89066 370.45573236238414 541.2057323623842 140.05581447516937 236.05581447516937
442 526.2458 360.89066 376.12543363562395 546.875433635624 133.66873177782583 229.66873177782583
459 528.8286 356.91196 381.9746488335043 552.7246488335043 127.44562809241546 223.44562809241546
476 528.8286 356.91196 387.9986374701024 558.7486374701024 121.39154692211227 217.39154692211227
493 531.32336 353.2259 394.1925174146769 564.9425174146769 115.51139478609738 211.51139478609738
510 531.32336 353.2259 400.5512688483818 571.3012688483818 109.8099372430793 205.8099372430793
527 534.94135 352.4401 407.06973833256984 577.8197383325698 104.29179502905546 200.29179502905546
544 534.94135 352.4401 413.7426429853873 584.4926429853873 98.96144031244515 194.96144031244515
561 538.6674 351.28033 420.564574763276 591.314574763276 93.82319306962836 189.82319306962836
578 538.6674 351.28033 427.53000484391305 598.280004843913 88.88121758382923 184.88121758382923
595 545.02026 353.82245 434.6332881070341 605.3832881070341 84.13951907017963 180.13951907017963
612 545.02026 353.82245 441.86866770951156 612.6186677095116 79.60194042970028 175.60194042970028
629 548.6387 359.8797 449.2302797509776 619.9802797509776 75.27215913482809 171.2721591348281
646 548.6387 359.8797 456.71215802621145 627.4621580262115 71.15368424901567 167.15368424901567
663 550.68353 359.7704 464.3082388604396 635.0582388604396 67.24985358281685 163.24985358281685
681 550.68353 359.7704 472.4687817222184 643.2187817222184 63.353853820736504 159.3538538207365
697 553.0873 358.41583 479.81829571979983 650.5682957197998 60.09860379723074 156.09860379723074
714 553.0873 358.41583 487.71970164728384 658.4697016472838 56.85698039535282 152.85698039535282
731 570.30347 367.63458 495.7101801258791 666.4601801258791 53.84158795097835 149.84158795097835
748 570.30347 367.63458 503.783255286693 674.533255286693 51.0548702834833 147.0548702834833
765 583.5124 374.71857 511.93238432050157 682.6823843205016 48.49908588318232 144.49908588318232
782 583.5124 374.71857 520.1509627803556 690.9009627803556 46.176306080939696 142.1763060809397
799 593.8327 379.69745 528.4323299341439 699.1823299341439 44.08841336946284 140.08841336946284
816 593.8327 379.69745 536.7697741627716 707.5197741627716 42.23709987763954 138.23709987763954
833 604.07336 387.16748 545.156538399579 715.906538399579 40.62386599915499 136.623865999155
850 604.07336 387.16748 553.585825606595 724.335825606595 39.25001917650059 135.2500191765006
867 615.9496 393.80664 562.0508042831839 732.8008042831839 38.116672841359446 134.11667284135945
884 615.9496 393.80664 570.5446140026227 741.2946140026227 37.2247455122278 133.2247455122278
901 623.3175 396.63327 579.0603709721212 749.8103709721212 36.574960050003085 132.57496005000309
918 628.2118 405.34662 587.5911736117806 758.3411736117806 36.167843072143 132.167843072143
935 628.2118 405.34662 596.1301081479654 766.8801081479654 36.00372452586896 132.00372452586896
952 635.3645 410.36047 604.6702542165596 775.4202542165596 36.08273742076125 132.08273742076125
969 635.3645 410.36047 613.2046904715623 783.9546904715623 36.40481772096149 132.4048177209615
986 640.9957 411.76062 621.7265001944813 792.4765001944813 36.96970439707047 132.96970439707047
1003 640.9957 411.76062 630.2287768999744 800.9787768999744 37.77693963769889 133.7769396376989
1020 640.9957 411.76062 638.7046299331981 809.4546299331981 38.82586922049978 134.82586922049978
1037 643.4578 413.3249 647.1471900543268 817.8971900543268 40.115643042381976 136.11564304238198
1054 643.4578 413.3249 655.5496150057149 826.2996150057149 41.645215808474234 137.64521580847423
1072 649.9543 413.2661 664.3949870000625 835.1449870000625 43.52475517402934 139.52475517402934
1088 649.9543 413.2661 672.2068585250034 842.9568585250034 45.41860627535635 141.41860627535635
1105 655.17334 416.92194 680.4481772598931 851.1981772598931 47.65936583863811 143.6593658386381
1122 662.8208 427.1381 688.6223720999366 859.3723720999366 50.133810549576026 146.13381054957603
1139 662.8208 427.1381 696.7228182836474 867.4728182836474 52.839934998910564 148.83993499891056
1156 668.2473 437.40384 704.742950819005 875.492950819005 55.77554601295549 151.7755460129555
1173 668.2473 437.40384 712.6762698040402 883.4262698040402 58.93826443105149 154.9382644310515
1190 671.0963 441.71988 720.5163456946693 891.2663456946693 62.32552703375262 158.32552703375262
1207 671.0963 441.71988 728.2568245155068 899.0068245155068 65.93458862018292 161.93458862018292
1224 673.9363 447.8673 735.8914330094331 906.6414330094331 69.76252423287974 165.76252423287974
1241 673.9363 447.8673 743.413983721744 914.163983721744 73.80623152831976 169.80623152831976
1258 673.9363 447.8673 750.8183800147626 921.5683800147626 78.06243329120804 174.06243329120804
1276 680.599 451.49265 758.5228774307536 929.2728774307536 82.79677522140798 178.79677522140798
1292 680.599 451.49265 765.2488064458005 935.9988064458005 87.19835307494287 183.19835307494287
1309 683.02 455.69745 772.263141470708 943.013141470708 92.0706669060545 188.0706669060545
1326 686.3796 458.71707 779.1359413283826 949.8859413283826 97.14067282585665 193.14067282585665
1343 686.3796 458.71707 785.8616359705578 956.6116359705578 102.40426185718263 198.40426185718263
1360 685.5937 461.72073 792.434774570124 963.184774570124 107.85716813378187 203.85716813378187
1378 685.5937 461.72073 799.2223693489477 969.9723693489477 113.83226905874935 209.83226905874935
1394 685.24365 463.1875 805.1022028442499 975.8522028442499 119.31310538030687 215.31310538030687
1411 685.24365 463.1875 811.1862262243785 981.9362262243785 125.30685190652298 221.30685190652298
1429 685.4688 466.65558 817.4393786828404 988.1893786828404 131.83918367062486 227.83918367062486
1445 685.4688 466.65558 822.8302415379586 993.5802415379586 137.80161659632608 233.80161659632608
1462 686.2296 467.21274 828.3807966001699 999.1307966001699 144.29250840037312 240.29250840037312
1479 686.2296 467.21274 833.7443360426164 1004.4943360426164 150.93876919572267 246.93876919572267
1497 687.1078 470.16568 839.2147089352587 1009.9647089352587 158.13934516994212 254.13934516994212
1513 687.1078 470.16568 843.8931356740757 1014.6431356740757 164.675730406883 260.67573040688296
1530 685.4908 472.84897 848.6701707867052 1019.4201707867052 171.7552977272204 267.7552977272204
1547 685.4908 472.84897 853.2437467928016 1023.9937467928016 178.96797687071094 274.9679768707109
1564 685.94824 473.09702 857.6101570459276 1028.3601570459277 186.30792233453255 282.3079223345326
1582 685.94824 473.09702 862.0036814969314 1032.7536814969314 194.2117326082863 290.2117326082863
1598 727.3733 446.22644 865.7074960610505 1036.4574960610505 201.34571931915121 297.3457193191512
1615 727.3733 446.22644 869.4318623492258 1040.1818623492259 209.03138348446487 305.03138348446487
1633 581.8986 356.98117 873.1351439647128 1043.8851439647128 217.28117010118746 313.28117010118746
1649 581.8986 356.98117 876.2168989033121 1046.966898903312 224.7051040458423 320.7051040458423
1666 465.5189 285.58493 879.2720702485676 1050.0220702485676 232.6804577033056 328.6804577033056
1683 372.41513 228.46794 882.0989812329851 1052.8489812329851 240.73954649774532 336.7395464977453
1700 372.41513 228.46794 884.6953407916484 1055.4453407916485 248.87583895516212 344.8758389551621
1717 297.9321 182.77435 887.0590447096293 1057.8090447096292 257.08274103198784 353.08274103198784
1735 297.9321 182.77435 889.3060775952 1060.0560775952 265.8419714294728 361.8419714294728
1751 238.34569 146.21948 891.0810130930984 1061.8310130930984 273.6817171329047 369.6817171329047
1768 238.34569 146.21948 892.7360179615537 1063.4860179615537 282.0603385467098 378.0603385467098
1786 238.34569 146.21948 894.2276611419293 1064.9776611419293 290.97932248926173 386.97932248926173
1802 190.67656 116.975586 895.3273636603816 1066.0773636603817 298.94190141113677 394.94190141113677
1820 190.67656 116.975586 896.3090288345896 1067.0590288345898 307.9313178232743 403.9313178232743
1836 152.54124 93.58047 896.9538155200738 1067.703815520074 315.9435746118702 411.9435746118702
1853 152.54124 93.58047 897.4034362013994 1068.1534362013995 324.4722426880359 420.4722426880359
1870 122.033 74.86437 897.6101019890048 1068.3601019890048 333.01025341435343 429.01025341435343
1887 97.626396 59.8915 897.5736453909749 1068.323645390975 341.5506871754069 437.5506871754069
1904 97.626396 59.8915 897.2940959534936 1068.0440959534935 350.08662239203596 446.08662239203596
1921 236.56137 150.59798 896.7716802368993 1067.5216802368993 358.6111411309172 454.6111411309172
1938 236.56137 150.59798 896.0068216320687 1066.7568216320687 367.1173347111916 463.1173347111916
1955 349.438 183.60187 895.0001400172805 1065.7501400172805 375.5983093035911 471.5983093035911
1972 349.438 183.60187 893.7524512558361 1064.5024512558361 384.04719151753216 480.04719151753216
1989 430.72983 245.18063 892.2647665348454 1063.0147665348454 392.4571339716405 488.4571339716405
2006 430.72983 245.18063 890.5382915457113 1061.2882915457112 400.8213208432003 496.8213208432003
2023 430.72983 245.18063 888.5744255069792 1059.3244255069792 409.13297339202586 505.13297339202586
2040 490.89185 295.70782 886.3747600303433 1057.1247600303432 417.385355454278 513.3853554542779
2057 490.89185 295.70782 883.9410778307275 1054.6910778307274 425.5717789017766 521.5717789017766
2074 543.76605 334.88007 881.2753512814876 1052.0253512814875 433.68560906238275 529.6856090623828
2091 543.76605 334.88007 878.3797408159044 1049.1297408159044 441.7202700970553 537.7202700970553
2108 583.8807 367.83856 875.2565931762647 1046.0065931762647 449.6692503292295 545.6692503292295
2125 616.1461 399.4182 871.9084395119482 1042.6584395119482 457.52610752219204 553.526107522192
2142 616.1461 399.4182 868.3379933280626 1039.0879933280626 465.2844741001809 561.2844741001809
2159 492.9169 319.53458 864.5481482862865 1035.2981482862865 472.9380623089762 568.9380623089762
2176 492.9169 319.53458 860.5419758597092 1031.291975859709 480.4806693117979 576.4806693117979
2194 492.9169 319.53458 856.0679679827582 1026.817967982758 488.339201456037 584.339201456037
2210 492.9169 319.53458 851.8938087238421 1022.6438087238421 495.20858302917645 591.2085830291765
2227 492.9169 319.53458 847.2588229060326 1018.0088229060326 502.38195353258584 598.3819535325858
2244 537.07367 350.6446 842.4215218060378 1013.1715218060378 509.42048008140796 605.420480081408
2261 554.7343 365.55698 837.3858258058228 1008.1358258058228 516.3184583144773 612.3184583144773
2279 554.7343 365.55698 831.8422069588121 1002.5922069588121 523.4627962141102 619.4627962141102
2295 580.5933 389.73627 826.7357312689596 997.4857312689596 529.6705264551181 625.6705264551181
2312 580.5933 389.73627 821.1299640822481 991.8799640822481 536.1137952031119 632.1137952031119
2329 602.06104 403.65784 815.3430576999276 986.0930576999276 542.394882086187 638.394882086187
2346 602.06104 403.65784 809.379702109853 980.129702109853 548.5086966087915 644.5086966087915
2363 618.5972 418.10263 803.2447303028227 973.9947303028227 554.4502838409564 650.4502838409564
2381 618.5972 418.10263 796.5673499372441 967.3173499372441 560.5483052740481 656.5483052740481
2397 629.96106 426.1947 790.4799614017456 961.2299614017456 565.7976585231695 661.7976585231695
2414 629.96106 426.1947 783.8605094916655 954.6105094916655 571.1942495138428 667.1942495138428
2431 639.23975 437.17526 777.0901233483269 947.8401233483269 576.4002277485814 672.4002277485814
2448 639.23975 437.17526 770.1742900189863 940.9242900189863 581.4113740517007 677.4113740517007
2465 649.5371 444.84238 763.1186144283101 933.8686144283101 586.2236271487043 682.2236271487043
2482 655.70087 450.2129 755.9288148358737 926.6788148358737 590.8330869577367 686.8330869577367
2499 655.70087 450.2129 748.6107182018081 919.3607182018081 595.2360177503971 691.2360177503971
2516 655.70087 450.2129 741.17025546435 911.92025546435 599.4288511793545 695.4288511793545
2533 663.0897 454.66846 733.6134567331254 904.3634567331254 603.4081891703074 699.4081891703074
2551 663.0897 454.66846 725.4921459641587 896.2421459641587 607.3853219740902 703.3853219740902
2567 667.25323 460.17383 718.1754381858558 888.9254381858558 610.7136542896951 706.7136542896951
2585 667.25323 460.17383 709.8409582546325 880.5909582546325 614.2221750921277 710.2221750921277
2601 671.99274 463.20154 702.346699277214 873.096699277214 617.1287351027865 713.1287351027865
2618 671.99274 463.20154 694.3017969577133 865.0517969577133 619.9957692114392 715.9957692114392
2636 673.50006 468.79346 685.6984050251664 856.4484050251664 622.7805351262059 718.7805351262059
2652 673.50006 468.79346 677.9835211872297 848.7335211872297 625.0372088029525 721.0372088029525
2669 677.0057 469.63547 669.7233728534557 840.4733728534557 627.2075284601758 723.2075284601758
2686 679.81433 472.2671 661.4047925232513 832.1547925232513 629.1418395004217 725.1418395004217
2703 679.81433 472.2671 653.0345219750633 823.7845219750633 630.8385742647915 726.8385742647915
2720 679.75964 473.53714 644.6193448795832 815.3693448795832 632.296357637651 728.296357637651
2737 679.75964 473.53714 636.1660813019316 806.9160813019316 633.5140081610913 729.5140081610913
2755 680.1448 474.64694 627.1816681050749 797.9316681050749 634.5404551656717 730.5404551656717
2771 680.1448 474.64694 619.1727237438794 789.9227237438794 635.2251587040392 731.2251587040392
2788 680.1448 474.64694 610.6464019995067 781.3964019995067 635.7172719246712 731.7172719246712
2805 678.4844 475.8291 602.1095270833351 772.8595270833351 635.9664798220608 731.9664798220608
2822 678.4844 475.8291 593.5690176902656 764.3190176902656 635.9725804261168 731.9725804261168
2839 678.881 478.29395 585.0317954607539 755.7817954607539 635.7355687926154 731.7355687926154
2857 678.7352 480.71042 576.0036557812324 746.7536557812324 635.2198480618783 731.2198480618783
2873 678.7352 480.71042 567.9948801263789 738.7448801263789 634.5331740297464 730.5331740297464
2890 680.3605 482.19788 559.5089945588649 730.2589945588649 633.5687653790487 729.5687653790487
2907 680.3605 482.19788 551.0540000393138 721.8040000393138 632.3631926583694 728.3631926583694
2924 679.94293 483.6444 542.6367489028069 713.3867489028069 630.9174329219486 726.9174329219486
2942 679.94293 483.6444 533.7730850152877 704.5230850152877 629.1261382967836 725.1261382967836
2958 673.7453 513.8265 525.9427276452934 696.6927276452934 627.3102329649023 723.3102329649023
2975 673.7453 513.8265 517.6794871637487 688.4294871637487 625.1517161929854 721.1517161929854
2992 664.7386 556.2947 509.48103837910116 680.2310383791012 622.7588569334407 718.7588569334407
3009 664.7386 556.2947 501.3540257094023 672.1040257094023 620.1335944747455 716.1335944747455
3026 660.568 589.01904 493.3050356774336 664.0550356774336 617.278056456131 713.278056456131
3044 660.568 589.01904 484.8748660899855 655.6248660899855 614.0061281757542 710.0061281757542
3060 654.00256 615.2443 477.46714816449344 648.2171481644934 610.8855955525434 706.8855955525434
3077 654.00256 615.2443 469.691086470933 640.441086470933 607.3538534259965 703.3538534259965
3094 651.52484 636.03955 462.0187085871838 632.7687085871838 603.6021930576474 699.6021930576474
3112 651.52484 636.03955 454.01493504921393 624.7649350492139 599.3935254421243 695.3935254421243
3128 647.10596 651.17145 447.00978743869564 617.7597874386956 595.4514554692516 691.4514554692516
3145 647.10596 651.17145 439.68540812706976 610.4354081270698 591.058983999804 687.058983999804
3162 642.6146 664.8323 432.4890306732291 603.2390306732291 586.4598004361334 682.4598004361334
3179 642.6146 664.8323 425.4264873683203 596.1764873683203 581.6576321782761 677.6576321782761
3196 639.3923 676.13245 418.50350203784535 589.2535020378454 576.6563711348483 672.6563711348483
3213 639.3923 676.13245 411.72568540279684 582.4756854027969 571.4600705688548 667.4600705688548
3230 636.30383 688.20245 405.09853053246013 575.8485305324601 566.0729418127313 662.0729418127313
3247 639.9859 683.54126 398.6274083925641 569.3774083925641 560.4993508552757 656.4993508552757
3264 639.9859 683.54126 392.31756349239276 563.0675634923928 554.7438148032415 650.7438148032415
3281 639.9859 683.54126 386.17410963438175 556.9241096343817 548.8109982204569 644.8109982204569
3298 646.55646 645.07385 380.2020257696452 550.9520257696452 542.7057093474355 638.7057093474355
3316 646.55646 645.07385 374.0708068390105 544.8208068390105 536.0587981572892 632.0587981572892
3332 653.1273 613.8135 368.7911854693228 539.5411854693227 529.9976425819129 625.9976425819129
3349 653.1273 613.8135 363.3616769287074 534.1116769287074 523.4051639192346 619.4051639192346
3366 659.6477 591.57556 358.12202667636814 528.8720266763681 516.6608030789737 612.6608030789737
3383 659.6477 591.57556 353.07648117741576 523.8264811774158 509.7700260162269 605.7700260162269
3401 663.13916 569.9013 347.9502481623738 518.7002481623738 502.3205287834901 598.3205287834901
3417 663.13916 569.9013 343.58390042682595 514.333900426826 495.5716758314352 591.5716758314352
3434 668.6707 558.13794 339.144558420162 509.894558420162 488.2756097367269 584.2756097367269
3451 674.08386 547.37854 334.91470142185455 505.66470142185455 480.85613214835485 576.8561321483548
3469 674.08386 547.37854 330.668167657697 501.418167657697 472.8723845988062 568.8723845988062
3485 674.7365 539.4791 327.0969822152257 497.8469822152257 465.6710900449318 561.6710900449318
3502 674.7365 539.4791 323.5154558633554 494.2654558633554 457.9178322199049 553.9178322199049
3519 678.10333 530.0211 320.1560810978608 490.9060810978608 450.06576630732854 546.0657663073285
3536 678.10333 530.0211 317.0215805179704 487.7715805179704 442.1212559998803 538.1212559998803
3553 678.10333 530.0211 314.1144944740342 484.8644944740342 434.0907399116313 530.0907399116313
3570 680.5392 522.97687 311.4371790087004 482.1871790087004 425.9807263598813 521.9807263598814
3587 680.5392 522.97687 308.9918039474663 479.7418039474663 417.79778809050777 513.7977880905078
3604 679.231 519.5818 306.780351140146 477.530351140146 409.5485569510936 505.5485569510936
3621 679.231 519.5818 304.80461285468476 475.55461285468476 401.23971851615926 497.23971851615926
3638 684.98975 515.93585 303.06619032461737 473.81619032461737 392.87800666884965 488.87800666884965
3655 547.9918 412.7487 301.5664924513526 472.3164924513526 384.4701981434725 480.4701981434725
3672 547.9918 412.7487 300.30673466233077 471.05673466233077 376.02310703330426 472.02310703330426
3690 438.39346 330.19894 299.23553131423415 469.98553131423415 367.043920136258 463.043920136258
3706 438.39346 330.19894 298.5109279242903 469.2609279242903 359.03848706593226 455.03848706593226
3723 350.71478 264.15915 297.97633438360816 468.72633438360816 350.5147233633919 446.5147233633919
3740 350.71478 264.15915 297.68459056430925 468.43459056430925 341.9791962294431 437.9791962294431
3757 280.57184 211.32732 417.64906576024066 588.3990657602407 333.056686471707 429.056686471707
3774 280.57184 211.32732 417.99123095517183 588.7412309551719 324.5235450269113 420.5235450269113
3791 280.57184 211.32732 418.73774721758974 589.4877472175897 316.01623679178385 412.01623679178385
3808 224.45747 169.06186 419.88693415828243 590.6369341582824 307.553911501838 403.553911501838
3825 179.56598 135.2495 421.43620498653286 592.1862049865329 299.15561763711503 395.15561763711503
3842 179.56598 135.2495 423.3820723329198 594.1320723329197 290.84025954453836 386.84025954453836
3859 272.22113 222.2264 425.72015609929747 596.4701560992975 282.62655488470796 378.62655488470796
3876 272.22113 222.2264 428.4451933182859 599.1951933182859 274.53299249891984 370.53299249891984
3893 337.2264 228.22435 431.55105000007745 602.3010500000775 266.5777907912517 362.5777907912517
3910 337.2264 228.22435 435.03073493989234 605.7807349398923 258.7788567193968 354.7788567193968
3927 411.35883 245.2324 438.876415455004 609.626415455004 251.15374548655507 347.15374548655507
3944 411.35883 245.2324 443.0794350159092 613.8294350159092 243.71962102511617 339.71962102511617
3961 485.89526 263.75006 447.6303327319572 618.3803327319572 236.49321736108072 332.4932173610807
3978 485.89526 263.75006 452.518864647575 623.268864647575 229.49080094619188 325.4908009461919
3995 541.4526 280.39096 457.734026801152 628.484026801152 222.7281340425647 318.7281340425647
4012 569.89514 313.10028 463.26407999467915 634.0140799946792 216.22043924223226 312.22043924223226
4030 569.89514 313.10028 469.44880561963384 640.1988056196338 209.62411941289355 305.62411941289355
4046 569.89514 313.10028 475.21838667089924 645.9683866708992 204.0279536670738 300.0279536670738
4063 590.72394 343.50073 481.6157313118342 652.3657313118342 198.37060786867886 294.37060786867886
4080 590.72394 343.50073 488.27420988032543 659.0242098803254 193.0230623484931 289.0230623484931
4097 604.60986 368.7585 495.1788343096449 665.9288343096449 187.9973542961332 283.9973542961332
4114 604.60986 368.7585 502.31406246496294 673.064062464963 183.30479645322103 279.304796453221
4131 616.5126 390.4305 509.66383312829794 680.4138331282979 178.95595164869005 274.9559516486901
4148 616.5126 390.4305 517.2116021519138 687.9616021519138 174.9606090221234 270.96060902212344
4165 625.46265 411.14774 524.9403796987771 695.6903796987771 171.32776198864897 267.32776198864894
4182 625.46265 411.14774 532.8327684862486 703.5827684862486 168.06558799499004 264.06558799499004
4199 632.1892 427.6016 540.8710029469295 711.6210029469295 165.1814301122385 261.1814301122385
4216 640.9615 436.47205 549.0369892185008 719.7869892185008 162.68178050678887 258.68178050678887
4233 640.9615 436.47205 557.3123458725511 728.0623458725511 160.57226582663537 256.5722658266354
4250 646.5349 445.61426 565.678445290706 736.428445290706 158.85763453593017 254.85763453593017
4267 646.5349 445.61426 574.1164555949256 744.8664555949256 157.54174622631027 253.54174622631027
4284 651.61566 452.37668 582.6073830375866 753.3573830375866 156.6275629290547 252.6275629290547
4301 651.61566 452.37668 591.132114755926 761.882114755926 156.1171424476271 252.1171424476271
4318 651.61566 452.37668 599.6714617946108 770.4214617946108 156.01163372561214 252.01163372561214
4335 657.7334 452.75012 608.206202299593 778.956202299593 156.31127426047263 252.31127426047263
4352 657.7334 452.75012 616.7171247860152 787.4671247860152 157.01538956894865 253.01538956894865
4369 662.20984 457.9567 625.1850713827765 795.9350713827765 158.12239470530233 254.12239470530233
4386 662.8208 463.396 633.5909809564164 804.3409809564164 159.6297978289907 255.6297978289907
4404 662.8208 463.396 642.4027122819134 813.1527122819134 161.65850613580778 257.6585061358078
4420 662.4196 466.03928 650.1411853111272 820.8911853111272 163.83133188536496 259.831331885365
4437 662.4196 466.03928 658.2482260010909 828.9982260010909 166.5160052712332 262.5160052712332
4454 665.559 471.16324 666.2188053437343 836.9688053437343 169.58218283949915 265.5821828394992
4471 665.559 471.16324 674.0349817666976 844.7849817666976 173.0229627020636 269.02296270206364
4488 669.90594 473.06122 681.6791612546845 852.4291612546845 176.83059975054408 272.8305997505441
4505 669.90594 473.06122 689.1341369531456 859.8841369531456 180.99652309031762 276.9965230903176
4522 670.64526 476.7692 696.3831279004737 867.1331279004737 185.51135533338842 281.51135533338845
4539 670.64526 476.7692 703.4098168015221 874.1598168015221 190.36493370665013 286.36493370665016
4556 670.64526 476.7692 710.1983867574248 880.9483867574248 195.54633292803192 291.5463329280319
4573 672.0642 481.82074 716.733556869033 887.483556869033 201.0438897990301 297.0438897990301
4590 672.0642 481.82074 723.0006166338345 893.7506166338345 206.8452294582745 302.8452294582745
4607 671.55005 483.62622 728.9854590589218 899.7354590589218 212.9372932370277 308.9372932370277
4624 673.9791 486.21564 734.6746124154753 905.4246124154753 219.30636805391646 315.30636805391646
4641 673.9791 486.21564 740.0552705632856 910.8052705632856 225.93811728273374 321.93811728273374
4658 675.3724 489.4925 745.1153217770493 915.8653217770493 232.81761302381858 328.8176130238186
4675 675.3724 489.4925 749.8433760095571 920.5933760095571 239.9293697063817 335.9293697063817
4692 675.51263 491.00598 754.2287905304013 924.9787905304013 247.25737894613326 343.25737894613326
4709 675.51263 491.00598 758.2616938824929 929.0116938824929 254.78514557975075 350.78514557975075
4726 674.75305 494.76648 761.9330081024611 932.6830081024611 262.4957247950736 358.4957247950736
4744 674.75305 494.76648 765.4169917624882 936.1669917624882 270.8398319494411 366.8398319494411
4760 676.6251 495.93472 768.1586455346032 938.9086455346032 278.3955232583588 374.3955232583588
4778 676.47955 495.17273 770.8363040348377 941.5863040348377 287.032213093187 383.032213093187
4794 676.47955 495.17273 772.8496793622878 943.5996793622878 294.8136947228397 390.8136947228397
4811 676.47955 495.17273 774.605977411876 945.355977411876 303.17114631399613 399.17114631399613
4828 676.23584 496.11475 775.9638957607996 946.7138957607996 311.60249482388303 407.60249482388303
4845 676.23584 496.11475 776.9203777692248 947.6703777692248 320.08876150040663 416.08876150040663
4862 679.77515 497.71445 777.47327042036 948.22327042036 328.6108439720703 424.6108439720703
4879 679.77515 497.71445 777.6213291668411 948.3713291668411 337.1495592469291 433.1495592469291
4896 678.5788 498.42847 777.3642207321774 948.1142207321774 345.68568689301895 441.68568689301895
4913 678.5788 498.42847 776.7025238609478 947.4525238609478 354.200012303063 450.200012303063
4930 678.90533 499.39545 775.6377280160616 946.3877280160616 362.6733699460652 458.6733699460652
4947 678.90533 499.39545 774.1722300260149 944.9222300260149 371.0866865084376 467.0866865084376
4964 677.4968 500.62845 772.3093286896907 943.0593286896907 379.4210238275436 475.4210238275436
4981 679.109 499.49823 770.0532173508461 940.8032173508461 387.65762152102405 483.65762152102405
4998 679.109 499.49823 767.4089744590015 938.1589744590015 395.77793921594457 491.77793921594457
5015 676.869 502.78943 764.3825521379785 935.1325521379785 403.7636982827043 499.7636982827043
5032 676.869 502.78943 760.9807627878217 931.7307627878217 411.59692297976756 507.59692297976756
5049 676.869 502.78943 757.2112637502574 927.9612637502574 419.25998091660404 515.259980916604
5066 676.4332 503.994 753.0825400722103 923.8325400722103 426.73562274375536 522.7356227437554
5083 676.4332 503.994 748.6038854061801 919.3538854061801 434.00702098068035 530.0070209806804
5100 673.83844 503.25684 743.7853810904619 914.5353810904619 441.057807893992 537.057807893992
5117 673.83844 503.25684 738.6378734563121 909.3878734563121 447.8721123408068 543.8721123408068
5134 672.62866 504.37134 733.1729494131282 903.9229494131282 454.4345954942897 550.4345954942896
5152 672.62866 504.37134 727.0542686708334 897.8042686708334 461.0922236245453 557.0922236245453
5168 671.6079 505.35077 721.3407445286122 892.0907445286122 466.7456100820642 562.7456100820642
5185 670.5813 503.43777 715.0000976809954 885.7500976809954 472.46642973411736 568.4664297341174
5202 670.5813 503.43777 708.3952424593289 879.1452424593289 477.8800669068827 573.8800669068827
5219 670.3308 501.43185 701.5410462255444 872.2910462255444 482.9743356401059 578.9743356401059
5236 670.3308 501.43185 694.4529376018812 865.2029376018812 487.73776886380733 583.7377688638073
5253 669.45886 503.11624 687.1468717414465 857.8968717414465 492.15964421036574 588.1596442103657
5270 669.45886 503.11624 679.639294413571 850.389294413571 496.2300081502966 592.2300081502966
5287 667.7702 499.67145 671.9471049847989 842.6971049847989 499.93969839739407 595.9396983973941
5304 667.7702 499.67145 664.0876183788416 834.8376183788416 503.28036453280606 599.2803645328061
5321 667.7702 499.67145 656.0785261011198 826.8285261011198 506.2444868016163 602.2444868016163
5338 667.9568 498.16266 647.9378564156366 818.6878564156366 508.8253930396211 604.8253930396211
5355 667.9568 498.16266 639.6839337638094 810.4339337638094 511.01727369220305 607.017273692203
5372 667.2449 499.4616 631.335337516615 802.085337516615 512.8151948914908 608.8151948914908
5389 665.8795 497.1018 622.9108601528986 793.6608601528986 514.2151095623715 610.2151095623715
5406 665.8795 497.1018 614.4294649579773 785.1794649579773 515.2138665323532 611.2138665323532
5423 662.04047 497.1354 605.9102433377668 776.6602433377668 515.8092176247758 611.8092176247758
5440 662.04047 497.1354 597.3723718445073 768.1223718445073 515.9998227193989 611.9998227193989
5457 658.59753 498.4249 588.8350690108309 759.5850690108309 515.7852527689789 611.7852527689789
5474 658.59753 498.4249 580.317552089333 751.067552089333 515.1659907650433 611.1659907650433
5491 656.7894 498.48572 571.8389937950213 742.5889937950213 514.1434306506889 610.1434306506889
5508 656.7894 498.48572 563.4184791480179 734.1684791480179 512.7198741828516 608.7198741828516
5526 654.3847 497.49277 554.5869676676424 725.3369676676424 510.7790827672435 606.7790827672435
5542 654.3847 497.49277 546.8272249367301 717.5772249367301 508.68348516468336 604.6834851646834
5559 649.8062 498.16315 538.6938318657412 709.4438318657412 506.079738423869 602.079738423869
5576 649.8062 498.16315 530.6930913626405 701.4430913626405 503.0931464966776 599.0931464966776
5593 646.77136 500.17938 522.843012891798 693.593012891798 499.7304321259451 595.7304321259451
5610 646.77136 500.17938 515.1612667811617 685.9112667811617 495.99916469660786 591.9991646966079
5627 639.52155 502.37018 507.6651444467964 678.4151444467964 491.90774319720856 587.9077431972086
5644 639.52155 502.37018 500.37151947034613 671.1215194703461 487.4653773139863 583.4653773139863
5661 633.9343 501.8212 493.29680961702684 664.0468096170268 482.6820667001052 578.6820667001052
5678 633.9343 501.8212 486.4569398796541 657.2069398796541 477.56857846668925 573.5685784666892
5695 626.78674 503.7044 479.86730663188473 650.6173066318847 472.13642294632587 568.1364229463259
5712 626.78674 503.7044 473.54274297137306 644.2927429713731 466.3978277836013 562.3978277836013
5730 618.40735 505.0323 467.15087413130334 637.9008741313033 460.00202610763864 556.0020261076386
5746 612.70685 507.5768 461.7451414322254 632.4951414322254 454.0536489719888 550.0536489719889
5763 612.70685 507.5768 456.29865965604995 627.04865965605 447.47585175716756 543.4758517571676
5780 606.7984 508.44168 451.1702998949387 621.9202998949387 440.6471252215585 536.6471252215586
5797 606.7984 508.44168 446.37160595691194 617.1216059569119 433.58284065575424 529.5828406557542
5814 606.7984 508.44168 441.9133795805666 612.6633795805666 426.29889958551144 522.2988995855114
5831 607.8909 508.4015 437.80565612063515 608.5556561206351 418.8116979778178 514.8116979778179
5849 607.8909 508.4015 433.8486005938714 604.5986005938714 410.68126269395975 506.68126269395975
5865 610.76666 506.41428 430.67789368960894 601.4278936896089 403.295346752855 499.295346752855
5882 610.76666 506.41428 427.67389913133843 598.4238991313384 395.30112404946493 491.30112404946493
5899 613.6849 507.9477 425.052460199564 595.8024601995639 387.1734160167848 483.1734160167848
5917 613.6849 507.9477 422.70033489037223 593.4503348903722 378.44244969702606 474.44244969702606
5933 617.99567 508.42267 420.97997798067684 591.7299779806768 370.59098431373195 466.59098431373195
5950 619.717 508.69382 419.53810174796206 590.2881017479621 362.1735872774116 458.1735872774116
5967 619.717 508.69382 418.4970946157316 589.2470946157316 353.69727415859836 449.69727415859836
5984 622.4486 507.44116 417.85929986469176 588.6092998646918 345.18112492358273 441.18112492358273
