1 660.5096 420.7028 297.62542067616835 468.37542067616835 335.4976002348308 431.4976002348308
17 657.4945 421.64838 297.7465672298508 468.4965672298508 327.460353677165 423.460353677165
35 657.4945 421.64838 298.1401809083458 468.8901809083458 318.4260666429181 414.4260666429181
51 655.96606 422.27612 298.7185140048509 469.4685140048509 310.4087391863609 406.4087391863609
68 655.96606 422.27612 299.56810583748677 470.31810583748677 301.91059046864586 397.91059046864586
85 658.4258 417.50693 300.6592573431978 471.4092573431978 293.44006945149073 389.44006945149073
103 658.4258 417.50693 302.0768999466856 472.8268999466856 284.5090245297676 380.5090245297676
119 658.6947 411.4378 303.56250703184975 474.31250703184975 276.6093422383909 372.6093422383909
136 658.6947 411.4378 305.37225228130916 476.12225228130916 268.2627764750041 364.2627764750041
153 656.85144 413.4743 307.4188532438116 478.1688532438116 259.9711082224287 355.9711082224287
170 656.85144 413.4743 309.7006512552929 480.4506512552929 251.74105744826687 347.7410574482669
187 657.87695 404.45972 312.21579703666407 482.96579703666407 243.57929418234613 339.57929418234613
204 657.87695 404.45972 314.9622521925565 485.7122521925565 235.4924331110061 331.4924331110061
221 658.1956 407.1288 317.93779086333535 488.68779086333535 227.48702821623766 323.48702821623766
238 658.1956 407.1288 321.14000152904384 491.89000152904384 219.5695674640201 315.5695674640201
255 654.2282 403.63052 324.5662889638151 495.3162889638151 211.74646754616077 307.7464675461608
272 654.2282 403.63052 328.2138763391684 498.9638763391684 204.0240686798987 300.02406867989873
290 654.14465 406.49164 332.31394874217887 503.06394874217887 195.9641257374746 291.9641257374746
306 654.14465 406.49164 336.16094923283765 506.91094923283765 188.90632183391858 284.9063218339186
324 650.17444 405.57886 340.7130516625483 511.4630516625483 181.0927671105879 277.09276711058794
341 650.62256 406.75775 345.2266685145469 515.9766685145469 173.84241533816768 269.8424153381677
357 650.62256 406.75775 349.6617068437197 520.4117068437197 167.13850276900726 263.13850276900723
374 652.73987 406.2617 354.5689124255555 525.3189124255555 160.14853343516307 256.1485334351631
392 652.73987 406.2617 359.9793956887837 530.7293956887837 152.90284887099742 248.90284887099742
408 652.73987 406.2617 364.97014001297055 535.7201400129705 146.601699784777 242.601699784777
425 653.37695 405.07626 370.45573236238414 541.2057323623842 140.05581447516937 236.05581447516937
443 653.37695 405.07626 376.4645815063909 547.2145815063909 133.2980777305462 229.2980777305462
459 680.5087 383.7023 381.9746488335043 552.7246488335043 127.44562809241546 223.44562809241546
476 680.5087 383.7023 387.9986374701024 558.7486374701024 121.39154692211227 217.39154692211227
493 712.5947 368.3574 394.1925174146769 564.9425174146769 115.51139478609738 211.51139478609738
511 698.6591 394.24475 400.93033797716447 571.6803379771645 109.48022176480373 205.48022176480373
527 698.6591 394.24475 407.06973833256984 577.8197383325698 104.29179502905546 200.29179502905546
544 558.9273 315.3958 413.7426429853873 584.4926429853873 98.96144031244515 194.96144031244515
562 558.9273 315.3958 420.97038828338435 591.7203882833844 93.52701560946679 189.5270156094668
578 558.9273 315.3958 427.53000484391305 598.280004843913 88.88121758382923 184.88121758382923
595 447.14185 252.31665 434.6332881070341 605.3832881070341 84.13951907017963 180.13951907017963
612 447.14185 252.31665 441.86866770951156 612.6186677095116 79.60194042970028 175.60194042970028
630 357.71347 201.85332 449.6671198581312 620.4171198581312 75.02401316610684 171.02401316610684
646 357.71347 201.85332 456.71215802621145 627.4621580262115 71.15368424901567 167.15368424901567
663 286.17078 161.48265 464.3082388604396 635.0582388604396 67.24985358281685 163.24985358281685
680 286.17078 161.48265 472.0123660236304 642.7623660236304 63.563830988764266 159.56383098876427
697 228.93663 129.18613 479.81829571979983 650.5682957197998 60.09860379723074 156.09860379723074
715 183.1493 103.3489 488.1873270540765 658.9373270540765 56.6733171711283 152.6733171711283
731 183.1493 103.3489 495.7101801258791 666.4601801258791 53.84158795097835 149.84158795097835
748 146.51945 82.67912 503.783255286693 674.533255286693 51.0548702834833 147.0548702834833
765 146.51945 82.67912 511.93238432050157 682.6823843205016 48.49908588318232 144.49908588318232
782 117.21557 66.1433 520.1509627803556 690.9009627803556 46.176306080939696 142.1763060809397
799 117.21557 66.1433 528.4323299341439 699.1823299341439 44.08841336946284 140.08841336946284
816 93.77245 52.914642 536.7697741627716 707.5197741627716 42.23709987763954 138.23709987763954
833 93.77245 52.914642 545.156538399579 715.906538399579 40.62386599915499 136.623865999155
851 93.77245 52.914642 554.0828444296311 724.8328444296311 39.176684392405264 135.17668439240526
867 75.01797 42.331715 562.0508042831839 732.8008042831839 38.116672841359446 134.11667284135945
884 75.01797 42.331715 570.5446140026227 741.2946140026227 37.2247455122278 133.2247455122278
902 60.014374 33.86537 579.5618339036334 750.3118339036334 36.54429036905128 132.54429036905128
918 48.0115 27.092299 587.5911736117806 758.3411736117806 36.167843072143 132.167843072143
936 48.0115 27.092299 596.6325037720162 767.3825037720162 36.00164175242986 132.00164175242986
952 38.409203 21.67384 604.6702542165596 775.4202542165596 36.08273742076125 132.08273742076125
969 38.409203 21.67384 613.2046904715623 783.9546904715623 36.40481772096149 132.4048177209615
986 30.727362 17.339071 621.7265001944813 792.4765001944813 36.96970439707047 132.96970439707047
1003 30.727362 17.339071 630.2287768999744 800.9787768999744 37.77693963769889 133.7769396376989
1020 24.58189 13.871257 638.7046299331981 809.4546299331981 38.82586922049978 134.82586922049978
1037 24.58189 13.871257 647.1471900543268 817.8971900543268 40.115643042381976 136.11564304238198
1054 19.665512 11.097006 655.5496150057149 826.2996150057149 41.645215808474234 137.64521580847423
1071 19.665512 11.097006 663.9050950571935 834.6550950571935 43.41334787928315 139.41334787928315
1088 19.665512 11.097006 672.2068585250034 842.9568585250034 45.41860627535635 141.41860627535635
1105 15.7324095 8.8776045 680.4481772598931 851.1981772598931 47.65936583863811 143.6593658386381
1122 12.585928 7.1020837 688.6223720999366 859.3723720999366 50.133810549576026 146.13381054957603
1139 12.585928 7.1020837 696.7228182836474 867.4728182836474 52.839934998910564 148.83993499891056
1156 10.068743 5.681667 704.742950819005 875.492950819005 55.77554601295549 151.7755460129555
1173 10.068743 5.681667 712.6762698040402 883.4262698040402 58.93826443105149 154.9382644310515
1191 8.054995 4.5453334 720.9744866729714 891.7244866729714 62.53171273890922 158.53171273890922
1207 8.054995 4.5453334 728.2568245155068 899.0068245155068 65.93458862018292 161.93458862018292
1224 6.443996 3.6362667 735.8914330094331 906.6414330094331 69.76252423287974 165.76252423287974
1241 6.443996 3.6362667 743.413983721744 914.163983721744 73.80623152831976 169.80623152831976
1258 129.64009 73.138275 750.8183800147626 921.5683800147626 78.06243329120804 174.06243329120804
1275 129.64009 73.138275 758.0986210088488 928.8486210088488 82.52768009049117 178.52768009049117
1292 235.87961 131.80203 765.2488064458005 935.9988064458005 87.19835307494287 183.19835307494287
1310 298.13974 143.69846 772.671396715908 943.421396715908 92.36346949445999 188.36346949446
1326 298.13974 143.69846 779.1359413283826 949.8859413283826 97.14067282585665 193.14067282585665
1343 378.81616 184.92056 785.8616359705578 956.6116359705578 102.40426185718263 198.40426185718263
1361 378.81616 184.92056 792.8165644145411 963.5665644145411 108.18372933127876 204.18372933127876
1377 441.6614 222.18747 798.8500299387413 969.6000299387413 113.49497235758312 209.49497235758312
1394 441.6614 222.18747 805.1022028442499 975.8522028442499 119.31310538030687 215.31310538030687
1411 441.6614 222.18747 811.1862262243785 981.9362262243785 125.30685190652298 221.30685190652298
1429 489.9782 238.78635 817.4393786828404 988.1893786828404 131.83918367062486 227.83918367062486
1445 489.9782 238.78635 822.8302415379586 993.5802415379586 137.80161659632608 233.80161659632608
1462 391.98257 191.02908 828.3807966001699 999.1307966001699 144.29250840037312 240.29250840037312
1480 448.18005 217.96585 834.0539206730178 1004.8039206730178 151.33444969515332 247.33444969515332
1496 448.18005 217.96585 838.9165129944168 1009.6665129944168 157.73501253228335 253.73501253228335
1513 494.61676 246.40244 843.8931356740757 1014.6431356740757 164.675730406883 260.67573040688296
1531 494.61676 246.40244 848.9448737571439 1019.6948737571439 172.1759448228275 268.1759448228275
1547 529.39136 274.55438 853.2437467928016 1023.9937467928016 178.96797687071094 274.9679768707109
1564 529.39136 274.55438 857.6101570459276 1028.3601570459277 186.30792233453255 282.3079223345326
1581 529.39136 274.55438 861.7658627967578 1032.5158627967578 193.76918547310373 289.76918547310373
1599 559.12103 294.64792 865.9326210713034 1036.6826210713034 201.79485674886422 297.7948567488642
1615 559.12103 294.64792 869.4318623492258 1040.1818623492259 209.03138348446487 305.03138348446487
1632 585.3091 316.49405 872.9359432553329 1043.6859432553329 216.8199491363638 312.8199491363638
1649 585.3091 316.49405 876.2168989033121 1046.966898903312 224.7051040458423 320.7051040458423
1666 604.4988 325.4683 879.2720702485676 1050.0220702485676 232.6804577033056 328.6804577033056
1684 617.60266 335.05844 882.2581117598017 1053.0081117598017 241.21607894831448 337.2160789483145
1701 617.60266 335.05844 884.84084210631 1055.59084210631 249.35670803135872 345.3567080313587
1717 635.12335 345.0686 887.0590447096293 1057.8090447096292 257.08274103198784 353.08274103198784
1734 635.12335 345.0686 889.1881773273444 1059.9381773273444 265.35360145921436 361.35360145921436
1751 651.1138 348.73856 891.0810130930984 1061.8310130930984 273.6817171329047 369.6817171329047
1768 651.1138 348.73856 892.7360179615537 1063.4860179615537 282.0603385467098 378.0603385467098
1785 650.15625 327.49133 894.1518506369953 1064.9018506369953 290.4826752619944 386.4826752619944
1802 650.15625 327.49133 895.3273636603816 1066.0773636603817 298.94190141113677 394.94190141113677
1819 649.03723 323.17126 896.2616043392997 1067.0116043392995 307.4311612295389 403.4311612295389
1836 649.03723 323.17126 896.9538155200738 1067.703815520074 315.9435746118702 411.9435746118702
1853 646.47833 330.7882 897.4034362013994 1068.1534362013995 324.4722426880359 420.4722426880359
1870 646.47833 330.7882 897.6101019890048 1068.3601019890048 333.01025341435343 429.01025341435343
1887 649.16626 336.25128 897.5736453909749 1068.323645390975 341.5506871754069 437.5506871754069
1904 649.16626 336.25128 897.2940959534936 1068.0440959534935 350.08662239203596 446.08662239203596
1921 649.0015 343.2832 896.7716802368993 1067.5216802368993 358.6111411309172 454.6111411309172
1938 649.0015 343.2832 896.0068216320687 1066.7568216320687 367.1173347111916 463.1173347111916
1955 652.3346 334.91553 895.0001400172805 1065.7501400172805 375.5983093035911 471.5983093035911
1972 652.3346 334.91553 893.7524512558361 1064.5024512558361 384.04719151753216 480.04719151753216
1989 650.83026 332.16827 892.2647665348454 1063.0147665348454 392.4571339716405 488.4571339716405
2006 650.83026 332.16827 890.5382915457113 1061.2882915457112 400.8213208432003 496.8213208432003
2023 650.2003 332.71585 888.5744255069792 1059.3244255069792 409.13297339202586 505.13297339202586
2040 650.2003 332.71585 886.3747600303433 1057.1247600303432 417.385355454278 513.3853554542779
2058 649.0273 334.65485 883.7906735406054 1054.5406735406054 426.0511370669554 522.0511370669553
2074 649.48206 340.79135 881.2753512814876 1052.0253512814875 433.68560906238275 529.6856090623828
2091 649.48206 340.79135 878.3797408159044 1049.1297408159044 441.7202700970553 537.7202700970553
2108 647.37573 338.34317 875.2565931762647 1046.0065931762647 449.6692503292295 545.6692503292295
2126 647.37573 338.34317 871.7045392706568 1042.4545392706568 457.98527023040305 553.9852702304031
2143 650.1789 331.65182 868.1211054216201 1038.87110542162 465.737646624778 561.737646624778
2159 650.1789 331.65182 864.5481482862865 1035.2981482862865 472.9380623089762 568.9380623089762
2176 650.1789 331.65182 860.5419758597092 1031.291975859709 480.4806693117979 576.4806693117979
2194 651.8271 353.8686 856.0679679827582 1026.817967982758 488.339201456037 584.339201456037
2210 651.8271 353.8686 851.8938087238421 1022.6438087238421 495.20858302917645 591.2085830291765
2227 654.43024 358.9605 847.2588229060326 1018.0088229060326 502.38195353258584 598.3819535325858
2244 654.43024 358.9605 842.4215218060378 1013.1715218060378 509.42048008140796 605.420480081408
2262 657.0444 364.60892 837.0835164298949 1007.8335164298949 516.719724737489 612.719724737489
2278 657.8065 365.1539 832.1558160761413 1002.9058160761413 523.0702977777584 619.0702977777584
2295 657.8065 365.1539 826.7357312689596 997.4857312689596 529.6705264551181 625.6705264551181
2313 657.16187 370.86 820.794526925818 991.544526925818 536.4878107309933 632.4878107309933
2329 657.16187 370.86 815.3430576999276 986.0930576999276 542.394882086187 638.394882086187
2346 656.008 371.10986 809.379702109853 980.129702109853 548.5086966087915 644.5086966087915
2363 656.008 371.10986 803.2447303028227 973.9947303028227 554.4502838409564 650.4502838409564
2380 657.49567 378.47598 796.9431143556885 967.6931143556885 560.2148284340103 656.2148284340103
2397 657.49567 378.47598 790.4799614017456 961.2299614017456 565.7976585231695 661.7976585231695
2415 657.49567 378.47598 783.4663765564474 954.2163765564474 571.5058019659065 667.5058019659065
2431 659.7869 382.03983 777.0901233483269 947.8401233483269 576.4002277485814 672.4002277485814
2449 661.05225 387.29608 769.7630660054275 940.5130660054275 581.6999923319313 677.6999923319313
2466 661.05225 387.29608 762.6993413925139 933.4493413925139 586.5004227817345 682.5004227817345
2482 664.1827 390.242 755.9288148358737 926.6788148358737 590.8330869577367 686.8330869577367
2499 664.1827 390.242 748.6107182018081 919.3607182018081 595.2360177503971 691.2360177503971
2516 662.90576 387.36017 741.17025546435 911.92025546435 599.4288511793545 695.4288511793545
2533 662.90576 387.36017 733.6134567331254 904.3634567331254 603.4081891703074 699.4081891703074
2550 662.64355 394.48196 725.9464464020558 896.6964464020558 607.1708066759479 703.1708066759479
2567 662.64355 394.48196 718.1754381858558 888.9254381858558 610.7136542896951 706.7136542896951
2584 664.8325 392.79126 710.3067300841386 881.0567300841386 614.0338607170812 710.0338607170812
2601 664.8325 392.79126 702.346699277214 873.096699277214 617.1287351027865 713.1287351027865
2618 662.63794 397.66702 694.3017969577133 865.0517969577133 619.9957692114392 715.9957692114392
2635 662.63794 397.66702 686.178543102233 856.928543102233 622.6326394604092 718.6326394604092
2652 663.49493 400.4079 677.9835211872297 848.7335211872297 625.0372088029525 721.0372088029525
2669 663.49493 400.4079 669.7233728534557 840.4733728534557 627.2075284601758 723.2075284601758
2686 662.11536 402.47922 661.4047925232513 832.1547925232513 629.1418395004217 725.1418395004217
2703 662.11536 402.47922 653.0345219750633 823.7845219750633 630.8385742647915 726.8385742647915
2721 664.3496 408.3726 644.1230815799211 814.8730815799211 632.3746419810356 728.3746419810356
2737 664.3496 408.3726 636.1660813019316 806.9160813019316 633.5140081610913 729.5140081610913
2754 664.8318 407.1711 627.6815821743512 798.4315821743512 634.4905389924386 730.4905389924386
2771 664.8318 407.1711 619.1727237438794 789.9227237438794 635.2251587040392 731.2251587040392
2789 659.63055 402.91528 610.1444574500881 780.8944574500881 635.7386581426483 731.7386581426483
2805 659.63055 402.91528 602.1095270833351 772.8595270833351 635.9664798220608 731.9664798220608
2823 656.2468 402.80374 593.0666695312384 763.8166695312384 635.9653673731979 731.9653673731979
2839 656.2468 402.80374 585.0317954607539 755.7817954607539 635.7355687926154 731.7355687926154
2856 651.9021 406.7652 576.5047793711809 747.2547793711809 635.2556370072082 731.2556370072082
2873 650.6099 411.8243 567.9948801263789 738.7448801263789 634.5331740297464 730.5331740297464
2891 650.6099 411.8243 559.0107197476881 729.7607197476881 633.5045165381459 729.5045165381459
2907 650.7736 414.2054 551.0540000393138 721.8040000393138 632.3631926583694 728.3631926583694
2924 650.7736 414.2054 542.6367489028069 713.3867489028069 630.9174329219486 726.9174329219486
2942 650.7736 414.2054 533.7730850152877 704.5230850152877 629.1261382967836 725.1261382967836
2959 649.16675 414.9749 525.4549808532626 696.2049808532626 627.189780618001 723.189780618001
2975 649.16675 414.9749 517.6794871637487 688.4294871637487 625.1517161929854 721.1517161929854
2992 648.4354 419.90662 509.48103837910116 680.2310383791012 622.7588569334407 718.7588569334407
3010 648.4354 419.90662 500.8783318686146 671.6283318686146 619.9719743310518 715.9719743310518
3026 645.2139 424.36737 493.3050356774336 664.0550356774336 617.278056456131 713.278056456131
3043 646.5888 425.31976 485.3405915726703 656.0905915726703 614.1945571432422 710.1945571432422
3061 646.5888 425.31976 477.0069751274623 647.7569751274623 610.6839858379951 706.6839858379951
3077 645.54004 430.42444 469.691086470933 640.441086470933 607.3538534259965 703.3538534259965
3094 645.54004 430.42444 462.0187085871838 632.7687085871838 603.6021930576474 699.6021930576474
3111 643.82916 432.38617 454.4562325780845 625.2062325780845 599.6336549738851 695.6336549738851
3129 643.82916 432.38617 446.5755041384623 617.3255041384623 595.1988614943655 691.1988614943655
3145 641.56085 431.71976 439.68540812706976 610.4354081270698 591.058983999804 687.058983999804
3163 641.56085 431.71976 432.0698257527072 602.8198257527072 586.182901653867 682.182901653867
3180 641.56085 431.71976 425.01533437862736 595.7653343786274 581.3689127295427 677.3689127295427
3196 640.656 433.8769 418.50350203784535 589.2535020378454 576.6563711348483 672.6563711348483
3213 640.656 433.8769 411.72568540279684 582.4756854027969 571.4600705688548 667.4600705688548
3230 644.203 437.205 405.09853053246013 575.8485305324601 566.0729418127313 662.0729418127313
3248 641.2268 441.0931 398.2517260338776 569.0017260338776 560.165781572544 656.165781572544
3264 641.2268 441.0931 392.31756349239276 563.0675634923928 554.7438148032415 650.7438148032415
3281 641.38293 443.20526 386.17410963438175 556.9241096343817 548.8109982204569 644.8109982204569
3299 641.38293 443.20526 379.8561676524065 550.6061676524065 542.3413086562304 638.3413086562304
3315 644.2039 448.34778 374.4061519627961 545.1561519627961 536.4328962045494 632.4328962045494
3332 644.2039 448.34778 368.7911854693228 539.5411854693227 529.9976425819129 625.9976425819129
3349 642.6292 451.07172 363.3616769287074 534.1116769287074 523.4051639192346 619.4051639192346
3367 642.6292 451.07172 357.81981603687143 528.5698160368714 516.259462288142 612.259462288142
3383 641.8991 454.11472 353.07648117741576 523.8264811774158 509.7700260162269 605.7700260162269
3400 641.8991 454.11472 348.2291295851123 518.9791295851123 502.7384173488538 598.7384173488538
3417 640.36884 455.60187 343.58390042682595 514.333900426826 495.5716758314352 591.5716758314352
3435 640.36884 455.60187 338.8899101067921 509.6399101067921 487.8425278304917 583.8425278304917
3451 637.58264 459.1091 334.91470142185455 505.66470142185455 480.85613214835485 576.8561321483548
3468 637.58264 459.1091 330.8977575118902 501.6477575118902 473.3192561685689 569.3192561685689
3485 646.38885 454.96646 327.0969822152257 497.8469822152257 465.6710900449318 561.6710900449318
3502 646.38885 454.96646 323.5154558633554 494.2654558633554 457.9178322199049 553.9178322199049
3519 656.1693 453.23038 320.1560810978608 490.9060810978608 450.06576630732854 546.0657663073285
3536 656.1693 453.23038 317.0215805179704 487.7715805179704 442.1212559998803 538.1212559998803
3554 662.82056 450.5911 313.9506228120883 484.7006228120883 433.61581699217805 529.615816992178
3570 662.82056 450.5911 311.4371790087004 482.1871790087004 425.9807263598813 521.9807263598814
3587 670.52814 450.2854 308.9918039474663 479.7418039474663 417.79778809050777 513.7977880905078
3604 670.52814 450.2854 306.780351140146 477.530351140146 409.5485569510936 505.5485569510936
3621 672.6491 451.38446 304.80461285468476 475.55461285468476 401.23971851615926 497.23971851615926
3638 672.24524 450.83884 303.06619032461737 473.81619032461737 392.87800666884965 488.87800666884965
3655 672.24524 450.83884 301.5664924513526 472.3164924513526 384.4701981434725 480.4701981434725
3672 667.40955 449.95087 300.30673466233077 471.05673466233077 376.02310703330426 472.02310703330426
3690 667.40955 449.95087 299.23553131423415 469.98553131423415 367.043920136258 463.043920136258
3706 667.40955 449.95087 298.5109279242903 469.2609279242903 359.03848706593226 455.03848706593226
3723 662.00183 447.91483 297.97633438360816 468.72633438360816 350.5147233633919 446.5147233633919
3740 662.00183 447.91483 297.68459056430925 468.43459056430925 341.9791962294431 437.9791962294431
3757 658.97754 446.18173 417.64906576024066 588.3990657602407 333.056686471707 429.056686471707
3775 658.97754 446.18173 418.0239626747057 588.7739626747057 324.0222125716715 420.0222125716715
3791 662.9555 444.87164 418.73774721758974 589.4877472175897 316.01623679178385 412.01623679178385
3808 664.7038 442.68726 419.88693415828243 590.6369341582824 307.553911501838 403.553911501838
3825 664.7038 442.68726 421.43620498653286 592.1862049865329 299.15561763711503 395.15561763711503
3843 666.1383 441.22638 423.5087967246308 594.2587967246309 290.35410470841526 386.35410470841526
3859 666.1383 441.22638 425.72015609929747 596.4701560992975 282.62655488470796 378.62655488470796
3877 662.24243 438.7768 428.61741332353733 599.3674133235373 274.0610328969076 370.0610328969076
3894 662.24243 438.7768 431.7454617306055 602.4954617306055 266.1145309557668 362.1145309557668
3910 659.17413 433.95157 435.03073493989234 605.7807349398923 258.7788567193968 354.7788567193968
3927 659.17413 433.95157 438.876415455004 609.626415455004 251.15374548655507 347.15374548655507
3945 654.16223 429.4994 443.3376014504479 614.0876014504479 243.28862718732034 339.28862718732034
3961 654.16223 429.4994 447.6303327319572 618.3803327319572 236.49321736108072 332.4932173610807
3978 654.16223 429.4994 452.518864647575 623.268864647575 229.49080094619188 325.4908009461919
3995 648.8969 425.02036 457.734026801152 628.484026801152 222.7281340425647 318.7281340425647
4013 647.2958 420.70343 463.5989209792019 634.3489209792019 215.84589003154827 311.84589003154827
4029 647.2958 420.70343 469.09657621838664 639.8465762183866 209.98236520147657 305.98236520147657
4046 645.4189 421.07098 475.21838667089924 645.9683866708992 204.0279536670738 300.0279536670738
4064 645.4189 421.07098 482.00032161194906 652.7503216119491 198.0473496171248 294.04734961712484
4080 644.1397 423.37067 488.27420988032543 659.0242098803254 193.0230623484931 289.0230623484931
4097 644.1397 423.37067 495.1788343096449 665.9288343096449 187.9973542961332 283.9973542961332
4114 640.00653 416.75244 502.31406246496294 673.064062464963 183.30479645322103 279.304796453221
4131 640.00653 416.75244 509.66383312829794 680.4138331282979 178.95595164869005 274.9559516486901
4148 635.58325 410.82123 517.2116021519138 687.9616021519138 174.9606090221234 270.96060902212344
4165 635.58325 410.82123 524.9403796987771 695.6903796987771 171.32776198864897 267.32776198864894
4182 635.58325 410.82123 532.8327684862486 703.5827684862486 168.06558799499004 264.06558799499004
4199 628.87213 409.66666 540.8710029469295 711.6210029469295 165.1814301122385 261.1814301122385
4216 624.8153 400.18793 549.0369892185008 719.7869892185008 162.68178050678887 258.68178050678887
4233 624.8153 400.18793 557.3123458725511 728.0623458725511 160.57226582663537 256.5722658266354
4250 622.05554 393.46573 565.678445290706 736.428445290706 158.85763453593017 254.85763453593017
4268 622.05554 393.46573 574.6146433324445 745.3646433324445 157.4768264733346 253.4768264733346
4284 627.0386 389.26074 582.6073830375866 753.3573830375866 156.6275629290547 252.6275629290547
4301 627.0386 389.26074 591.132114755926 761.882114755926 156.1171424476271 252.1171424476271
4318 628.9078 381.92682 599.6714617946108 770.4214617946108 156.01163372561214 252.01163372561214
4335 628.9078 381.92682 608.206202299593 778.956202299593 156.31127426047263 252.31127426047263
4352 635.2362 372.69974 616.7171247860152 787.4671247860152 157.01538956894865 253.01538956894865
4369 635.2362 372.69974 625.1850713827765 795.9350713827765 158.12239470530233 254.12239470530233
4386 638.1947 367.47247 633.5909809564164 804.3409809564164 159.6297978289907 255.6297978289907
4403 638.8984 362.75153 641.9159320172428 812.6659320172428 161.53420581373558 257.5342058137356
4420 638.8984 362.75153 650.1411853111272 820.8911853111272 163.83133188536496 259.831331885365
4437 641.81287 364.51288 658.2482260010909 828.9982260010909 166.5160052712332 262.5160052712332
4454 641.81287 364.51288 666.2188053437343 836.9688053437343 169.58218283949915 265.5821828394992
4471 641.81287 364.51288 674.0349817666976 844.7849817666976 173.0229627020636 269.02296270206364
4488 644.57556 371.20325 681.6791612546845 852.4291612546845 176.83059975054408 272.8305997505441
4505 644.57556 371.20325 689.1341369531456 859.8841369531456 180.99652309031762 276.9965230903176
4522 643.81104 371.24817 696.3831279004737 867.1331279004737 185.51135533338842 281.51135533338845
4540 643.81104 371.24817 703.8158878779227 874.5658878779227 190.66075777100514 286.66075777100514
4556 677.66693 357.30637 710.1983867574248 880.9483867574248 195.54633292803192 291.5463329280319
4573 700.42535 343.92197 716.733556869033 887.483556869033 201.0438897990301 297.0438897990301
4590 700.42535 343.92197 723.0006166338345 893.7506166338345 206.8452294582745 302.8452294582745
4607 716.7162 331.72766 728.9854590589218 899.7354590589218 212.9372932370277 308.9372932370277
4625 716.7162 331.72766 734.9997830567704 905.7497830567704 219.68934279222185 315.68934279222185
4641 713.406 340.07733 740.0552705632856 910.8052705632856 225.93811728273374 321.93811728273374
4659 713.406 340.07733 745.4027404132385 916.1527404132385 233.2296762758943 329.2296762758943
4675 742.5589 336.3493 749.8433760095571 920.5933760095571 239.9293697063817 335.9293697063817
4692 742.5589 336.3493 754.2287905304013 924.9787905304013 247.25737894613326 343.25737894613326
4709 742.5589 336.3493 758.2616938824929 929.0116938824929 254.78514557975075 350.78514557975075
4726 594.0471 269.07944 761.9330081024611 932.6830081024611 262.4957247950736 358.4957247950736
4743 594.0471 269.07944 765.2344691549205 935.9844691549205 270.3717602734482 366.3717602734482
4760 475.2377 215.26355 768.1586455346032 938.9086455346032 278.3955232583588 374.3955232583588
4777 380.19016 172.21085 770.6989549944915 941.4489549944915 286.5489524624127 382.5489524624127
4794 380.19016 172.21085 772.8496793622878 943.5996793622878 294.8136947228397 390.8136947228397
4811 304.15213 137.76868 774.605977411876 945.355977411876 303.17114631399613 399.17114631399613
4828 304.15213 137.76868 775.9638957607996 946.7138957607996 311.60249482388303 407.60249482388303
4846 243.3217 110.21494 776.9640893640834 947.7140893640834 320.5892561483454 416.5892561483454
4862 243.3217 110.21494 777.47327042036 948.22327042036 328.6108439720703 424.6108439720703
4879 194.65736 88.17196 777.6213291668411 948.3713291668411 337.1495592469291 433.1495592469291
4897 194.65736 88.17196 777.3364868280897 948.0864868280897 346.18732065055974 442.18732065055974
4913 155.72589 70.53757 776.7025238609478 947.4525238609478 354.200012303063 450.200012303063
4930 155.72589 70.53757 775.6377280160616 946.3877280160616 362.6733699460652 458.6733699460652
4947 155.72589 70.53757 774.1722300260149 944.9222300260149 371.0866865084376 467.0866865084376
4965 124.58071 56.430054 772.1874555236557 942.9374555236557 379.90841743392417 475.90841743392417
4981 99.66457 45.144043 770.0532173508461 940.8032173508461 387.65762152102405 483.65762152102405
4998 99.66457 45.144043 767.4089744590015 938.1589744590015 395.77793921594457 491.77793921594457
5015 79.73166 36.115234 764.3825521379785 935.1325521379785 403.7636982827043 499.7636982827043
5033 79.73166 36.115234 760.7691273551981 931.5191273551981 412.05257201114836 508.05257201114836
5049 63.785328 28.892187 757.2112637502574 927.9612637502574 419.25998091660404 515.259980916604
5067 63.785328 28.892187 752.8286816660764 923.5786816660764 427.1691680191018 523.1691680191018
5084 51.028263 23.11375 748.3297491910079 919.0797491910079 434.4280375262833 530.4280375262833
5100 51.028263 23.11375 743.7853810904619 914.5353810904619 441.057807893992 537.057807893992
5117 40.822613 18.491001 738.6378734563121 909.3878734563121 447.8721123408068 543.8721123408068
5134 40.822613 18.491001 733.1729494131282 903.9229494131282 454.4345954942897 550.4345954942896
5151 32.658092 14.792801 727.4029103666112 898.1529103666112 460.73048537096236 556.7304853709624
5168 32.658092 14.792801 721.3407445286122 892.0907445286122 466.7456100820642 562.7456100820642
5185 26.126474 11.834241 715.0000976809954 885.7500976809954 472.46642973411736 568.4664297341174
5202 26.126474 11.834241 708.3952424593289 879.1452424593289 477.8800669068827 573.8800669068827
5219 145.3396 55.830494 701.5410462255444 872.2910462255444 482.9743356401059 578.9743356401059
5236 145.3396 55.830494 694.4529376018812 865.2029376018812 487.73776886380733 583.7377688638073
5254 116.27168 44.664394 686.7106646883476 857.4606646883476 492.40890111191015 588.4089011119102
5270 116.27168 44.664394 679.639294413571 850.389294413571 496.2300081502966 592.2300081502966
5287 93.01735 35.731518 671.9471049847989 842.6971049847989 499.93969839739407 595.9396983973941
5304 93.01735 35.731518 664.0876183788416 834.8376183788416 503.28036453280606 599.2803645328061
5321 74.41388 28.585215 656.0785261011198 826.8285261011198 506.2444868016163 602.2444868016163
5338 74.41388 28.585215 647.9378564156366 818.6878564156366 508.8253930396211 604.8253930396211
5355 59.531105 22.868172 639.6839337638094 810.4339337638094 511.01727369220305 607.017273692203
5373 59.531105 22.868172 630.8416959955493 801.5916959955493 512.9085953455605 608.9085953455605
5390 162.52963 88.84746 622.413344134101 793.163344134101 514.2849909417206 610.2849909417206
5406 251.02301 143.12065 614.4294649579773 785.1794649579773 515.2138665323532 611.2138665323532
5423 251.02301 143.12065 605.9102433377668 776.6602433377668 515.8092176247758 611.8092176247758
5441 251.02301 143.12065 596.8699739756478 767.6199739756478 515.9984164810973 611.9984164810973
5457 320.1689 187.81815 588.8350690108309 759.5850690108309 515.7852527689789 611.7852527689789
5474 320.1689 187.81815 580.317552089333 751.067552089333 515.1659907650433 611.1659907650433
5492 256.13513 150.25452 571.3418767722527 742.0918767722527 514.0707652406622 610.0707652406622
5508 256.13513 150.25452 563.4184791480179 734.1684791480179 512.7198741828516 608.7198741828516
5525 326.4846 194.75507 555.0749625136663 725.8249625136663 510.8985257511097 606.8985257511097
5542 385.1956 233.08719 546.8272249367301 717.5772249367301 508.68348516468336 604.6834851646834
5560 385.1956 233.08719 538.2193505800357 708.9693505800357 505.9145927134932 601.9145927134932
5576 439.29285 274.85867 530.6930913626405 701.4430913626405 503.0931464966776 599.0931464966776
5594 439.29285 274.85867 522.3863149437265 693.1363149437265 499.5210698075416 595.5210698075416
5610 439.29285 274.85867 515.1612667811617 685.9112667811617 495.99916469660786 591.9991646966079
5627 472.79993 298.90457 507.6651444467964 678.4151444467964 491.90774319720856 587.9077431972086
5644 472.79993 298.90457 500.37151947034613 671.1215194703461 487.4653773139863 583.4653773139863
5661 509.03928 329.82867 493.29680961702684 664.0468096170268 482.6820667001052 578.6820667001052
5678 509.03928 329.82867 486.4569398796541 657.2069398796541 477.56857846668925 573.5685784666892
5695 538.76 350.79242 479.86730663188473 650.6173066318847 472.13642294632587 568.1364229463259
5712 538.76 350.79242 473.54274297137306 644.2927429713731 466.3978277836013 562.3978277836013
5730 562.1913 371.0621 467.15087413130334 637.9008741313033 460.00202610763864 556.0020261076386
5746 581.79175 390.38788 461.7451414322254 632.4951414322254 454.0536489719888 550.0536489719889
5764 581.79175 390.38788 455.98806905859533 626.7380690585953 447.0809605355471 543.0809605355471
5780 598.352 411.0083 451.1702998949387 621.9202998949387 440.6471252215585 536.6471252215586
5797 598.352 411.0083 446.37160595691194 617.1216059569119 433.58284065575424 529.5828406557542
5814 612.72864 422.33917 441.9133795805666 612.6633795805666 426.29889958551144 522.2988995855114
5831 612.72864 422.33917 437.80565612063515 608.5556561206351 418.8116979778178 514.8116979778179
5848 626.7887 429.52332 434.05768195865755 604.8076819586576 411.1380893339877 507.1380893339877
5865 626.7887 429.52332 430.67789368960894 601.4278936896089 403.295346752855 499.295346752855
5882 626.7887 429.52332 427.67389913133843 598.4238991313384 395.30112404946493 491.30112404946493
5899 633.5813 435.94046 425.052460199564 595.8024601995639 387.1734160167848 483.1734160167848
5916 633.5813 435.94046 422.8194776869708 593.5694776869708 378.9305179198789 474.9305179198789
5933 644.28796 449.98734 420.97997798067684 591.7299779806768 370.59098431373195 466.59098431373195
5950 654.1301 461.89062 419.53810174796206 590.2881017479621 362.1735872774116 458.1735872774116
5968 654.1301 461.89062 418.4483973510431 589.1983973510431 353.19723998721406 449.19723998721406
5984 662.3504 474.33975 417.85929986469176 588.6092998646918 345.18112492358273 441.18112492358273
6001 662.3504 474.33975 417.6286526131048 588.3786526131048 337.1467028281774 433.1467028281774
