683.0 1067.0 384.0 768.0
1 767.49536 286.87457
17 767.49536 286.87457
34 768.4387 286.54922
51 768.4387 286.54922
68 760.14703 286.99768
85 760.14703 286.99768
103 766.56836 284.46707
119 766.56836 284.46707
136 766.56836 284.46707
153 765.0465 286.22296
171 748.81647 287.8686
187 748.81647 287.8686
204 745.2206 286.85547
221 745.2206 286.85547
238 742.19916 280.667
255 742.19916 280.667
272 741.32056 274.86707
289 741.32056 274.86707
306 788.42596 267.2717
323 788.42596 267.2717
340 630.7408 213.81737
357 630.7408 213.81737
374 504.59262 171.0539
391 504.59262 171.0539
408 568.7671 146.26859
425 568.7671 146.26859
442 621.29034 125.33821
459 621.29034 125.33821
476 653.6917 107.20677
493 653.6917 107.20677
511 618.26105 89.6066
528 628.9472 76.85824
545 628.9472 76.85824
561 628.9472 76.85824
578 637.6818 65.91619
595 637.6818 65.91619
612 639.75525 57.88093
630 639.75525 57.88093
646 601.2459 49.052444
663 601.2459 49.052444
680 554.5832 44.323036
697 554.5832 44.323036
714 568.08386 45.97769
731 548.562 41.417175
749 548.562 41.417175
765 512.54175 38.64846
782 512.54175 38.64846
799 486.74457 31.094088
816 486.74457 31.094088
833 486.74457 31.094088
850 467.5027 28.391691
867 467.5027 28.391691
884 449.74866 26.694115
902 434.29108 19.866991
918 434.29108 19.866991
935 431.0891 17.877913
952 431.0891 17.877913
969 427.91425 14.59737
986 427.91425 14.59737
1003 397.10236 8.950796
1021 397.10236 8.950796
1037 391.71625 11.823097
1054 391.71625 11.823097
1071 391.71625 11.823097
1088 383.5101 11.420358
1105 383.5101 11.420358
1122 381.18277 9.853766
1139 433.65573 5.925053
1156 433.65573 5.925053
1173 391.7285 1.9956827
1190 391.7285 1.9956827
1207 385.8806 0.67422616
1224 385.8806 0.67422616
1242 421.642 0.48994097
1259 421.642 0.48994097
1275 403.12115 0.006552756
1292 403.12115 0.006552756
1309 387.89282 -0.4046378
1327 387.89282 -0.4046378
1343 369.47443 0.36362976
1360 369.47443 0.36362976
1378 329.2382 -9.267896
1394 329.2382 -9.267896
1411 294.72754 -14.454176
1428 294.72754 -14.454176
1445 296.19098 -16.817482
1462 296.19098 -16.817482
1479 291.40656 -22.934786
1496 279.3429 -26.37501
1513 279.3429 -26.37501
1530 275.73956 -30.296568
1548 275.73956 -30.296568
1564 272.41367 -38.867134
1581 272.41367 -38.867134
1598 272.41367 -38.867134
1615 269.22134 -40.749588
1632 269.22134 -40.749588
1650 265.72757 -42.97005
1666 265.72757 -42.97005
1683 262.6657 -43.418404
1700 254.27583 -46.07086
1717 254.27583 -46.07086
1734 254.86388 -46.48459
1752 254.86388 -46.48459
1768 255.58354 -48.64149
1785 255.58354 -48.64149
1802 251.78079 -48.69361
1819 251.78079 -48.69361
1836 251.78079 -48.69361
1854 227.60385 -50.22349
1870 227.60385 -50.22349
1887 233.29706 -52.712875
1904 237.03702 -53.12464
1922 237.03702 -53.12464
1938 241.9111 -52.536915
1955 241.9111 -52.536915
1972 245.22841 -52.420334
1989 245.22841 -52.420334
2006 270.6634 -31.731987
2024 270.6634 -31.731987
2040 293.9479 -14.793969
2057 293.9479 -14.793969
2075 312.14322 -1.4853153
2091 312.14322 -1.4853153
2108 325.34683 5.1812277
2125 325.34683 5.1812277
2142 333.82663 15.326003
2159 333.82663 15.326003
2176 343.79208 18.637043
2194 343.79208 18.637043
2210 356.44977 24.340996
2227 356.44977 24.340996
2244 406.9882 32.70166
2262 405.12817 36.686188
2278 405.12817 36.686188
2295 455.50958 42.61579
2312 455.50958 42.61579
2329 455.50958 42.61579
2346 443.53186 44.030014
2363 443.53186 44.030014
2380 428.21588 42.89087
2397 428.21588 42.89087
2415 419.72583 43.346035
2431 419.72583 43.346035
2448 410.679 39.08469
2465 410.679 39.08469
2482 407.9135 34.62971
2499 450.24606 32.10281
2516 450.24606 32.10281
2533 484.5951 34.54753
2550 484.5951 34.54753
2567 463.23376 28.540606
2584 463.23376 28.540606
2601 463.23376 28.540606
2619 443.09302 30.146065
2635 443.09302 30.146065
2652 426.86237 29.013952
2669 514.42706 30.909122
2686 514.42706 30.909122
2703 489.7029 27.252419
2720 489.7029 27.252419
2737 460.62982 23.197756
2754 460.62982 23.197756
2771 520.65186 20.318565
2789 520.65186 20.318565
2805 520.65186 20.318565
2822 504.42145 22.121273
2839 533.6601 23.9565
2857 533.6601 23.9565
2873 511.47388 25.73732
2890 511.47388 25.73732
2907 494.76157 23.955437
2924 494.76157 23.955437
2941 478.09552 23.74897
2958 478.09552 23.74897
2975 469.48514 25.747616
2993 469.48514 25.747616
3009 512.6793 28.500933
3026 512.6793 28.500933
3043 499.8882 29.724867
3060 483.78583 29.587374
3077 483.78583 29.587374
3094 483.78583 29.587374
3111 524.3081 34.768578
3128 524.3081 34.768578
3146 510.17697 38.03776
3162 510.17697 38.03776
3179 498.37546 36.33683
3196 498.37546 36.33683
3213 533.22644 34.257824
3230 533.22644 34.257824
3247 510.3352 38.021217
3264 494.6189 36.613335
3281 494.6189 36.613335
3298 490.2534 32.597088
3315 490.2534 32.597088
3333 476.3994 44.18915
3349 476.3994 44.18915
3367 476.3994 44.18915
3383 475.26154 41.935043
3401 475.26154 41.935043
3417 469.1868 39.092476
3434 464.4727 35.87076
3451 464.4727 35.87076
3468 498.85626 37.51397
3486 498.85626 37.51397
3502 534.73944 35.778477
3519 534.73944 35.778477
3536 520.355 38.404564
3554 520.355 38.404564
3570 500.30597 36.732132
3587 500.30597 36.732132
3604 480.06274 30.902866
3621 480.06274 30.902866
3638 460.30573 26.023613
3656 460.30573 26.023613
3672 447.65295 22.214392
3689 447.65295 22.214392
3706 434.45276 20.445993
3723 434.45276 20.445993
3740 425.93512 18.152994
3757 425.93512 18.152994
3775 418.1324 19.232395
3792 418.1324 19.232395
3808 410.67197 19.968637
3825 410.67197 19.968637
3843 401.8111 12.89989
3859 401.8111 12.89989
3876 363.88516 3.7248716
3893 363.88516 3.7248716
3910 291.10812 2.9798973
3927 291.10812 2.9798973
3944 305.98108 0.36983776
3962 305.98108 0.36983776
3978 311.1548 4.4220905
3995 311.1548 4.4220905
4012 368.69394 -1.9429474
