299.0 683.0 384.0 768.0
3 138.1768 21.805273
17 110.54144 17.44422
34 110.54144 17.44422
52 110.54144 17.44422
69 214.24054 46.839176
85 214.24054 46.839176
102 307.9606 69.573105
119 307.9606 69.573105
136 376.65323 88.07774
153 433.8383 105.27951
171 433.8383 105.27951
187 478.74707 113.51577
204 478.74707 113.51577
221 515.74963 124.65645
238 515.74963 124.65645
255 537.34973 133.16524
272 537.34973 133.16524
290 563.8264 135.56477
307 563.8264 135.56477
323 563.8264 135.56477
340 586.21716 133.54532
357 644.0374 117.8334
374 644.0374 117.8334
391 702.3054 106.83553
408 702.3054 106.83553
425 752.8604 100.57891
442 752.8604 100.57891
459 795.1842 93.318565
476 795.1842 93.318565
494 833.7598 84.929375
510 833.7598 84.929375
527 871.57983 71.66093
544 898.33594 64.1447
562 898.33594 64.1447
578 898.33594 64.1447
595 917.976 56.117123
612 917.976 56.117123
629 939.0077 50.3024
647 939.0077 50.3024
663 958.47156 41.7029
680 958.47156 41.7029
697 971.9908 38.1338
714 971.9908 38.1338
731 988.0593 30.07322
748 1001.9105 24.360497
765 1001.9105 24.360497
782 1002.81836 20.075777
799 1002.81836 20.075777
816 1002.81836 20.075777
833 1016.74396 20.998041
850 1016.74396 20.998041
867 1022.45044 15.132453
884 1022.45044 15.132453
901 1028.545 12.947943
919 1034.304 13.600055
935 1034.304 13.600055
952 1031.4022 17.031624
969 1031.4022 17.031624
986 1032.0593 13.72234
1003 1032.0593 13.72234
1020 1033.4532 7.5590916
1037 1033.4532 7.5590916
1055 1016.2596 0.8784132
1071 1016.2596 0.8784132
1088 1016.2596 0.8784132
1105 1014.3336 5.7814307
1122 1016.2566 10.385304
1139 1016.2566 10.385304
1156 956.3025 19.640684
1173 956.3025 19.640684
1190 974.20795 24.927608
1207 974.20795 24.927608
1224 984.5581 27.182608
1242 984.5581 27.182608
1258 999.52795 26.147146
1275 999.52795 26.147146
1293 1001.87634 30.928497
1309 1004.7054 36.177998
1326 1004.7054 36.177998
1344 1004.7054 36.177998
1360 993.42145 45.49112
1377 993.42145 45.49112
1394 995.45667 46.229134
1411 995.45667 46.229134
1428 999.7548 45.435966
1445 999.7548 45.435966
1462 1004.4819 47.409912
1479 1004.4819 47.409912
1496 1004.39075 51.77863
1513 1008.3367 51.141506
1530 1008.3367 51.141506
1547 1002.9935 53.524963
1564 1002.9935 53.524963
1581 996.9742 53.941574
1598 996.9742 53.941574
1615 996.9742 53.941574
1632 1002.18494 53.81646
1649 1002.18494 53.81646
1667 997.5428 57.82859
1683 997.5428 57.82859
1700 994.504 58.560154
1717 996.5648 59.731846
1734 996.5648 59.731846
1751 997.8309 62.848717
1768 997.8309 62.848717
1785 1000.0442 64.926636
1802 1000.0442 64.926636
1819 1000.30505 64.27271
1836 1000.30505 64.27271
1853 1000.30505 64.27271
1870 1006.5441 63.940792
1887 1010.8193 66.16779
1904 1010.8193 66.16779
1921 1012.49225 65.18765
1938 1012.49225 65.18765
1956 1014.86755 67.520226
1973 1014.86755 67.520226
1989 1016.9907 67.0132
2006 1016.9907 67.0132
2023 1020.37854 64.81884
2040 1020.37854 64.81884
2057 1021.9357 65.918175
2074 1025.679 62.02818
2091 1025.679 62.02818
2108 1025.679 62.02818
2125 1028.1948 60.683643
2142 1028.1948 60.683643
2159 1025.0999 54.155
2176 1025.0999 54.155
2193 1010.9388 51.86174
2210 1010.9388 51.86174
2227 1010.6227 46.44821
2244 1010.6227 46.44821
2262 1015.2168 48.59091
2278 1016.7198 50.68801
2295 1016.7198 50.68801
2312 1022.969 47.22039
2329 1022.969 47.22039
2346 1022.969 47.22039
2363 1019.92554 50.383633
2380 1019.92554 50.383633
2397 1019.1651 48.496567
2414 1019.1651 48.496567
2431 1017.4426 48.237854
2448 1017.4426 48.237854
2465 1016.48566 49.12612
2482 1013.47906 53.42902
2499 1013.47906 53.42902
2516 810.78326 42.743217
2533 810.78326 42.743217
2551 648.62665 34.194576
2567 648.62665 34.194576
2584 648.62665 34.194576
2601 518.9013 27.355661
2618 518.9013 27.355661
2635 609.00684 12.880528
2652 684.17505 20.753424
2669 684.17505 20.753424
2686 733.8674 16.60746
2703 733.8674 16.60746
2720 788.02167 30.314888
2737 788.02167 30.314888
2754 826.0195 30.267471
2771 826.0195 30.267471
2789 864.9849 30.926397
2805 864.9849 30.926397
2822 889.6708 33.8211
2839 889.6708 33.8211
2856 847.21423 33.202538
2873 847.21423 33.202538
2890 878.5363 28.27803
2907 878.5363 28.27803
2924 902.0283 24.797365
2941 902.0283 24.797365
2958 900.1834 16.142292
2975 900.1834 16.142292
2993 920.9404 13.738594
3009 920.9404 13.738594
3026 934.75366 12.562716
3043 935.11224 8.336293
3060 935.11224 8.336293
3077 935.11224 8.336293
3094 941.2742 6.8315544
3111 941.2742 6.8315544
3128 888.83777 4.609544
3145 888.83777 4.609544
3162 912.4951 2.5432951
3179 912.4951 2.5432951
3196 925.2047 0.16285622
3213 925.2047 0.16285622
3230 948.25775 4.8865447
3247 945.3843 6.6378555
3264 945.3843 6.6378555
3281 945.81494 5.768265
3299 945.81494 5.768265
3315 948.484 2.190792
3332 948.484 2.190792
3349 948.1431 16.799435
3366 948.1431 16.799435
3383 948.1431 16.799435
3400 953.4234 20.453629
3417 953.4234 20.453629
3434 939.96387 27.004063
3451 926.77515 40.953773
3468 926.77515 40.953773
3485 918.0603 41.6533
3502 918.0603 41.6533
3519 909.0355 49.671906
3536 909.0355 49.671906
3553 908.79456 45.285126
3570 908.79456 45.285126
3587 906.38983 36.02472
3604 906.38983 36.02472
3622 921.24884 31.569317
3638 921.24884 31.569317
3655 927.79407 30.322554
3672 927.79407 30.322554
3689 934.2423 32.702324
3706 934.2423 32.702324
3723 935.3197 27.62488
3740 935.3197 27.62488
3757 918.1733 29.169985
3774 918.1733 29.169985
3791 914.28 23.652948
3808 922.8656 20.74012
3825 922.8656 20.74012
3842 933.95953 14.964256
3860 933.95953 14.964256
3876 933.95953 14.964256
3893 929.3194 20.259066
3910 929.3194 20.259066
3927 933.3843 19.670992
3944 933.3843 19.670992
3961 936.4786 16.857374
3978 936.4786 16.857374
3995 941.0819 25.12124
4012 925.483 31.960754
