683.0 1067.0 384.0 768.0
1 775.318 205.03374
18 766.405 202.08043
35 766.405 202.08043
52 761.29706 196.67722
69 761.29706 196.67722
86 745.80225 194.49649
103 745.80225 194.49649
120 742.3199 186.27202
137 742.3199 186.27202
155 743.475 177.27678
171 744.9435 166.30585
189 744.9435 166.30585
205 744.9435 166.30585
222 739.60034 168.8526
239 739.60034 168.8526
256 723.14124 172.23424
273 723.14124 172.23424
291 718.4416 176.68063
308 718.4416 176.68063
324 717.72534 176.11786
341 717.72534 176.11786
359 709.5225 175.9981
375 759.3319 190.6492
392 759.3319 190.6492
409 759.3319 190.6492
426 791.7427 218.06421
443 791.7427 218.06421
460 823.9376 226.85947
477 823.9376 226.85947
494 847.14026 241.23846
511 847.14026 241.23846
528 825.6502 211.19803
545 743.83044 169.58788
562 743.83044 169.58788
579 743.83044 169.58788
596 682.0241 134.40709
614 628.96375 104.916016
630 628.96375 104.916016
647 588.6785 82.48489
664 588.6785 82.48489
681 588.6785 82.48489
698 552.29596 64.53972
715 552.29596 64.53972
732 525.50543 51.290314
749 504.37088 39.715874
767 504.37088 39.715874
783 536.70844 30.741219
800 536.70844 30.741219
817 554.2179 22.963097
834 554.2179 22.963097
851 521.28204 14.579758
868 521.28204 14.579758
885 495.9084 7.450706
902 495.9084 7.450706
919 475.66882 -0.04267502
936 475.66882 -0.04267502
953 553.58453 -0.46168005
971 553.58453 -0.46168005
988 524.1111 -2.910464
1005 524.1111 -2.910464
1021 497.95044 -6.5441914
1038 497.95044 -6.5441914
1055 531.24054 -10.790113
1072 531.24054 -10.790113
1089 508.11945 -11.39391
1106 508.11945 -11.39391
1123 482.48657 -12.340009
1140 461.7304 -17.512367
1157 461.7304 -17.512367
1174 449.3004 -21.658415
1191 449.3004 -21.658415
1208 449.3004 -21.658415
1225 457.4502 -20.770493
1242 457.4502 -20.770493
1259 465.17505 -18.609915
1276 465.17505 -18.609915
1293 470.8751 -15.685812
1310 470.8751 -15.685812
1327 475.90338 -16.300789
1345 456.88782 -18.785872
1361 456.88782 -18.785872
1378 443.7153 -24.374496
1395 443.7153 -24.374496
1412 443.7153 -24.374496
1429 450.97623 -18.153557
1446 450.97623 -18.153557
1463 456.51428 -19.107325
1480 456.51428 -19.107325
1497 458.63293 -20.84814
1514 460.2745 -21.613792
1531 460.2745 -21.613792
1548 441.2041 -30.774197
1565 441.2041 -30.774197
1582 352.9633 -24.619358
1599 352.9633 -24.619358
1617 376.90482 -26.176506
1633 376.90482 -26.176506
1650 359.70554 -26.857647
1667 359.70554 -26.857647
1684 365.499 -25.952398
1701 365.499 -25.952398
1718 376.464 -27.88908
1735 376.464 -27.88908
1752 379.2744 -28.848564
1769 379.2744 -28.848564
1786 352.97876 -35.20531
1803 352.97876 -35.20531
1820 348.40436 -34.92287
1837 348.40436 -34.92287
1854 343.48615 -35.58912
1871 343.48615 -35.58912
1888 343.87708 -34.983536
1905 343.87708 -34.983536
1922 419.98273 -38.42417
1939 419.98273 -38.42417
1957 450.11267 -35.617218
1973 450.11267 -35.617218
1990 503.73004 -38.070633
2007 503.73004 -38.070633
2024 466.99957 -33.071865
2041 466.99957 -33.071865
2058 459.34152 -32.325054
2075 459.34152 -32.325054
2092 453.69614 -32.961403
2109 452.75046 -32.279564
2126 452.75046 -32.279564
2144 433.9442 -29.729012
2160 433.9442 -29.729012
2177 437.52686 -28.656729
2194 437.52686 -28.656729
2212 437.52686 -28.656729
2229 422.65723 -32.873222
2245 422.65723 -32.873222
2262 420.89944 -32.775597
2279 420.89944 -32.775597
2296 415.51578 -26.887978
2313 412.8071 -29.865643
2330 412.8071 -29.865643
2347 338.67807 -24.289656
2364 338.67807 -24.289656
2382 357.29822 -23.762405
2398 357.29822 -23.762405
2415 363.03284 -21.095644
2433 363.03284 -21.095644
2449 363.03284 -21.095644
2466 378.8172 -22.775976
2483 386.86725 -24.644762
2500 386.86725 -24.644762
2517 387.85553 -26.653652
2534 387.85553 -26.653652
2551 394.5907 -27.097763
2568 394.5907 -27.097763
2585 398.3457 -22.825972
2602 398.3457 -22.825972
2620 401.62335 -25.877539
2636 401.62335 -25.877539
2653 402.9468 -26.419453
2670 402.9468 -26.419453
2687 388.1661 -20.491604
2704 388.1661 -20.491604
2721 394.3153 -20.467564
2738 394.3153 -20.467564
2755 397.59607 -23.610792
2772 397.59607 -23.610792
2789 376.68988 -24.270353
2806 376.68988 -24.270353
2823 380.54327 -23.871422
2840 380.54327 -23.871422
2857 393.21796 -24.796698
2874 393.43506 -21.312119
2891 393.43506 -21.312119
2908 397.9964 -22.499876
2925 397.9964 -22.499876
2942 408.11896 -17.818861
2959 408.11896 -17.818861
2977 408.11896 -17.818861
2994 419.9206 -17.441849
3010 419.9206 -17.441849
3027 417.15494 -16.97522
3044 417.15494 -16.97522
3061 418.1706 -22.240196
3078 416.63147 -28.853039
3095 416.63147 -28.853039
3112 413.07214 -32.963234
3129 413.07214 -32.963234
3147 405.3056 -36.31381
3163 405.3056 -36.31381
3180 394.1856 -38.172825
3197 394.1856 -38.172825
3214 393.76242 -39.29398
3231 393.76242 -39.29398
3248 382.56152 -44.283165
3266 382.56152 -44.283165
3282 366.93784 -51.657333
3299 366.93784 -51.657333
3316 354.41162 -55.874825
3334 354.41162 -55.874825
3350 344.93222 -53.73158
3368 344.93222 -53.73158
3384 341.58728 -50.361305
3401 341.58728 -50.361305
3418 334.55817 -54.584206
3436 334.55817 -54.584206
3452 331.30457 -55.21071
3469 331.30457 -55.21071
3487 327.7317 -51.134308
3503 327.7317 -51.134308
3520 322.55002 -55.015167
3537 322.55002 -55.015167
3554 314.62015 -58.352097
3571 314.62015 -58.352097
3588 312.5237 -59.651
3605 312.5237 -59.651
3622 310.8877 -58.725643
3639 312.3091 -59.526634
3656 312.3091 -59.526634
3674 327.77545 -56.392246
3690 327.77545 -56.392246
3707 350.71658 -46.113956
3724 350.71658 -46.113956
3741 350.71658 -46.113956
3758 353.25494 -43.902508
3776 353.25494 -43.902508
3792 354.3178 -40.304565
3809 354.3178 -40.304565
3826 381.76303 -34.782932
3844 387.95267 -34.561626
3860 387.95267 -34.561626
3877 398.69006 -31.675722
3894 398.69006 -31.675722
3911 405.00406 -30.689518
3929 405.00406 -30.689518
3945 418.74802 -26.183435
3963 418.74802 -26.183435
3979 441.4136 -13.739368
3996 441.4136 -13.739368
