1 701.39276 426.50812 297.62542067616835 468.37542067616835 335.4976002348308 431.4976002348308
18 701.39276 426.50812 297.76128878990846 468.51128878990846 326.9581694712406 422.9581694712406
35 702.36816 428.00345 298.1401809083458 468.8901809083458 318.4260666429181 414.4260666429181
51 700.99805 427.37402 298.7185140048509 469.4685140048509 310.4087391863609 406.4087391863609
69 700.99805 427.37402 299.62561216007174 470.37561216007174 301.41149255853884 397.41149255853884
85 701.237 425.85757 300.6592573431978 471.4092573431978 293.44006945149073 389.44006945149073
102 701.237 425.85757 301.9910842002114 472.7410842002114 285.00404105339845 381.00404105339845
120 701.237 425.85757 303.6623788905013 474.4123788905013 276.11696909446454 372.11696909446454
136 701.6121 423.16818 305.37225228130916 476.12225228130916 268.2627764750041 364.2627764750041
153 701.6121 423.16818 307.4188532438116 478.1688532438116 259.9711082224287 355.9711082224287
170 700.2369 424.84985 309.7006512552929 480.4506512552929 251.74105744826687 347.7410574482669
188 700.2369 424.84985 312.370971055829 483.120971055829 243.10145872448777 339.10145872448777
204 699.4134 424.0192 314.9622521925565 485.7122521925565 235.4924331110061 331.4924331110061
221 699.4134 424.0192 317.93779086333535 488.68779086333535 227.48702821623766 323.48702821623766
238 697.93945 421.24002 321.14000152904384 491.89000152904384 219.5695674640201 315.5695674640201
256 697.1122 420.38324 324.77475501321027 495.52475501321027 211.2893596734873 307.2893596734873
272 697.1122 420.38324 328.2138763391684 498.9638763391684 204.0240686798987 300.02406867989873
289 698.78754 424.05508 332.0798074744846 502.8298074744846 196.40862946948707 292.4086294694871
306 698.78754 424.05508 336.16094923283765 506.91094923283765 188.90632183391858 284.9063218339186
323 696.47144 421.36914 340.4539940602396 511.2039940602396 181.52322600490484 277.5232260049048
340 696.47144 421.36914 344.9554626662418 515.7054626662418 174.26532559916362 270.2653255991636
358 696.47144 421.36914 349.94484113972976 520.6948411397298 166.72348388819168 262.7234838881917
375 694.3855 421.00888 354.8637457035903 525.6137457035903 159.7417422858324 255.7417422858324
391 694.3855 421.00888 359.6731023758233 530.4231023758233 153.30108260568883 249.30108260568883
409 694.62964 423.40015 365.28764512599264 536.0376451259926 146.21234621253794 242.21234621253794
425 694.62964 423.40015 370.45573236238414 541.2057323623842 140.05581447516937 236.05581447516937
442 695.40186 421.36163 376.12543363562395 546.875433635624 133.66873177782583 229.66873177782583
459 692.7268 416.6448 381.9746488335043 552.7246488335043 127.44562809241546 223.44562809241546
477 692.7268 416.6448 388.35832887425113 559.1083288742511 121.04079373995708 217.04079373995708
493 689.6802 412.30524 394.1925174146769 564.9425174146769 115.51139478609738 211.51139478609738
510 689.6802 412.30524 400.5512688483818 571.3012688483818 109.8099372430793 205.8099372430793
527 686.824 408.32983 407.06973833256984 577.8197383325698 104.29179502905546 200.29179502905546
544 686.824 408.32983 413.7426429853873 584.4926429853873 98.96144031244515 194.96144031244515
561 686.2876 404.91492 420.564574763276 591.314574763276 93.82319306962836 189.82319306962836
578 686.2876 404.91492 427.53000484391305 598.280004843913 88.88121758382923 184.88121758382923
595 686.7365 403.83133 434.6332881070341 605.3832881070341 84.13951907017963 180.13951907017963
612 686.7365 403.83133 441.86866770951156 612.6186677095116 79.60194042970028 175.60194042970028
629 685.84784 400.05243 449.2302797509776 619.9802797509776 75.27215913482809 171.2721591348281
646 685.84784 400.05243 456.71215802621145 627.4621580262115 71.15368424901567 167.15368424901567
663 687.0541 399.80054 464.3082388604396 635.0582388604396 67.24985358281685 163.24985358281685
680 687.0541 399.80054 472.0123660236304 642.7623660236304 63.563830988764266 159.56383098876427
698 688.45544 397.1194 480.2805035702502 651.0305035702502 59.90170381248561 155.9017038124856
714 688.45544 397.1194 487.71970164728384 658.4697016472838 56.85698039535282 152.85698039535282
732 687.306 395.9233 496.18284410284525 666.9328441028453 53.6713103368038 149.6713103368038
748 687.306 395.9233 503.783255286693 674.533255286693 51.0548702834833 147.0548702834833
765 689.8566 400.53128 511.93238432050157 682.6823843205016 48.49908588318232 144.49908588318232
783 689.8566 400.53128 520.6364292711773 691.3864292711773 46.04696936032366 142.04696936032366
799 694.5516 405.16364 528.4323299341439 699.1823299341439 44.08841336946284 140.08841336946284
816 694.5516 405.16364 536.7697741627716 707.5197741627716 42.23709987763954 138.23709987763954
833 697.5872 407.56067 545.156538399579 715.906538399579 40.62386599915499 136.623865999155
850 697.5872 407.56067 553.585825606595 724.335825606595 39.25001917650059 135.2500191765006
867 696.5196 412.60303 562.0508042831839 732.8008042831839 38.116672841359446 134.11667284135945
884 696.5196 412.60303 570.5446140026227 741.2946140026227 37.2247455122278 133.2247455122278
901 697.4712 418.07404 579.0603709721212 749.8103709721212 36.574960050003085 132.57496005000309
918 697.4712 418.07404 587.5911736117806 758.3411736117806 36.167843072143 132.167843072143
935 698.51807 420.801 596.1301081479654 766.8801081479654 36.00372452586896 132.00372452586896
952 698.51807 420.801 604.6702542165596 775.4202542165596 36.08273742076125 132.08273742076125
970 701.45483 424.0358 613.7063904556234 784.4563904556234 36.431328605587055 132.43132860558705
986 701.45483 424.0358 621.7265001944813 792.4765001944813 36.96970439707047 132.96970439707047
1004 705.1419 424.92987 630.7281551661815 801.4781551661815 37.831958255007294 133.8319582550073
1020 704.8478 423.9911 638.7046299331981 809.4546299331981 38.82586922049978 134.82586922049978
1037 704.8478 423.9911 647.1471900543268 817.8971900543268 40.115643042381976 136.11564304238198
1054 707.062 425.85944 655.5496150057149 826.2996150057149 41.645215808474234 137.64521580847423
1071 707.062 425.85944 663.9050950571935 834.6550950571935 43.41334787928315 139.41334787928315
1090 706.0155 428.8404 673.179692322874 843.929692322874 45.67003518755445 141.67003518755445
1105 706.0155 428.8404 680.4481772598931 851.1981772598931 47.65936583863811 143.6593658386381
1123 706.0155 428.8404 689.1009748533495 859.8509748533495 50.286601601133555 146.28660160113355
1139 706.59705 431.60956 696.7228182836474 867.4728182836474 52.839934998910564 148.83993499891056
1157 706.59705 431.60956 705.2120829453671 875.9620829453671 55.95532573657704 151.95532573657704
1173 706.4514 432.2323 712.6762698040402 883.4262698040402 58.93826443105149 154.9382644310515
1191 706.75024 434.19244 720.9744866729714 891.7244866729714 62.53171273890922 158.53171273890922
1208 706.75024 434.19244 728.7089106673807 899.4589106673807 66.15373198032523 162.15373198032523
1224 708.9647 434.48895 735.8914330094331 906.6414330094331 69.76252423287974 165.76252423287974
1241 708.9647 434.48895 743.413983721744 914.163983721744 73.80623152831976 169.80623152831976
1258 710.0078 433.22232 750.8183800147626 921.5683800147626 78.06243329120804 174.06243329120804
1275 710.0078 433.22232 758.0986210088488 928.8486210088488 82.52768009049117 178.52768009049117
1292 707.22577 435.61157 765.2488064458005 935.9988064458005 87.19835307494287 183.19835307494287
1310 707.22577 435.61157 772.671396715908 943.421396715908 92.36346949445999 188.36346949446
1326 700.77045 432.58948 779.1359413283826 949.8859413283826 97.14067282585665 193.14067282585665
1343 700.77045 432.58948 785.8616359705578 956.6116359705578 102.40426185718263 198.40426185718263
1360 695.60706 434.102 792.434774570124 963.184774570124 107.85716813378187 203.85716813378187
1377 695.60706 434.102 798.8500299387413 969.6000299387413 113.49497235758312 209.49497235758312
1394 695.60706 434.102 805.1022028442499 975.8522028442499 119.31310538030687 215.31310538030687
1411 692.4149 433.40372 811.1862262243785 981.9362262243785 125.30685190652298 221.30685190652298
1428 689.85455 430.4865 817.0971692933363 987.8471692933363 131.47135431515434 227.47135431515434
1445 689.85455 430.4865 822.8302415379586 993.5802415379586 137.80161659632608 233.80161659632608
1462 687.21954 428.4621 828.3807966001699 999.1307966001699 144.29250840037312 240.29250840037312
1480 687.21954 428.4621 834.0539206730178 1004.8039206730178 151.33444969515332 247.33444969515332
1496 686.3515 429.01672 838.9165129944168 1009.6665129944168 157.73501253228335 253.73501253228335
1513 686.3515 429.01672 843.8931356740757 1014.6431356740757 164.675730406883 260.67573040688296
1531 686.52826 426.7771 848.9448737571439 1019.6948737571439 172.1759448228275 268.1759448228275
1548 686.52826 426.7771 853.5063645222324 1024.2563645222324 179.39627306401533 275.3962730640153
1564 686.7739 423.91058 857.6101570459276 1028.3601570459277 186.30792233453255 282.3079223345326
1581 686.7739 423.91058 861.7658627967578 1032.5158627967578 193.76918547310373 289.76918547310373
1599 687.20074 426.10516 865.9326210713034 1036.6826210713034 201.79485674886422 297.7948567488642
1615 687.20074 426.10516 869.4318623492258 1040.1818623492259 209.03138348446487 305.03138348446487
1632 689.8679 426.73132 872.9359432553329 1043.6859432553329 216.8199491363638 312.8199491363638
1649 689.8679 426.73132 876.2168989033121 1046.966898903312 224.7051040458423 320.7051040458423
1666 691.31256 427.35828 879.2720702485676 1050.0220702485676 232.6804577033056 328.6804577033056
1683 691.31256 427.35828 882.0989812329851 1052.8489812329851 240.73954649774532 336.7395464977453
1700 690.7577 429.0816 884.6953407916484 1055.4453407916485 248.87583895516212 344.8758389551621
1717 690.7577 429.0816 887.0590447096293 1057.8090447096292 257.08274103198784 353.08274103198784
1734 689.14905 428.30627 889.1881773273444 1059.9381773273444 265.35360145921436 361.35360145921436
1751 689.14905 428.30627 891.0810130930984 1061.8310130930984 273.6817171329047 369.6817171329047
1768 689.7352 426.35046 892.7360179615537 1063.4860179615537 282.0603385467098 378.0603385467098
1785 688.40234 423.49133 894.1518506369953 1064.9018506369953 290.4826752619944 386.4826752619944
1803 688.40234 423.49133 895.3890061395116 1066.1390061395116 299.4405053679775 395.4405053679775
1819 687.2017 421.9859 896.2616043392997 1067.0116043392995 307.4311612295389 403.4311612295389
1836 687.2017 421.9859 896.9538155200738 1067.703815520074 315.9435746118702 411.9435746118702
1854 685.1702 422.05267 897.4223209778079 1068.1723209778079 324.97428757271297 420.97428757271297
1871 685.1702 422.05267 897.6146881603357 1068.3646881603358 333.5126324227158 429.5126324227158
1887 684.5459 418.10785 897.5736453909749 1068.323645390975 341.5506871754069 437.5506871754069
1905 684.5459 418.10785 897.2700853553974 1068.0200853553974 350.5884482504665 446.5884482504665
1921 684.5459 418.10785 896.7716802368993 1067.5216802368993 358.6111411309172 454.6111411309172
1938 684.25836 419.5533 896.0068216320687 1066.7568216320687 367.1173347111916 463.1173347111916
1956 684.25836 419.5533 894.9334090841814 1065.6834090841814 376.09625777841393 472.09625777841393
1972 682.1373 418.06696 893.7524512558361 1064.5024512558361 384.04719151753216 480.04719151753216
1989 679.48474 416.99808 892.2647665348454 1063.0147665348454 392.4571339716405 488.4571339716405
2006 679.48474 416.99808 890.5382915457113 1061.2882915457112 400.8213208432003 496.8213208432003
2023 679.4673 417.7099 888.5744255069792 1059.3244255069792 409.13297339202586 505.13297339202586
2040 679.4673 417.7099 886.3747600303433 1057.1247600303432 417.385355454278 513.3853554542779
2057 687.7625 416.25677 883.9410778307275 1054.6910778307274 425.5717789017766 521.5717789017766
2074 687.7625 416.25677 881.2753512814876 1052.0253512814875 433.68560906238275 529.6856090623828
2092 692.5195 413.34918 878.2023009969078 1048.9523009969078 442.19029223658174 538.1902922365817
2108 692.5195 413.34918 875.2565931762647 1046.0065931762647 449.6692503292295 545.6692503292295
2125 696.2838 412.2547 871.9084395119482 1042.6584395119482 457.52610752219204 553.526107522192
2143 696.2838 412.2547 868.1211054216201 1038.87110542162 465.737646624778 561.737646624778
2159 696.2838 412.2547 864.5481482862865 1035.2981482862865 472.9380623089762 568.9380623089762
2177 700.0085 413.0783 860.2996503355766 1031.0496503355766 480.92076480298647 576.9207648029865
2193 702.2688 412.594 856.3227228435584 1027.0727228435585 487.90618221638465 583.9061822163847
2210 702.2688 412.594 851.8938087238421 1022.6438087238421 495.20858302917645 591.2085830291765
2227 703.6288 407.79126 847.2588229060326 1018.0088229060326 502.38195353258584 598.3819535325858
2244 703.6288 407.79126 842.4215218060378 1013.1715218060378 509.42048008140796 605.420480081408
2261 704.0826 408.92792 837.3858258058228 1008.1358258058228 516.3184583144773 612.3184583144773
2278 704.0826 408.92792 832.1558160761413 1002.9058160761413 523.0702977777584 619.0702977777584
2295 707.2988 409.04453 826.7357312689596 997.4857312689596 529.6705264551181 625.6705264551181
2312 707.2988 409.04453 821.1299640822481 991.8799640822481 536.1137952031119 632.1137952031119
2329 710.7486 411.55676 815.3430576999276 986.0930576999276 542.394882086187 638.394882086187
2346 710.7486 411.55676 809.379702109853 980.129702109853 548.5086966087915 644.5086966087915
2363 714.0862 410.28952 803.2447303028227 973.9947303028227 554.4502838409564 650.4502838409564
2381 714.911 413.05353 796.5673499372441 967.3173499372441 560.5483052740481 656.5483052740481
2397 714.911 413.05353 790.4799614017456 961.2299614017456 565.7976585231695 661.7976585231695
2414 714.911 413.05353 783.8605094916655 954.6105094916655 571.1942495138428 667.1942495138428
2432 711.97986 411.29663 776.6872816327669 947.4372816327669 576.7004347658467 672.7004347658467
2448 711.97986 411.29663 770.1742900189863 940.9242900189863 581.4113740517007 677.4113740517007
2465 708.1265 412.5023 763.1186144283101 933.8686144283101 586.2236271487043 682.2236271487043
2483 708.1265 412.5023 755.5018325769166 926.2518325769166 591.0978356150445 687.0978356150445
2499 706.2728 406.07648 748.6107182018081 919.3607182018081 595.2360177503971 691.2360177503971
2516 706.2728 406.07648 741.17025546435 911.92025546435 599.4288511793545 695.4288511793545
2533 704.8367 404.7148 733.6134567331254 904.3634567331254 603.4081891703074 699.4081891703074
2550 703.7042 401.9828 725.9464464020558 896.6964464020558 607.1708066759479 703.1708066759479
2567 703.7042 401.9828 718.1754381858558 888.9254381858558 610.7136542896951 706.7136542896951
2584 703.6696 398.1234 710.3067300841386 881.0567300841386 614.0338607170812 710.0338607170812
2601 703.6696 398.1234 702.346699277214 873.096699277214 617.1287351027865 713.1287351027865
2618 703.94775 396.51474 694.3017969577133 865.0517969577133 619.9957692114392 715.9957692114392
2635 703.94775 396.51474 686.178543102233 856.928543102233 622.6326394604092 718.6326394604092
2652 702.6328 395.89236 677.9835211872297 848.7335211872297 625.0372088029525 721.0372088029525
2669 702.6328 395.89236 669.7233728534557 840.4733728534557 627.2075284601758 723.2075284601758
2687 702.6328 395.89236 660.9137884500344 831.6637884500344 629.2482382837565 725.2482382837565
2703 703.63635 397.7907 653.0345219750633 823.7845219750633 630.8385742647915 726.8385742647915
2720 703.63635 397.7907 644.6193448795832 815.3693448795832 632.296357637651 728.296357637651
2737 701.8268 393.16635 636.1660813019316 806.9160813019316 633.5140081610913 729.5140081610913
2755 698.5147 391.8133 627.1816681050749 797.9316681050749 634.5404551656717 730.5404551656717
2771 698.5147 391.8133 619.1727237438794 789.9227237438794 635.2251587040392 731.2251587040392
2788 699.3582 391.1533 610.6464019995067 781.3964019995067 635.7172719246712 731.7172719246712
2806 699.3582 391.1533 601.607177164819 772.357177164819 635.9735692774082 731.9735692774082
2822 698.9672 387.79327 593.5690176902656 764.3190176902656 635.9725804261168 731.9725804261168
2839 698.9672 387.79327 585.0317954607539 755.7817954607539 635.7355687926154 731.7355687926154
2857 698.2846 388.15823 576.0036557812324 746.7536557812324 635.2198480618783 731.2198480618783
2873 698.2846 388.15823 567.9948801263789 738.7448801263789 634.5331740297464 730.5331740297464
2890 696.77185 383.17535 559.5089945588649 730.2589945588649 633.5687653790487 729.5687653790487
2907 696.77185 383.17535 551.0540000393138 721.8040000393138 632.3631926583694 728.3631926583694
2924 696.77185 383.17535 542.6367489028069 713.3867489028069 630.9174329219486 726.9174329219486
2941 697.5373 383.9098 534.2640628953682 705.0140628953682 629.232657883161 725.232657883161
2958 698.9801 379.0301 525.9427276452934 696.6927276452934 627.3102329649023 723.3102329649023
2975 698.9801 379.0301 517.6794871637487 688.4294871637487 625.1517161929854 721.1517161929854
2992 698.4337 382.73236 509.48103837910116 680.2310383791012 622.7588569334407 718.7588569334407
3009 698.4337 382.73236 501.3540257094023 672.1040257094023 620.1335944747455 716.1335944747455
3026 698.85974 385.6728 493.3050356774336 664.0550356774336 617.278056456131 713.278056456131
3043 698.85974 385.6728 485.3405915726703 656.0905915726703 614.1945571432422 710.1945571432422
3060 697.8224 386.261 477.46714816449344 648.2171481644934 610.8855955525434 706.8855955525434
3077 697.8224 386.261 469.691086470933 640.441086470933 607.3538534259965 703.3538534259965
3094 699.73645 380.95737 462.0187085871838 632.7687085871838 603.6021930576474 699.6021930576474
3111 699.73645 380.95737 454.4562325780845 625.2062325780845 599.6336549738851 695.6336549738851
3128 701.13464 382.4381 447.00978743869564 617.7597874386956 595.4514554692516 691.4514554692516
3145 700.8659 379.31598 439.68540812706976 610.4354081270698 591.058983999804 687.058983999804
3162 700.8659 379.31598 432.4890306732291 603.2390306732291 586.4598004361334 682.4598004361334
3179 701.75116 382.9161 425.4264873683203 596.1764873683203 581.6576321782761 677.6576321782761
3197 701.75116 382.9161 418.1007341971813 588.8507341971813 576.3560650118047 672.3560650118047
3213 701.75116 382.9161 411.72568540279684 582.4756854027969 571.4600705688548 667.4600705688548
3231 700.55457 386.34543 404.71350519699024 575.4635051969902 565.7502016818883 661.7502016818883
3247 700.55457 386.34543 398.6274083925641 569.3774083925641 560.4993508552757 656.4993508552757
3264 700.1067 388.3398 392.31756349239276 563.0675634923928 554.7438148032415 650.7438148032415
3282 700.1067 388.3398 385.818018823778 556.568018823778 548.4565902131905 644.4565902131905
3298 700.4203 388.06433 380.2020257696452 550.9520257696452 542.7057093474355 638.7057093474355
3315 700.4203 388.06433 374.4061519627961 545.1561519627961 536.4328962045494 632.4328962045494
3332 702.4298 383.76288 368.7911854693228 539.5411854693227 529.9976425819129 625.9976425819129
3349 702.8726 388.25327 363.3616769287074 534.1116769287074 523.4051639192346 619.4051639192346
3366 702.8726 388.25327 358.12202667636814 528.8720266763681 516.6608030789737 612.6608030789737
3384 705.0764 389.75104 352.78581736231547 523.5358173623155 509.3602452851014 605.3602452851014
3400 705.0764 389.75104 348.2291295851123 518.9791295851123 502.7384173488538 598.7384173488538
3418 705.0764 389.75104 343.31702741539596 514.067027415396 495.1460181088685 591.1460181088685
3434 706.14355 390.43976 339.144558420162 509.894558420162 488.2756097367269 584.2756097367269
3451 706.14355 390.43976 334.91470142185455 505.66470142185455 480.85613214835485 576.8561321483548
3468 705.65985 389.56396 330.8977575118902 501.6477575118902 473.3192561685689 569.3192561685689
3485 705.65985 389.56396 327.0969822152257 497.8469822152257 465.6710900449318 561.6710900449318
3502 706.26636 388.98508 323.5154558633554 494.2654558633554 457.9178322199049 553.9178322199049
3520 707.38196 383.97906 319.9654481323775 490.7154481323775 449.60093862583636 545.6009386258363
3536 707.38196 383.97906 317.0215805179704 487.7715805179704 442.1212559998803 538.1212559998803
3553 706.8646 382.8261 314.1144944740342 484.8644944740342 434.0907399116313 530.0907399116313
3570 706.8646 382.8261 311.4371790087004 482.1871790087004 425.9807263598813 521.9807263598814
3588 708.1201 382.41187 308.85522471939606 479.60522471939606 417.31430922285153 513.3143092228515
3605 708.1201 382.41187 306.65758971905177 477.40758971905177 409.06138620638365 505.06138620638365
3622 709.83136 379.5597 304.69576873233893 475.44576873233893 400.74925072104793 496.74925072104793
3638 709.83136 379.5597 303.06619032461737 473.81619032461737 392.87800666884965 488.87800666884965
3655 708.8663 371.8026 301.5664924513526 472.3164924513526 384.4701981434725 480.4701981434725
3672 708.8663 371.8026 300.30673466233077 471.05673466233077 376.02310703330426 472.02310703330426
3690 708.8663 371.8026 299.23553131423415 469.98553131423415 367.043920136258 463.043920136258
3706 710.6102 374.7763 298.5109279242903 469.2609279242903 359.03848706593226 455.03848706593226
3723 709.8427 380.94055 297.97633438360816 468.72633438360816 350.5147233633919 446.5147233633919
3740 709.8427 380.94055 297.68459056430925 468.43459056430925 341.9791962294431 437.9791962294431
3757 709.17474 376.87396 417.64906576024066 588.3990657602407 333.056686471707 429.056686471707
3774 709.17474 376.87396 417.99123095517183 588.7412309551719 324.5235450269113 420.5235450269113
3791 709.9136 377.639 418.73774721758974 589.4877472175897 316.01623679178385 412.01623679178385
3809 709.9136 377.639 419.96702256495803 590.717022564958 307.0579362572376 403.0579362572376
3825 709.2478 380.73834 421.43620498653286 592.1862049865329 299.15561763711503 395.15561763711503
3842 709.2478 380.73834 423.3820723329198 594.1320723329197 290.84025954453836 386.84025954453836
3859 707.7367 385.25433 425.72015609929747 596.4701560992975 282.62655488470796 378.62655488470796
3876 707.7367 385.25433 428.4451933182859 599.1951933182859 274.53299249891984 370.53299249891984
3893 706.0933 385.49652 431.55105000007745 602.3010500000775 266.5777907912517 362.5777907912517
3910 706.0933 385.49652 435.03073493989234 605.7807349398923 258.7788567193968 354.7788567193968
3927 705.56036 383.18683 438.876415455004 609.626415455004 251.15374548655507 347.15374548655507
3945 705.56036 383.18683 443.3376014504479 614.0876014504479 243.28862718732034 339.28862718732034
3961 703.06885 379.7207 447.6303327319572 618.3803327319572 236.49321736108072 332.4932173610807
3978 703.06885 379.7207 452.518864647575 623.268864647575 229.49080094619188 325.4908009461919
3995 698.3411 381.1783 457.734026801152 628.484026801152 222.7281340425647 318.7281340425647
4013 698.3411 381.1783 463.5989209792019 634.3489209792019 215.84589003154827 311.84589003154827
4029 693.8231 382.0672 469.09657621838664 639.8465762183866 209.98236520147657 305.98236520147657
4046 693.8231 382.0672 475.21838667089924 645.9683866708992 204.0279536670738 300.0279536670738
4063 692.51654 384.84528 481.6157313118342 652.3657313118342 198.37060786867886 294.37060786867886
4080 692.51654 384.84528 488.27420988032543 659.0242098803254 193.0230623484931 289.0230623484931
4098 692.7822 382.8679 495.5923246451781 666.3423246451781 187.71199252826437 283.7119925282644
4114 691.9594 381.06213 502.31406246496294 673.064062464963 183.30479645322103 279.304796453221
4131 691.9594 381.06213 509.66383312829794 680.4138331282979 178.95595164869005 274.9559516486901
4148 690.2657 374.78473 517.2116021519138 687.9616021519138 174.9606090221234 270.96060902212344
4165 690.2657 374.78473 524.9403796987771 695.6903796987771 171.32776198864897 267.32776198864894
4182 690.2657 374.78473 532.8327684862486 703.5827684862486 168.06558799499004 264.06558799499004
4199 689.2315 378.07376 540.8710029469295 711.6210029469295 165.1814301122385 261.1814301122385
4217 689.2315 378.07376 549.5209282560902 720.2709282560902 162.54684124624086 258.5468412462409
4233 690.8108 379.69604 557.3123458725511 728.0623458725511 160.57226582663537 256.5722658266354
4250 690.8108 379.69604 565.678445290706 736.428445290706 158.85763453593017 254.85763453593017
4267 699.3773 383.99072 574.1164555949256 744.8664555949256 157.54174622631027 253.54174622631027
4284 706.0829 385.05725 582.6073830375866 753.3573830375866 156.6275629290547 252.6275629290547
4301 706.0829 385.05725 591.132114755926 761.882114755926 156.1171424476271 252.1171424476271
4318 714.0476 385.99228 599.6714617946108 770.4214617946108 156.01163372561214 252.01163372561214
4336 714.0476 385.99228 608.7076916320163 779.4576916320163 156.341507447631 252.341507447631
4352 717.28973 388.10132 616.7171247860152 787.4671247860152 157.01538956894865 253.01538956894865
4369 717.28973 388.10132 625.1850713827765 795.9350713827765 158.12239470530233 254.12239470530233
4386 722.4606 395.0553 633.5909809564164 804.3409809564164 159.6297978289907 255.6297978289907
4404 722.4606 395.0553 642.4027122819134 813.1527122819134 161.65850613580778 257.6585061358078
4420 723.9396 404.77145 650.1411853111272 820.8911853111272 163.83133188536496 259.831331885365
4437 723.9396 404.77145 658.2482260010909 828.9982260010909 166.5160052712332 262.5160052712332
4454 723.9396 404.77145 666.2188053437343 836.9688053437343 169.58218283949915 265.5821828394992
4471 727.23895 405.10004 674.0349817666976 844.7849817666976 173.0229627020636 269.02296270206364
4488 720.65546 408.96732 681.6791612546845 852.4291612546845 176.83059975054408 272.8305997505441
4505 720.65546 408.96732 689.1341369531456 859.8841369531456 180.99652309031762 276.9965230903176
4522 714.67303 406.09732 696.3831279004737 867.1331279004737 185.51135533338842 281.51135533338845
4540 714.67303 406.09732 703.8158878779227 874.5658878779227 190.66075777100514 286.66075777100514
4556 711.2788 408.55753 710.1983867574248 880.9483867574248 195.54633292803192 291.5463329280319
4573 711.2788 408.55753 716.733556869033 887.483556869033 201.0438897990301 297.0438897990301
4590 708.7823 407.82977 723.0006166338345 893.7506166338345 206.8452294582745 302.8452294582745
4608 708.7823 407.82977 729.3284286327194 900.0784286327194 213.30441374529323 309.30441374529323
4624 708.6514 407.69806 734.6746124154753 905.4246124154753 219.30636805391646 315.30636805391646
4641 708.6514 407.69806 740.0552705632856 910.8052705632856 225.93811728273374 321.93811728273374
4658 708.9725 405.517 745.1153217770493 915.8653217770493 232.81761302381858 328.8176130238186
4676 708.9725 405.517 750.1109265519513 920.8609265519513 240.35460176468007 336.35460176468007
4692 709.2888 403.46674 754.2287905304013 924.9787905304013 247.25737894613326 343.25737894613326
4709 709.2888 403.46674 758.2616938824929 929.0116938824929 254.78514557975075 350.78514557975075
4726 708.95776 402.86493 761.9330081024611 932.6830081024611 262.4957247950736 358.4957247950736
4743 708.95776 402.86493 765.2344691549205 935.9844691549205 270.3717602734482 366.3717602734482
4760 707.7512 397.71805 768.1586455346032 938.9086455346032 278.3955232583588 374.3955232583588
4777 707.7512 397.71805 770.6989549944915 941.4489549944915 286.5489524624127 382.5489524624127
4794 704.92706 398.27698 772.8496793622878 943.5996793622878 294.8136947228397 390.8136947228397
4811 704.92706 398.27698 774.605977411876 945.355977411876 303.17114631399613 399.17114631399613
4828 703.61005 393.10165 775.9638957607996 946.7138957607996 311.60249482388303 407.60249482388303
4845 703.61005 393.10165 776.9203777692248 947.6703777692248 320.08876150040663 416.08876150040663
4862 702.971 393.72418 777.47327042036 948.22327042036 328.6108439720703 424.6108439720703
4880 701.7441 393.13797 777.6174195110625 948.3674195110625 337.6519438712278 433.6519438712278
4896 701.7441 393.13797 777.3642207321774 948.1142207321774 345.68568689301895 441.68568689301895
4913 700.8539 386.23187 776.7025238609478 947.4525238609478 354.200012303063 450.200012303063
4930 700.8539 386.23187 775.6377280160616 946.3877280160616 362.6733699460652 458.6733699460652
4947 700.8539 386.23187 774.1722300260149 944.9222300260149 371.0866865084376 467.0866865084376
4964 698.8636 380.01978 772.3093286896907 943.0593286896907 379.4210238275436 475.4210238275436
4981 698.8636 380.01978 770.0532173508461 940.8032173508461 387.65762152102405 483.65762152102405
4998 697.3433 376.69604 767.4089744590015 938.1589744590015 395.77793921594457 491.77793921594457
5016 697.3433 376.69604 764.1927668269823 934.9427668269823 404.2288725853804 500.2288725853804
5032 696.5559 381.75998 760.9807627878217 931.7307627878217 411.59692297976756 507.59692297976756
5050 696.5559 381.75998 756.9782545820084 927.7282545820084 419.70507902225296 515.7050790222529
5066 695.1318 374.9614 753.0825400722103 923.8325400722103 426.73562274375536 522.7356227437554
5084 693.3756 368.86917 748.3297491910079 919.0797491910079 434.4280375262833 530.4280375262833
5100 693.3756 368.86917 743.7853810904619 914.5353810904619 441.057807893992 537.057807893992
5117 694.0178 368.1726 738.6378734563121 909.3878734563121 447.8721123408068 543.8721123408068
5135 694.0178 368.1726 732.8418577475671 903.5918577475671 454.81246307048013 550.8124630704801
5151 694.5048 368.79248 727.4029103666112 898.1529103666112 460.73048537096236 556.7304853709624
5168 694.5048 368.79248 721.3407445286122 892.0907445286122 466.7456100820642 562.7456100820642
5185 692.2891 366.67828 715.0000976809954 885.7500976809954 472.46642973411736 568.4664297341174
5202 692.2891 366.67828 708.3952424593289 879.1452424593289 477.8800669068827 573.8800669068827
5219 692.2891 366.67828 701.5410462255444 872.2910462255444 482.9743356401059 578.9743356401059
5236 693.64185 369.2583 694.4529376018812 865.2029376018812 487.73776886380733 583.7377688638073
5253 693.64185 369.2583 687.1468717414465 857.8968717414465 492.15964421036574 588.1596442103657
5271 692.4994 372.53976 679.1917557803298 849.9417557803298 496.45829474187997 592.45829474188
5287 693.09845 376.90942 671.9471049847989 842.6971049847989 499.93969839739407 595.9396983973941
5304 693.09845 376.90942 664.0876183788416 834.8376183788416 503.28036453280606 599.2803645328061
5321 692.6108 378.62625 656.0785261011198 826.8285261011198 506.2444868016163 602.2444868016163
5339 692.6108 378.62625 647.4552861911227 818.2052861911227 508.96514844936485 604.9651484493648
5355 691.2432 377.4403 639.6839337638094 810.4339337638094 511.01727369220305 607.017273692203
5373 691.2432 377.4403 630.8416959955493 801.5916959955493 512.9085953455605 608.9085953455605
5389 688.91174 380.1151 622.9108601528986 793.6608601528986 514.2151095623715 610.2151095623715
5406 688.91174 380.1151 614.4294649579773 785.1794649579773 515.2138665323532 611.2138665323532
5424 689.9026 386.06543 605.4083442119403 776.1583442119403 515.8316422459586 611.8316422459586
5441 689.9026 386.06543 596.8699739756478 767.6199739756478 515.9984164810973 611.9984164810973
5457 691.2852 387.82916 588.8350690108309 759.5850690108309 515.7852527689789 611.7852527689789
5474 691.2852 387.82916 580.317552089333 751.067552089333 515.1659907650433 611.1659907650433
5491 693.368 391.5455 571.8389937950213 742.5889937950213 514.1434306506889 610.1434306506889
5509 693.368 391.5455 562.9253682235171 733.6753682235171 512.6237117563112 608.6237117563112
5526 695.1353 390.6678 554.5869676676424 725.3369676676424 510.7790827672435 606.7790827672435
5542 695.1353 390.6678 546.8272249367301 717.5772249367301 508.68348516468336 604.6834851646834
5559 696.9769 390.1042 538.6938318657412 709.4438318657412 506.079738423869 602.079738423869
5576 696.9769 390.1042 530.6930913626405 701.4430913626405 503.0931464966776 599.0931464966776
5593 700.37994 394.09448 522.843012891798 693.593012891798 499.7304321259451 595.7304321259451
5610 700.37994 394.09448 515.1612667811617 685.9112667811617 495.99916469660786 591.9991646966079
5627 701.1537 393.34705 507.6651444467964 678.4151444467964 491.90774319720856 587.9077431972086
5644 701.1537 393.34705 500.37151947034613 671.1215194703461 487.4653773139863 583.4653773139863
5661 701.3517 388.09454 493.29680961702684 664.0468096170268 482.6820667001052 578.6820667001052
5678 700.6421 384.5457 486.4569398796541 657.2069398796541 477.56857846668925 573.5685784666892
5695 700.6421 384.5457 479.86730663188473 650.6173066318847 472.13642294632587 568.1364229463259
5713 700.6421 384.5457 473.1792719367003 643.9292719367003 466.0509929481327 562.0509929481327
5729 693.70483 380.87973 467.4974853308397 638.2474853308397 460.36571041097886 556.3657104109789
5746 693.70483 380.87973 461.7451414322254 632.4951414322254 454.0536489719888 550.0536489719889
5763 687.32117 376.2746 456.29865965604995 627.04865965605 447.47585175716756 543.4758517571676
5781 687.32117 376.2746 450.87878898296606 621.6287889829661 440.23794679551276 536.2379467955127
5798 686.8983 373.2505 446.09983091410595 616.849830914106 433.16029607556385 529.1602960755638
5814 686.8983 373.2505 441.9133795805666 612.6633795805666 426.29889958551144 522.2988995855114
5831 681.6375 371.85605 437.80565612063515 608.5556561206351 418.8116979778178 514.8116979778179
5849 679.9777 370.94962 433.8486005938714 604.5986005938714 410.68126269395975 506.68126269395975
5865 679.9777 370.94962 430.67789368960894 601.4278936896089 403.295346752855 499.295346752855
5882 679.5608 373.107 427.67389913133843 598.4238991313384 395.30112404946493 491.30112404946493
5900 679.5608 373.107 424.9103018905736 595.6603018905736 386.6915481808328 482.6915481808328
5917 687.4582 377.54028 422.70033489037223 593.4503348903722 378.44244969702606 474.44244969702606
5933 687.4582 377.54028 420.97997798067684 591.7299779806768 370.59098431373195 466.59098431373195
5950 693.65283 375.38443 419.53810174796206 590.2881017479621 362.1735872774116 458.1735872774116
5968 693.65283 375.38443 418.4483973510431 589.1983973510431 353.19723998721406 449.19723998721406
5984 693.65283 375.38443 417.85929986469176 588.6092998646918 345.18112492358273 441.18112492358273
6001 696.46893 379.77856 417.6286526131048 588.3786526131048 337.1467028281774 433.1467028281774
