1 622.9683 421.69598 297.62542067616835 468.37542067616835 335.4976002348308 431.4976002348308
17 621.7145 424.03058 297.7465672298508 468.4965672298508 327.460353677165 423.460353677165
34 621.7145 424.03058 298.1111703954607 468.8611703954607 318.92762829531256 414.92762829531256
51 621.546 424.47092 298.7185140048509 469.4685140048509 310.4087391863609 406.4087391863609
69 621.546 424.47092 299.62561216007174 470.37561216007174 301.41149255853884 397.41149255853884
85 623.1582 428.38004 300.6592573431978 471.4092573431978 293.44006945149073 389.44006945149073
102 620.6095 431.2292 301.9910842002114 472.7410842002114 285.00404105339845 381.00404105339845
120 620.6095 431.2292 303.6623788905013 474.4123788905013 276.11696909446454 372.11696909446454
136 618.2159 430.3819 305.37225228130916 476.12225228130916 268.2627764750041 364.2627764750041
154 618.2159 430.3819 307.54658317776153 478.29658317776153 259.4852165009684 355.4852165009684
170 620.17706 435.19754 309.7006512552929 480.4506512552929 251.74105744826687 347.7410574482669
187 620.17706 435.19754 312.21579703666407 482.96579703666407 243.57929418234613 339.57929418234613
204 620.17706 435.19754 314.9622521925565 485.7122521925565 235.4924331110061 331.4924331110061
221 618.1768 435.59442 317.93779086333535 488.68779086333535 227.48702821623766 323.48702821623766
238 618.1768 435.59442 321.14000152904384 491.89000152904384 219.5695674640201 315.5695674640201
255 619.03564 435.11426 324.5662889638151 495.3162889638151 211.74646754616077 307.7464675461608
272 619.03564 435.11426 328.2138763391684 498.9638763391684 204.0240686798987 300.02406867989873
289 622.01196 429.52322 332.0798074744846 502.8298074744846 196.40862946948707 292.4086294694871
306 622.64606 429.0028 336.16094923283765 506.91094923283765 188.90632183391858 284.9063218339186
323 622.64606 429.0028 340.4539940602396 511.2039940602396 181.52322600490484 277.5232260049048
340 622.1047 431.36707 344.9554626662418 515.7054626662418 174.26532559916362 270.2653255991636
357 622.1047 431.36707 349.6617068437197 520.4117068437197 167.13850276900726 263.13850276900723
374 623.89703 434.29193 354.5689124255555 525.3189124255555 160.14853343516307 256.1485334351631
391 623.89703 434.29193 359.6731023758233 530.4231023758233 153.30108260568883 249.30108260568883
408 625.1034 433.63153 364.97014001297055 535.7201400129705 146.601699784777 242.601699784777
425 625.1034 433.63153 370.45573236238414 541.2057323623842 140.05581447516937 236.05581447516937
443 625.1034 433.63153 376.4645815063909 547.2145815063909 133.2980777305462 229.2980777305462
459 624.8932 427.13403 381.9746488335043 552.7246488335043 127.44562809241546 223.44562809241546
476 624.8932 427.13403 387.9986374701024 558.7486374701024 121.39154692211227 217.39154692211227
493 624.9344 425.88474 394.1925174146769 564.9425174146769 115.51139478609738 211.51139478609738
510 624.8952 425.92172 400.5512688483818 571.3012688483818 109.8099372430793 205.8099372430793
528 624.8952 425.92172 407.45803936531155 578.2080393653116 103.97300354707676 199.97300354707676
544 626.4841 425.23795 413.7426429853873 584.4926429853873 98.96144031244515 194.96144031244515
562 626.4841 425.23795 420.97038828338435 591.7203882833844 93.52701560946679 189.5270156094668
578 629.1806 428.4552 427.53000484391305 598.280004843913 88.88121758382923 184.88121758382923
596 629.1806 428.4552 435.055298817712 605.805298817712 83.86691558325475 179.86691558325475
612 630.2821 427.41498 441.86866770951156 612.6186677095116 79.60194042970028 175.60194042970028
629 630.2821 427.41498 449.2302797509776 619.9802797509776 75.27215913482809 171.2721591348281
646 632.12537 429.35947 456.71215802621145 627.4621580262115 71.15368424901567 167.15368424901567
664 632.12537 429.35947 464.7584925058843 635.5084925058843 67.02696940712423 163.02696940712423
680 632.12537 429.35947 472.0123660236304 642.7623660236304 63.563830988764266 159.56383098876427
697 631.49475 423.70453 479.81829571979983 650.5682957197998 60.09860379723074 156.09860379723074
714 629.6735 427.38065 487.71970164728384 658.4697016472838 56.85698039535282 152.85698039535282
731 629.6735 427.38065 495.7101801258791 666.4601801258791 53.84158795097835 149.84158795097835
748 628.05743 430.85483 503.783255286693 674.533255286693 51.0548702834833 147.0548702834833
766 628.05743 430.85483 512.4139724557664 683.1639724557664 48.355982532478436 144.35598253247844
782 628.6312 434.90747 520.1509627803556 690.9009627803556 46.176306080939696 142.1763060809397
799 628.6312 434.90747 528.4323299341439 699.1823299341439 44.08841336946284 140.08841336946284
816 629.168 432.89743 536.7697741627716 707.5197741627716 42.23709987763954 138.23709987763954
834 629.168 432.89743 545.6512683082123 716.4012683082123 40.53641304886645 136.53641304886645
851 627.07623 424.25586 554.0828444296311 724.8328444296311 39.176684392405264 135.17668439240526
868 627.07623 424.25586 562.5497092126128 733.2997092126128 38.05751565750103 134.05751565750103
884 625.69666 418.0149 570.5446140026227 741.2946140026227 37.2247455122278 133.2247455122278
903 623.7117 419.2367 580.0633474934356 750.8133474934356 36.514460513969595 132.5144605139696
918 623.7117 419.2367 587.5911736117806 758.3411736117806 36.167843072143 132.167843072143
935 623.7117 419.2367 596.1301081479654 766.8801081479654 36.00372452586896 132.00372452586896
952 622.5676 425.21814 604.6702542165596 775.4202542165596 36.08273742076125 132.08273742076125
969 622.5676 425.21814 613.2046904715623 783.9546904715623 36.40481772096149 132.4048177209615
986 622.94904 424.39062 621.7265001944813 792.4765001944813 36.96970439707047 132.96970439707047
1003 622.94904 424.39062 630.2287768999744 800.9787768999744 37.77693963769889 133.7769396376989
1020 622.53723 422.65665 638.7046299331981 809.4546299331981 38.82586922049978 134.82586922049978
1037 622.53723 422.65665 647.1471900543268 817.8971900543268 40.115643042381976 136.11564304238198
1054 625.18317 421.8543 655.5496150057149 826.2996150057149 41.645215808474234 137.64521580847423
1071 625.4207 424.12262 663.9050950571935 834.6550950571935 43.41334787928315 139.41334787928315
1088 625.4207 424.12262 672.2068585250034 842.9568585250034 45.41860627535635 141.41860627535635
1105 625.5702 420.91803 680.4481772598931 851.1981772598931 47.65936583863811 143.6593658386381
1123 625.5702 420.91803 689.1009748533495 859.8509748533495 50.286601601133555 146.28660160113355
1139 627.2822 424.09375 696.7228182836474 867.4728182836474 52.839934998910564 148.83993499891056
1156 627.2822 424.09375 704.742950819005 875.492950819005 55.77554601295549 151.7755460129555
1173 625.528 425.08282 712.6762698040402 883.4262698040402 58.93826443105149 154.9382644310515
1190 625.528 425.08282 720.5163456946693 891.2663456946693 62.32552703375262 158.32552703375262
1207 625.528 425.08282 728.2568245155068 899.0068245155068 65.93458862018292 161.93458862018292
1224 627.90814 424.78256 735.8914330094331 906.6414330094331 69.76252423287974 165.76252423287974
1241 627.90814 424.78256 743.413983721744 914.163983721744 73.80623152831976 169.80623152831976
1258 627.9822 426.1397 750.8183800147626 921.5683800147626 78.06243329120804 174.06243329120804
1275 624.0746 423.5042 758.0986210088488 928.8486210088488 82.52768009049117 178.52768009049117
1292 624.0746 423.5042 765.2488064458005 935.9988064458005 87.19835307494287 183.19835307494287
1309 624.18744 423.2731 772.263141470708 943.013141470708 92.0706669060545 188.0706669060545
1327 624.18744 423.2731 779.5356963702274 950.2856963702274 97.4449779482751 193.4449779482751
1344 623.6444 416.3513 786.2525668282935 957.0025668282935 102.71982289007568 198.71982289007568
1360 623.6444 416.3513 792.434774570124 963.184774570124 107.85716813378187 203.85716813378187
1377 623.50104 415.92175 798.8500299387413 969.6000299387413 113.49497235758312 209.49497235758312
1395 623.50104 415.92175 805.4647900584413 976.2147900584413 119.66086422363836 215.66086422363836
1411 623.0454 416.27026 811.1862262243785 981.9362262243785 125.30685190652298 221.30685190652298
1429 623.0454 416.27026 817.4393786828404 988.1893786828404 131.83918367062486 227.83918367062486
1445 623.0454 416.27026 822.8302415379586 993.5802415379586 137.80161659632608 233.80161659632608
1463 621.48236 406.51187 828.7015190178248 999.4515190178248 144.67921608302754 240.67921608302754
1479 623.3431 400.05118 833.7443360426164 1004.4943360426164 150.93876919572267 246.93876919572267
1496 623.3431 400.05118 838.9165129944168 1009.6665129944168 157.73501253228335 253.73501253228335
1513 623.67053 401.5212 843.8931356740757 1014.6431356740757 164.675730406883 260.67573040688296
1530 623.67053 401.5212 848.6701707867052 1019.4201707867052 171.7552977272204 267.7552977272204
1547 622.96045 397.95984 853.2437467928016 1023.9937467928016 178.96797687071094 274.9679768707109
1564 622.96045 397.95984 857.6101570459276 1028.3601570459277 186.30792233453255 282.3079223345326
1581 623.678 404.58176 861.7658627967578 1032.5158627967578 193.76918547310373 289.76918547310373
1599 623.678 404.58176 865.9326210713034 1036.6826210713034 201.79485674886422 297.7948567488642
1615 622.31805 401.98297 869.4318623492258 1040.1818623492259 209.03138348446487 305.03138348446487
1632 622.31805 401.98297 872.9359432553329 1043.6859432553329 216.8199491363638 312.8199491363638
1649 618.08624 397.1499 876.2168989033121 1046.966898903312 224.7051040458423 320.7051040458423
1666 619.7929 396.36865 879.2720702485676 1050.0220702485676 232.6804577033056 328.6804577033056
1683 619.7929 396.36865 882.0989812329851 1052.8489812329851 240.73954649774532 336.7395464977453
1701 619.7929 396.36865 884.84084210631 1055.59084210631 249.35670803135872 345.3567080313587
1717 619.9361 394.8733 887.0590447096293 1057.8090447096292 257.08274103198784 353.08274103198784
1735 619.9361 394.8733 889.3060775952 1060.0560775952 265.8419714294728 361.8419714294728
1751 617.38196 392.88248 891.0810130930984 1061.8310130930984 273.6817171329047 369.6817171329047
1768 617.38196 392.88248 892.7360179615537 1063.4860179615537 282.0603385467098 378.0603385467098
1786 619.2139 387.87936 894.2276611419293 1064.9776611419293 290.97932248926173 386.97932248926173
1802 619.2139 387.87936 895.3273636603816 1066.0773636603817 298.94190141113677 394.94190141113677
1819 618.0406 383.29715 896.2616043392997 1067.0116043392995 307.4311612295389 403.4311612295389
1836 618.0406 383.29715 896.9538155200738 1067.703815520074 315.9435746118702 411.9435746118702
1854 618.33777 388.00662 897.4223209778079 1068.1723209778079 324.97428757271297 420.97428757271297
1870 618.6313 386.19202 897.6101019890048 1068.3601019890048 333.01025341435343 429.01025341435343
1887 618.6313 386.19202 897.5736453909749 1068.323645390975 341.5506871754069 437.5506871754069
1904 618.37427 385.28717 897.2940959534936 1068.0440959534935 350.08662239203596 446.08662239203596
1921 618.37427 385.28717 896.7716802368993 1067.5216802368993 358.6111411309172 454.6111411309172
1938 618.37427 385.28717 896.0068216320687 1066.7568216320687 367.1173347111916 463.1173347111916
1955 620.9675 390.3361 895.0001400172805 1065.7501400172805 375.5983093035911 471.5983093035911
1972 620.9675 390.3361 893.7524512558361 1064.5024512558361 384.04719151753216 480.04719151753216
1989 619.6593 389.11154 892.2647665348454 1063.0147665348454 392.4571339716405 488.4571339716405
2006 619.6593 389.11154 890.5382915457113 1061.2882915457112 400.8213208432003 496.8213208432003
2023 621.7173 390.19498 888.5744255069792 1059.3244255069792 409.13297339202586 505.13297339202586
2040 618.3984 384.52606 886.3747600303433 1057.1247600303432 417.385355454278 513.3853554542779
2058 618.3984 384.52606 883.7906735406054 1054.5406735406054 426.0511370669554 522.0511370669553
2074 616.5465 385.8193 881.2753512814876 1052.0253512814875 433.68560906238275 529.6856090623828
2091 616.5465 385.8193 878.3797408159044 1049.1297408159044 441.7202700970553 537.7202700970553
2108 617.8961 381.21124 875.2565931762647 1046.0065931762647 449.6692503292295 545.6692503292295
2125 617.8961 381.21124 871.9084395119482 1042.6584395119482 457.52610752219204 553.526107522192
2143 618.98303 392.08926 868.1211054216201 1038.87110542162 465.737646624778 561.737646624778
2159 618.98303 392.08926 864.5481482862865 1035.2981482862865 472.9380623089762 568.9380623089762
2176 616.5361 397.02576 860.5419758597092 1031.291975859709 480.4806693117979 576.4806693117979
2194 616.5361 397.02576 856.0679679827582 1026.817967982758 488.339201456037 584.339201456037
2210 616.5361 397.02576 851.8938087238421 1022.6438087238421 495.20858302917645 591.2085830291765
2227 616.01624 405.6994 847.2588229060326 1018.0088229060326 502.38195353258584 598.3819535325858
2244 615.8375 409.95224 842.4215218060378 1013.1715218060378 509.42048008140796 605.420480081408
2261 615.8375 409.95224 837.3858258058228 1008.1358258058228 516.3184583144773 612.3184583144773
2278 616.907 411.83316 832.1558160761413 1002.9058160761413 523.0702977777584 619.0702977777584
2295 616.907 411.83316 826.7357312689596 997.4857312689596 529.6705264551181 625.6705264551181
2312 617.51544 413.6354 821.1299640822481 991.8799640822481 536.1137952031119 632.1137952031119
2329 617.51544 413.6354 815.3430576999276 986.0930576999276 542.394882086187 638.394882086187
2346 617.8003 417.39343 809.379702109853 980.129702109853 548.5086966087915 644.5086966087915
2363 617.8003 417.39343 803.2447303028227 973.9947303028227 554.4502838409564 650.4502838409564
2380 616.87695 421.64703 796.9431143556885 967.6931143556885 560.2148284340103 656.2148284340103
2398 616.87695 421.64703 790.0948566711968 960.8448566711968 566.1203039129076 662.1203039129076
2414 620.1087 425.4654 783.8605094916655 954.6105094916655 571.1942495138428 667.1942495138428
2432 620.67316 423.33527 776.6872816327669 947.4372816327669 576.7004347658467 672.7004347658467
2448 620.67316 423.33527 770.1742900189863 940.9242900189863 581.4113740517007 677.4113740517007
2465 623.215 425.10968 763.1186144283101 933.8686144283101 586.2236271487043 682.2236271487043
2482 623.215 425.10968 755.9288148358737 926.6788148358737 590.8330869577367 686.8330869577367
2499 623.215 425.10968 748.6107182018081 919.3607182018081 595.2360177503971 691.2360177503971
2516 624.0313 428.18423 741.17025546435 911.92025546435 599.4288511793545 695.4288511793545
2534 624.0313 428.18423 733.1654466713042 903.9154466713042 603.6355494252274 699.6355494252274
2550 622.797 416.3192 725.9464464020558 896.6964464020558 607.1708066759479 703.1708066759479
2567 622.797 416.3192 718.1754381858558 888.9254381858558 610.7136542896951 706.7136542896951
2585 622.00305 421.25018 709.8409582546325 880.5909582546325 614.2221750921277 710.2221750921277
2601 622.00305 421.25018 702.346699277214 873.096699277214 617.1287351027865 713.1287351027865
2618 623.60706 426.16385 694.3017969577133 865.0517969577133 619.9957692114392 715.9957692114392
2635 625.284 424.26706 686.178543102233 856.928543102233 622.6326394604092 718.6326394604092
2653 625.284 424.26706 677.4993677514212 848.2493677514212 625.1713771733134 721.1713771733134
2669 625.7565 425.9646 669.7233728534557 840.4733728534557 627.2075284601758 723.2075284601758
2686 625.7565 425.9646 661.4047925232513 832.1547925232513 629.1418395004217 725.1418395004217
2703 623.18536 421.9826 653.0345219750633 823.7845219750633 630.8385742647915 726.8385742647915
2721 623.18536 421.9826 644.1230815799211 814.8730815799211 632.3746419810356 728.3746419810356
2737 623.18536 421.9826 636.1660813019316 806.9160813019316 633.5140081610913 729.5140081610913
2754 624.1276 428.14755 627.6815821743512 798.4315821743512 634.4905389924386 730.4905389924386
2771 624.1276 428.14755 619.1727237438794 789.9227237438794 635.2251587040392 731.2251587040392
2788 624.7144 425.91867 610.6464019995067 781.3964019995067 635.7172719246712 731.7172719246712
2805 624.7144 425.91867 602.1095270833351 772.8595270833351 635.9664798220608 731.9664798220608
2822 625.5407 426.57495 593.5690176902656 764.3190176902656 635.9725804261168 731.9725804261168
2839 625.02637 429.27185 585.0317954607539 755.7817954607539 635.7355687926154 731.7355687926154
2856 625.02637 429.27185 576.5047793711809 747.2547793711809 635.2556370072082 731.2556370072082
2873 625.87286 428.31207 567.9948801263789 738.7448801263789 634.5331740297464 730.5331740297464
2890 625.87286 428.31207 559.5089945588649 730.2589945588649 633.5687653790487 729.5687653790487
2907 626.1907 425.85608 551.0540000393138 721.8040000393138 632.3631926583694 728.3631926583694
2924 626.1907 425.85608 542.6367489028069 713.3867489028069 630.9174329219486 726.9174329219486
2942 627.3689 419.53513 533.7730850152877 704.5230850152877 629.1261382967836 725.1261382967836
2958 627.3689 419.53513 525.9427276452934 696.6927276452934 627.3102329649023 723.3102329649023
2975 627.3689 419.53513 517.6794871637487 688.4294871637487 625.1517161929854 721.1517161929854
2993 626.7 417.7583 509.00093670470255 679.7509367047026 622.6108431393186 718.6108431393186
3009 628.9877 419.3596 501.3540257094023 672.1040257094023 620.1335944747455 716.1335944747455
3026 628.9877 419.3596 493.3050356774336 664.0550356774336 617.278056456131 713.278056456131
3043 630.6328 423.28482 485.3405915726703 656.0905915726703 614.1945571432422 710.1945571432422
3061 630.6328 423.28482 477.0069751274623 647.7569751274623 610.6839858379951 706.6839858379951
3077 632.5912 419.05386 469.691086470933 640.441086470933 607.3538534259965 703.3538534259965
3095 632.5912 419.05386 461.57075447846444 632.3207544784644 603.3747225815591 699.3747225815591
3111 630.7052 421.56775 454.4562325780845 625.2062325780845 599.6336549738851 695.6336549738851
3128 630.7052 421.56775 447.00978743869564 617.7597874386956 595.4514554692516 691.4514554692516
3145 634.10144 426.4004 439.68540812706976 610.4354081270698 591.058983999804 687.058983999804
3163 634.10144 426.4004 432.0698257527072 602.8198257527072 586.182901653867 682.182901653867
3179 631.53845 431.4599 425.4264873683203 596.1764873683203 581.6576321782761 677.6576321782761
3196 629.14557 433.638 418.50350203784535 589.2535020378454 576.6563711348483 672.6563711348483
3213 629.14557 433.638 411.72568540279684 582.4756854027969 571.4600705688548 667.4600705688548
3230 629.14557 433.638 405.09853053246013 575.8485305324601 566.0729418127313 662.0729418127313
3247 629.8362 432.4725 398.6274083925641 569.3774083925641 560.4993508552757 656.4993508552757
3265 629.8362 432.4725 391.9515285815807 562.7015285815808 554.3996867092457 650.3996867092457
3281 630.1424 432.0039 386.17410963438175 556.9241096343817 548.8109982204569 644.8109982204569
3298 630.1424 432.0039 380.2020257696452 550.9520257696452 542.7057093474355 638.7057093474355
3315 630.1992 428.84064 374.4061519627961 545.1561519627961 536.4328962045494 632.4328962045494
3333 630.1992 428.84064 368.4666251188419 539.2166251188419 529.6141503656863 625.6141503656863
3349 630.2169 426.79703 363.3616769287074 534.1116769287074 523.4051639192346 619.4051639192346
3367 630.2169 426.79703 357.81981603687143 528.5698160368714 516.259462288142 612.259462288142
3384 629.7788 424.14648 352.78581736231547 523.5358173623155 509.3602452851014 605.3602452851014
3400 628.0226 426.5472 348.2291295851123 518.9791295851123 502.7384173488538 598.7384173488538
3417 628.0226 426.5472 343.58390042682595 514.333900426826 495.5716758314352 591.5716758314352
3435 626.1229 428.00717 338.8899101067921 509.6399101067921 487.8425278304917 583.8425278304917
3451 626.1229 428.00717 334.91470142185455 505.66470142185455 480.85613214835485 576.8561321483548
3468 626.1229 428.00717 330.8977575118902 501.6477575118902 473.3192561685689 569.3192561685689
3485 623.97186 424.59845 327.0969822152257 497.8469822152257 465.6710900449318 561.6710900449318
3502 623.97186 424.59845 323.5154558633554 494.2654558633554 457.9178322199049 553.9178322199049
3519 625.32983 424.80777 320.1560810978608 490.9060810978608 450.06576630732854 546.0657663073285
3536 625.32983 424.80777 317.0215805179704 487.7715805179704 442.1212559998803 538.1212559998803
3553 627.17163 425.11603 314.1144944740342 484.8644944740342 434.0907399116313 530.0907399116313
3570 627.17163 425.11603 311.4371790087004 482.1871790087004 425.9807263598813 521.9807263598814
3587 629.03265 416.52444 308.9918039474663 479.7418039474663 417.79778809050777 513.7977880905078
3604 630.26935 420.67795 306.780351140146 477.530351140146 409.5485569510936 505.5485569510936
3622 630.26935 420.67795 304.69576873233893 475.44576873233893 400.74925072104793 496.74925072104793
3639 631.698 426.23618 302.97135171354296 473.72135171354296 392.3846393220784 488.3846393220784
3655 631.698 426.23618 301.5664924513526 472.3164924513526 384.4701981434725 480.4701981434725
3672 631.3187 429.10852 300.30673466233077 471.05673466233077 376.02310703330426 472.02310703330426
3689 631.3187 429.10852 299.28793792598333 470.03793792598333 367.5435792681223 463.5435792681223
3706 630.28094 427.60794 298.5109279242903 469.2609279242903 359.03848706593226 455.03848706593226
3723 630.28094 427.60794 297.97633438360816 468.72633438360816 350.5147233633919 446.5147233633919
3740 630.28094 427.60794 297.68459056430925 468.43459056430925 341.9791962294431 437.9791962294431
3757 630.43445 429.84943 417.64906576024066 588.3990657602407 333.056686471707 429.056686471707
3774 630.43445 429.84943 417.99123095517183 588.7412309551719 324.5235450269113 420.5235450269113
3792 629.81146 432.86414 418.79422084104294 589.5442208410429 315.5170210808991 411.5170210808991
3808 630.0419 435.6953 419.88693415828243 590.6369341582824 307.553911501838 403.553911501838
3825 630.0419 435.6953 421.43620498653286 592.1862049865329 299.15561763711503 395.15561763711503
3842 628.7786 438.60742 423.3820723329198 594.1320723329197 290.84025954453836 386.84025954453836
3859 628.7786 438.60742 425.72015609929747 596.4701560992975 282.62655488470796 378.62655488470796
3877 625.4828 442.8189 428.61741332353733 599.3674133235373 274.0610328969076 370.0610328969076
3894 625.4828 442.8189 431.7454617306055 602.4954617306055 266.1145309557668 362.1145309557668
3910 628.2182 440.1213 435.03073493989234 605.7807349398923 258.7788567193968 354.7788567193968
3927 628.2182 440.1213 438.876415455004 609.626415455004 251.15374548655507 347.15374548655507
3944 625.5426 440.2766 443.0794350159092 613.8294350159092 243.71962102511617 339.71962102511617
3962 625.0083 440.05063 447.9086511094473 618.6586511094473 236.07495371588607 332.07495371588607
3978 625.0083 440.05063 452.518864647575 623.268864647575 229.49080094619188 325.4908009461919
3995 625.0083 440.05063 457.734026801152 628.484026801152 222.7281340425647 318.7281340425647
4012 623.7807 440.26758 463.26407999467915 634.0140799946792 216.22043924223226 312.22043924223226
4029 623.7807 440.26758 469.09657621838664 639.8465762183866 209.98236520147657 305.98236520147657
4046 622.6806 440.0803 475.21838667089924 645.9683866708992 204.0279536670738 300.0279536670738
4063 622.6806 440.0803 481.6157313118342 652.3657313118342 198.37060786867886 294.37060786867886
4080 622.11975 440.28323 488.27420988032543 659.0242098803254 193.0230623484931 289.0230623484931
4098 622.11975 440.28323 495.5923246451781 666.3423246451781 187.71199252826437 283.7119925282644
4114 620.53613 442.557 502.31406246496294 673.064062464963 183.30479645322103 279.304796453221
4132 620.53613 442.557 510.1025025692394 680.8525025692394 178.71105428707807 274.71105428707807
4148 621.306 446.1958 517.2116021519138 687.9616021519138 174.9606090221234 270.96060902212344
4165 620.5676 448.80508 524.9403796987771 695.6903796987771 171.32776198864897 267.32776198864894
4182 620.5676 448.80508 532.8327684862486 703.5827684862486 168.06558799499004 264.06558799499004
4199 620.04126 447.16418 540.8710029469295 711.6210029469295 165.1814301122385 261.1814301122385
4217 620.04126 447.16418 549.5209282560902 720.2709282560902 162.54684124624086 258.5468412462409
4233 620.04126 447.16418 557.3123458725511 728.0623458725511 160.57226582663537 256.5722658266354
4250 620.6715 445.72693 565.678445290706 736.428445290706 158.85763453593017 254.85763453593017
4268 620.6715 445.72693 574.6146433324445 745.3646433324445 157.4768264733346 253.4768264733346
4284 621.3937 446.32303 582.6073830375866 753.3573830375866 156.6275629290547 252.6275629290547
4301 621.3937 446.32303 591.132114755926 761.882114755926 156.1171424476271 252.1171424476271
4318 620.11566 449.05408 599.6714617946108 770.4214617946108 156.01163372561214 252.01163372561214
4336 620.11566 449.05408 608.7076916320163 779.4576916320163 156.341507447631 252.341507447631
4352 621.0242 455.78638 616.7171247860152 787.4671247860152 157.01538956894865 253.01538956894865
4369 621.4857 455.59552 625.1850713827765 795.9350713827765 158.12239470530233 254.12239470530233
4387 621.4857 455.59552 634.0831090553891 804.8331090553891 159.73086973577773 255.73086973577773
4403 620.3173 455.69107 641.9159320172428 812.6659320172428 161.53420581373558 257.5342058137356
4420 620.3173 455.69107 650.1411853111272 820.8911853111272 163.83133188536496 259.831331885365
4437 621.97675 455.4771 658.2482260010909 828.9982260010909 166.5160052712332 262.5160052712332
4454 621.97675 455.4771 666.2188053437343 836.9688053437343 169.58218283949915 265.5821828394992
4471 620.6177 451.7959 674.0349817666976 844.7849817666976 173.0229627020636 269.02296270206364
4488 620.6177 451.7959 681.6791612546845 852.4291612546845 176.83059975054408 272.8305997505441
4506 620.6177 451.7959 689.5664118764473 860.3164118764473 181.25253868910977 277.25253868910977
4522 620.2973 452.72415 696.3831279004737 867.1331279004737 185.51135533338842 281.51135533338845
4539 620.2973 452.72415 703.4098168015221 874.1598168015221 190.36493370665013 286.36493370665016
4556 618.0073 451.4206 710.1983867574248 880.9483867574248 195.54633292803192 291.5463329280319
4573 617.40466 452.64725 716.733556869033 887.483556869033 201.0438897990301 297.0438897990301
4590 617.40466 452.64725 723.0006166338345 893.7506166338345 206.8452294582745 302.8452294582745
4607 619.3282 455.9005 728.9854590589218 899.7354590589218 212.9372932370277 308.9372932370277
4625 619.3282 455.9005 734.9997830567704 905.7497830567704 219.68934279222185 315.68934279222185
4641 616.79407 455.01773 740.0552705632856 910.8052705632856 225.93811728273374 321.93811728273374
4658 616.79407 455.01773 745.1153217770493 915.8653217770493 232.81761302381858 328.8176130238186
4675 615.1523 456.97028 749.8433760095571 920.5933760095571 239.9293697063817 335.9293697063817
4693 615.1523 456.97028 754.4758707295014 925.2258707295014 247.69482262405427 343.69482262405427
4709 615.72925 458.96967 758.2616938824929 929.0116938824929 254.78514557975075 350.78514557975075
4727 615.72925 458.96967 762.1375264313018 932.8875264313018 262.95461241672945 358.95461241672945
4744 620.4287 463.7297 765.4169917624882 936.1669917624882 270.8398319494411 366.8398319494411
4760 620.4287 463.7297 768.1586455346032 938.9086455346032 278.3955232583588 374.3955232583588
4777 619.7136 460.39954 770.6989549944915 941.4489549944915 286.5489524624127 382.5489524624127
4796 619.7136 460.39954 773.0768591778253 943.8268591778253 295.79247444762916 391.79247444762916
4812 621.381 457.55692 774.6969169040786 945.4469169040786 303.6652471183856 399.6652471183856
4828 621.381 457.55692 775.9638957607996 946.7138957607996 311.60249482388303 407.60249482388303
4846 620.504 455.97992 776.9640893640834 947.7140893640834 320.5892561483454 416.5892561483454
4862 620.504 455.97992 777.47327042036 948.22327042036 328.6108439720703 424.6108439720703
4879 618.28125 457.08975 777.6213291668411 948.3713291668411 337.1495592469291 433.1495592469291
4896 618.28125 457.08975 777.3642207321774 948.1142207321774 345.68568689301895 441.68568689301895
4914 617.7322 456.18024 776.6510281368674 947.4010281368674 354.69976602895355 450.69976602895355
4930 617.7322 456.18024 775.6377280160616 946.3877280160616 362.6733699460652 458.6733699460652
4947 620.17786 456.6892 774.1722300260149 944.9222300260149 371.0866865084376 467.0866865084376
4965 620.5421 456.3939 772.1874555236557 942.9374555236557 379.90841743392417 475.90841743392417
4981 620.5421 456.3939 770.0532173508461 940.8032173508461 387.65762152102405 483.65762152102405
4998 620.5421 456.3939 767.4089744590015 938.1589744590015 395.77793921594457 491.77793921594457
5015 620.0705 455.54355 764.3825521379785 935.1325521379785 403.7636982827043 499.7636982827043
5032 620.0705 455.54355 760.9807627878217 931.7307627878217 411.59692297976756 507.59692297976756
5049 616.4159 451.0659 757.2112637502574 927.9612637502574 419.25998091660404 515.259980916604
5066 616.4159 451.0659 753.0825400722103 923.8325400722103 426.73562274375536 522.7356227437554
5083 617.72473 452.38696 748.6038854061801 919.3538854061801 434.00702098068035 530.0070209806804
5100 617.72473 452.38696 743.7853810904619 914.5353810904619 441.057807893992 537.057807893992
5117 616.3126 451.77985 738.6378734563121 909.3878734563121 447.8721123408068 543.8721123408068
5135 613.5825 451.04196 732.8418577475671 903.5918577475671 454.81246307048013 550.8124630704801
5152 613.5825 451.04196 727.0542686708334 897.8042686708334 461.0922236245453 557.0922236245453
5169 613.1459 453.21216 720.9753375862501 891.7253375862501 467.09040474938706 563.0904047493871
5185 613.1459 453.21216 715.0000976809954 885.7500976809954 472.46642973411736 568.4664297341174
5202 612.96814 455.792 708.3952424593289 879.1452424593289 477.8800669068827 573.8800669068827
5219 612.96814 455.792 701.5410462255444 872.2910462255444 482.9743356401059 578.9743356401059
5237 612.4812 452.97418 694.029044019961 864.779044019961 488.007435004336 584.007435004336
5253 612.4812 452.97418 687.1468717414465 857.8968717414465 492.15964421036574 588.1596442103657
5270 612.4812 452.97418 679.639294413571 850.389294413571 496.2300081502966 592.2300081502966
5287 611.042 455.36148 671.9471049847989 842.6971049847989 499.93969839739407 595.9396983973941
5304 611.042 455.36148 664.0876183788416 834.8376183788416 503.28036453280606 599.2803645328061
5321 613.7951 453.202 656.0785261011198 826.8285261011198 506.2444868016163 602.2444868016163
5338 613.7951 453.202 647.9378564156366 818.6878564156366 508.8253930396211 604.8253930396211
5355 614.6251 449.1847 639.6839337638094 810.4339337638094 511.01727369220305 607.017273692203
5372 617.9969 449.20267 631.335337516615 802.085337516615 512.8151948914908 608.8151948914908
5389 617.9969 449.20267 622.9108601528986 793.6608601528986 514.2151095623715 610.2151095623715
5407 625.23596 448.99945 613.9291943374132 784.6791943374132 515.2600715357657 611.2600715357657
5423 625.23596 448.99945 605.9102433377668 776.6602433377668 515.8092176247758 611.8092176247758
5440 627.83527 446.0516 597.3723718445073 768.1223718445073 515.9998227193989 611.9998227193989
5458 627.83527 446.0516 588.3333032838261 759.0833032838261 515.7600188365996 611.7600188365996
5474 629.7233 446.82196 580.317552089333 751.067552089333 515.1659907650433 611.1659907650433
5493 629.7233 446.82196 570.844964502799 741.594964502799 513.996712606634 609.996712606634
5508 629.7233 446.82196 563.4184791480179 734.1684791480179 512.7198741828516 608.7198741828516
5525 630.6495 445.09695 555.0749625136663 725.8249625136663 510.8985257511097 606.8985257511097
5542 630.7119 446.03165 546.8272249367301 717.5772249367301 508.68348516468336 604.6834851646834
5559 630.7119 446.03165 538.6938318657412 709.4438318657412 506.079738423869 602.079738423869
5576 629.9354 444.62903 530.6930913626405 701.4430913626405 503.0931464966776 599.0931464966776
5594 629.9354 444.62903 522.3863149437265 693.1363149437265 499.5210698075416 595.5210698075416
5610 632.7353 446.89252 515.1612667811617 685.9112667811617 495.99916469660786 591.9991646966079
5628 632.7353 446.89252 507.2303395844086 677.9803395844086 491.65604828708047 587.6560482870805
5644 633.5701 448.84277 500.37151947034613 671.1215194703461 487.4653773139863 583.4653773139863
5662 633.5701 448.84277 492.88781057617666 663.6378105761767 482.3903041584317 578.3903041584317
5678 633.6433 449.96863 486.4569398796541 657.2069398796541 477.56857846668925 573.5685784666892
5695 633.6433 449.96863 479.86730663188473 650.6173066318847 472.13642294632587 568.1364229463259
5713 632.70276 449.3316 473.1792719367003 643.9292719367003 466.0509929481327 562.0509929481327
5729 631.8166 450.18365 467.4974853308397 638.2474853308397 460.36571041097886 556.3657104109789
5746 631.8166 450.18365 461.7451414322254 632.4951414322254 454.0536489719888 550.0536489719889
5763 631.8166 450.18365 456.29865965604995 627.04865965605 447.47585175716756 543.4758517571676
5781 633.5386 448.97183 450.87878898296606 621.6287889829661 440.23794679551276 536.2379467955127
5797 633.5386 448.97183 446.37160595691194 617.1216059569119 433.58284065575424 529.5828406557542
5814 632.4028 447.3531 441.9133795805666 612.6633795805666 426.29889958551144 522.2988995855114
5832 632.4028 447.3531 437.5751422903951 608.3251422903951 418.3653024466931 514.365302446693
5848 632.8523 442.2207 434.05768195865755 604.8076819586576 411.1380893339877 507.1380893339877
5866 632.8523 442.2207 430.4907154271366 601.2407154271366 402.8291173091274 498.8291173091274
5883 631.50775 443.83887 427.50904530471144 598.2590453047114 394.8265412727159 490.8265412727159
5899 631.50775 443.83887 425.052460199564 595.8024601995639 387.1734160167848 483.1734160167848
5916 633.08984 440.08875 422.8194776869708 593.5694776869708 378.9305179198789 474.9305179198789
5934 631.01636 438.66324 420.8841188838897 591.6341188838896 370.0978143331939 466.0978143331939
5950 631.01636 438.66324 419.53810174796206 590.2881017479621 362.1735872774116 458.1735872774116
5967 629.42664 434.49338 418.4970946157316 589.2470946157316 353.69727415859836 449.69727415859836
5984 629.42664 434.49338 417.85929986469176 588.6092998646918 345.18112492358273 441.18112492358273
6001 629.42664 434.49338 417.6286526131048 588.3786526131048 337.1467028281774 433.1467028281774
