1 548.5458 392.95837 297.62542067616835 468.37542067616835 335.4976002348308 431.4976002348308
17 569.46686 392.09317 297.7465672298508 468.4965672298508 327.460353677165 423.460353677165
34 585.65234 390.99515 298.1111703954607 468.8611703954607 318.92762829531256 414.92762829531256
52 585.65234 390.99515 298.7617899590455 469.5117899590455 309.9082065772343 405.9082065772343
68 596.4307 386.85062 299.56810583748677 470.31810583748677 301.91059046864586 397.91059046864586
85 596.4307 386.85062 300.6592573431978 471.4092573431978 293.44006945149073 389.44006945149073
102 606.9455 382.0937 301.9910842002114 472.7410842002114 285.00404105339845 381.00404105339845
119 606.9455 382.0937 303.56250703184975 474.31250703184975 276.6093422383909 372.6093422383909
136 593.0414 379.44547 305.37225228130916 476.12225228130916 268.2627764750041 364.2627764750041
154 593.0414 379.44547 307.54658317776153 478.29658317776153 259.4852165009684 355.4852165009684
170 586.437 378.1007 309.7006512552929 480.4506512552929 251.74105744826687 347.7410574482669
187 586.437 378.1007 312.21579703666407 482.96579703666407 243.57929418234613 339.57929418234613
204 581.61676 377.22568 314.9622521925565 485.7122521925565 235.4924331110061 331.4924331110061
221 581.61676 377.22568 317.93779086333535 488.68779086333535 227.48702821623766 323.48702821623766
238 575.9592 374.28162 321.14000152904384 491.89000152904384 219.5695674640201 315.5695674640201
255 575.9592 374.28162 324.5662889638151 495.3162889638151 211.74646754616077 307.7464675461608
272 570.8201 376.73376 328.2138763391684 498.9638763391684 204.0240686798987 300.02406867989873
289 570.8201 376.73376 332.0798074744846 502.8298074744846 196.40862946948707 292.4086294694871
307 568.8562 377.47925 336.4076486363828 507.1576486363828 188.46866317091627 284.4686631709163
324 568.8562 377.47925 340.7130516625483 511.4630516625483 181.0927671105879 277.09276711058794
340 565.74164 377.7756 344.9554626662418 515.7054626662418 174.26532559916362 270.2653255991636
357 565.74164 377.7756 349.6617068437197 520.4117068437197 167.13850276900726 263.13850276900723
374 572.3281 392.35953 354.5689124255555 525.3189124255555 160.14853343516307 256.1485334351631
391 572.3281 392.35953 359.6731023758233 530.4231023758233 153.30108260568883 249.30108260568883
409 578.87756 399.87888 365.28764512599264 536.0376451259926 146.21234621253794 242.21234621253794
425 586.9323 404.5839 370.45573236238414 541.2057323623842 140.05581447516937 236.05581447516937
443 586.9323 404.5839 376.4645815063909 547.2145815063909 133.2980777305462 229.2980777305462
459 559.39734 390.52136 381.9746488335043 552.7246488335043 127.44562809241546 223.44562809241546
477 559.39734 390.52136 388.35832887425113 559.1083288742511 121.04079373995708 217.04079373995708
493 559.39734 390.52136 394.1925174146769 564.9425174146769 115.51139478609738 211.51139478609738
511 532.519 371.4906 400.93033797716447 571.6803379771645 109.48022176480373 205.48022176480373
527 532.519 371.4906 407.06973833256984 577.8197383325698 104.29179502905546 200.29179502905546
544 512.7381 350.1819 413.7426429853873 584.4926429853873 98.96144031244515 194.96144031244515
562 512.7381 350.1819 420.97038828338435 591.7203882833844 93.52701560946679 189.5270156094668
578 498.6058 335.81226 427.53000484391305 598.280004843913 88.88121758382923 184.88121758382923
595 498.6058 335.81226 434.6332881070341 605.3832881070341 84.13951907017963 180.13951907017963
612 491.05322 325.13226 441.86866770951156 612.6186677095116 79.60194042970028 175.60194042970028
629 486.9084 314.17993 449.2302797509776 619.9802797509776 75.27215913482809 171.2721591348281
646 486.9084 314.17993 456.71215802621145 627.4621580262115 71.15368424901567 167.15368424901567
664 485.62622 305.09348 464.7584925058843 635.5084925058843 67.02696940712423 163.02696940712423
680 485.62622 305.09348 472.0123660236304 642.7623660236304 63.563830988764266 159.56383098876427
697 487.32095 294.06732 479.81829571979983 650.5682957197998 60.09860379723074 156.09860379723074
714 487.32095 294.06732 487.71970164728384 658.4697016472838 56.85698039535282 152.85698039535282
731 493.4087 284.36322 495.7101801258791 666.4601801258791 53.84158795097835 149.84158795097835
748 493.4087 284.36322 503.783255286693 674.533255286693 51.0548702834833 147.0548702834833
765 493.4087 284.36322 511.93238432050157 682.6823843205016 48.49908588318232 144.49908588318232
783 502.1223 277.63412 520.6364292711773 691.3864292711773 46.04696936032366 142.04696936032366
800 510.77194 267.55017 528.9212813350795 699.6712813350795 43.972948099647 139.972948099647
817 510.77194 267.55017 537.2618142040386 708.0118142040386 42.13559963724384 138.13559963724384
833 521.70276 261.7663 545.156538399579 715.906538399579 40.62386599915499 136.623865999155
851 521.70276 261.7663 554.0828444296311 724.8328444296311 39.176684392405264 135.17668439240526
867 533.79553 257.66266 562.0508042831839 732.8008042831839 38.116672841359446 134.11667284135945
884 533.79553 257.66266 570.5446140026227 741.2946140026227 37.2247455122278 133.2247455122278
901 547.4806 253.77136 579.0603709721212 749.8103709721212 36.574960050003085 132.57496005000309
918 547.4806 253.77136 587.5911736117806 758.3411736117806 36.167843072143 132.167843072143
935 566.3762 249.92096 596.1301081479654 766.8801081479654 36.00372452586896 132.00372452586896
953 566.3762 249.92096 605.1725055449577 775.9225055449577 36.09495642779058 132.09495642779058
969 580.4116 244.38565 613.2046904715623 783.9546904715623 36.40481772096149 132.4048177209615
986 580.4116 244.38565 621.7265001944813 792.4765001944813 36.96970439707047 132.96970439707047
1003 586.16437 231.8772 630.2287768999744 800.9787768999744 37.77693963769889 133.7769396376989
1020 586.16437 231.8772 638.7046299331981 809.4546299331981 38.82586922049978 134.82586922049978
1037 592.33636 221.0531 647.1471900543268 817.8971900543268 40.115643042381976 136.11564304238198
1054 592.33636 221.0531 655.5496150057149 826.2996150057149 41.645215808474234 137.64521580847423
1071 599.56305 215.21872 663.9050950571935 834.6550950571935 43.41334787928315 139.41334787928315
1088 599.56305 215.21872 672.2068585250034 842.9568585250034 45.41860627535635 141.41860627535635
1105 610.78015 211.47687 680.4481772598931 851.1981772598931 47.65936583863811 143.6593658386381
1122 610.78015 211.47687 688.6223720999366 859.3723720999366 50.133810549576026 146.13381054957603
1139 621.7655 209.75914 696.7228182836474 867.4728182836474 52.839934998910564 148.83993499891056
1157 621.7655 209.75914 705.2120829453671 875.9620829453671 55.95532573657704 151.95532573657704
1173 633.49554 208.89142 712.6762698040402 883.4262698040402 58.93826443105149 154.9382644310515
1190 648.1344 204.68115 720.5163456946693 891.2663456946693 62.32552703375262 158.32552703375262
1207 648.1344 204.68115 728.2568245155068 899.0068245155068 65.93458862018292 161.93458862018292
1224 665.3369 207.13458 735.8914330094331 906.6414330094331 69.76252423287974 165.76252423287974
1241 665.3369 207.13458 743.413983721744 914.163983721744 73.80623152831976 169.80623152831976
1258 665.3369 207.13458 750.8183800147626 921.5683800147626 78.06243329120804 174.06243329120804
1275 682.9322 211.34065 758.0986210088488 928.8486210088488 82.52768009049117 178.52768009049117
1292 682.9322 211.34065 765.2488064458005 935.9988064458005 87.19835307494287 183.19835307494287
1310 700.93787 216.53192 772.671396715908 943.421396715908 92.36346949445999 188.36346949446
1326 700.93787 216.53192 779.1359413283826 949.8859413283826 97.14067282585665 193.14067282585665
1343 718.52124 224.54813 785.8616359705578 956.6116359705578 102.40426185718263 198.40426185718263
1361 736.9178 229.57715 792.8165644145411 963.5665644145411 108.18372933127876 204.18372933127876
1378 736.9178 229.57715 799.2223693489477 969.9723693489477 113.83226905874935 209.83226905874935
1394 754.78424 238.46725 805.1022028442499 975.8522028442499 119.31310538030687 215.31310538030687
1412 754.78424 238.46725 811.5387673844003 982.2887673844003 125.66479105149173 221.66479105149173
1429 767.89716 244.36572 817.4393786828404 988.1893786828404 131.83918367062486 227.83918367062486
1445 767.89716 244.36572 822.8302415379586 993.5802415379586 137.80161659632608 233.80161659632608
1463 786.6221 252.39894 828.7015190178248 999.4515190178248 144.67921608302754 240.67921608302754
1479 786.6221 252.39894 833.7443360426164 1004.4943360426164 150.93876919572267 246.93876919572267
1497 802.20026 260.92853 839.2147089352587 1009.9647089352587 158.13934516994212 254.13934516994212
1514 802.20026 260.92853 844.1797012529947 1014.9297012529947 165.08838749211185 261.08838749211185
1530 802.20026 260.92853 848.6701707867052 1019.4201707867052 171.7552977272204 267.7552977272204
1547 816.4913 271.6263 853.2437467928016 1023.9937467928016 178.96797687071094 274.9679768707109
1564 816.4913 271.6263 857.6101570459276 1028.3601570459277 186.30792233453255 282.3079223345326
1581 830.2068 282.59445 861.7658627967578 1032.5158627967578 193.76918547310373 289.76918547310373
1598 843.5617 294.25433 865.7074960610505 1036.4574960610505 201.34571931915121 297.3457193191512
1616 843.5617 294.25433 869.6441112173986 1040.3941112173986 209.48674720608716 305.48674720608716
1632 856.5621 308.38116 872.9359432553329 1043.6859432553329 216.8199491363638 312.8199491363638
1649 856.5621 308.38116 876.2168989033121 1046.966898903312 224.7051040458423 320.7051040458423
1666 869.2973 323.51056 879.2720702485676 1050.0220702485676 232.6804577033056 328.6804577033056
1683 869.2973 323.51056 882.0989812329851 1052.8489812329851 240.73954649774532 336.7395464977453
1700 880.62646 337.03604 884.6953407916484 1055.4453407916485 248.87583895516212 344.8758389551621
1717 880.62646 337.03604 887.0590447096293 1057.8090447096292 257.08274103198784 353.08274103198784
1734 890.2723 352.6931 889.1881773273444 1059.9381773273444 265.35360145921436 361.35360145921436
1752 890.2723 352.6931 891.1849638955216 1061.9349638955216 274.17324529251096 370.17324529251096
1768 890.2723 352.6931 892.7360179615537 1063.4860179615537 282.0603385467098 378.0603385467098
1785 901.5871 366.9838 894.1518506369953 1064.9018506369953 290.4826752619944 386.4826752619944
1802 909.4952 383.7721 895.3273636603816 1066.0773636603817 298.94190141113677 394.94190141113677
1819 909.4952 383.7721 896.2616043392997 1067.0116043392995 307.4311612295389 403.4311612295389
1836 919.8243 398.85577 896.9538155200738 1067.703815520074 315.9435746118702 411.9435746118702
1853 919.8243 398.85577 897.4034362013994 1068.1534362013995 324.4722426880359 420.4722426880359
1870 927.69556 416.43326 897.6101019890048 1068.3601019890048 333.01025341435343 429.01025341435343
1887 927.69556 416.43326 897.5736453909749 1068.323645390975 341.5506871754069 437.5506871754069
1904 932.5001 433.81314 897.2940959534936 1068.0440959534935 350.08662239203596 446.08662239203596
1921 932.5001 433.81314 896.7716802368993 1067.5216802368993 358.6111411309172 454.6111411309172
1938 944.0768 454.3121 896.0068216320687 1066.7568216320687 367.1173347111916 463.1173347111916
1955 952.92993 471.83252 895.0001400172805 1065.7501400172805 375.5983093035911 471.5983093035911
1972 952.92993 471.83252 893.7524512558361 1064.5024512558361 384.04719151753216 480.04719151753216
1989 958.0986 487.66608 892.2647665348454 1063.0147665348454 392.4571339716405 488.4571339716405
2007 958.0986 487.66608 890.4293267523421 1061.1793267523421 401.3117618435425 497.3117618435425
2023 961.8891 503.1988 888.5744255069792 1059.3244255069792 409.13297339202586 505.13297339202586
2040 961.8891 503.1988 886.3747600303433 1057.1247600303432 417.385355454278 513.3853554542779
2057 961.8891 503.1988 883.9410778307275 1054.6910778307274 425.5717789017766 521.5717789017766
2075 963.9901 517.447 881.1113627748334 1051.8613627748334 434.1604916486035 530.1604916486035
2091 963.9901 517.447 878.3797408159044 1049.1297408159044 441.7202700970553 537.7202700970553
2109 966.519 534.2119 875.0658458507073 1045.8158458507073 450.13403109346496 546.134031093465
2125 966.519 534.2119 871.9084395119482 1042.6584395119482 457.52610752219204 553.526107522192
2143 966.0031 550.04553 868.1211054216201 1038.87110542162 465.737646624778 561.737646624778
2159 964.95844 565.27106 864.5481482862865 1035.2981482862865 472.9380623089762 568.9380623089762
2176 964.95844 565.27106 860.5419758597092 1031.291975859709 480.4806693117979 576.4806693117979
2194 903.51886 562.4701 856.0679679827582 1026.817967982758 488.339201456037 584.339201456037
2210 903.51886 562.4701 851.8938087238421 1022.6438087238421 495.20858302917645 591.2085830291765
2227 855.55237 561.09143 847.2588229060326 1018.0088229060326 502.38195353258584 598.3819535325858
2245 855.55237 561.09143 842.1307571776003 1012.8807571776003 509.8301892854297 605.8301892854297
2261 855.55237 561.09143 837.3858258058228 1008.1358258058228 516.3184583144773 612.3184583144773
2279 815.6555 563.92236 831.8422069588121 1002.5922069588121 523.4627962141102 619.4627962141102
2295 815.6555 563.92236 826.7357312689596 997.4857312689596 529.6705264551181 625.6705264551181
2312 784.7526 568.6746 821.1299640822481 991.8799640822481 536.1137952031119 632.1137952031119
2329 784.7526 568.6746 815.3430576999276 986.0930576999276 542.394882086187 638.394882086187
2347 759.46643 570.807 809.023524111755 979.773524111755 548.8630169930223 644.8630169930223
2363 739.4624 572.91656 803.2447303028227 973.9947303028227 554.4502838409564 650.4502838409564
2381 739.4624 572.91656 796.5673499372441 967.3173499372441 560.5483052740481 656.5483052740481
2397 720.99194 576.09686 790.4799614017456 961.2299614017456 565.7976585231695 661.7976585231695
2415 720.99194 576.09686 783.4663765564474 954.2163765564474 571.5058019659065 667.5058019659065
2431 709.2544 578.67487 777.0901233483269 947.8401233483269 576.4002277485814 672.4002277485814
2448 709.2544 578.67487 770.1742900189863 940.9242900189863 581.4113740517007 677.4113740517007
2466 696.42194 570.53674 762.6993413925139 933.4493413925139 586.5004227817345 682.5004227817345
2482 696.42194 570.53674 755.9288148358737 926.6788148358737 590.8330869577367 686.8330869577367
2499 688.2332 565.2311 748.6107182018081 919.3607182018081 595.2360177503971 691.2360177503971
2517 688.2332 565.2311 740.7288988675523 911.4788988675523 599.6688721273433 695.6688721273433
2533 680.4792 562.73376 733.6134567331254 904.3634567331254 603.4081891703074 699.4081891703074
2550 680.4792 562.73376 725.9464464020558 896.6964464020558 607.1708066759479 703.1708066759479
2567 675.3181 558.2208 718.1754381858558 888.9254381858558 610.7136542896951 706.7136542896951
2584 675.3181 558.2208 710.3067300841386 881.0567300841386 614.0338607170812 710.0338607170812
2601 671.00433 555.9364 702.346699277214 873.096699277214 617.1287351027865 713.1287351027865
2619 671.00433 555.9364 693.8260633664289 864.5760633664289 620.1572723108953 716.1572723108953
2635 668.95264 554.1303 686.178543102233 856.928543102233 622.6326394604092 718.6326394604092
2652 668.95264 554.1303 677.9835211872297 848.7335211872297 625.0372088029525 721.0372088029525
2669 666.8472 553.30585 669.7233728534557 840.4733728534557 627.2075284601758 723.2075284601758
2686 666.8472 553.30585 661.4047925232513 832.1547925232513 629.1418395004217 725.1418395004217
2703 663.8501 551.0099 653.0345219750633 823.7845219750633 630.8385742647915 726.8385742647915
2721 663.8501 551.0099 644.1230815799211 814.8730815799211 632.3746419810356 728.3746419810356
2737 660.61475 549.1587 636.1660813019316 806.9160813019316 633.5140081610913 729.5140081610913
2754 658.3091 546.0444 627.6815821743512 798.4315821743512 634.4905389924386 730.4905389924386
2771 658.3091 546.0444 619.1727237438794 789.9227237438794 635.2251587040392 731.2251587040392
2789 658.3091 546.0444 610.1444574500881 780.8944574500881 635.7386581426483 731.7386581426483
2805 656.28613 543.77655 602.1095270833351 772.8595270833351 635.9664798220608 731.9664798220608
2822 656.28613 543.77655 593.5690176902656 764.3190176902656 635.9725804261168 731.9725804261168
2839 658.42053 543.8863 585.0317954607539 755.7817954607539 635.7355687926154 731.7355687926154
2856 658.42053 543.8863 576.5047793711809 747.2547793711809 635.2556370072082 731.2556370072082
2874 658.69916 544.9479 567.4949783535706 738.2449783535706 634.4831348595524 730.4831348595524
2890 658.69916 544.9479 559.5089945588649 730.2589945588649 633.5687653790487 729.5687653790487
2907 659.3188 544.87463 551.0540000393138 721.8040000393138 632.3631926583694 728.3631926583694
2924 657.2928 546.297 542.6367489028069 713.3867489028069 630.9174329219486 726.9174329219486
2942 657.2928 546.297 533.7730850152877 704.5230850152877 629.1261382967836 725.1261382967836
2958 655.51074 547.92267 525.9427276452934 696.6927276452934 627.3102329649023 723.3102329649023
2975 655.51074 547.92267 517.6794871637487 688.4294871637487 625.1517161929854 721.1517161929854
2993 645.3491 545.1835 509.00093670470255 679.7509367047026 622.6108431393186 718.6108431393186
3009 645.3491 545.1835 501.3540257094023 672.1040257094023 620.1335944747455 716.1335944747455
3026 639.3238 541.97595 493.3050356774336 664.0550356774336 617.278056456131 713.278056456131
3043 639.3238 541.97595 485.3405915726703 656.0905915726703 614.1945571432422 710.1945571432422
3061 639.3238 541.97595 477.0069751274623 647.7569751274623 610.6839858379951 706.6839858379951
3077 636.70605 538.0161 469.691086470933 640.441086470933 607.3538534259965 703.3538534259965
3095 636.70605 538.0161 461.57075447846444 632.3207544784644 603.3747225815591 699.3747225815591
3111 634.9791 536.0886 454.4562325780845 625.2062325780845 599.6336549738851 695.6336549738851
3128 633.61694 536.6794 447.00978743869564 617.7597874386956 595.4514554692516 691.4514554692516
3145 633.61694 536.6794 439.68540812706976 610.4354081270698 591.058983999804 687.058983999804
3163 632.3317 537.24646 432.0698257527072 602.8198257527072 586.182901653867 682.182901653867
3180 632.3317 537.24646 425.01533437862736 595.7653343786274 581.3689127295427 677.3689127295427
3196 631.89575 535.72894 418.50350203784535 589.2535020378454 576.6563711348483 672.6563711348483
3213 631.89575 535.72894 411.72568540279684 582.4756854027969 571.4600705688548 667.4600705688548
3230 630.14984 535.54004 405.09853053246013 575.8485305324601 566.0729418127313 662.0729418127313
3247 630.14984 535.54004 398.6274083925641 569.3774083925641 560.4993508552757 656.4993508552757
3265 637.5337 530.3076 391.9515285815807 562.7015285815808 554.3996867092457 650.3996867092457
3282 637.5337 530.3076 385.818018823778 556.568018823778 548.4565902131905 644.4565902131905
3298 643.364 527.30457 380.2020257696452 550.9520257696452 542.7057093474355 638.7057093474355
3316 643.364 527.30457 374.0708068390105 544.8208068390105 536.0587981572892 632.0587981572892
3332 646.3602 525.5828 368.7911854693228 539.5411854693227 529.9976425819129 625.9976425819129
3349 646.3602 525.5828 363.3616769287074 534.1116769287074 523.4051639192346 619.4051639192346
3366 651.31573 525.6517 358.12202667636814 528.8720266763681 516.6608030789737 612.6608030789737
3384 651.31573 525.6517 352.78581736231547 523.5358173623155 509.3602452851014 605.3602452851014
3400 651.2497 524.46564 348.2291295851123 518.9791295851123 502.7384173488538 598.7384173488538
3417 651.2497 524.46564 343.58390042682595 514.333900426826 495.5716758314352 591.5716758314352
3435 652.0487 521.91223 338.8899101067921 509.6399101067921 487.8425278304917 583.8425278304917
3451 652.0487 521.91223 334.91470142185455 505.66470142185455 480.85613214835485 576.8561321483548
3469 652.6373 520.08765 330.668167657697 501.418167657697 472.8723845988062 568.8723845988062
3485 652.6373 520.08765 327.0969822152257 497.8469822152257 465.6710900449318 561.6710900449318
3502 653.95154 516.4602 323.5154558633554 494.2654558633554 457.9178322199049 553.9178322199049
3519 653.95154 516.4602 320.1560810978608 490.9060810978608 450.06576630732854 546.0657663073285
3536 654.68274 514.5136 317.0215805179704 487.7715805179704 442.1212559998803 538.1212559998803
3553 654.68274 514.5136 314.1144944740342 484.8644944740342 434.0907399116313 530.0907399116313
3570 655.4623 512.53467 311.4371790087004 482.1871790087004 425.9807263598813 521.9807263598814
3587 655.4623 512.53467 308.9918039474663 479.7418039474663 417.79778809050777 513.7977880905078
3605 650.4588 513.0416 306.65758971905177 477.40758971905177 409.06138620638365 505.06138620638365
3621 650.4588 513.0416 304.80461285468476 475.55461285468476 401.23971851615926 497.23971851615926
3638 646.8258 515.5883 303.06619032461737 473.81619032461737 392.87800666884965 488.87800666884965
3655 646.8258 515.5883 301.5664924513526 472.3164924513526 384.4701981434725 480.4701981434725
3672 642.84106 517.05444 300.30673466233077 471.05673466233077 376.02310703330426 472.02310703330426
3689 642.84106 517.05444 299.28793792598333 470.03793792598333 367.5435792681223 463.5435792681223
3706 642.65125 520.50085 298.5109279242903 469.2609279242903 359.03848706593226 455.03848706593226
3723 642.0951 522.7146 297.97633438360816 468.72633438360816 350.5147233633919 446.5147233633919
3740 642.0951 522.7146 297.68459056430925 468.43459056430925 341.9791962294431 437.9791962294431
3757 641.68494 523.8957 417.64906576024066 588.3990657602407 333.056686471707 429.056686471707
3774 641.68494 523.8957 417.99123095517183 588.7412309551719 324.5235450269113 420.5235450269113
3792 641.68494 523.8957 418.79422084104294 589.5442208410429 315.5170210808991 411.5170210808991
3808 641.4325 523.0469 419.88693415828243 590.6369341582824 307.553911501838 403.553911501838
3825 641.4325 523.0469 421.43620498653286 592.1862049865329 299.15561763711503 395.15561763711503
3842 641.10516 522.9842 423.3820723329198 594.1320723329197 290.84025954453836 386.84025954453836
3860 641.10516 522.9842 425.8697967163995 596.6197967163995 282.14695788528695 378.14695788528695
3876 641.0781 523.36005 428.4451933182859 599.1951933182859 274.53299249891984 370.53299249891984
3893 641.0781 523.36005 431.55105000007745 602.3010500000775 266.5777907912517 362.5777907912517
3910 640.3083 526.5438 435.03073493989234 605.7807349398923 258.7788567193968 354.7788567193968
3927 640.8874 525.8624 438.876415455004 609.626415455004 251.15374548655507 347.15374548655507
3944 640.8874 525.8624 443.0794350159092 613.8294350159092 243.71962102511617 339.71962102511617
3962 638.883 526.40344 447.9086511094473 618.6586511094473 236.07495371588607 332.07495371588607
3978 638.883 526.40344 452.518864647575 623.268864647575 229.49080094619188 325.4908009461919
3995 640.2445 526.4961 457.734026801152 628.484026801152 222.7281340425647 318.7281340425647
4012 640.2445 526.4961 463.26407999467915 634.0140799946792 216.22043924223226 312.22043924223226
4030 641.5604 526.3054 469.44880561963384 640.1988056196338 209.62411941289355 305.62411941289355
4046 641.5604 526.3054 475.21838667089924 645.9683866708992 204.0279536670738 300.0279536670738
4063 641.5604 526.3054 481.6157313118342 652.3657313118342 198.37060786867886 294.37060786867886
4080 640.69135 526.2002 488.27420988032543 659.0242098803254 193.0230623484931 289.0230623484931
4097 641.3839 526.69653 495.1788343096449 665.9288343096449 187.9973542961332 283.9973542961332
4114 641.3839 526.69653 502.31406246496294 673.064062464963 183.30479645322103 279.304796453221
4131 641.0299 525.4757 509.66383312829794 680.4138331282979 178.95595164869005 274.9559516486901
4149 641.0299 525.4757 517.6613936238961 688.4113936238961 174.73679385759596 270.73679385759596
4165 641.79504 524.6975 524.9403796987771 695.6903796987771 171.32776198864897 267.32776198864894
4182 641.79504 524.6975 532.8327684862486 703.5827684862486 168.06558799499004 264.06558799499004
4200 641.2671 526.357 541.3479970015156 712.0979970015156 165.02368896976233 261.02368896976236
4216 641.2671 526.357 549.0369892185008 719.7869892185008 162.68178050678887 258.68178050678887
4233 642.62164 526.07025 557.3123458725511 728.0623458725511 160.57226582663537 256.5722658266354
4251 642.62164 526.07025 566.172993109811 736.922993109811 158.76915826363768 254.76915826363768
4268 642.7814 525.0274 574.6146433324445 745.3646433324445 157.4768264733346 253.4768264733346
4284 642.7814 525.0274 582.6073830375866 753.3573830375866 156.6275629290547 252.6275629290547
4301 642.1753 523.685 591.132114755926 761.882114755926 156.1171424476271 252.1171424476271
4318 642.1753 523.685 599.6714617946108 770.4214617946108 156.01163372561214 252.01163372561214
4335 647.6932 524.4672 608.206202299593 778.956202299593 156.31127426047263 252.31127426047263
4352 647.6932 524.4672 616.7171247860152 787.4671247860152 157.01538956894865 253.01538956894865
4369 651.63055 525.3359 625.1850713827765 795.9350713827765 158.12239470530233 254.12239470530233
4386 651.63055 525.3359 633.5909809564164 804.3409809564164 159.6297978289907 255.6297978289907
4403 655.9083 524.52496 641.9159320172428 812.6659320172428 161.53420581373558 257.5342058137356
4420 655.9083 524.52496 650.1411853111272 820.8911853111272 163.83133188536496 259.831331885365
4437 659.65924 524.6858 658.2482260010909 828.9982260010909 166.5160052712332 262.5160052712332
4454 659.65924 524.6858 666.2188053437343 836.9688053437343 169.58218283949915 265.5821828394992
4471 660.38666 525.7028 674.0349817666976 844.7849817666976 173.0229627020636 269.02296270206364
4488 660.30804 525.11084 681.6791612546845 852.4291612546845 176.83059975054408 272.8305997505441
4505 660.30804 525.11084 689.1341369531456 859.8841369531456 180.99652309031762 276.9965230903176
4522 662.63226 523.72675 696.3831279004737 867.1331279004737 185.51135533338842 281.51135533338845
4540 662.63226 523.72675 703.8158878779227 874.5658878779227 190.66075777100514 286.66075777100514
4556 662.63226 523.72675 710.1983867574248 880.9483867574248 195.54633292803192 291.5463329280319
4574 662.4877 521.5273 717.1097699331881 887.8597699331881 201.3768602579292 297.3768602579292
4590 662.4877 521.5273 723.0006166338345 893.7506166338345 206.8452294582745 302.8452294582745
4607 664.0692 521.8312 728.9854590589218 899.7354590589218 212.9372932370277 308.9372932370277
4624 664.0692 521.8312 734.6746124154753 905.4246124154753 219.30636805391646 315.30636805391646
4641 663.92615 524.35986 740.0552705632856 910.8052705632856 225.93811728273374 321.93811728273374
4658 663.92615 524.35986 745.1153217770493 915.8653217770493 232.81761302381858 328.8176130238186
4676 659.1053 523.63226 750.1109265519513 920.8609265519513 240.35460176468007 336.35460176468007
4692 655.2721 519.7083 754.2287905304013 924.9787905304013 247.25737894613326 343.25737894613326
4709 655.2721 519.7083 758.2616938824929 929.0116938824929 254.78514557975075 350.78514557975075
4726 652.6114 519.0748 761.9330081024611 932.6830081024611 262.4957247950736 358.4957247950736
4744 652.6114 519.0748 765.4169917624882 936.1669917624882 270.8398319494411 366.8398319494411
4760 653.54065 519.75616 768.1586455346032 938.9086455346032 278.3955232583588 374.3955232583588
4777 653.54065 519.75616 770.6989549944915 941.4489549944915 286.5489524624127 382.5489524624127
4795 653.54065 519.75616 772.9639522412413 943.7139522412413 295.3029260641045 391.3029260641045
4811 652.7432 519.51807 774.605977411876 945.355977411876 303.17114631399613 399.17114631399613
4828 652.7432 519.51807 775.9638957607996 946.7138957607996 311.60249482388303 407.60249482388303
4845 651.9347 520.61816 776.9203777692248 947.6703777692248 320.08876150040663 416.08876150040663
4863 649.56287 517.3153 777.4931938134266 948.2431938134266 329.11284860805364 425.11284860805364
4880 649.56287 517.3153 777.6174195110625 948.3674195110625 337.6519438712278 433.6519438712278
4896 648.87115 515.5308 777.3642207321774 948.1142207321774 345.68568689301895 441.68568689301895
4914 648.87115 515.5308 776.6510281368674 947.4010281368674 354.69976602895355 450.69976602895355
4930 647.46814 513.1072 775.6377280160616 946.3877280160616 362.6733699460652 458.6733699460652
4947 647.46814 513.1072 774.1722300260149 944.9222300260149 371.0866865084376 467.0866865084376
4964 646.1546 511.87463 772.3093286896907 943.0593286896907 379.4210238275436 475.4210238275436
4981 646.1546 511.87463 770.0532173508461 940.8032173508461 387.65762152102405 483.65762152102405
4998 645.1274 516.4813 767.4089744590015 938.1589744590015 395.77793921594457 491.77793921594457
5015 645.1274 516.4813 764.3825521379785 935.1325521379785 403.7636982827043 499.7636982827043
5032 647.4792 513.742 760.9807627878217 931.7307627878217 411.59692297976756 507.59692297976756
5049 647.4792 513.742 757.2112637502574 927.9612637502574 419.25998091660404 515.259980916604
5066 647.7516 510.87836 753.0825400722103 923.8325400722103 426.73562274375536 522.7356227437554
5083 647.7516 510.87836 748.6038854061801 919.3538854061801 434.00702098068035 530.0070209806804
5100 649.53314 509.00336 743.7853810904619 914.5353810904619 441.057807893992 537.057807893992
5118 649.53314 509.00336 738.3250770999266 909.0750770999266 448.265258669255 544.265258669255
5134 649.33655 508.14536 733.1729494131282 903.9229494131282 454.4345954942897 550.4345954942896
5151 649.33655 508.14536 727.4029103666112 898.1529103666112 460.73048537096236 556.7304853709624
5168 649.0647 510.5797 721.3407445286122 892.0907445286122 466.7456100820642 562.7456100820642
5185 649.0647 510.5797 715.0000976809954 885.7500976809954 472.46642973411736 568.4664297341174
5203 649.7519 508.60733 707.9988084758055 878.7488084758055 478.1886859160961 574.1886859160961
5220 649.7519 508.60733 701.1304202885274 871.8804202885274 483.26380400796154 579.2638040079615
5236 655.4038 506.03287 694.4529376018812 865.2029376018812 487.73776886380733 583.7377688638073
5253 656.55237 508.60574 687.1468717414465 857.8968717414465 492.15964421036574 588.1596442103657
5270 656.55237 508.60574 679.639294413571 850.389294413571 496.2300081502966 592.2300081502966
5287 655.49036 510.2849 671.9471049847989 842.6971049847989 499.93969839739407 595.9396983973941
5304 655.49036 510.2849 664.0876183788416 834.8376183788416 503.28036453280606 599.2803645328061
5322 655.49036 510.2849 655.6031277542164 826.3531277542164 506.40697374848173 602.4069737484817
5338 652.546 509.8851 647.9378564156366 818.6878564156366 508.8253930396211 604.8253930396211
5355 652.546 509.8851 639.6839337638094 810.4339337638094 511.01727369220305 607.017273692203
5372 647.6532 509.39682 631.335337516615 802.085337516615 512.8151948914908 608.8151948914908
5390 647.6532 509.39682 622.413344134101 793.163344134101 514.2849909417206 610.2849909417206
5407 644.4927 509.28662 613.9291943374132 784.6791943374132 515.2600715357657 611.2600715357657
5423 644.4927 509.28662 605.9102433377668 776.6602433377668 515.8092176247758 611.8092176247758
5441 638.5567 508.60065 596.8699739756478 767.6199739756478 515.9984164810973 611.9984164810973
5457 634.38605 508.4555 588.8350690108309 759.5850690108309 515.7852527689789 611.7852527689789
5474 634.38605 508.4555 580.317552089333 751.067552089333 515.1659907650433 611.1659907650433
5491 632.9956 507.48486 571.8389937950213 742.5889937950213 514.1434306506889 610.1434306506889
5509 632.9956 507.48486 562.9253682235171 733.6753682235171 512.6237117563112 608.6237117563112
5525 630.8183 509.892 555.0749625136663 725.8249625136663 510.8985257511097 606.8985257511097
5543 630.8183 509.892 546.3454446332313 717.0954446332313 508.5410304866251 604.5410304866251
5560 630.61224 511.01956 538.2193505800357 708.9693505800357 505.9145927134932 601.9145927134932
5576 630.61224 511.01956 530.6930913626405 701.4430913626405 503.0931464966776 599.0931464966776
5593 630.61224 511.01956 522.843012891798 693.593012891798 499.7304321259451 595.7304321259451
5611 629.62177 510.03326 514.7150131230868 685.4650131230868 495.7683763329592 591.7683763329592
5627 631.0635 509.88275 507.6651444467964 678.4151444467964 491.90774319720856 587.9077431972086
5644 631.0635 509.88275 500.37151947034613 671.1215194703461 487.4653773139863 583.4653773139863
5662 636.4411 512.4209 492.88781057617666 663.6378105761767 482.3903041584317 578.3903041584317
5678 636.4411 512.4209 486.4569398796541 657.2069398796541 477.56857846668925 573.5685784666892
5695 644.1372 512.8871 479.86730663188473 650.6173066318847 472.13642294632587 568.1364229463259
5713 644.1372 512.8871 473.1792719367003 643.9292719367003 466.0509929481327 562.0509929481327
5729 648.10706 514.5897 467.4974853308397 638.2474853308397 460.36571041097886 556.3657104109789
5746 648.10706 514.5897 461.7451414322254 632.4951414322254 454.0536489719888 550.0536489719889
5763 652.3695 512.6887 456.29865965604995 627.04865965605 447.47585175716756 543.4758517571676
5781 652.3695 512.6887 450.87878898296606 621.6287889829661 440.23794679551276 536.2379467955127
5797 656.14667 510.9138 446.37160595691194 617.1216059569119 433.58284065575424 529.5828406557542
5814 656.14667 510.9138 441.9133795805666 612.6633795805666 426.29889958551144 522.2988995855114
5831 659.36835 509.68118 437.80565612063515 608.5556561206351 418.8116979778178 514.8116979778179
5849 659.36835 509.68118 433.8486005938714 604.5986005938714 410.68126269395975 506.68126269395975
5866 661.06635 507.77817 430.4907154271366 601.2407154271366 402.8291173091274 498.8291173091274
5883 661.06635 507.77817 427.50904530471144 598.2590453047114 394.8265412727159 490.8265412727159
5899 656.6264 506.15836 425.052460199564 595.8024601995639 387.1734160167848 483.1734160167848
5917 656.6264 506.15836 422.70033489037223 593.4503348903722 378.44244969702606 474.44244969702606
5933 652.6061 502.60242 420.97997798067684 591.7299779806768 370.59098431373195 466.59098431373195
5950 652.6061 502.60242 419.53810174796206 590.2881017479621 362.1735872774116 458.1735872774116
5968 649.12524 501.87515 418.4483973510431 589.1983973510431 353.19723998721406 449.19723998721406
5984 649.12524 501.87515 417.85929986469176 588.6092998646918 345.18112492358273 441.18112492358273
6001 644.85077 501.57947 417.6286526131048 588.3786526131048 337.1467028281774 433.1467028281774
