1 605.48474 148.66939 297.62542067616835 468.37542067616835 335.4976002348308 431.4976002348308
18 628.2353 178.80554 297.76128878990846 468.51128878990846 326.9581694712406 422.9581694712406
34 628.2353 178.80554 298.1111703954607 468.8611703954607 318.92762829531256 414.92762829531256
51 642.5668 203.12251 298.7185140048509 469.4685140048509 310.4087391863609 406.4087391863609
68 642.5668 203.12251 299.56810583748677 470.31810583748677 301.91059046864586 397.91059046864586
85 658.15967 229.94727 300.6592573431978 471.4092573431978 293.44006945149073 389.44006945149073
103 658.15967 229.94727 302.0768999466856 472.8268999466856 284.5090245297676 380.5090245297676
119 668.1738 250.52109 303.56250703184975 474.31250703184975 276.6093422383909 372.6093422383909
136 668.1738 250.52109 305.37225228130916 476.12225228130916 268.2627764750041 364.2627764750041
153 675.2857 272.0981 307.4188532438116 478.1688532438116 259.9711082224287 355.9711082224287
171 681.6845 289.83487 309.84216057483684 480.59216057483684 251.25899851671107 347.2589985167111
187 681.6845 289.83487 312.21579703666407 482.96579703666407 243.57929418234613 339.57929418234613
204 686.85925 298.25073 314.9622521925565 485.7122521925565 235.4924331110061 331.4924331110061
221 686.85925 298.25073 317.93779086333535 488.68779086333535 227.48702821623766 323.48702821623766
238 692.06726 303.5915 321.14000152904384 491.89000152904384 219.5695674640201 315.5695674640201
255 692.06726 303.5915 324.5662889638151 495.3162889638151 211.74646754616077 307.7464675461608
273 692.06726 303.5915 328.4352697116431 499.1852697116431 203.57308012612515 299.57308012612515
290 694.73364 313.18546 332.31394874217887 503.06394874217887 195.9641257374746 291.9641257374746
306 694.73364 313.18546 336.16094923283765 506.91094923283765 188.90632183391858 284.9063218339186
323 692.3426 313.3008 340.4539940602396 511.2039940602396 181.52322600490484 277.5232260049048
340 692.3426 313.3008 344.9554626662418 515.7054626662418 174.26532559916362 270.2653255991636
357 701.1195 318.0129 349.6617068437197 520.4117068437197 167.13850276900726 263.13850276900723
374 701.1195 318.0129 354.5689124255555 525.3189124255555 160.14853343516307 256.1485334351631
391 705.2677 326.99918 359.6731023758233 530.4231023758233 153.30108260568883 249.30108260568883
408 705.2677 326.99918 364.97014001297055 535.7201400129705 146.601699784777 242.601699784777
426 710.2586 330.79135 370.78419195402086 541.5341919540208 139.675656616284 235.675656616284
442 710.6251 331.21503 376.12543363562395 546.875433635624 133.66873177782583 229.66873177782583
459 710.6251 331.21503 381.9746488335043 552.7246488335043 127.44562809241546 223.44562809241546
477 710.6251 331.21503 388.35832887425113 559.1083288742511 121.04079373995708 217.04079373995708
494 712.35333 335.91556 394.5620474236076 565.3120474236076 115.17102252884061 211.1710225288406
510 712.35333 335.91556 400.5512688483818 571.3012688483818 109.8099372430793 205.8099372430793
528 729.06665 332.59814 407.45803936531155 578.2080393653116 103.97300354707676 199.97300354707676
544 729.06665 332.59814 413.7426429853873 584.4926429853873 98.96144031244515 194.96144031244515
562 730.6112 339.7067 420.97038828338435 591.7203882833844 93.52701560946679 189.5270156094668
578 728.9988 346.39847 427.53000484391305 598.280004843913 88.88121758382923 184.88121758382923
595 728.9988 346.39847 434.6332881070341 605.3832881070341 84.13951907017963 180.13951907017963
612 731.85657 344.8723 441.86866770951156 612.6186677095116 79.60194042970028 175.60194042970028
629 731.85657 344.8723 449.2302797509776 619.9802797509776 75.27215913482809 171.2721591348281
647 745.4631 345.38754 457.15588471125693 627.9058847112569 70.91807370173689 166.9180737017369
664 745.4631 345.38754 464.7584925058843 635.5084925058843 67.02696940712423 163.02696940712423
680 761.5212 344.87405 472.0123660236304 642.7623660236304 63.563830988764266 159.56383098876427
697 761.5212 344.87405 479.81829571979983 650.5682957197998 60.09860379723074 156.09860379723074
714 766.1255 343.92572 487.71970164728384 658.4697016472838 56.85698039535282 152.85698039535282
731 766.1255 343.92572 495.7101801258791 666.4601801258791 53.84158795097835 149.84158795097835
749 776.9619 342.2205 504.26057476416406 675.0105747641641 50.89811628054434 146.89811628054434
765 776.9619 342.2205 511.93238432050157 682.6823843205016 48.49908588318232 144.49908588318232
782 773.6747 338.98532 520.1509627803556 690.9009627803556 46.176306080939696 142.1763060809397
800 773.6747 338.98532 528.9212813350795 699.6712813350795 43.972948099647 139.972948099647
816 769.6642 332.22357 536.7697741627716 707.5197741627716 42.23709987763954 138.23709987763954
833 769.6642 332.22357 545.156538399579 715.906538399579 40.62386599915499 136.623865999155
851 762.3215 338.22736 554.0828444296311 724.8328444296311 39.176684392405264 135.17668439240526
867 762.3215 338.22736 562.0508042831839 732.8008042831839 38.116672841359446 134.11667284135945
884 759.84344 340.4786 570.5446140026227 741.2946140026227 37.2247455122278 133.2247455122278
902 759.84344 340.4786 579.5618339036334 750.3118339036334 36.54429036905128 132.54429036905128
918 755.09033 339.20526 587.5911736117806 758.3411736117806 36.167843072143 132.167843072143
936 722.81445 265.11813 596.6325037720162 767.3825037720162 36.00164175242986 132.00164175242986
952 722.81445 265.11813 604.6702542165596 775.4202542165596 36.08273742076125 132.08273742076125
969 734.1862 214.61047 613.2046904715623 783.9546904715623 36.40481772096149 132.4048177209615
987 734.1862 214.61047 622.2272422323567 792.9772422323567 37.01048567359351 133.0104856735935
1004 734.1862 214.61047 630.7281551661815 801.4781551661815 37.831958255007294 133.8319582550073
1020 704.6652 145.59068 638.7046299331981 809.4546299331981 38.82586922049978 134.82586922049978
1038 704.6652 145.59068 647.6426280498187 818.3926280498187 40.19899106955364 136.19899106955364
1054 713.1364 123.02307 655.5496150057149 826.2996150057149 41.645215808474234 137.64521580847423
1071 713.1364 123.02307 663.9050950571935 834.6550950571935 43.41334787928315 139.41334787928315
1088 720.7628 106.02134 672.2068585250034 842.9568585250034 45.41860627535635 141.41860627535635
1105 720.7628 106.02134 680.4481772598931 851.1981772598931 47.65936583863811 143.6593658386381
1122 725.78076 144.6737 688.6223720999366 859.3723720999366 50.133810549576026 146.13381054957603
1139 725.78076 144.6737 696.7228182836474 867.4728182836474 52.839934998910564 148.83993499891056
1156 731.87524 181.03204 704.742950819005 875.492950819005 55.77554601295549 151.7755460129555
1173 732.2062 211.21758 712.6762698040402 883.4262698040402 58.93826443105149 154.9382644310515
1191 732.2062 211.21758 720.9744866729714 891.7244866729714 62.53171273890922 158.53171273890922
1207 734.8096 237.14217 728.2568245155068 899.0068245155068 65.93458862018292 161.93458862018292
1224 734.8096 237.14217 735.8914330094331 906.6414330094331 69.76252423287974 165.76252423287974
1241 734.8096 237.14217 743.413983721744 914.163983721744 73.80623152831976 169.80623152831976
1258 736.827 250.11961 750.8183800147626 921.5683800147626 78.06243329120804 174.06243329120804
1275 736.827 250.11961 758.0986210088488 928.8486210088488 82.52768009049117 178.52768009049117
1293 739.434 273.75946 765.665231024628 936.415231024628 87.47941582800502 183.47941582800502
1309 739.434 273.75946 772.263141470708 943.013141470708 92.0706669060545 188.0706669060545
1326 738.4934 287.2245 779.1359413283826 949.8859413283826 97.14067282585665 193.14067282585665
1343 736.26086 294.75558 785.8616359705578 956.6116359705578 102.40426185718263 198.40426185718263
1360 736.26086 294.75558 792.434774570124 963.184774570124 107.85716813378187 203.85716813378187
1377 739.329 312.48993 798.8500299387413 969.6000299387413 113.49497235758312 209.49497235758312
1394 739.329 312.48993 805.1022028442499 975.8522028442499 119.31310538030687 215.31310538030687
1412 742.87195 319.00226 811.5387673844003 982.2887673844003 125.66479105149173 221.66479105149173
1428 742.87195 319.00226 817.0971692933363 987.8471692933363 131.47135431515434 227.47135431515434
1445 740.0875 322.94943 822.8302415379586 993.5802415379586 137.80161659632608 233.80161659632608
1462 740.0875 322.94943 828.3807966001699 999.1307966001699 144.29250840037312 240.29250840037312
1480 744.35913 320.10074 834.0539206730178 1004.8039206730178 151.33444969515332 247.33444969515332
1496 744.35913 320.10074 838.9165129944168 1009.6665129944168 157.73501253228335 253.73501253228335
1513 750.47864 326.46515 843.8931356740757 1014.6431356740757 164.675730406883 260.67573040688296
1531 750.47864 326.46515 848.9448737571439 1019.6948737571439 172.1759448228275 268.1759448228275
1547 751.4579 327.03503 853.2437467928016 1023.9937467928016 178.96797687071094 274.9679768707109
1565 751.4579 327.03503 857.8604766962846 1028.6104766962846 186.74352051365594 282.74352051365594
1581 745.1744 328.39447 861.7658627967578 1032.5158627967578 193.76918547310373 289.76918547310373
1598 745.1744 328.39447 865.7074960610505 1036.4574960610505 201.34571931915121 297.3457193191512
1616 747.3583 331.86545 869.6441112173986 1040.3941112173986 209.48674720608716 305.48674720608716
1633 747.3583 331.86545 873.1351439647128 1043.8851439647128 217.28117010118746 313.28117010118746
1649 728.96497 293.47864 876.2168989033121 1046.966898903312 224.7051040458423 320.7051040458423
1666 728.96497 293.47864 879.2720702485676 1050.0220702485676 232.6804577033056 328.6804577033056
1684 583.172 234.78291 882.2581117598017 1053.0081117598017 241.21607894831448 337.2160789483145
1700 583.172 234.78291 884.6953407916484 1055.4453407916485 248.87583895516212 344.8758389551621
1717 466.5376 187.82634 887.0590447096293 1057.8090447096292 257.08274103198784 353.08274103198784
1734 466.5376 187.82634 889.1881773273444 1059.9381773273444 265.35360145921436 361.35360145921436
1752 373.23007 150.26108 891.1849638955216 1061.9349638955216 274.17324529251096 370.17324529251096
1768 373.23007 150.26108 892.7360179615537 1063.4860179615537 282.0603385467098 378.0603385467098
1786 298.58408 120.20886 894.2276611419293 1064.9776611419293 290.97932248926173 386.97932248926173
1803 298.58408 120.20886 895.3890061395116 1066.1390061395116 299.4405053679775 395.4405053679775
1819 298.58408 120.20886 896.2616043392997 1067.0116043392995 307.4311612295389 403.4311612295389
1836 354.854 169.19086 896.9538155200738 1067.703815520074 315.9435746118702 411.9435746118702
1853 382.98175 139.14618 897.4034362013994 1068.1534362013995 324.4722426880359 420.4722426880359
1870 382.98175 139.14618 897.6101019890048 1068.3601019890048 333.01025341435343 429.01025341435343
1887 382.98175 139.14618 897.5736453909749 1068.323645390975 341.5506871754069 437.5506871754069
1904 419.92108 140.48466 897.2940959534936 1068.0440959534935 350.08662239203596 446.08662239203596
1922 448.70526 124.92955 896.7333946506541 1067.4833946506542 359.1120801640305 455.1120801640305
1938 473.0368 97.33648 896.0068216320687 1066.7568216320687 367.1173347111916 463.1173347111916
1956 473.0368 97.33648 894.9334090841814 1065.6834090841814 376.09625777841393 472.09625777841393
1973 509.72504 93.3335 893.6715730175129 1064.4215730175129 384.54303868307437 480.54303868307437
1989 509.72504 93.3335 892.2647665348454 1063.0147665348454 392.4571339716405 488.4571339716405
2006 509.72504 93.3335 890.5382915457113 1061.2882915457112 400.8213208432003 496.8213208432003
2023 535.542 80.19406 888.5744255069792 1059.3244255069792 409.13297339202586 505.13297339202586
2040 535.542 80.19406 886.3747600303433 1057.1247600303432 417.385355454278 513.3853554542779
2058 548.3151 83.486115 883.7906735406054 1054.5406735406054 426.0511370669554 522.0511370669553
2075 548.3151 83.486115 881.1113627748334 1051.8613627748334 434.1604916486035 530.1604916486035
2091 578.62354 97.63767 878.3797408159044 1049.1297408159044 441.7202700970553 537.7202700970553
2108 578.62354 97.63767 875.2565931762647 1046.0065931762647 449.6692503292295 545.6692503292295
2125 601.546 144.96918 871.9084395119482 1042.6584395119482 457.52610752219204 553.526107522192
2142 615.15717 181.11066 868.3379933280626 1039.0879933280626 465.2844741001809 561.2844741001809
2159 615.15717 181.11066 864.5481482862865 1035.2981482862865 472.9380623089762 568.9380623089762
2177 633.0239 217.82626 860.2996503355766 1031.0496503355766 480.92076480298647 576.9207648029865
2193 633.0239 217.82626 856.3227228435584 1027.0727228435585 487.90618221638465 583.9061822163847
2210 643.82227 246.73413 851.8938087238421 1022.6438087238421 495.20858302917645 591.2085830291765
2228 643.82227 246.73413 846.9798386747549 1017.7298386747549 502.79977346953126 598.7997734695313
2244 643.82227 246.73413 842.4215218060378 1013.1715218060378 509.42048008140796 605.420480081408
2262 653.384 274.5287 837.0835164298949 1007.8335164298949 516.719724737489 612.719724737489
2279 653.384 274.5287 831.8422069588121 1002.5922069588121 523.4627962141102 619.4627962141102
2295 689.59235 295.96927 826.7357312689596 997.4857312689596 529.6705264551181 625.6705264551181
2312 692.41003 311.78574 821.1299640822481 991.8799640822481 536.1137952031119 632.1137952031119
2329 692.41003 311.78574 815.3430576999276 986.0930576999276 542.394882086187 638.394882086187
2346 692.42554 324.15506 809.379702109853 980.129702109853 548.5086966087915 644.5086966087915
2363 692.42554 324.15506 803.2447303028227 973.9947303028227 554.4502838409564 650.4502838409564
2381 690.40936 333.7488 796.5673499372441 967.3173499372441 560.5483052740481 656.5483052740481
2398 690.40936 333.7488 790.0948566711968 960.8448566711968 566.1203039129076 662.1203039129076
2414 689.5045 341.11697 783.8605094916655 954.6105094916655 571.1942495138428 667.1942495138428
2432 689.5045 341.11697 776.6872816327669 947.4372816327669 576.7004347658467 672.7004347658467
2448 688.5187 345.08963 770.1742900189863 940.9242900189863 581.4113740517007 677.4113740517007
2466 688.5187 345.08963 762.6993413925139 933.4493413925139 586.5004227817345 682.5004227817345
2482 689.777 348.7626 755.9288148358737 926.6788148358737 590.8330869577367 686.8330869577367
2499 689.777 348.7626 748.6107182018081 919.3607182018081 595.2360177503971 691.2360177503971
2516 693.15344 351.70245 741.17025546435 911.92025546435 599.4288511793545 695.4288511793545
2534 693.15344 351.70245 733.1654466713042 903.9154466713042 603.6355494252274 699.6355494252274
2551 691.37146 348.00934 725.4921459641587 896.2421459641587 607.3853219740902 703.3853219740902
2567 691.37146 348.00934 718.1754381858558 888.9254381858558 610.7136542896951 706.7136542896951
2584 689.70447 348.6858 710.3067300841386 881.0567300841386 614.0338607170812 710.0338607170812
2602 689.70447 348.6858 701.8757557291436 872.6257557291436 617.3037147460062 713.3037147460062
2618 689.6921 350.12833 694.3017969577133 865.0517969577133 619.9957692114392 715.9957692114392
2635 689.6921 350.12833 686.178543102233 856.928543102233 622.6326394604092 718.6326394604092
2653 687.91504 351.58682 677.4993677514212 848.2493677514212 625.1713771733134 721.1713771733134
2669 687.91504 351.58682 669.7233728534557 840.4733728534557 627.2075284601758 723.2075284601758
2686 686.42993 353.34717 661.4047925232513 832.1547925232513 629.1418395004217 725.1418395004217
2704 686.9141 351.87585 652.5406881752673 823.2906881752673 630.9309532623472 726.9309532623472
2721 686.9141 351.87585 644.1230815799211 814.8730815799211 632.3746419810356 728.3746419810356
2737 685.0989 354.10443 636.1660813019316 806.9160813019316 633.5140081610913 729.5140081610913
2754 685.0989 354.10443 627.6815821743512 798.4315821743512 634.4905389924386 730.4905389924386
2772 685.0989 354.10443 618.6715913636143 789.4215913636143 635.2608243522246 731.2608243522246
2788 681.39325 354.6692 610.6464019995067 781.3964019995067 635.7172719246712 731.7172719246712
2805 681.39325 354.6692 602.1095270833351 772.8595270833351 635.9664798220608 731.9664798220608
2822 684.70636 357.68234 593.5690176902656 764.3190176902656 635.9725804261168 731.9725804261168
2839 684.70636 357.68234 585.0317954607539 755.7817954607539 635.7355687926154 731.7355687926154
2856 687.4826 359.19305 576.5047793711809 747.2547793711809 635.2556370072082 731.2556370072082
2874 690.9339 368.24332 567.4949783535706 738.2449783535706 634.4831348595524 730.4831348595524
2890 690.9339 368.24332 559.5089945588649 730.2589945588649 633.5687653790487 729.5687653790487
2907 694.0291 370.93216 551.0540000393138 721.8040000393138 632.3631926583694 728.3631926583694
2925 694.0291 370.93216 542.1429378468152 712.8929378468152 630.8249324247021 726.8249324247021
2941 692.25525 363.85754 534.2640628953682 705.0140628953682 629.232657883161 725.232657883161
2959 692.25525 363.85754 525.4549808532626 696.2049808532626 627.189780618001 723.189780618001
2975 689.16675 358.53845 517.6794871637487 688.4294871637487 625.1517161929854 721.1517161929854
2992 689.16675 358.53845 509.48103837910116 680.2310383791012 622.7588569334407 718.7588569334407
3009 691.502 357.04523 501.3540257094023 672.1040257094023 620.1335944747455 716.1335944747455
3026 691.502 357.04523 493.3050356774336 664.0550356774336 617.278056456131 713.278056456131
3044 691.502 357.04523 484.8748660899855 655.6248660899855 614.0061281757542 710.0061281757542
3060 689.78125 367.70584 477.46714816449344 648.2171481644934 610.8855955525434 706.8855955525434
3077 689.78125 367.70584 469.691086470933 640.441086470933 607.3538534259965 703.3538534259965
3094 712.6503 373.6777 462.0187085871838 632.7687085871838 603.6021930576474 699.6021930576474
3111 711.839 378.02515 454.4562325780845 625.2062325780845 599.6336549738851 695.6336549738851
3129 711.839 378.02515 446.5755041384623 617.3255041384623 595.1988614943655 691.1988614943655
3145 712.6576 378.96027 439.68540812706976 610.4354081270698 591.058983999804 687.058983999804
3162 712.6576 378.96027 432.4890306732291 603.2390306732291 586.4598004361334 682.4598004361334
3179 706.2269 379.5454 425.4264873683203 596.1764873683203 581.6576321782761 677.6576321782761
3197 706.2269 379.5454 418.1007341971813 588.8507341971813 576.3560650118047 672.3560650118047
3213 702.97815 376.11618 411.72568540279684 582.4756854027969 571.4600705688548 667.4600705688548
3231 702.97815 376.11618 404.71350519699024 575.4635051969902 565.7502016818883 661.7502016818883
3247 703.18036 381.25 398.6274083925641 569.3774083925641 560.4993508552757 656.4993508552757
3265 703.18036 381.25 391.9515285815807 562.7015285815808 554.3996867092457 650.3996867092457
3282 702.3124 384.7154 385.818018823778 556.568018823778 548.4565902131905 644.4565902131905
3298 702.3124 384.7154 380.2020257696452 550.9520257696452 542.7057093474355 638.7057093474355
3315 699.69653 386.63046 374.4061519627961 545.1561519627961 536.4328962045494 632.4328962045494
3332 699.69653 386.63046 368.7911854693228 539.5411854693227 529.9976425819129 625.9976425819129
3350 691.2896 381.1403 363.0481643908829 533.7981643908829 523.0125883346178 619.0125883346178
3366 691.2896 381.1403 358.12202667636814 528.8720266763681 516.6608030789737 612.6608030789737
3383 688.0256 381.0069 353.07648117741576 523.8264811774158 509.7700260162269 605.7700260162269
3400 688.0256 381.0069 348.2291295851123 518.9791295851123 502.7384173488538 598.7384173488538
3417 689.30005 384.77097 343.58390042682595 514.333900426826 495.5716758314352 591.5716758314352
3434 689.30005 384.77097 339.144558420162 509.894558420162 488.2756097367269 584.2756097367269
3451 689.05273 385.72827 334.91470142185455 505.66470142185455 480.85613214835485 576.8561321483548
3468 690.54553 384.83618 330.8977575118902 501.6477575118902 473.3192561685689 569.3192561685689
3485 690.54553 384.83618 327.0969822152257 497.8469822152257 465.6710900449318 561.6710900449318
3502 691.02374 383.94922 323.5154558633554 494.2654558633554 457.9178322199049 553.9178322199049
3520 691.02374 383.94922 319.9654481323775 490.7154481323775 449.60093862583636 545.6009386258363
3536 691.02374 383.94922 317.0215805179704 487.7715805179704 442.1212559998803 538.1212559998803
3553 687.5916 383.6234 314.1144944740342 484.8644944740342 434.0907399116313 530.0907399116313
3571 687.5916 383.6234 311.28689266404376 482.03689266404376 425.5013312038564 521.5013312038564
3587 687.39233 386.28827 308.9918039474663 479.7418039474663 417.79778809050777 513.7977880905078
3605 687.39233 386.28827 306.65758971905177 477.40758971905177 409.06138620638365 505.06138620638365
3621 690.92444 386.51273 304.80461285468476 475.55461285468476 401.23971851615926 497.23971851615926
3638 690.92444 386.51273 303.06619032461737 473.81619032461737 392.87800666884965 488.87800666884965
3657 682.1448 378.50122 301.40581050018164 472.15581050018164 383.4783294995802 479.4783294995802
3673 679.5002 373.3676 300.24012624611004 470.99012624611004 375.52514215512616 471.52514215512616
3689 679.5002 373.3676 299.28793792598333 470.03793792598333 367.5435792681223 463.5435792681223
3707 680.3545 375.32138 298.4727655898568 469.2227655898568 358.5375386282254 454.5375386282254
3723 680.3545 375.32138 297.97633438360816 468.72633438360816 350.5147233633919 446.5147233633919
3740 684.8298 374.85757 297.68459056430925 468.43459056430925 341.9791962294431 437.9791962294431
3757 684.8298 374.85757 417.64906576024066 588.3990657602407 333.056686471707 429.056686471707
3774 684.1282 381.07233 417.99123095517183 588.7412309551719 324.5235450269113 420.5235450269113
3791 684.1282 381.07233 418.73774721758974 589.4877472175897 316.01623679178385 412.01623679178385
3809 684.1282 381.07233 419.96702256495803 590.717022564958 307.0579362572376 403.0579362572376
3825 685.38025 381.07562 421.43620498653286 592.1862049865329 299.15561763711503 395.15561763711503
3843 687.7389 384.01328 423.5087967246308 594.2587967246309 290.35410470841526 386.35410470841526
3859 687.7389 384.01328 425.72015609929747 596.4701560992975 282.62655488470796 378.62655488470796
3876 693.1904 385.5232 428.4451933182859 599.1951933182859 274.53299249891984 370.53299249891984
3893 693.1904 385.5232 431.55105000007745 602.3010500000775 266.5777907912517 362.5777907912517
3911 687.5351 388.20972 435.2469007798122 605.9969007798122 258.3253394366035 354.3253394366035
3928 687.5351 388.20972 439.1138488204813 609.8638488204813 250.71099161237862 346.7109916123786
3944 689.5913 381.65857 443.0794350159092 613.8294350159092 243.71962102511617 339.71962102511617
3961 689.5913 381.65857 447.6303327319572 618.3803327319572 236.49321736108072 332.4932173610807
3978 695.0002 376.49664 452.518864647575 623.268864647575 229.49080094619188 325.4908009461919
3996 695.0002 376.49664 458.0507256503695 628.8007256503695 222.33812451057264 318.33812451057264
4013 695.0002 376.49664 463.5989209792019 634.3489209792019 215.84589003154827 311.84589003154827
4030 697.6354 373.93124 469.44880561963384 640.1988056196338 209.62411941289355 305.62411941289355
4046 697.6354 373.93124 475.21838667089924 645.9683866708992 204.0279536670738 300.0279536670738
4063 694.10535 373.1173 481.6157313118342 652.3657313118342 198.37060786867886 294.37060786867886
4080 691.38837 374.495 488.27420988032543 659.0242098803254 193.0230623484931 289.0230623484931
4097 691.38837 374.495 495.1788343096449 665.9288343096449 187.9973542961332 283.9973542961332
4114 691.3507 371.52017 502.31406246496294 673.064062464963 183.30479645322103 279.304796453221
4132 691.3507 371.52017 510.1025025692394 680.8525025692394 178.71105428707807 274.71105428707807
4149 690.3637 373.9206 517.6613936238961 688.4113936238961 174.73679385759596 270.73679385759596
4165 690.3637 373.9206 524.9403796987771 695.6903796987771 171.32776198864897 267.32776198864894
4182 693.6521 379.46118 532.8327684862486 703.5827684862486 168.06558799499004 264.06558799499004
4200 693.6521 379.46118 541.3479970015156 712.0979970015156 165.02368896976233 261.02368896976236
4216 721.5616 367.93555 549.0369892185008 719.7869892185008 162.68178050678887 258.68178050678887
4234 715.0374 368.83112 557.8021405586188 728.5521405586188 160.46043219287566 256.46043219287566
4250 715.0374 368.83112 565.678445290706 736.428445290706 158.85763453593017 254.85763453593017
4267 715.0374 368.83112 574.1164555949256 744.8664555949256 157.54174622631027 253.54174622631027
4284 717.52814 375.90384 582.6073830375866 753.3573830375866 156.6275629290547 252.6275629290547
4302 717.52814 375.90384 591.634212437205 762.384212437205 156.09972077737774 252.09972077737774
4318 714.44946 376.57825 599.6714617946108 770.4214617946108 156.01163372561214 252.01163372561214
4335 714.44946 376.57825 608.206202299593 778.956202299593 156.31127426047263 252.31127426047263
4353 713.77057 383.66864 617.2166157056257 787.9666157056257 157.06937491294823 253.06937491294823
4369 713.77057 383.66864 625.1850713827765 795.9350713827765 158.12239470530233 254.12239470530233
4387 738.64795 379.97577 634.0831090553891 804.8331090553891 159.73086973577773 255.73086973577773
4404 738.64795 379.97577 642.4027122819134 813.1527122819134 161.65850613580778 257.6585061358078
4420 757.96356 386.62582 650.1411853111272 820.8911853111272 163.83133188536496 259.831331885365
4437 747.04205 386.71994 658.2482260010909 828.9982260010909 166.5160052712332 262.5160052712332
4454 747.04205 386.71994 666.2188053437343 836.9688053437343 169.58218283949915 265.5821828394992
4472 738.74396 389.527 674.4895705675439 845.2395705675439 173.23686599396328 269.2368659939633
4488 738.74396 389.527 681.6791612546845 852.4291612546845 176.83059975054408 272.8305997505441
4506 728.7339 394.66708 689.5664118764473 860.3164118764473 181.25253868910977 277.25253868910977
4523 728.7339 394.66708 696.8027732058051 867.5527732058051 185.78758605914797 281.787586059148
4539 728.7339 394.66708 703.4098168015221 874.1598168015221 190.36493370665013 286.36493370665016
4556 718.7908 393.69315 710.1983867574248 880.9483867574248 195.54633292803192 291.5463329280319
4574 718.7908 393.69315 717.1097699331881 887.8597699331881 201.3768602579292 297.3768602579292
4590 709.0589 390.9655 723.0006166338345 893.7506166338345 206.8452294582745 302.8452294582745
4607 709.0589 390.9655 728.9854590589218 899.7354590589218 212.9372932370277 308.9372932370277
4625 706.2405 384.19385 734.9997830567704 905.7497830567704 219.68934279222185 315.68934279222185
4642 702.5298 379.65515 740.3619103211945 911.1119103211945 226.33608418463587 322.33608418463587
4658 702.5298 379.65515 745.1153217770493 915.8653217770493 232.81761302381858 328.8176130238186
4675 699.21875 381.48505 749.8433760095571 920.5933760095571 239.9293697063817 335.9293697063817
4693 699.21875 381.48505 754.4758707295014 925.2258707295014 247.69482262405427 343.69482262405427
4709 697.8954 378.76053 758.2616938824929 929.0116938824929 254.78514557975075 350.78514557975075
4726 697.8954 378.76053 761.9330081024611 932.6830081024611 262.4957247950736 358.4957247950736
4743 699.3777 376.81818 765.2344691549205 935.9844691549205 270.3717602734482 366.3717602734482
4761 699.3777 376.81818 768.3187615671286 939.0687615671286 278.8717253711941 374.8717253711941
4777 696.75024 375.26593 770.6989549944915 941.4489549944915 286.5489524624127 382.5489524624127
4794 696.75024 375.26593 772.8496793622878 943.5996793622878 294.8136947228397 390.8136947228397
4811 700.6923 381.16034 774.605977411876 945.355977411876 303.17114631399613 399.17114631399613
4828 700.6923 381.16034 775.9638957607996 946.7138957607996 311.60249482388303 407.60249482388303
4845 698.03467 377.82724 776.9203777692248 947.6703777692248 320.08876150040663 416.08876150040663
4862 698.03467 377.82724 777.47327042036 948.22327042036 328.6108439720703 424.6108439720703
4879 700.59546 375.9704 777.6213291668411 948.3713291668411 337.1495592469291 433.1495592469291
4896 700.59546 375.9704 777.3642207321774 948.1142207321774 345.68568689301895 441.68568689301895
4913 697.5706 376.07324 776.7025238609478 947.4525238609478 354.200012303063 450.200012303063
4930 697.5706 376.07324 775.6377280160616 946.3877280160616 362.6733699460652 458.6733699460652
4948 698.5597 380.12015 774.0736116349954 944.8236116349954 371.57931213616394 467.57931213616394
4964 698.5597 380.12015 772.3093286896907 943.0593286896907 379.4210238275436 475.4210238275436
4981 700.78436 378.82654 770.0532173508461 940.8032173508461 387.65762152102405 483.65762152102405
4998 700.78436 378.82654 767.4089744590015 938.1589744590015 395.77793921594457 491.77793921594457
5015 698.55347 377.59656 764.3825521379785 935.1325521379785 403.7636982827043 499.7636982827043
5032 698.55347 377.59656 760.9807627878217 931.7307627878217 411.59692297976756 507.59692297976756
5049 698.6928 374.2903 757.2112637502574 927.9612637502574 419.25998091660404 515.259980916604
5066 698.6928 374.2903 753.0825400722103 923.8325400722103 426.73562274375536 522.7356227437554
5083 700.87775 376.0252 748.6038854061801 919.3538854061801 434.00702098068035 530.0070209806804
5101 700.87775 376.0252 743.4915841399335 914.2415841399335 441.4653480122629 537.4653480122629
5118 702.1373 380.11414 738.3250770999266 909.0750770999266 448.265258669255 544.265258669255
5134 702.1373 380.11414 733.1729494131282 903.9229494131282 454.4345954942897 550.4345954942896
5152 699.4706 383.75143 727.0542686708334 897.8042686708334 461.0922236245453 557.0922236245453
5168 699.4706 383.75143 721.3407445286122 892.0907445286122 466.7456100820642 562.7456100820642
5185 700.87305 386.6811 715.0000976809954 885.7500976809954 472.46642973411736 568.4664297341174
5202 702.8225 383.38602 708.3952424593289 879.1452424593289 477.8800669068827 573.8800669068827
5220 702.8225 383.38602 701.1304202885274 871.8804202885274 483.26380400796154 579.2638040079615
5236 702.6645 385.05182 694.4529376018812 865.2029376018812 487.73776886380733 583.7377688638073
5253 702.6645 385.05182 687.1468717414465 857.8968717414465 492.15964421036574 588.1596442103657
5271 704.34955 394.9525 679.1917557803298 849.9417557803298 496.45829474187997 592.45829474188
5287 704.34955 394.9525 671.9471049847989 842.6971049847989 499.93969839739407 595.9396983973941
5304 704.34955 394.9525 664.0876183788416 834.8376183788416 503.28036453280606 599.2803645328061
5322 707.3578 401.23782 655.6031277542164 826.3531277542164 506.40697374848173 602.4069737484817
5338 707.3578 401.23782 647.9378564156366 818.6878564156366 508.8253930396211 604.8253930396211
5355 705.81226 401.17038 639.6839337638094 810.4339337638094 511.01727369220305 607.017273692203
5372 705.81226 401.17038 631.335337516615 802.085337516615 512.8151948914908 608.8151948914908
5390 707.1919 403.76718 622.413344134101 793.163344134101 514.2849909417206 610.2849909417206
5407 704.24286 410.42322 613.9291943374132 784.6791943374132 515.2600715357657 611.2600715357657
5423 704.24286 410.42322 605.9102433377668 776.6602433377668 515.8092176247758 611.8092176247758
5440 703.8142 411.5666 597.3723718445073 768.1223718445073 515.9998227193989 611.9998227193989
5457 703.8142 411.5666 588.8350690108309 759.5850690108309 515.7852527689789 611.7852527689789
5475 699.1686 413.86462 579.8175479661336 750.5675479661336 515.1169859395293 611.1169859395293
5491 699.1686 413.86462 571.8389937950213 742.5889937950213 514.1434306506889 610.1434306506889
5509 699.1686 413.86462 562.9253682235171 733.6753682235171 512.6237117563112 608.6237117563112
5525 716.3805 425.0134 555.0749625136663 725.8249625136663 510.8985257511097 606.8985257511097
5543 716.3805 425.0134 546.3454446332313 717.0954446332313 508.5410304866251 604.5410304866251
5560 714.22504 426.48892 538.2193505800357 708.9693505800357 505.9145927134932 601.9145927134932
5576 714.22504 426.48892 530.6930913626405 701.4430913626405 503.0931464966776 599.0931464966776
5593 711.37646 428.3047 522.843012891798 693.593012891798 499.7304321259451 595.7304321259451
5610 723.81335 426.72006 515.1612667811617 685.9112667811617 495.99916469660786 591.9991646966079
5628 723.81335 426.72006 507.2303395844086 677.9803395844086 491.65604828708047 587.6560482870805
5644 716.76086 418.3568 500.37151947034613 671.1215194703461 487.4653773139863 583.4653773139863
5661 716.76086 418.3568 493.29680961702684 664.0468096170268 482.6820667001052 578.6820667001052
5679 716.70245 423.2705 486.06223977640286 656.8122397764029 477.25774503117407 573.2577450311741
5695 716.70245 423.2705 479.86730663188473 650.6173066318847 472.13642294632587 568.1364229463259
5712 714.9888 423.96658 473.54274297137306 644.2927429713731 466.3978277836013 562.3978277836013
5730 714.9888 423.96658 467.15087413130334 637.9008741313033 460.00202610763864 556.0020261076386
5746 715.19617 424.3007 461.7451414322254 632.4951414322254 454.0536489719888 550.0536489719889
5763 715.19617 424.3007 456.29865965604995 627.04865965605 447.47585175716756 543.4758517571676
5780 720.48486 423.22626 451.1702998949387 621.9202998949387 440.6471252215585 536.6471252215586
5797 720.48486 423.22626 446.37160595691194 617.1216059569119 433.58284065575424 529.5828406557542
5815 720.8395 419.7711 441.66195216566996 612.41195216567 425.8639399883317 521.8639399883317
5831 720.8395 419.7711 437.80565612063515 608.5556561206351 418.8116979778178 514.8116979778179
5849 715.1593 413.31644 433.8486005938714 604.5986005938714 410.68126269395975 506.68126269395975
5865 715.1593 413.31644 430.67789368960894 601.4278936896089 403.295346752855 499.295346752855
5883 727.6598 418.34848 427.50904530471144 598.2590453047114 394.8265412727159 490.8265412727159
5900 727.6598 418.34848 424.9103018905736 595.6603018905736 386.6915481808328 482.6915481808328
5916 723.82367 423.39322 422.8194776869708 593.5694776869708 378.9305179198789 474.9305179198789
5933 723.82367 423.39322 420.97997798067684 591.7299779806768 370.59098431373195 466.59098431373195
5950 723.86255 424.70398 419.53810174796206 590.2881017479621 362.1735872774116 458.1735872774116
5967 723.86255 424.70398 418.4970946157316 589.2470946157316 353.69727415859836 449.69727415859836
5984 717.43933 421.89404 417.85929986469176 588.6092998646918 345.18112492358273 441.18112492358273
6001 714.00696 416.1043 417.6286526131048 588.3786526131048 337.1467028281774 433.1467028281774
