8 342.1399 280.15933
17 273.7119 224.12747
34 273.7119 224.12747
51 218.96953 179.30199
68 218.96953 179.30199
85 175.17563 143.44159
102 175.17563 143.44159
119 140.1405 114.75327
136 140.1405 114.75327
153 112.112404 91.80262
170 89.689926 73.4421
187 89.689926 73.4421
204 89.689926 73.4421
222 71.751945 58.75368
238 71.751945 58.75368
256 57.401558 47.002945
272 57.401558 47.002945
289 45.921246 37.602356
306 45.921246 37.602356
323 45.921246 37.602356
340 175.39386 141.48355
357 270.79242 220.84456
374 270.79242 220.84456
392 347.22552 281.25073
408 410.5082 333.82773
425 410.5082 333.82773
442 410.5082 333.82773
459 459.61676 364.64084
476 459.61676 364.64084
493 500.2556 401.67688
511 500.2556 401.67688
527 531.2882 434.01346
544 554.56866 457.9549
562 554.56866 457.9549
578 538.9074 507.36237
595 538.9074 507.36237
612 514.31506 543.33984
629 514.31506 543.33984
646 502.8693 578.64777
664 502.8693 578.64777
680 502.8693 578.64777
697 489.02377 600.11084
714 489.02377 600.11084
731 486.1447 622.06726
749 481.24658 643.4401
765 481.24658 643.4401
783 473.20142 657.7597
799 473.20142 657.7597
816 473.19763 669.07526
833 473.19763 669.07526
850 473.2296 684.4855
867 473.2296 684.4855
884 470.76334 689.0447
901 470.76334 689.0447
918 468.82266 697.3652
936 468.82266 697.3652
952 495.95187 688.6873
969 495.95187 688.6873
987 524.81445 678.5029
1003 524.81445 678.5029
1021 551.31464 671.8347
1037 551.31464 671.8347
1054 572.9382 661.74054
1071 572.9382 661.74054
1088 591.97656 659.91846
1106 606.3621 659.7487
1122 606.3621 659.7487
1139 619.2036 657.892
1157 619.2036 657.892
1173 628.383 655.3672
1190 628.383 655.3672
1207 628.383 655.3672
1224 651.51953 611.0081
1242 651.51953 611.0081
1258 668.63904 581.1238
1275 668.63904 581.1238
1293 681.1505 553.81525
1309 689.38806 540.0406
1326 689.38806 540.0406
1344 699.82654 529.898
1360 699.82654 529.898
1377 710.5441 526.70306
1395 710.5441 526.70306
1411 718.3164 510.51215
1428 718.3164 510.51215
1445 718.3164 510.51215
1463 722.1118 497.11615
1479 722.1118 497.11615
1497 727.8688 490.5912
1513 730.72345 484.17767
1530 730.72345 484.17767
1547 731.3806 475.42178
1564 731.3806 475.42178
1582 733.40216 476.57245
1598 733.40216 476.57245
1615 737.2654 475.84647
1632 737.2654 475.84647
1649 734.16187 471.89584
1666 734.16187 471.89584
1684 734.5362 468.6341
1700 734.5362 468.6341
1717 736.56287 472.14783
1734 736.56287 472.14783
1752 735.85364 472.35254
1768 735.85364 472.35254
1785 741.2916 469.3308
1802 741.2916 469.3308
1819 742.5539 479.3548
1837 742.5539 479.3548
1853 739.0516 486.86612
1870 739.0516 486.86612
1887 741.3551 485.62094
1904 741.1399 487.80685
1922 741.1399 487.80685
1938 741.1399 487.80685
1955 740.5689 484.4101
1973 740.5689 484.4101
1989 739.11487 485.79144
2006 739.11487 485.79144
2023 740.519 482.28635
2040 740.519 482.28635
2057 735.20874 483.68903
2075 734.57336 488.68158
2092 734.57336 488.68158
2108 731.9464 484.5801
2126 731.9464 484.5801
2142 729.22894 489.60904
2159 729.22894 489.60904
2176 729.56573 491.3315
2194 729.56573 491.3315
2210 729.56573 491.3315
2227 713.9271 528.7899
2244 713.9271 528.7899
2262 698.0906 575.3035
2278 685.35815 608.6936
2295 685.35815 608.6936
2312 672.668 639.14014
2329 672.668 639.14014
2346 668.2015 666.8172
2363 668.2015 666.8172
2380 663.8151 685.06445
2398 663.8151 685.06445
2414 654.29675 698.72925
2431 654.29675 698.72925
2449 648.3688 710.4555
2465 648.3688 710.4555
2482 644.29504 719.39276
2499 644.29504 719.39276
2516 644.574 727.39746
2533 644.574 727.39746
2550 645.3699 732.1168
2567 645.3699 732.1168
2585 641.542 736.3696
2601 641.542 736.3696
2618 640.5681 739.54425
2635 640.5681 739.54425
2652 643.3319 741.41125
2670 638.0654 743.3126
2686 638.0654 743.3126
2703 638.0654 743.3126
2720 642.2999 747.34863
2737 642.2999 747.34863
2754 641.5684 747.98456
2771 641.5684 747.98456
2788 638.6163 746.6523
2805 638.6163 746.6523
2822 636.7956 747.6778
2839 633.6985 744.73065
2857 633.6985 744.73065
2873 638.80566 657.9022
2890 638.80566 657.9022
2907 645.399 585.2037
2924 645.399 585.2037
2941 652.69086 531.90454
2958 652.69086 531.90454
2975 652.69086 531.90454
2992 655.4091 481.9454
3010 655.4091 481.9454
3026 655.713 443.60464
3043 660.7573 416.8317
3060 660.7573 416.8317
3077 660.4204 398.47192
3094 660.4204 398.47192
3111 660.1369 374.22522
3128 660.1369 374.22522
3145 662.288 351.62405
3162 662.288 351.62405
3179 662.288 351.62405
3196 661.6854 345.83804
3214 661.6854 345.83804
3230 667.56714 335.95383
3247 668.82983 327.3318
3264 668.82983 327.3318
3281 663.5501 318.28333
3298 663.5501 318.28333
3315 658.57117 312.23047
3332 658.57117 312.23047
3349 657.5738 302.579
3366 657.5738 302.579
3383 660.64343 293.398
3401 660.64343 293.398
3417 663.45996 279.41028
3434 660.9133 280.0072
3451 660.9133 280.0072
3468 660.9133 280.0072
3485 663.2533 273.5029
3502 663.2533 273.5029
3519 667.4414 265.15643
3537 667.4414 265.15643
3553 670.9366 262.96918
3571 670.9366 262.96918
3587 676.2269 264.6252
3605 676.2269 264.6252
3621 680.10986 258.02463
3639 679.1343 251.80905
3655 679.1343 251.80905
3672 675.7654 250.20233
3689 675.7654 250.20233
3707 675.7654 250.20233
3723 670.7517 246.26247
3741 670.7517 246.26247
3757 668.9439 240.09184
3774 668.9439 240.09184
3791 671.48706 235.0469
3809 673.5867 235.7627
3825 673.5867 235.7627
3842 676.3126 234.03697
3860 676.3126 234.03697
3876 675.85803 242.21677
3893 675.85803 242.21677
3910 678.8496 250.40256
3928 678.8496 250.40256
3944 678.8496 250.40256
3961 681.31494 248.95932
3978 681.31494 248.95932
3995 678.8779 250.66357
4012 673.9271 269.47778
4030 673.9271 269.47778
4046 671.09174 365.6402
4063 671.09174 365.6402
4080 671.72906 440.68835
4098 671.72906 440.68835
4114 669.6964 504.10468
4131 669.6964 504.10468
4148 664.33105 552.8962
4165 664.33105 552.8962
4182 661.3195 591.5056
4199 660.89996 621.3729
4216 660.89996 621.3729
4234 660.89996 621.3729
4250 661.37463 645.502
4267 661.37463 645.502
4285 659.9695 669.1044
4301 659.9695 669.1044
4319 654.9609 680.8031
4335 654.9609 680.8031
4353 656.0203 697.8855
4369 656.0203 697.8855
4387 657.1976 711.5833
4403 652.51544 717.89825
4421 652.51544 717.89825
4437 653.2655 724.83325
4454 653.2655 724.83325
4471 653.2655 724.83325
4489 651.6379 728.9863
4505 651.6379 728.9863
4523 652.0967 731.3667
4539 652.0967 731.3667
4557 653.1599 732.66376
4573 653.1599 732.66376
4591 653.3892 735.3799
4607 655.6218 739.21533
4624 655.6218 739.21533
4641 650.71686 741.117
4659 650.71686 741.117
4675 653.05096 743.0223
4692 653.05096 743.0223
4710 653.0995 743.8758
4726 653.0995 743.8758
4744 653.0995 743.8758
4760 655.3948 746.661
4777 655.3948 746.661
4794 651.2708 748.78265
4812 651.5349 748.0204
4828 651.5349 748.0204
4845 656.5256 750.6942
4863 656.5256 750.6942
4880 651.92633 749.05194
4896 651.92633 749.05194
4914 660.24146 730.72504
4930 660.24146 730.72504
4947 663.5951 707.6233
4965 667.6443 692.2893
4981 667.6443 692.2893
4999 667.6443 692.2893
5015 676.94885 663.5408
5032 676.94885 663.5408
5049 677.3568 638.06885
5066 677.3568 638.06885
5084 678.1014 617.1356
5100 678.1014 617.1356
5117 678.14874 599.50446
5134 678.14874 599.50446
5151 676.25305 588.13934
5169 681.06836 576.2836
5185 681.06836 576.2836
5202 683.236 568.59283
5219 683.236 568.59283
5237 683.236 568.59283
5253 682.0686 565.7884
5270 682.0686 565.7884
5287 681.57214 561.13745
5305 681.57214 561.13745
5321 682.1096 555.62024
5338 682.1096 555.62024
5355 683.6715 541.69763
5372 685.63525 540.314
5390 685.63525 540.314
5406 680.6778 588.16565
5423 680.6778 588.16565
5440 672.7739 620.55804
5458 672.7739 620.55804
5474 666.6314 651.0818
5491 666.6314 651.0818
5508 666.6314 651.0818
5525 662.0359 677.4315
5542 662.0359 677.4315
5560 656.6735 697.88336
5576 653.417 712.2327
5593 653.417 712.2327
5610 656.13 720.3019
5627 656.13 720.3019
5644 654.807 730.8161
5661 654.807 730.8161
5679 655.51636 741.5804
5695 655.51636 741.5804
5712 651.52747 748.9219
5729 651.52747 748.9219
5746 645.02155 755.4282
5764 645.02155 755.4282
5780 645.7208 761.937
5797 645.7208 761.937
5815 641.8744 765.41187
5831 641.8744 765.41187
5848 641.66394 764.7082
5866 641.66394 764.7082
5883 642.046 765.0873
5899 642.046 765.0873
5916 643.90936 767.4423
5933 640.3957 770.5412
5951 640.3957 770.5412
5967 639.27655 772.95233
5984 639.27655 772.95233
6001 639.27655 772.95233
6018 641.8669 773.9209
6035 641.8669 773.9209
6052 636.36896 777.4295
6070 636.36896 777.4295
6086 640.39136 777.2982
6103 640.39136 777.2982
6120 643.0321 776.08295
6138 646.29834 772.2494
6154 646.29834 772.2494
6171 645.2941 773.2523
6189 645.2941 773.2523
6205 639.26465 771.4329
6222 639.26465 771.4329
6239 639.26465 771.4329
6256 639.85236 771.97736
6274 639.85236 771.97736
6290 640.33344 770.85693
6307 640.33344 770.85693
6324 639.66125 770.68726
6341 643.2525 755.09607
6359 643.2525 755.09607
6375 641.242 687.9376
6392 641.242 687.9376
6410 641.8543 638.1222
6426 641.8543 638.1222
6444 642.8574 595.879
6460 642.8574 595.879
6477 643.0505 565.26654
6494 643.0505 565.26654
6512 648.3329 552.0135
6528 648.3329 552.0135
6545 647.2995 531.37256
6562 647.2995 531.37256
6580 650.12976 515.7083
6596 650.12976 515.7083
6613 654.8468 499.46753
6630 654.8468 499.46753
6648 655.2667 486.1054
6665 655.2667 486.1054
6681 657.19165 473.97876
6698 657.19165 473.97876
6716 652.30597 466.0594
6733 652.30597 466.0594
6749 656.65314 470.60004
6766 656.65314 470.60004
6783 661.84973 461.13412
6800 661.84973 461.13412
6817 662.61914 464.73242
6835 662.61914 464.73242
6851 662.7394 458.57666
6869 662.7394 458.57666
6885 669.17365 459.99683
6902 676.96454 458.55374
6919 676.96454 458.55374
6936 680.88275 462.7099
6954 680.88275 462.7099
6970 686.2067 465.12354
6987 686.2067 465.12354
7004 686.2067 465.12354
7021 687.058 468.83936
7038 687.058 468.83936
7056 692.08264 474.59967
7072 692.08264 474.59967
7089 693.64105 481.19614
7106 693.1322 484.23453
7124 693.1322 484.23453
7140 697.6222 490.08472
7157 697.6222 490.08472
7174 700.2514 495.45447
7191 700.2514 495.45447
7208 704.78906 497.517
7225 704.78906 497.517
7242 709.3693 504.66058
7260 709.3693 504.66058
7276 709.3693 504.66058
7293 704.5811 503.53317
7310 706.26697 503.89215
7328 706.26697 503.89215
7344 713.6736 509.71524
7362 713.6736 509.71524
7378 715.9928 511.89035
7395 715.9928 511.89035
7412 716.69824 516.7215
7430 716.69824 516.7215
7446 714.12555 514.3227
7464 714.12555 514.3227
7480 717.17737 509.91125
7498 717.17737 509.91125
7514 720.299 513.976
7531 720.299 513.976
7548 724.799 511.695
7566 724.799 511.695
7582 724.37177 510.08548
7599 724.37177 510.08548
7616 722.6105 514.1808
7634 722.6105 514.1808
7650 720.21277 513.7726
7667 720.21277 513.7726
7684 720.34644 510.67755
7701 717.94073 508.1256
7718 717.94073 508.1256
7735 715.79407 514.9768
7752 715.79407 514.9768
7769 715.79407 514.9768
7786 717.6813 515.4238
7803 717.6813 515.4238
7821 709.7312 485.9066
7837 709.7312 485.9066
7854 705.16016 444.53513
7871 702.0321 415.26013
7888 702.0321 415.26013
7905 698.19086 387.34097
7922 698.19086 387.34097
7939 690.7733 359.17267
7956 690.7733 359.17267
7973 690.7733 359.17267
7990 686.693 333.11142
8007 683.7156 324.53824
8024 683.7156 324.53824
8041 683.7156 324.53824
8058 680.6941 301.80927
8076 678.56696 293.05392
8092 678.56696 293.05392
8109 674.5045 284.4899
8126 674.5045 284.4899
8143 677.92505 283.7425
8160 677.92505 283.7425
8177 676.05396 279.25525
8194 676.05396 279.25525
8211 675.3211 275.19806
8228 675.3211 275.19806
8245 674.3946 265.72064
8262 674.3946 265.72064
8279 673.1604 258.5665
8296 673.1604 258.5665
8313 672.2672 256.18427
8330 672.2672 256.18427
8347 671.9742 249.79208
8364 671.9742 249.79208
8382 675.2334 239.59706
8398 675.2334 239.59706
8415 677.41565 241.2115
8432 677.41565 241.2115
8449 661.6305 272.62286
8466 529.3044 218.0983
8483 529.3044 218.0983
8500 423.4435 174.47864
8517 423.4435 174.47864
8535 423.4435 174.47864
8551 338.75482 139.58292
8568 338.75482 139.58292
8585 408.8269 234.29721
8603 408.8269 234.29721
8620 465.17633 247.05588
8636 507.09308 251.32259
8653 507.09308 251.32259
8670 542.8121 263.0948
8687 542.8121 263.0948
8705 568.94403 265.56757
8721 568.94403 265.56757
8738 594.124 272.08627
8756 594.124 272.08627
8772 614.87854 271.4268
8790 614.87854 271.4268
8806 614.87854 271.4268
8824 624.9252 274.9156
8840 636.7809 277.3871
8857 636.7809 277.3871
8874 644.6414 288.68054
8891 644.6414 288.68054
8909 654.26483 290.42343
8925 654.26483 290.42343
8942 657.0907 290.42572
8960 657.0907 290.42572
8976 663.8609 290.51773
8994 663.8609 290.51773
9010 673.14526 290.67355
9027 673.14526 290.67355
9044 674.5066 294.88568
9061 674.5066 294.88568
9078 679.98126 294.4364
9096 679.98126 294.4364
9112 684.4122 297.30682
9129 684.4122 297.30682
9146 688.5106 307.14432
9164 688.5106 307.14432
9180 689.1985 309.3253
9197 689.1985 309.3253
9215 686.6805 299.44638
9231 691.3666 298.08533
9248 691.3666 298.08533
9266 686.8712 296.30655
9282 686.8712 296.30655
9299 686.8712 296.30655
9317 690.1345 307.84683
9334 690.1345 307.84683
9350 688.2646 310.08456
9367 688.2646 310.08456
9384 691.65027 311.48364
9402 691.65027 311.48364
9418 692.5928 308.3028
9435 691.8403 306.0301
9453 691.8403 306.0301
9469 692.56036 311.67255
9486 692.56036 311.67255
9503 690.39575 312.29037
9520 690.39575 312.29037
9538 690.39575 312.29037
9554 688.4819 320.53635
9571 688.4819 320.53635
9588 689.7909 317.69742
9606 690.8351 319.2352
9622 690.8351 319.2352
9640 694.01917 317.34235
9656 694.01917 317.34235
9673 691.38 317.9585
9691 691.38 317.9585
9707 691.4576 315.08685
9724 691.4576 315.08685
9741 689.79205 319.0553
9759 689.79205 319.0553
9775 688.13293 318.3719
9792 688.13293 318.3719
9810 687.0164 312.13184
9826 687.0164 312.13184
9843 685.0267 312.56216
9860 685.0267 312.56216
9877 676.6266 341.50775
9895 676.6266 341.50775
9911 664.5762 370.8447
9929 664.5762 370.8447
9945 657.3325 397.53088
9962 657.3325 397.53088
9980 648.94196 425.17935
9996 641.82526 435.2253
10014 641.82526 435.2253
10030 641.82526 435.2253
10047 636.0084 449.1053
10065 636.0084 449.1053
10081 635.1816 459.1902
10098 635.1816 459.1902
10115 640.9748 477.51102
10133 640.9748 477.51102
10149 643.1161 492.48804
10166 643.1161 492.48804
10184 647.6325 500.38394
10200 646.80566 516.088
10218 646.80566 516.088
10234 646.98303 521.9753
10252 646.98303 521.9753
10268 655.79736 534.0743
10285 655.79736 534.0743
10302 655.79736 534.0743
10319 658.467 539.54504
10336 658.467 539.54504
10354 659.6392 541.5373
10370 663.3053 545.37164
10387 663.3053 545.37164
10405 660.7717 557.22766
10421 660.7717 557.22766
10438 659.5845 558.0207
10455 659.5845 558.0207
10472 661.088 558.5078
10490 661.088 558.5078
10506 658.74335 562.18274
10523 658.74335 562.18274
10540 658.74335 562.18274
10557 659.20056 562.7492
10575 657.53815 562.37744
10591 657.53815 562.37744
10609 660.48834 557.3149
10625 660.48834 557.3149
10643 661.00934 559.62573
10659 661.00934 559.62573
10677 659.7738 557.5132
10693 659.7738 557.5132
10710 661.356 560.20776
10728 661.356 560.20776
10744 658.44507 557.5144
10761 654.33545 559.97614
10778 654.33545 559.97614
10796 654.33545 559.97614
10812 652.1467 562.89417
10830 652.1467 562.89417
10846 658.01764 566.08453
10864 658.01764 566.08453
10880 660.7864 568.5421
10897 660.7864 568.5421
10914 659.75336 573.5713
10931 659.75336 573.5713
10948 660.8905 571.3008
10966 657.846 572.8064
10982 657.846 572.8064
10999 659.84155 573.453
11016 659.84155 573.453
11034 658.61426 574.68665
11050 658.61426 574.68665
11067 658.61426 574.68665
11084 655.7188 574.92017
11101 655.7188 574.92017
11118 659.2855 575.99866
11136 659.2855 575.99866
11152 656.948 576.9655
11169 651.09265 573.82086
11186 651.09265 573.82086
11203 654.66833 576.7577
11220 654.66833 576.7577
11238 652.20184 576.0128
11254 652.20184 576.0128
11271 656.5686 580.65784
11289 656.5686 580.65784
11305 656.5686 580.65784
11322 662.60693 580.14935
11339 662.60693 580.14935
11357 663.3477 574.4773
11374 663.54553 574.2293
11390 663.54553 574.2293
11407 666.6409 575.198
11425 666.6409 575.198
11441 667.0333 575.114
11458 667.0333 575.114
11475 668.3788 579.81696
11492 668.3788 579.81696
11509 666.20264 583.0193
11527 665.2455 586.93835
11543 665.2455 586.93835
11560 665.2455 586.93835
11578 668.42914 589.1731
11594 668.42914 589.1731
11611 665.43567 591.0783
11628 665.43567 591.0783
11646 664.87964 587.60474
11662 664.87964 587.60474
11679 666.21906 588.8276
11696 666.21906 588.8276
11713 666.33075 589.1333
11731 662.79517 587.81195
11747 662.79517 587.81195
11764 658.4591 585.6746
11781 658.4591 585.6746
11798 660.83014 579.8858
11815 660.83014 579.8858
11832 660.83014 579.8858
11850 657.5307 576.12823
11866 657.5307 576.12823
11884 657.4954 575.87823
11900 657.4954 575.87823
11917 660.0298 576.62396
11934 659.96234 578.38367
11952 659.96234 578.38367
11968 659.6029 581.63025
11985 659.6029 581.63025
12002 659.2078 577.22766
12019 659.2078 577.22766
12037 655.28296 576.3782
12054 655.28296 576.3782
12070 655.28296 576.3782
12088 653.9964 575.37317
12104 653.9964 575.37317
12121 652.1506 574.924
12138 651.08044 573.66064
12156 651.08044 573.66064
12172 655.7955 572.2013
12189 655.7955 572.2013
12206 659.8199 573.1653
12224 659.8199 573.1653
12240 660.3077 575.52795
12258 660.3077 575.52795
12274 659.6395 570.61597
12292 659.6395 570.61597
12309 657.7997 573.1852
12325 657.7997 573.1852
12342 657.42114 575.4096
12359 657.42114 575.4096
12376 655.1295 577.28
12393 655.1295 577.28
12410 657.911 578.1854
12427 657.911 578.1854
12444 662.6477 576.3233
12461 662.6477 576.3233
12479 659.4071 575.7043
12495 659.4071 575.7043
12512 663.3407 573.88
12529 663.3407 573.88
12546 662.6509 575.4135
12563 662.6509 575.4135
12580 662.5741 575.4938
12597 662.5741 575.4938
12614 661.275 571.4792
12631 661.275 571.4792
12648 666.50116 572.8161
12665 666.50116 572.8161
12682 665.2286 569.18225
12699 664.59485 567.5118
12716 664.59485 567.5118
12733 666.3458 572.51
12750 666.3458 572.51
12768 670.21936 511.01025
12784 670.21936 511.01025
12801 668.4893 466.09534
12818 668.4893 466.09534
12835 668.4893 466.09534
12852 671.15607 428.45587
12869 671.15607 428.45587
12886 669.58954 401.50333
12903 669.0167 380.02597
12920 669.0167 380.02597
12937 671.8672 362.5993
12955 671.8672 362.5993
12971 670.7194 346.45312
12988 670.7194 346.45312
13005 668.9308 333.1729
13022 668.9308 333.1729
13039 672.073 327.12604
13056 672.073 327.12604
13074 668.5353 317.8911
13090 668.5353 317.8911
13107 669.06024 306.0743
13124 669.06024 306.0743
13141 674.03723 299.60858
13158 674.03723 299.60858
13175 672.2826 291.4223
13193 672.2826 291.4223
13209 673.3349 285.50854
13226 673.3349 285.50854
13243 673.5405 286.0373
13260 673.5405 286.0373
13277 674.0783 282.7244
13294 674.0783 282.7244
13311 669.46423 282.46344
13329 669.46423 282.46344
13345 671.25287 271.1994
13362 671.25287 271.1994
13379 666.0479 263.55185
13396 666.0479 263.55185
13413 666.31647 262.9891
13430 666.31647 262.9891
13447 669.7689 260.51865
13464 669.7689 260.51865
13481 671.41895 260.52875
13498 676.0652 261.55225
13516 676.0652 261.55225
13532 677.92773 258.28696
13549 677.92773 258.28696
13566 678.7776 257.37476
13583 678.7776 257.37476
13600 678.7776 257.37476
13617 684.43726 266.27582
13635 684.43726 266.27582
13651 682.8782 275.6498
13669 682.4331 273.945
13685 682.4331 273.945
13702 680.30145 268.55203
13719 680.30145 268.55203
13736 695.01587 284.1548
13754 695.01587 284.1548
13770 710.2969 310.35785
13787 710.2969 310.35785
13805 720.7509 340.39935
13821 720.7509 340.39935
13838 729.6557 367.63504
13855 729.6557 367.63504
13873 738.57306 384.90643
13889 738.57306 384.90643
13906 747.1691 391.2183
13923 747.1691 391.2183
13941 748.23737 405.98724
13957 748.23737 405.98724
13974 752.7583 428.25754
13992 752.7583 428.25754
14008 757.4425 438.6446
14025 757.4425 438.6446
14043 758.1821 445.35327
14059 763.60583 458.23157
14076 763.60583 458.23157
14093 763.60583 458.23157
14111 765.71497 465.3559
14127 765.71497 465.3559
14145 762.97424 475.10324
14161 762.97424 475.10324
14178 768.73926 488.56992
14195 768.73926 488.56992
14212 765.6665 496.18683
14230 768.9287 498.54477
14246 768.9287 498.54477
14264 770.12476 491.13586
14280 770.12476 491.13586
14298 767.3917 494.63342
14314 767.3917 494.63342
14332 764.03503 498.63516
14348 764.03503 498.63516
14365 764.03503 498.63516
14383 765.46796 499.14893
14400 765.46796 499.14893
14416 765.9317 492.80765
14434 768.5607 494.99686
14450 768.5607 494.99686
14467 770.18713 501.59274
14484 770.18713 501.59274
14501 773.7697 509.38785
14519 773.7697 509.38785
14535 773.67804 516.36896
14552 773.67804 516.36896
14569 777.2182 513.8995
14587 777.2182 513.8995
14604 777.2182 513.8995
14620 776.24915 518.5737
14637 777.40027 522.7389
14655 777.40027 522.7389
14671 776.5264 524.937
14689 776.5264 524.937
14705 773.2322 527.36945
14722 773.2322 527.36945
14739 774.0907 526.83484
14756 774.0907 526.83484
14774 773.08527 528.16364
14790 773.08527 528.16364
14807 776.26404 532.40845
14824 776.26404 532.40845
14842 777.618 527.21826
14858 777.618 527.21826
14875 780.22974 519.9852
14892 780.22974 519.9852
14909 783.49207 520.90173
14927 783.49207 520.90173
14943 783.5214 520.93866
14960 783.5214 520.93866
14977 784.7439 526.05817
14994 784.7439 526.05817
15012 783.4896 524.1685
15028 751.77856 524.4361
15045 751.77856 524.4361
15062 723.2081 530.4189
15079 723.2081 530.4189
15097 723.2081 530.4189
15114 706.9557 536.59424
15130 706.9557 536.59424
15147 692.3227 542.8399
15164 692.3227 542.8399
15182 680.6839 541.6937
15198 680.6839 541.6937
15215 666.20905 538.8503
15232 660.5552 542.61017
15249 660.5552 542.61017
15267 654.4338 538.0235
15283 654.4338 538.0235
15301 649.91077 534.3502
15317 649.91077 534.3502
15335 649.91077 534.3502
15351 643.20593 536.8789
15368 643.20593 536.8789
15385 642.15607 538.85443
15402 640.50494 545.0278
15420 640.50494 545.0278
15436 633.9046 545.95374
15453 633.9046 545.95374
15470 635.17975 542.0498
15488 635.17975 542.0498
15505 631.5998 539.39075
15521 631.5998 539.39075
15538 631.6635 541.61206
15556 631.6635 541.61206
15572 626.8138 544.9713
15590 627.8324 545.29724
15607 627.8324 545.29724
15623 627.8324 545.29724
15640 622.869 546.43353
15658 622.869 546.43353
15674 618.23596 548.2235
15691 618.23596 548.2235
15708 621.04175 549.0846
15725 621.04175 549.0846
15742 621.73834 552.3982
15760 621.73834 552.3982
15776 621.31006 549.74036
15793 616.0209 551.1343
15810 616.0209 551.1343
15828 614.5534 549.45374
15844 614.5534 549.45374
15861 614.5534 549.45374
15879 613.08105 542.7591
15895 613.08105 542.7591
15913 611.88403 544.2097
15929 611.88403 544.2097
15946 607.2427 547.5838
15963 607.2427 547.5838
15981 603.87683 554.1385
15997 603.9758 556.525
16014 603.9758 556.525
16031 604.9561 560.1854
16048 604.9561 560.1854
16066 607.4399 563.9811
16082 607.4399 563.9811
16099 607.99805 559.8529
16117 607.99805 559.8529
16134 607.99805 559.8529
16150 609.1697 558.80347
16167 609.1697 558.80347
16184 612.06335 556.83014
16201 609.84393 558.4628
16218 609.84393 558.4628
16236 612.3208 559.4918
16252 612.3208 559.4918
16269 614.06775 561.60986
16286 614.06775 561.60986
16303 611.34174 557.10645
16320 611.34174 557.10645
16338 617.5881 558.9446
16354 617.5881 558.9446
16372 617.06274 553.76245
16388 617.06274 553.76245
16405 612.61084 553.09937
16423 612.61084 553.09937
16439 613.16235 558.49744
16457 613.16235 558.49744
16473 612.035 560.0458
16491 612.035 560.0458
16507 609.84973 553.156
16524 609.84973 553.156
16542 609.7074 555.423
16558 610.12415 558.39874
16575 610.12415 558.39874
16592 612.742 559.6882
16610 612.742 559.6882
16626 612.742 559.6882
16643 608.1741 562.48773
16661 608.1741 562.48773
16677 604.1772 564.3349
16694 604.1772 564.3349
16712 602.6552 564.35736
16728 602.6552 564.35736
16746 603.1757 560.3601
16763 602.60956 558.84076
16779 602.60956 558.84076
16796 606.6796 559.2934
16813 606.6796 559.2934
16830 602.6658 563.21924
16847 602.6658 563.21924
16864 604.1246 565.5115
16882 604.1246 565.5115
16899 604.1246 565.5115
16915 606.3718 565.7262
16932 606.3718 565.7262
16949 605.50354 564.3105
16966 598.2743 561.1703
16984 598.2743 561.1703
17000 597.8754 559.5864
17017 597.8754 559.5864
17034 600.9477 559.2009
17052 600.9477 559.2009
17068 603.99835 562.9692
17085 603.99835 562.9692
17102 600.5848 563.53973
17120 600.5848 563.53973
17136 600.2956 567.8336
17153 600.2956 567.8336
17171 603.7507 567.5119
17187 603.7507 567.5119
17204 603.74255 563.0907
17222 603.74255 563.0907
17238 606.7632 567.14124
17256 606.7632 567.14124
17272 606.5059 563.69653
17289 606.5059 563.69653
17306 609.21063 562.4973
17324 607.8463 568.7615
17341 607.8463 568.7615
17357 607.017 565.2336
17374 607.017 565.2336
17391 607.017 565.2336
17409 608.7848 566.1925
17425 608.7848 566.1925
17442 608.0857 565.0205
17460 608.0857 565.0205
17476 607.1207 566.8209
17493 607.1207 566.8209
17511 608.0148 567.9201
17527 608.0148 567.9201
17544 610.6937 570.68866
17561 610.4932 567.6586
17578 610.4932 567.6586
17595 611.3697 567.41266
17612 611.3697 567.41266
17629 611.3697 567.41266
17646 615.30884 573.235
17663 615.30884 573.235
17680 611.6158 571.9077
17697 611.6158 571.9077
17714 613.6124 573.52386
17731 614.21 572.98395
17748 614.21 572.98395
17765 614.47473 576.34033
17782 614.47473 576.34033
17799 614.17004 571.8162
17816 614.17004 571.8162
17833 618.9818 574.80084
17850 618.9818 574.80084
17867 621.2484 570.5231
17885 621.2484 570.5231
17901 621.2484 570.5231
17918 617.86523 569.71564
17935 616.60645 567.0841
17952 616.60645 567.0841
17969 493.28516 453.6673
17986 493.28516 453.6673
18003 394.62814 362.93384
18020 394.62814 362.93384
18037 315.7025 290.34708
18054 315.7025 290.34708
18072 252.56201 232.27766
18088 252.56201 232.27766
18105 202.0496 185.82213
18123 161.6397 148.6577
18139 161.6397 148.6577
18156 161.6397 148.6577
18173 129.31175 118.92616
18190 129.31175 118.92616
18207 103.4494 95.14093
18224 103.4494 95.14093
18241 82.75952 76.11275
18259 82.75952 76.11275
18275 66.20762 60.890198
18292 66.20762 60.890198
18309 176.13586 200.77788
18326 176.13586 200.77788
18343 269.84308 310.148
18360 345.28906 400.4935
18377 345.28906 400.4935
18395 345.28906 400.4935
18411 406.3769 477.6372
18428 406.3769 477.6372
18445 458.5837 539.40686
18462 458.5837 539.40686
18479 501.53735 589.5672
18496 536.636 629.77905
18514 536.636 629.77905
18530 559.7492 664.22845
18548 559.7492 664.22845
18564 581.66223 689.18976
18582 581.66223 689.18976
18598 600.9146 708.28064
18615 600.9146 708.28064
18632 600.9146 708.28064
18649 613.1266 724.3317
18667 613.1266 724.3317
18683 622.334 739.82135
18700 630.0099 750.2294
18717 630.0099 750.2294
18735 635.3022 761.44165
18751 635.3022 761.44165
18768 643.06177 768.85516
18786 643.06177 768.85516
18802 645.6996 775.9852
18819 645.6996 775.9852
18836 647.12054 780.54846
18854 647.12054 780.54846
18870 651.1475 780.42706
18887 651.1475 780.42706
18904 659.4526 784.85236
18921 659.4526 784.85236
18938 665.60266 787.5455
18956 665.60266 787.5455
18972 663.7856 787.2725
18989 663.7856 787.2725
19006 663.5377 787.1858
19023 663.5377 787.1858
19040 663.20435 787.21533
19058 663.20435 787.21533
19074 662.3763 785.4215
19091 662.61365 785.14746
19108 662.61365 785.14746
19125 671.92773 786.1055
19143 671.92773 786.1055
19159 671.92773 786.1055
19176 636.9663 759.7554
19194 636.9663 759.7554
19210 614.0703 741.0521
19227 614.0703 741.0521
19244 596.39795 723.1942
19262 582.5337 710.6537
19278 582.5337 710.6537
19295 567.9505 695.548
19313 567.9505 695.548
19329 561.87756 686.0683
19346 561.87756 686.0683
19363 553.8577 678.7767
19380 553.8577 678.7767
19397 539.3504 671.96326
19415 539.3504 671.96326
19431 539.3504 671.96326
19448 534.3632 668.35736
19465 529.7122 663.99927
19483 529.7122 663.99927
19500 522.27185 657.7905
19516 522.27185 657.7905
19534 516.176 659.81976
19550 516.176 659.81976
19567 514.1211 657.33344
19584 514.1211 657.33344
19601 512.8069 654.84344
19619 512.8069 654.84344
19635 515.749 651.32556
19652 515.749 651.32556
19669 513.1544 649.3205
19686 513.1544 649.3205
19704 506.5223 645.4028
19720 506.5223 645.4028
19738 500.984 646.66833
19755 500.984 646.66833
19771 500.71695 644.47205
19789 500.71695 644.47205
19805 498.45502 638.955
19822 498.45502 638.955
19840 502.43646 639.66895
19856 500.8641 639.97156
19874 500.8641 639.97156
19890 500.8641 639.97156
19908 502.814 643.0556
19924 502.814 643.0556
19941 502.10742 639.26465
19958 502.10742 639.26465
19976 503.86035 640.4415
19992 503.86035 640.4415
20009 518.27954 611.9342
20026 518.27954 611.9342
20043 529.4883 602.938
20060 536.8884 583.2949
20077 536.8884 583.2949
20094 540.9581 578.41736
20111 540.9581 578.41736
20128 545.2134 564.2137
20145 545.2134 564.2137
20162 545.2134 564.2137
20179 549.6281 564.5907
20196 549.6281 564.5907
20213 554.4289 556.7232
20230 555.3127 552.164
20248 555.3127 552.164
20264 552.04517 545.1667
20281 552.04517 545.1667
20298 545.30414 536.8415
20315 545.30414 536.8415
20332 550.23846 538.8766
20349 550.23846 538.8766
20366 554.9706 539.91644
20384 554.9706 539.91644
20400 560.65826 537.61584
20417 560.65826 537.61584
20434 558.5047 541.4029
20452 558.5047 541.4029
20468 559.6789 538.7432
20485 559.6789 538.7432
20502 559.0947 536.01416
20519 559.0947 536.01416
20536 554.4325 538.38873
20553 554.4325 538.38873
20571 557.59906 537.2822
20587 557.59906 537.2822
20604 559.6082 535.0451
20621 554.26843 529.8591
20639 554.26843 529.8591
20655 554.26843 529.8591
20672 550.4027 526.07214
20689 550.4027 526.07214
20706 546.7997 524.12354
20723 546.7997 524.12354
20740 546.63116 528.9728
20757 546.63116 528.9728
20774 545.69434 530.3014
20792 545.69434 530.3014
20808 549.6076 535.76904
20826 547.0384 538.0616
20842 547.0384 538.0616
20859 546.85974 536.89844
20876 546.85974 536.89844
20894 548.3539 533.18835
20910 548.3539 533.18835
20927 548.3539 533.18835
20944 553.3094 532.15295
20961 553.3094 532.15295
20978 554.135 529.31726
20996 554.135 529.31726
21012 559.9338 530.55725
21030 556.791 527.3045
21046 556.791 527.3045
21063 552.8153 521.9159
21081 552.8153 521.9159
21097 553.1766 521.76306
21114 553.1766 521.76306
21131 558.43774 523.73535
21148 558.43774 523.73535
21166 556.83655 520.3032
21182 556.83655 520.3032
21200 555.4083 523.2543
21216 555.4083 523.2543
21234 554.41 519.554
21250 554.41 519.554
21267 555.4606 522.3898
21285 555.4606 522.3898
21301 558.87415 523.7823
21318 558.87415 523.7823
21336 556.91736 529.93225
21352 556.91736 529.93225
21369 553.36224 530.52655
21386 556.45593 529.9561
21403 556.45593 529.9561
21420 554.3351 526.2195
21438 554.3351 526.2195
21454 554.3351 526.2195
21471 554.3684 524.80145
21489 554.3684 524.80145
21505 555.832 522.61523
21522 555.832 522.61523
21540 555.0903 524.5968
21557 555.0903 524.5968
21573 556.03046 530.68365
21590 552.31647 528.1554
21607 552.31647 528.1554
21625 553.3669 529.1734
21641 553.3669 529.1734
21658 554.7795 530.4202
21675 554.7795 530.4202
21693 554.7795 530.4202
21709 550.73413 526.7966
21726 550.73413 526.7966
21743 549.7746 531.53937
21760 549.7746 531.53937
21777 552.19495 531.038
21795 552.9972 532.7058
21811 552.9972 532.7058
21828 551.2361 539.0368
21845 551.2361 539.0368
21862 553.7528 537.24194
21879 553.7528 537.24194
21897 554.677 536.2598
21913 554.677 536.2598
21930 564.258 532.89545
21948 564.258 532.89545
21964 564.258 532.89545
21982 606.4195 527.76465
21998 643.6293 520.2522
22015 643.6293 520.2522
22032 674.619 519.96564
22049 674.619 519.96564
22067 696.54626 523.4823
22083 696.54626 523.4823
22100 718.8051 525.816
22117 718.8051 525.816
22134 734.21063 525.8493
22151 734.21063 525.8493
22168 744.6799 521.7325
22185 744.6799 521.7325
22203 753.17236 521.89844
22219 753.17236 521.89844
22236 759.73303 518.532
22253 759.73303 518.532
22270 766.34393 513.099
22287 766.34393 513.099
22304 768.13226 511.43384
22321 768.13226 511.43384
22338 769.6884 517.1143
22355 771.283 519.24255
22372 771.283 519.24255
22390 773.21655 514.9257
22406 773.21655 514.9257
22423 775.78015 514.31726
22440 775.78015 514.31726
22457 775.78015 514.31726
22474 779.7957 509.95123
22491 779.7957 509.95123
22508 782.0753 513.429
22525 782.0753 513.429
22542 782.02966 506.24158
22559 782.3816 510.4297
22576 782.3816 510.4297
22593 782.8865 510.60684
22610 782.8865 510.60684
22627 786.2903 506.99036
22644 786.2903 506.99036
22661 786.2903 506.99036
22678 784.0788 505.14276
22695 784.0788 505.14276
22712 783.17267 506.8569
22729 783.17267 506.8569
22746 786.52496 505.99557
22763 788.6888 505.8124
22780 788.6888 505.8124
22797 788.8087 496.41727
22815 788.8087 496.41727
22831 787.36755 489.9458
22848 787.36755 489.9458
22865 783.2244 488.0637
22882 783.2244 488.0637
22899 782.0476 491.01685
22916 782.0476 491.01685
22933 781.995 490.49933
22950 781.995 490.49933
22967 784.5692 488.473
22985 784.5692 488.473
23001 786.3314 490.48285
23018 786.3314 490.48285
23035 790.60175 488.7854
23052 790.60175 488.7854
23069 783.142 470.46967
23086 783.142 470.46967
23103 765.36926 432.14642
23120 765.36926 432.14642
23137 747.8375 403.7296
23154 734.8539 377.57123
23171 734.8539 377.57123
23188 734.8539 377.57123
23205 724.5764 369.3686
23222 724.5764 369.3686
23239 715.4261 356.55634
23256 715.4261 356.55634
23273 707.5672 344.35205
23290 707.5672 344.35205
23307 703.42126 338.20926
23325 698.3597 330.7489
23341 698.3597 330.7489
23358 697.01855 324.52127
23375 697.01855 324.52127
23392 694.8675 307.66638
23409 694.8675 307.66638
23426 692.5393 299.0575
23443 692.5393 299.0575
23460 692.5393 299.0575
23477 688.41565 286.67538
23494 688.41565 286.67538
23511 689.21454 288.44733
23529 684.80316 276.2086
23545 684.80316 276.2086
23562 682.50574 274.80606
23579 682.50574 274.80606
23597 680.34045 274.10446
23613 680.34045 274.10446
23630 676.338 267.69785
23647 676.338 267.69785
23665 675.7922 260.6649
23681 675.7922 260.6649
23698 676.5294 261.83093
23716 676.5294 261.83093
23732 674.6422 264.73276
23750 674.6422 264.73276
23766 674.9227 267.87665
23783 674.9227 267.87665
23801 675.0892 272.01645
23817 675.0892 272.01645
23834 675.2263 268.5222
23852 675.2263 268.5222
23868 673.49805 272.7343
23885 673.49805 272.7343
23903 674.60596 269.95276
23919 675.482 275.1964
23937 675.482 275.1964
23954 675.90656 265.0083
23970 675.90656 265.0083
23987 675.90656 265.0083
24004 676.7972 273.08926
24021 676.7972 273.08926
24038 671.9194 272.2545
24056 671.9194 272.2545
24072 674.8328 272.30386
24089 674.8328 272.30386
24106 675.6407 276.17252
24123 673.58276 275.17938
24141 673.58276 275.17938
24158 670.132 279.41803
24174 670.132 279.41803
24191 674.3359 283.34607
24208 674.3359 283.34607
24225 674.3359 283.34607
24243 674.59033 279.20465
24259 674.59033 279.20465
24276 671.4434 276.41098
24293 673.29944 270.67624
24310 673.29944 270.67624
24328 673.0483 271.23825
24344 673.0483 271.23825
24361 674.33386 272.26843
24378 674.33386 272.26843
24395 678.3317 271.75235
24413 678.3317 271.75235
24429 677.9446 270.91934
24446 677.9446 270.91934
24463 681.4801 270.03802
24480 681.4801 270.03802
24497 681.3896 269.85995
24515 681.3896 269.85995
24531 682.6972 269.8464
24548 682.6972 269.8464
24565 681.6505 271.68628
24583 681.6505 271.68628
24599 683.5148 275.61414
24617 683.5148 275.61414
24634 684.2942 277.95035
24650 684.2942 277.95035
24667 682.48676 275.77405
24684 682.48676 275.77405
24702 683.3466 283.24207
24718 687.4239 285.6417
24735 687.4239 285.6417
24753 687.4239 285.6417
24769 686.04126 289.06516
24786 686.04126 289.06516
24803 698.8679 337.5896
24821 698.8679 337.5896
24837 704.9018 380.91812
24855 704.9018 380.91812
24871 713.8579 417.13556
24889 716.83765 445.35196
24905 716.83765 445.35196
24923 717.4851 465.14594
24939 717.4851 465.14594
24956 720.0167 485.11346
24974 720.0167 485.11346
24990 720.0167 485.11346
25007 718.5085 502.27463
25024 718.5085 502.27463
25041 722.2994 513.83093
25059 722.9185 520.1032
25075 722.9185 520.1032
25092 730.00287 506.40732
25109 730.00287 506.40732
25126 733.9939 492.03412
25144 733.9939 492.03412
25161 740.4042 481.3398
25177 740.4042 481.3398
25194 747.34424 470.14587
25211 747.34424 470.14587
25228 747.34424 470.14587
25246 749.16754 461.95398
25262 745.7158 464.92435
25280 745.7158 464.92435
25296 748.68274 462.93597
25313 748.68274 462.93597
25330 751.53436 468.21713
25347 751.53436 468.21713
25365 755.5798 467.2611
25381 755.5798 467.2611
25398 752.58813 471.96567
25415 752.58813 471.96567
25432 754.4418 468.67065
25450 754.7633 465.86603
25466 754.7633 465.86603
25483 754.7633 465.86603
25500 758.52985 462.43268
25518 758.52985 462.43268
25534 728.2822 471.3973
25551 728.2822 471.3973
25568 706.8778 485.34012
25586 706.8778 485.34012
25602 692.41846 496.97546
25620 692.41846 496.97546
25636 677.68243 503.23715
25653 671.36414 515.191
25670 671.36414 515.191
25687 537.0913 412.1528
25704 537.0913 412.1528
25721 429.67307 329.72226
25738 429.67307 329.72226
25755 429.67307 329.72226
25773 343.73846 263.7778
25789 343.73846 263.7778
25807 274.99078 211.02225
25823 274.99078 211.02225
25840 219.99263 168.8178
25857 175.99411 135.05424
25874 175.99411 135.05424
25892 140.79529 108.043396
25908 140.79529 108.043396
25925 112.63623 86.434715
25943 112.63623 86.434715
25959 112.63623 86.434715
25977 223.4154 188.64238
25993 223.4154 188.64238
26010 309.35986 262.2508
26027 380.80194 318.57275
26045 380.80194 318.57275
26062 431.21805 372.5233
26078 431.21805 372.5233
26096 470.91595 408.4766
26112 470.91595 408.4766
26129 511.77307 445.3223
26146 511.77307 445.3223
26164 539.5178 474.1532
26180 539.5178 474.1532
26197 558.56177 498.0546
26214 558.56177 498.0546
26232 571.34875 517.95056
26248 571.34875 517.95056
26265 592.38196 533.9698
26283 592.38196 533.9698
26299 604.2866 543.8734
26316 604.2866 543.8734
26334 614.5491 549.5599
26350 614.5491 549.5599
26367 618.0575 563.17474
26384 618.0575 563.17474
26401 620.9703 566.2696
26418 626.4176 573.25995
26436 626.4176 573.25995
26452 625.3837 571.7657
26469 625.3837 571.7657
26486 625.3837 571.7657
26503 636.57947 612.55853
26521 636.57947 612.55853
26537 641.17017 640.61566
26554 641.17017 640.61566
26572 645.26074 661.5849
26588 645.26074 661.5849
26605 646.4751 678.54456
26622 645.3356 693.90216
26640 645.3356 693.90216
26656 646.7571 705.28394
26673 646.7571 705.28394
26690 646.7571 705.28394
26707 648.7062 713.7859
26725 653.061 721.8055
26741 653.061 721.8055
26758 653.061 721.8055
26775 653.057 730.54346
26793 653.8356 732.9695
26810 653.8356 732.9695
26826 656.48303 736.7305
26843 656.48303 736.7305
26860 657.3024 742.73303
26877 657.3024 742.73303
26894 659.8138 743.3602
26911 659.8138 743.3602
26928 659.22296 748.29456
26946 659.22296 748.29456
26962 658.4597 749.8357
26979 658.4597 749.8357
26996 657.07983 746.8596
27014 657.07983 746.8596
27030 660.2526 746.26685
27047 660.2526 746.26685
27065 665.24475 747.5855
27081 665.24475 747.5855
27098 666.2991 749.60657
27115 666.2991 749.60657
27132 665.71875 749.421
27149 665.71875 749.421
27167 667.1951 750.10986
27183 667.1951 750.10986
27201 668.26544 751.7625
27217 661.38556 747.6108
27234 661.38556 747.6108
27251 661.38556 747.6108
27268 662.4365 747.67737
27286 662.4365 747.67737
27302 661.66516 750.06433
27319 661.66516 750.06433
27336 660.05176 748.7417
27353 660.05176 748.7417
27370 664.82416 749.2283
27388 665.5126 748.52435
27404 665.5126 748.52435
27421 662.9032 748.12946
27438 662.9032 748.12946
27456 661.5182 745.26764
27472 661.5182 745.26764
27489 659.4336 747.9218
27506 659.4336 747.9218
27523 659.4336 747.9218
27540 655.8548 752.0087
27557 655.8548 752.0087
27574 657.6407 752.7393
27591 655.5827 749.8809
27609 655.5827 749.8809
27625 658.8134 749.2811
27642 658.8134 749.2811
27659 656.71106 748.74084
27676 656.71106 748.74084
27693 655.7374 748.8143
27710 655.7374 748.8143
27727 652.0908 746.7823
27744 652.0908 746.7823
27761 652.82794 748.44214
27778 652.82794 748.44214
27796 655.2048 746.5938
27812 655.2048 746.5938
27829 656.11865 749.95996
27846 656.11865 749.95996
27863 658.7733 749.9916
27880 658.7733 749.9916
27897 653.59656 722.1982
27914 653.59656 722.1982
27932 646.9161 704.41534
27948 646.9161 704.41534
27965 644.3489 692.04565
27982 638.41644 681.2398
27999 638.41644 681.2398
28016 638.41644 681.2398
28033 635.8526 672.1161
28050 635.8526 672.1161
28067 633.0875 665.8926
28084 633.0875 665.8926
28101 632.975 654.7563
28118 632.975 654.7563
28135 634.73315 649.5553
28152 637.7469 650.01764
28170 637.7469 650.01764
28186 635.5831 649.32056
28203 635.5831 649.32056
28220 632.9484 643.69196
28237 632.9484 643.69196
28254 632.9484 643.69196
28271 632.1957 641.7998
28288 632.1957 641.7998
28305 630.9799 642.0823
28322 630.9799 642.0823
28339 637.1322 638.77997
28357 640.62067 641.79553
28373 640.62067 641.79553
28390 641.3949 643.04456
28407 641.3949 643.04456
28424 637.56793 639.0087
28441 637.56793 639.0087
28458 638.9077 635.9787
28475 638.9077 635.9787
28492 635.5001 637.8323
28509 635.5001 637.8323
28526 635.5001 637.8323
28543 631.1553 633.9087
28560 633.7889 635.2705
28578 633.7889 635.2705
28594 633.9168 636.50024
28611 633.9168 636.50024
28629 636.26154 636.8469
28645 636.26154 636.8469
28662 639.7514 636.2638
28679 639.7514 636.2638
28697 636.9772 637.2604
28713 636.9772 637.2604
28730 631.4707 636.49225
28747 633.5731 635.43115
28765 633.5731 635.43115
28781 633.5731 635.43115
28798 630.37866 635.671
28815 630.37866 635.671
28833 630.82043 632.8849
28849 630.82043 632.8849
28866 632.4297 634.53906
28884 632.4297 634.53906
28900 632.53265 633.9015
28917 632.53265 633.9015
28934 627.814 635.6524
28951 630.8177 638.5765
28968 630.8177 638.5765
28986 633.99866 636.0725
29003 633.99866 636.0725
29019 633.35297 638.3348
29036 633.35297 638.3348
29053 633.35297 638.3348
29070 635.1046 640.1415
29087 635.1046 640.1415
29105 637.2782 641.23944
29121 634.23 641.44135
29138 634.23 641.44135
29155 634.2433 636.7684
29173 634.2433 636.7684
29189 634.2965 638.915
29206 634.2965 638.915
29224 638.1508 639.56506
29240 638.1508 639.56506
29258 638.1508 639.56506
29274 639.62744 640.5344
29292 639.62744 640.5344
29308 642.1555 639.0682
29326 639.7912 638.6916
29342 639.7912 638.6916
29359 639.99133 640.979
29376 639.99133 640.979
29393 637.6839 636.42474
29411 637.6839 636.42474
29427 639.1824 638.0733
29444 639.1824 638.0733
29461 640.3461 639.5054
29479 640.3461 639.5054
29496 644.7107 636.1777
29512 650.9622 637.849
29529 650.9622 637.849
29546 650.9622 637.849
29564 651.7262 633.4492
29580 651.7262 633.4492
29597 650.34894 631.01843
29615 650.34894 631.01843
29631 651.36035 632.38904
29648 651.36035 632.38904
29666 655.4565 630.21765
29682 655.4565 630.21765
29699 649.03796 627.2107
29717 653.4113 626.25903
29733 653.4113 626.25903
29750 657.9235 629.44727
29768 657.9235 629.44727
29784 657.9235 629.44727
29802 659.3126 629.5569
29818 659.3126 629.5569
29835 655.10364 627.98175
29852 655.10364 627.98175
29869 658.9948 627.349
29886 659.55615 628.04346
29903 659.55615 628.04346
29921 657.92676 635.20233
29937 657.92676 635.20233
29954 658.3193 636.9201
29971 658.3193 636.9201
29988 657.41785 638.3273
30006 657.41785 638.3273
