1 621.9858 174.19199 297.62542067616835 468.37542067616835 335.4976002348308 431.4976002348308
17 637.6543 193.48102 297.7465672298508 468.4965672298508 327.460353677165 423.460353677165
34 637.6543 193.48102 298.1111703954607 468.8611703954607 318.92762829531256 414.92762829531256
51 654.6775 207.2113 298.7185140048509 469.4685140048509 310.4087391863609 406.4087391863609
68 654.6775 207.2113 299.56810583748677 470.31810583748677 301.91059046864586 397.91059046864586
85 659.75134 221.82742 300.6592573431978 471.4092573431978 293.44006945149073 389.44006945149073
102 668.8273 234.98602 301.9910842002114 472.7410842002114 285.00404105339845 381.00404105339845
119 668.8273 234.98602 303.56250703184975 474.31250703184975 276.6093422383909 372.6093422383909
136 669.06244 250.22858 305.37225228130916 476.12225228130916 268.2627764750041 364.2627764750041
153 669.06244 250.22858 307.4188532438116 478.1688532438116 259.9711082224287 355.9711082224287
170 672.51135 266.55988 309.7006512552929 480.4506512552929 251.74105744826687 347.7410574482669
187 672.51135 266.55988 312.21579703666407 482.96579703666407 243.57929418234613 339.57929418234613
204 674.4017 272.42654 314.9622521925565 485.7122521925565 235.4924331110061 331.4924331110061
221 674.4017 272.42654 317.93779086333535 488.68779086333535 227.48702821623766 323.48702821623766
238 674.4017 272.42654 321.14000152904384 491.89000152904384 219.5695674640201 315.5695674640201
256 670.2302 270.2834 324.77475501321027 495.52475501321027 211.2893596734873 307.2893596734873
272 670.2302 270.2834 328.2138763391684 498.9638763391684 204.0240686798987 300.02406867989873
289 676.5463 283.08725 332.0798074744846 502.8298074744846 196.40862946948707 292.4086294694871
306 679.5269 297.4497 336.16094923283765 506.91094923283765 188.90632183391858 284.9063218339186
323 679.5269 297.4497 340.4539940602396 511.2039940602396 181.52322600490484 277.5232260049048
340 684.323 310.01212 344.9554626662418 515.7054626662418 174.26532559916362 270.2653255991636
357 684.323 310.01212 349.6617068437197 520.4117068437197 167.13850276900726 263.13850276900723
374 687.159 317.4705 354.5689124255555 525.3189124255555 160.14853343516307 256.1485334351631
391 687.159 317.4705 359.6731023758233 530.4231023758233 153.30108260568883 249.30108260568883
408 688.06274 333.63275 364.97014001297055 535.7201400129705 146.601699784777 242.601699784777
425 688.06274 333.63275 370.45573236238414 541.2057323623842 140.05581447516937 236.05581447516937
442 689.19653 343.5968 376.12543363562395 546.875433635624 133.66873177782583 229.66873177782583
459 689.19653 343.5968 381.9746488335043 552.7246488335043 127.44562809241546 223.44562809241546
476 689.19653 343.5968 387.9986374701024 558.7486374701024 121.39154692211227 217.39154692211227
493 687.8817 358.7269 394.1925174146769 564.9425174146769 115.51139478609738 211.51139478609738
510 689.19855 374.02753 400.5512688483818 571.3012688483818 109.8099372430793 205.8099372430793
527 689.19855 374.02753 407.06973833256984 577.8197383325698 104.29179502905546 200.29179502905546
544 683.39636 385.4229 413.7426429853873 584.4926429853873 98.96144031244515 194.96144031244515
561 683.39636 385.4229 420.564574763276 591.314574763276 93.82319306962836 189.82319306962836
578 679.2307 380.70538 427.53000484391305 598.280004843913 88.88121758382923 184.88121758382923
595 679.2307 380.70538 434.6332881070341 605.3832881070341 84.13951907017963 180.13951907017963
612 673.3872 372.8032 441.86866770951156 612.6186677095116 79.60194042970028 175.60194042970028
630 673.3872 372.8032 449.6671198581312 620.4171198581312 75.02401316610684 171.02401316610684
646 671.92847 383.927 456.71215802621145 627.4621580262115 71.15368424901567 167.15368424901567
663 671.92847 383.927 464.3082388604396 635.0582388604396 67.24985358281685 163.24985358281685
680 668.46014 386.05585 472.0123660236304 642.7623660236304 63.563830988764266 159.56383098876427
697 668.46014 386.05585 479.81829571979983 650.5682957197998 60.09860379723074 156.09860379723074
714 667.78864 381.62903 487.71970164728384 658.4697016472838 56.85698039535282 152.85698039535282
731 667.78864 381.62903 495.7101801258791 666.4601801258791 53.84158795097835 149.84158795097835
748 668.416 372.8255 503.783255286693 674.533255286693 51.0548702834833 147.0548702834833
765 668.416 372.8255 511.93238432050157 682.6823843205016 48.49908588318232 144.49908588318232
782 664.4265 363.95483 520.1509627803556 690.9009627803556 46.176306080939696 142.1763060809397
799 664.4265 363.95483 528.4323299341439 699.1823299341439 44.08841336946284 140.08841336946284
816 660.7683 364.37616 536.7697741627716 707.5197741627716 42.23709987763954 138.23709987763954
833 660.7683 364.37616 545.156538399579 715.906538399579 40.62386599915499 136.623865999155
850 657.98206 355.70435 553.585825606595 724.335825606595 39.25001917650059 135.2500191765006
867 653.7916 357.59058 562.0508042831839 732.8008042831839 38.116672841359446 134.11667284135945
884 653.7916 357.59058 570.5446140026227 741.2946140026227 37.2247455122278 133.2247455122278
901 656.4633 360.49545 579.0603709721212 749.8103709721212 36.574960050003085 132.57496005000309
918 656.4633 360.49545 587.5911736117806 758.3411736117806 36.167843072143 132.167843072143
935 656.43524 364.48965 596.1301081479654 766.8801081479654 36.00372452586896 132.00372452586896
952 656.43524 364.48965 604.6702542165596 775.4202542165596 36.08273742076125 132.08273742076125
969 656.43524 364.48965 613.2046904715623 783.9546904715623 36.40481772096149 132.4048177209615
986 663.4206 365.14273 621.7265001944813 792.4765001944813 36.96970439707047 132.96970439707047
1004 663.4206 365.14273 630.7281551661815 801.4781551661815 37.831958255007294 133.8319582550073
1020 662.8397 369.3435 638.7046299331981 809.4546299331981 38.82586922049978 134.82586922049978
1037 662.8397 369.3435 647.1471900543268 817.8971900543268 40.115643042381976 136.11564304238198
1054 664.7313 364.72223 655.5496150057149 826.2996150057149 41.645215808474234 137.64521580847423
1071 660.8058 366.14822 663.9050950571935 834.6550950571935 43.41334787928315 139.41334787928315
1088 660.8058 366.14822 672.2068585250034 842.9568585250034 45.41860627535635 141.41860627535635
1105 660.2348 365.9164 680.4481772598931 851.1981772598931 47.65936583863811 143.6593658386381
1122 660.2348 365.9164 688.6223720999366 859.3723720999366 50.133810549576026 146.13381054957603
1139 659.84546 366.4396 696.7228182836474 867.4728182836474 52.839934998910564 148.83993499891056
1156 659.84546 366.4396 704.742950819005 875.492950819005 55.77554601295549 151.7755460129555
1173 656.09125 373.66843 712.6762698040402 883.4262698040402 58.93826443105149 154.9382644310515
1190 656.09125 373.66843 720.5163456946693 891.2663456946693 62.32552703375262 158.32552703375262
1207 653.1687 386.44733 728.2568245155068 899.0068245155068 65.93458862018292 161.93458862018292
1224 653.1687 386.44733 735.8914330094331 906.6414330094331 69.76252423287974 165.76252423287974
1241 648.9916 375.15338 743.413983721744 914.163983721744 73.80623152831976 169.80623152831976
1258 648.9916 375.15338 750.8183800147626 921.5683800147626 78.06243329120804 174.06243329120804
1275 644.31934 384.3961 758.0986210088488 928.8486210088488 82.52768009049117 178.52768009049117
1292 644.31934 384.3961 765.2488064458005 935.9988064458005 87.19835307494287 183.19835307494287
1309 640.9239 383.5396 772.263141470708 943.013141470708 92.0706669060545 188.0706669060545
1326 640.9239 383.5396 779.1359413283826 949.8859413283826 97.14067282585665 193.14067282585665
1344 648.70374 376.5061 786.2525668282935 957.0025668282935 102.71982289007568 198.71982289007568
1360 648.70374 376.5061 792.434774570124 963.184774570124 107.85716813378187 203.85716813378187
1378 651.6263 379.58865 799.2223693489477 969.9723693489477 113.83226905874935 209.83226905874935
1394 651.6263 379.58865 805.1022028442499 975.8522028442499 119.31310538030687 215.31310538030687
1411 654.59216 381.87537 811.1862262243785 981.9362262243785 125.30685190652298 221.30685190652298
1428 654.59216 381.87537 817.0971692933363 987.8471692933363 131.47135431515434 227.47135431515434
1445 661.5036 376.54248 822.8302415379586 993.5802415379586 137.80161659632608 233.80161659632608
1462 663.3114 378.9742 828.3807966001699 999.1307966001699 144.29250840037312 240.29250840037312
1479 663.3114 378.9742 833.7443360426164 1004.4943360426164 150.93876919572267 246.93876919572267
1496 663.3114 378.9742 838.9165129944168 1009.6665129944168 157.73501253228335 253.73501253228335
1513 666.0223 386.11118 843.8931356740757 1014.6431356740757 164.675730406883 260.67573040688296
1530 666.0223 386.11118 848.6701707867052 1019.4201707867052 171.7552977272204 267.7552977272204
1547 665.1726 389.52792 853.2437467928016 1023.9937467928016 178.96797687071094 274.9679768707109
1564 665.1726 389.52792 857.6101570459276 1028.3601570459277 186.30792233453255 282.3079223345326
1581 660.8263 397.67725 861.7658627967578 1032.5158627967578 193.76918547310373 289.76918547310373
1598 660.8263 397.67725 865.7074960610505 1036.4574960610505 201.34571931915121 297.3457193191512
1615 660.3173 400.96036 869.4318623492258 1040.1818623492259 209.03138348446487 305.03138348446487
1632 661.1791 403.6563 872.9359432553329 1043.6859432553329 216.8199491363638 312.8199491363638
1649 661.1791 403.6563 876.2168989033121 1046.966898903312 224.7051040458423 320.7051040458423
1666 655.7495 411.8964 879.2720702485676 1050.0220702485676 232.6804577033056 328.6804577033056
1683 655.7495 411.8964 882.0989812329851 1052.8489812329851 240.73954649774532 336.7395464977453
1700 654.64044 411.3753 884.6953407916484 1055.4453407916485 248.87583895516212 344.8758389551621
1717 654.64044 411.3753 887.0590447096293 1057.8090447096292 257.08274103198784 353.08274103198784
1734 659.1239 407.08252 889.1881773273444 1059.9381773273444 265.35360145921436 361.35360145921436
1752 659.1239 407.08252 891.1849638955216 1061.9349638955216 274.17324529251096 370.17324529251096
1768 659.1239 407.08252 892.7360179615537 1063.4860179615537 282.0603385467098 378.0603385467098
1785 655.4243 407.2567 894.1518506369953 1064.9018506369953 290.4826752619944 386.4826752619944
1802 655.4243 407.2567 895.3273636603816 1066.0773636603817 298.94190141113677 394.94190141113677
1819 654.483 415.711 896.2616043392997 1067.0116043392995 307.4311612295389 403.4311612295389
1836 647.0829 424.8783 896.9538155200738 1067.703815520074 315.9435746118702 411.9435746118702
1853 647.0829 424.8783 897.4034362013994 1068.1534362013995 324.4722426880359 420.4722426880359
1870 644.84186 429.53174 897.6101019890048 1068.3601019890048 333.01025341435343 429.01025341435343
1887 644.84186 429.53174 897.5736453909749 1068.323645390975 341.5506871754069 437.5506871754069
1904 643.58624 430.57083 897.2940959534936 1068.0440959534935 350.08662239203596 446.08662239203596
1921 643.58624 430.57083 896.7716802368993 1067.5216802368993 358.6111411309172 454.6111411309172
1938 641.6467 423.67517 896.0068216320687 1066.7568216320687 367.1173347111916 463.1173347111916
1955 641.6467 423.67517 895.0001400172805 1065.7501400172805 375.5983093035911 471.5983093035911
1972 646.04095 432.16412 893.7524512558361 1064.5024512558361 384.04719151753216 480.04719151753216
1989 646.04095 432.16412 892.2647665348454 1063.0147665348454 392.4571339716405 488.4571339716405
2006 641.7194 440.14682 890.5382915457113 1061.2882915457112 400.8213208432003 496.8213208432003
2023 641.7194 440.14682 888.5744255069792 1059.3244255069792 409.13297339202586 505.13297339202586
2040 637.6838 434.1371 886.3747600303433 1057.1247600303432 417.385355454278 513.3853554542779
2057 637.6838 434.1371 883.9410778307275 1054.6910778307274 425.5717789017766 521.5717789017766
2074 639.2446 432.79858 881.2753512814876 1052.0253512814875 433.68560906238275 529.6856090623828
2091 639.2446 432.79858 878.3797408159044 1049.1297408159044 441.7202700970553 537.7202700970553
2108 643.7433 425.2729 875.2565931762647 1046.0065931762647 449.6692503292295 545.6692503292295
2126 643.7433 425.2729 871.7045392706568 1042.4545392706568 457.98527023040305 553.9852702304031
2142 651.9269 422.1335 868.3379933280626 1039.0879933280626 465.2844741001809 561.2844741001809
2159 651.9269 422.1335 864.5481482862865 1035.2981482862865 472.9380623089762 568.9380623089762
2176 655.8738 414.1868 860.5419758597092 1031.291975859709 480.4806693117979 576.4806693117979
2193 655.8738 414.1868 856.3227228435584 1027.0727228435585 487.90618221638465 583.9061822163847
2210 656.05426 409.0581 851.8938087238421 1022.6438087238421 495.20858302917645 591.2085830291765
2227 656.05426 409.0581 847.2588229060326 1018.0088229060326 502.38195353258584 598.3819535325858
2244 657.4976 400.76035 842.4215218060378 1013.1715218060378 509.42048008140796 605.420480081408
2261 657.4976 400.76035 837.3858258058228 1008.1358258058228 516.3184583144773 612.3184583144773
2278 658.80005 399.67203 832.1558160761413 1002.9058160761413 523.0702977777584 619.0702977777584
2295 658.80005 399.67203 826.7357312689596 997.4857312689596 529.6705264551181 625.6705264551181
2312 657.34845 402.42395 821.1299640822481 991.8799640822481 536.1137952031119 632.1137952031119
2329 657.34845 402.42395 815.3430576999276 986.0930576999276 542.394882086187 638.394882086187
2346 659.0075 406.0246 809.379702109853 980.129702109853 548.5086966087915 644.5086966087915
2363 659.0075 406.0246 803.2447303028227 973.9947303028227 554.4502838409564 650.4502838409564
2380 656.7204 403.14417 796.9431143556885 967.6931143556885 560.2148284340103 656.2148284340103
2397 656.7204 403.14417 790.4799614017456 961.2299614017456 565.7976585231695 661.7976585231695
2414 654.9464 405.37686 783.8605094916655 954.6105094916655 571.1942495138428 667.1942495138428
2431 650.1866 410.61658 777.0901233483269 947.8401233483269 576.4002277485814 672.4002277485814
2448 650.1866 410.61658 770.1742900189863 940.9242900189863 581.4113740517007 677.4113740517007
2465 652.3166 411.99664 763.1186144283101 933.8686144283101 586.2236271487043 682.2236271487043
2482 652.3166 411.99664 755.9288148358737 926.6788148358737 590.8330869577367 686.8330869577367
2499 653.666 412.0013 748.6107182018081 919.3607182018081 595.2360177503971 691.2360177503971
2517 653.666 412.0013 740.7288988675523 911.4788988675523 599.6688721273433 695.6688721273433
2533 653.666 412.0013 733.6134567331254 904.3634567331254 603.4081891703074 699.4081891703074
2550 653.18726 407.6676 725.9464464020558 896.6964464020558 607.1708066759479 703.1708066759479
2567 653.18726 407.6676 718.1754381858558 888.9254381858558 610.7136542896951 706.7136542896951
2584 649.0419 416.6521 710.3067300841386 881.0567300841386 614.0338607170812 710.0338607170812
2601 649.0419 416.6521 702.346699277214 873.096699277214 617.1287351027865 713.1287351027865
2618 650.60626 406.68448 694.3017969577133 865.0517969577133 619.9957692114392 715.9957692114392
2635 649.7625 401.05658 686.178543102233 856.928543102233 622.6326394604092 718.6326394604092
2652 649.7625 401.05658 677.9835211872297 848.7335211872297 625.0372088029525 721.0372088029525
2669 656.6266 393.84308 669.7233728534557 840.4733728534557 627.2075284601758 723.2075284601758
2686 656.6266 393.84308 661.4047925232513 832.1547925232513 629.1418395004217 725.1418395004217
2703 654.89923 388.65533 653.0345219750633 823.7845219750633 630.8385742647915 726.8385742647915
2720 654.89923 388.65533 644.6193448795832 815.3693448795832 632.296357637651 728.296357637651
2737 654.28046 390.16333 636.1660813019316 806.9160813019316 633.5140081610913 729.5140081610913
2754 654.28046 390.16333 627.6815821743512 798.4315821743512 634.4905389924386 730.4905389924386
2771 654.28046 390.16333 619.1727237438794 789.9227237438794 635.2251587040392 731.2251587040392
2788 658.2577 387.05002 610.6464019995067 781.3964019995067 635.7172719246712 731.7172719246712
2805 658.68713 387.28345 602.1095270833351 772.8595270833351 635.9664798220608 731.9664798220608
2822 658.68713 387.28345 593.5690176902656 764.3190176902656 635.9725804261168 731.9725804261168
2839 657.8421 388.83185 585.0317954607539 755.7817954607539 635.7355687926154 731.7355687926154
2856 657.8421 388.83185 576.5047793711809 747.2547793711809 635.2556370072082 731.2556370072082
2874 655.2141 395.07605 567.4949783535706 738.2449783535706 634.4831348595524 730.4831348595524
2890 655.2141 395.07605 559.5089945588649 730.2589945588649 633.5687653790487 729.5687653790487
2907 650.4166 403.55728 551.0540000393138 721.8040000393138 632.3631926583694 728.3631926583694
2924 650.4166 403.55728 542.6367489028069 713.3867489028069 630.9174329219486 726.9174329219486
2941 650.2394 400.70926 534.2640628953682 705.0140628953682 629.232657883161 725.232657883161
2958 650.2394 400.70926 525.9427276452934 696.6927276452934 627.3102329649023 723.3102329649023
2975 654.10126 391.37723 517.6794871637487 688.4294871637487 625.1517161929854 721.1517161929854
2992 654.10126 391.37723 509.48103837910116 680.2310383791012 622.7588569334407 718.7588569334407
3009 652.09454 384.32825 501.3540257094023 672.1040257094023 620.1335944747455 716.1335944747455
3026 651.2941 380.6625 493.3050356774336 664.0550356774336 617.278056456131 713.278056456131
3043 651.2941 380.6625 485.3405915726703 656.0905915726703 614.1945571432422 710.1945571432422
3060 651.2941 380.6625 477.46714816449344 648.2171481644934 610.8855955525434 706.8855955525434
3077 646.06775 390.80093 469.691086470933 640.441086470933 607.3538534259965 703.3538534259965
3094 646.06775 390.80093 462.0187085871838 632.7687085871838 603.6021930576474 699.6021930576474
3111 645.5337 391.0845 454.4562325780845 625.2062325780845 599.6336549738851 695.6336549738851
3128 645.5337 391.0845 447.00978743869564 617.7597874386956 595.4514554692516 691.4514554692516
3145 643.5166 386.9673 439.68540812706976 610.4354081270698 591.058983999804 687.058983999804
3162 643.5166 386.9673 432.4890306732291 603.2390306732291 586.4598004361334 682.4598004361334
3179 642.5432 397.8346 425.4264873683203 596.1764873683203 581.6576321782761 677.6576321782761
3196 644.8838 392.7605 418.50350203784535 589.2535020378454 576.6563711348483 672.6563711348483
3213 644.8838 392.7605 411.72568540279684 582.4756854027969 571.4600705688548 667.4600705688548
3230 649.5918 382.5982 405.09853053246013 575.8485305324601 566.0729418127313 662.0729418127313
3247 649.5918 382.5982 398.6274083925641 569.3774083925641 560.4993508552757 656.4993508552757
3265 650.18445 387.59143 391.9515285815807 562.7015285815808 554.3996867092457 650.3996867092457
3281 650.18445 387.59143 386.17410963438175 556.9241096343817 548.8109982204569 644.8109982204569
3298 650.18445 387.59143 380.2020257696452 550.9520257696452 542.7057093474355 638.7057093474355
3315 648.8208 389.57925 374.4061519627961 545.1561519627961 536.4328962045494 632.4328962045494
3332 648.8208 389.57925 368.7911854693228 539.5411854693227 529.9976425819129 625.9976425819129
3349 648.08936 387.27036 363.3616769287074 534.1116769287074 523.4051639192346 619.4051639192346
3366 648.08936 387.27036 358.12202667636814 528.8720266763681 516.6608030789737 612.6608030789737
3383 657.0311 391.38336 353.07648117741576 523.8264811774158 509.7700260162269 605.7700260162269
3400 655.66833 387.969 348.2291295851123 518.9791295851123 502.7384173488538 598.7384173488538
3417 655.66833 387.969 343.58390042682595 514.333900426826 495.5716758314352 591.5716758314352
3434 655.31915 385.33163 339.144558420162 509.894558420162 488.2756097367269 584.2756097367269
3451 655.31915 385.33163 334.91470142185455 505.66470142185455 480.85613214835485 576.8561321483548
3468 660.76294 389.62305 330.8977575118902 501.6477575118902 473.3192561685689 569.3192561685689
3485 660.76294 389.62305 327.0969822152257 497.8469822152257 465.6710900449318 561.6710900449318
3502 660.9818 386.75656 323.5154558633554 494.2654558633554 457.9178322199049 553.9178322199049
3519 660.9818 386.75656 320.1560810978608 490.9060810978608 450.06576630732854 546.0657663073285
3536 662.1559 378.9457 317.0215805179704 487.7715805179704 442.1212559998803 538.1212559998803
3553 662.1559 378.9457 314.1144944740342 484.8644944740342 434.0907399116313 530.0907399116313
3570 659.37476 378.14276 311.4371790087004 482.1871790087004 425.9807263598813 521.9807263598814
3587 659.37476 378.14276 308.9918039474663 479.7418039474663 417.79778809050777 513.7977880905078
3604 662.1557 382.48553 306.780351140146 477.530351140146 409.5485569510936 505.5485569510936
3621 662.1557 382.48553 304.80461285468476 475.55461285468476 401.23971851615926 497.23971851615926
3639 659.3595 385.77914 302.97135171354296 473.72135171354296 392.3846393220784 488.3846393220784
3655 659.3595 385.77914 301.5664924513526 472.3164924513526 384.4701981434725 480.4701981434725
3672 654.04596 394.9557 300.30673466233077 471.05673466233077 376.02310703330426 472.02310703330426
3689 654.04596 394.9557 299.28793792598333 470.03793792598333 367.5435792681223 463.5435792681223
3706 653.79224 390.6802 298.5109279242903 469.2609279242903 359.03848706593226 455.03848706593226
3723 653.79224 390.6802 297.97633438360816 468.72633438360816 350.5147233633919 446.5147233633919
3741 650.9679 399.31277 297.6749980009779 468.4249980009779 341.4768878742076 437.4768878742076
3757 650.9679 399.31277 417.64906576024066 588.3990657602407 333.056686471707 429.056686471707
3774 647.1005 393.50525 417.99123095517183 588.7412309551719 324.5235450269113 420.5235450269113
3791 653.57166 387.4333 418.73774721758974 589.4877472175897 316.01623679178385 412.01623679178385
3808 653.57166 387.4333 419.88693415828243 590.6369341582824 307.553911501838 403.553911501838
3825 653.57166 387.4333 421.43620498653286 592.1862049865329 299.15561763711503 395.15561763711503
3842 651.13385 388.8296 423.3820723329198 594.1320723329197 290.84025954453836 386.84025954453836
3859 651.13385 388.8296 425.72015609929747 596.4701560992975 282.62655488470796 378.62655488470796
3877 655.0119 379.70187 428.61741332353733 599.3674133235373 274.0610328969076 370.0610328969076
3893 655.0119 379.70187 431.55105000007745 602.3010500000775 266.5777907912517 362.5777907912517
3910 654.06323 374.3033 435.03073493989234 605.7807349398923 258.7788567193968 354.7788567193968
3927 654.06323 374.3033 438.876415455004 609.626415455004 251.15374548655507 347.15374548655507
3944 659.3799 375.96933 443.0794350159092 613.8294350159092 243.71962102511617 339.71962102511617
3961 663.64813 374.81256 447.6303327319572 618.3803327319572 236.49321736108072 332.4932173610807
3978 663.64813 374.81256 452.518864647575 623.268864647575 229.49080094619188 325.4908009461919
3996 667.2246 376.59732 458.0507256503695 628.8007256503695 222.33812451057264 318.33812451057264
4012 667.2246 376.59732 463.26407999467915 634.0140799946792 216.22043924223226 312.22043924223226
4029 669.0696 380.09528 469.09657621838664 639.8465762183866 209.98236520147657 305.98236520147657
4046 669.0696 380.09528 475.21838667089924 645.9683866708992 204.0279536670738 300.0279536670738
4063 669.0696 380.09528 481.6157313118342 652.3657313118342 198.37060786867886 294.37060786867886
4080 668.84814 372.85718 488.27420988032543 659.0242098803254 193.0230623484931 289.0230623484931
4097 668.84814 372.85718 495.1788343096449 665.9288343096449 187.9973542961332 283.9973542961332
4114 671.87177 373.1759 502.31406246496294 673.064062464963 183.30479645322103 279.304796453221
4131 671.87177 373.1759 509.66383312829794 680.4138331282979 178.95595164869005 274.9559516486901
4148 668.9424 367.56424 517.2116021519138 687.9616021519138 174.9606090221234 270.96060902212344
4165 670.1301 364.55682 524.9403796987771 695.6903796987771 171.32776198864897 267.32776198864894
4182 670.1301 364.55682 532.8327684862486 703.5827684862486 168.06558799499004 264.06558799499004
4199 672.29407 371.22485 540.8710029469295 711.6210029469295 165.1814301122385 261.1814301122385
4216 672.29407 371.22485 549.0369892185008 719.7869892185008 162.68178050678887 258.68178050678887
4233 664.7525 379.80804 557.3123458725511 728.0623458725511 160.57226582663537 256.5722658266354
4250 664.7525 379.80804 565.678445290706 736.428445290706 158.85763453593017 254.85763453593017
4267 669.40265 374.18774 574.1164555949256 744.8664555949256 157.54174622631027 253.54174622631027
4284 669.40265 374.18774 582.6073830375866 753.3573830375866 156.6275629290547 252.6275629290547
4301 669.40265 374.18774 591.132114755926 761.882114755926 156.1171424476271 252.1171424476271
4318 668.1826 374.40378 599.6714617946108 770.4214617946108 156.01163372561214 252.01163372561214
4335 668.1826 374.40378 608.206202299593 778.956202299593 156.31127426047263 252.31127426047263
4352 667.3513 373.36844 616.7171247860152 787.4671247860152 157.01538956894865 253.01538956894865
4369 664.8783 369.79068 625.1850713827765 795.9350713827765 158.12239470530233 254.12239470530233
4387 664.8783 369.79068 634.0831090553891 804.8331090553891 159.73086973577773 255.73086973577773
4403 663.6757 376.41528 641.9159320172428 812.6659320172428 161.53420581373558 257.5342058137356
4420 663.6757 376.41528 650.1411853111272 820.8911853111272 163.83133188536496 259.831331885365
4437 663.2675 375.88477 658.2482260010909 828.9982260010909 166.5160052712332 262.5160052712332
4454 663.2675 375.88477 666.2188053437343 836.9688053437343 169.58218283949915 265.5821828394992
4471 660.1688 370.4552 674.0349817666976 844.7849817666976 173.0229627020636 269.02296270206364
4488 660.1688 370.4552 681.6791612546845 852.4291612546845 176.83059975054408 272.8305997505441
4505 661.2245 379.7538 689.1341369531456 859.8841369531456 180.99652309031762 276.9965230903176
4522 661.2245 379.7538 696.3831279004737 867.1331279004737 185.51135533338842 281.51135533338845
4539 661.4807 382.65936 703.4098168015221 874.1598168015221 190.36493370665013 286.36493370665016
4556 655.8628 392.41986 710.1983867574248 880.9483867574248 195.54633292803192 291.5463329280319
4573 655.8628 392.41986 716.733556869033 887.483556869033 201.0438897990301 297.0438897990301
4590 655.8628 392.41986 723.0006166338345 893.7506166338345 206.8452294582745 302.8452294582745
4607 656.6903 387.97244 728.9854590589218 899.7354590589218 212.9372932370277 308.9372932370277
4624 656.6903 387.97244 734.6746124154753 905.4246124154753 219.30636805391646 315.30636805391646
4641 661.0516 385.64426 740.0552705632856 910.8052705632856 225.93811728273374 321.93811728273374
4658 661.0516 385.64426 745.1153217770493 915.8653217770493 232.81761302381858 328.8176130238186
4675 659.21655 379.28955 749.8433760095571 920.5933760095571 239.9293697063817 335.9293697063817
4692 659.21655 379.28955 754.2287905304013 924.9787905304013 247.25737894613326 343.25737894613326
4709 661.3862 375.51846 758.2616938824929 929.0116938824929 254.78514557975075 350.78514557975075
4726 661.3862 375.51846 761.9330081024611 932.6830081024611 262.4957247950736 358.4957247950736
4743 662.14874 368.57312 765.2344691549205 935.9844691549205 270.3717602734482 366.3717602734482
4761 657.20276 374.6551 768.3187615671286 939.0687615671286 278.8717253711941 374.8717253711941
4777 657.20276 374.6551 770.6989549944915 941.4489549944915 286.5489524624127 382.5489524624127
4794 657.20276 374.6551 772.8496793622878 943.5996793622878 294.8136947228397 390.8136947228397
4811 655.3795 379.43982 774.605977411876 945.355977411876 303.17114631399613 399.17114631399613
4828 655.3795 379.43982 775.9638957607996 946.7138957607996 311.60249482388303 407.60249482388303
4845 654.6657 374.9198 776.9203777692248 947.6703777692248 320.08876150040663 416.08876150040663
4862 654.6657 374.9198 777.47327042036 948.22327042036 328.6108439720703 424.6108439720703
4879 656.53925 370.5649 777.6213291668411 948.3713291668411 337.1495592469291 433.1495592469291
4896 656.53925 370.5649 777.3642207321774 948.1142207321774 345.68568689301895 441.68568689301895
4913 654.27515 368.76486 776.7025238609478 947.4525238609478 354.200012303063 450.200012303063
4930 658.5176 367.19083 775.6377280160616 946.3877280160616 362.6733699460652 458.6733699460652
4947 658.5176 367.19083 774.1722300260149 944.9222300260149 371.0866865084376 467.0866865084376
4964 665.47406 368.8847 772.3093286896907 943.0593286896907 379.4210238275436 475.4210238275436
4981 665.47406 368.8847 770.0532173508461 940.8032173508461 387.65762152102405 483.65762152102405
4998 671.04877 371.74734 767.4089744590015 938.1589744590015 395.77793921594457 491.77793921594457
5015 671.04877 371.74734 764.3825521379785 935.1325521379785 403.7636982827043 499.7636982827043
5032 667.90356 379.77893 760.9807627878217 931.7307627878217 411.59692297976756 507.59692297976756
5049 667.90356 379.77893 757.2112637502574 927.9612637502574 419.25998091660404 515.259980916604
5066 667.90356 379.77893 753.0825400722103 923.8325400722103 426.73562274375536 522.7356227437554
5083 666.4391 377.51767 748.6038854061801 919.3538854061801 434.00702098068035 530.0070209806804
5100 666.4391 377.51767 743.7853810904619 914.5353810904619 441.057807893992 537.057807893992
5117 665.895 380.22195 738.6378734563121 909.3878734563121 447.8721123408068 543.8721123408068
5135 662.2104 384.98886 732.8418577475671 903.5918577475671 454.81246307048013 550.8124630704801
5151 662.2104 384.98886 727.4029103666112 898.1529103666112 460.73048537096236 556.7304853709624
5168 660.25757 388.67166 721.3407445286122 892.0907445286122 466.7456100820642 562.7456100820642
5185 660.25757 388.67166 715.0000976809954 885.7500976809954 472.46642973411736 568.4664297341174
5202 660.7744 389.1602 708.3952424593289 879.1452424593289 477.8800669068827 573.8800669068827
5219 660.7744 389.1602 701.5410462255444 872.2910462255444 482.9743356401059 578.9743356401059
5236 666.67316 379.81085 694.4529376018812 865.2029376018812 487.73776886380733 583.7377688638073
5253 666.67316 379.81085 687.1468717414465 857.8968717414465 492.15964421036574 588.1596442103657
5270 660.03625 386.07452 679.639294413571 850.389294413571 496.2300081502966 592.2300081502966
5287 660.03625 386.07452 671.9471049847989 842.6971049847989 499.93969839739407 595.9396983973941
5304 658.2317 381.49658 664.0876183788416 834.8376183788416 503.28036453280606 599.2803645328061
5321 658.2317 381.49658 656.0785261011198 826.8285261011198 506.2444868016163 602.2444868016163
5338 654.5973 378.86316 647.9378564156366 818.6878564156366 508.8253930396211 604.8253930396211
5355 654.5973 378.86316 639.6839337638094 810.4339337638094 511.01727369220305 607.017273692203
5372 652.51447 377.91162 631.335337516615 802.085337516615 512.8151948914908 608.8151948914908
5389 652.51447 377.91162 622.9108601528986 793.6608601528986 514.2151095623715 610.2151095623715
5406 659.14624 376.75943 614.4294649579773 785.1794649579773 515.2138665323532 611.2138665323532
5423 659.14624 376.75943 605.9102433377668 776.6602433377668 515.8092176247758 611.8092176247758
5440 657.77673 387.52356 597.3723718445073 768.1223718445073 515.9998227193989 611.9998227193989
5457 657.77673 387.52356 588.8350690108309 759.5850690108309 515.7852527689789 611.7852527689789
5474 656.15857 388.41812 580.317552089333 751.067552089333 515.1659907650433 611.1659907650433
5491 656.15857 388.41812 571.8389937950213 742.5889937950213 514.1434306506889 610.1434306506889
5509 652.6088 393.49884 562.9253682235171 733.6753682235171 512.6237117563112 608.6237117563112
5525 651.4126 390.4853 555.0749625136663 725.8249625136663 510.8985257511097 606.8985257511097
5542 651.4126 390.4853 546.8272249367301 717.5772249367301 508.68348516468336 604.6834851646834
5559 651.4126 390.4853 538.6938318657412 709.4438318657412 506.079738423869 602.079738423869
5576 657.77496 385.33627 530.6930913626405 701.4430913626405 503.0931464966776 599.0931464966776
5593 657.77496 385.33627 522.843012891798 693.593012891798 499.7304321259451 595.7304321259451
5610 657.85254 384.04684 515.1612667811617 685.9112667811617 495.99916469660786 591.9991646966079
5627 657.85254 384.04684 507.6651444467964 678.4151444467964 491.90774319720856 587.9077431972086
5644 660.4208 384.2661 500.37151947034613 671.1215194703461 487.4653773139863 583.4653773139863
5661 660.4208 384.2661 493.29680961702684 664.0468096170268 482.6820667001052 578.6820667001052
5678 661.68884 382.64862 486.4569398796541 657.2069398796541 477.56857846668925 573.5685784666892
5695 660.8734 385.32254 479.86730663188473 650.6173066318847 472.13642294632587 568.1364229463259
5712 660.8734 385.32254 473.54274297137306 644.2927429713731 466.3978277836013 562.3978277836013
5729 660.3215 383.07886 467.4974853308397 638.2474853308397 460.36571041097886 556.3657104109789
5746 660.3215 383.07886 461.7451414322254 632.4951414322254 454.0536489719888 550.0536489719889
5763 658.5069 384.93304 456.29865965604995 627.04865965605 447.47585175716756 543.4758517571676
5780 658.5069 384.93304 451.1702998949387 621.9202998949387 440.6471252215585 536.6471252215586
5797 657.2031 387.59222 446.37160595691194 617.1216059569119 433.58284065575424 529.5828406557542
5814 657.2031 387.59222 441.9133795805666 612.6633795805666 426.29889958551144 522.2988995855114
5831 657.2031 387.59222 437.80565612063515 608.5556561206351 418.8116979778178 514.8116979778179
5848 651.8791 386.50037 434.05768195865755 604.8076819586576 411.1380893339877 507.1380893339877
5865 651.8791 386.50037 430.67789368960894 601.4278936896089 403.295346752855 499.295346752855
5882 649.6011 394.87427 427.67389913133843 598.4238991313384 395.30112404946493 491.30112404946493
5900 647.97644 389.6982 424.9103018905736 595.6603018905736 386.6915481808328 482.6915481808328
5916 647.97644 389.6982 422.8194776869708 593.5694776869708 378.9305179198789 474.9305179198789
5933 648.9918 392.64136 420.97997798067684 591.7299779806768 370.59098431373195 466.59098431373195
5950 648.9918 392.64136 419.53810174796206 590.2881017479621 362.1735872774116 458.1735872774116
5967 656.1277 385.928 418.4970946157316 589.2470946157316 353.69727415859836 449.69727415859836
5984 656.1277 385.928 417.85929986469176 588.6092998646918 345.18112492358273 441.18112492358273
6001 655.91644 386.82224 417.6286526131048 588.3786526131048 337.1467028281774 433.1467028281774
