0 735.8985 348.12872 333.0 433.0 334.0 434.0
18 735.8985 348.12872 333.13628878990846 433.13628878990846 324.9581694712406 424.9581694712406
34 732.76624 347.68918 333.4861703954607 433.4861703954607 316.92762829531256 416.92762829531256
51 732.76624 347.68918 334.0935140048509 434.0935140048509 308.4087391863609 408.4087391863609
69 797.7186 349.35187 335.00061216007174 435.00061216007174 299.41149255853884 399.41149255853884
85 797.7186 349.35187 336.0342573431978 436.0342573431978 291.44006945149073 391.44006945149073
102 788.8699 350.18558 337.3660842002114 437.3660842002114 283.00404105339845 383.00404105339845
119 788.8699 350.18558 338.93750703184975 438.93750703184975 274.6093422383909 374.6093422383909
136 771.05396 349.98572 340.74725228130916 440.74725228130916 266.2627764750041 366.2627764750041
153 771.05396 349.98572 342.7938532438116 442.7938532438116 257.9711082224287 357.9711082224287
170 757.20654 350.12534 345.0756512552929 445.0756512552929 249.74105744826687 349.7410574482669
187 757.20654 350.12534 347.59079703666407 447.59079703666407 241.57929418234613 341.57929418234613
204 755.0364 349.3009 350.3372521925565 450.3372521925565 233.4924331110061 333.4924331110061
221 746.80585 347.9303 353.31279086333535 453.31279086333535 225.48702821623766 325.48702821623766
238 746.80585 347.9303 356.51500152904384 456.51500152904384 217.5695674640201 317.5695674640201
255 747.8371 348.84042 359.9412889638151 459.9412889638151 209.74646754616077 309.7464675461608
272 747.8371 348.84042 363.5888763391684 463.5888763391684 202.0240686798987 302.02406867989873
289 747.8371 348.84042 367.4548074744846 467.4548074744846 194.40862946948707 294.4086294694871
307 743.515 348.23135 371.7826486363828 471.7826486363828 186.46866317091627 286.4686631709163
323 743.515 348.23135 375.8289940602396 475.8289940602396 179.52322600490484 279.5232260049048
340 737.23944 347.92642 380.3304626662418 480.3304626662418 172.26532559916362 272.2653255991636
357 737.23944 347.92642 385.0367068437197 485.0367068437197 165.13850276900726 265.13850276900723
374 717.43335 341.83896 389.9439124255555 489.9439124255555 158.14853343516307 258.1485334351631
396 707.90106 326.0328 396.5862251120658 496.5862251120658 149.31506005297246 249.31506005297246
409 707.90106 326.0328 400.66264512599264 500.66264512599264 144.21234621253794 244.21234621253794
425 700.7616 316.18277 405.83073236238414 505.83073236238414 138.05581447516937 238.05581447516937
442 700.7616 316.18277 411.50043363562395 511.50043363562395 131.66873177782583 231.66873177782583
460 646.25946 302.07266 417.69921012162035 517.6992101216204 125.08477825264669 225.0847782526467
476 646.25946 302.07266 423.3736374701024 523.3736374701024 119.39154692211227 219.39154692211227
493 657.98444 287.02744 429.5675174146769 529.5675174146769 113.51139478609738 213.51139478609738
510 657.98444 287.02744 435.9262688483818 535.9262688483818 107.8099372430793 207.8099372430793
528 610.9324 267.8004 442.83303936531155 542.8330393653116 101.97300354707676 201.97300354707676
544 610.9324 267.8004 449.1176429853873 549.1176429853873 96.96144031244515 196.96144031244515
561 610.9324 267.8004 455.939574763276 555.939574763276 91.82319306962836 191.82319306962836
579 582.1022 249.28458 463.31908475446505 563.319084754465 86.5967118216947 186.5967118216947
595 616.428 230.70494 470.0082881070341 570.0082881070341 82.13951907017963 182.13951907017963
613 616.428 230.70494 477.673267202495 577.673267202495 77.34146014899 177.34146014899
629 587.7092 214.15524 484.6052797509776 584.6052797509776 73.27215913482809 173.2721591348281
646 587.7092 214.15524 492.08715802621145 592.0871580262115 69.15368424901567 169.15368424901567
663 565.81335 201.20627 499.6832388604396 599.6832388604396 65.24985358281685 165.24985358281685
680 565.81335 201.20627 507.3873660236304 607.3873660236304 61.563830988764266 161.56383098876427
697 556.5631 189.26065 515.1932957197998 615.1932957197998 58.09860379723074 158.09860379723074
715 556.5631 189.26065 523.5623270540765 623.5623270540765 54.6733171711283 154.6733171711283
731 549.98956 176.37175 531.0851801258791 631.0851801258791 51.84158795097835 151.84158795097835
748 549.98956 176.37175 539.158255286693 639.158255286693 49.0548702834833 149.0548702834833
766 543.9768 163.17123 547.7889724557664 647.7889724557664 46.355982532478436 146.35598253247844
783 549.01355 156.24963 556.0114292711773 656.0114292711773 44.04696936032366 144.04696936032366
799 549.01355 156.24963 563.8073299341439 663.8073299341439 42.08841336946284 142.08841336946284
816 549.01355 156.24963 572.1447741627716 672.1447741627716 40.23709987763954 140.23709987763954
833 557.45795 147.63477 580.531538399579 680.531538399579 38.62386599915499 138.623865999155
850 557.45795 147.63477 588.960825606595 688.960825606595 37.25001917650059 137.2500191765006
867 562.6524 131.38464 597.4258042831839 697.4258042831839 36.116672841359446 136.11667284135945
884 562.6524 131.38464 605.9196140026227 705.9196140026227 35.2247455122278 135.2247455122278
901 572.9385 120.25516 614.4353709721212 714.4353709721212 34.574960050003085 134.57496005000309
918 572.9385 120.25516 622.9661736117806 722.9661736117806 34.167843072143 134.167843072143
935 572.661 105.74826 631.5051081479654 731.5051081479654 34.00372452586896 134.00372452586896
952 572.661 105.74826 640.0452542165596 740.0452542165596 34.08273742076125 134.08273742076125
969 649.9691 91.52025 648.5796904715623 748.5796904715623 34.40481772096149 134.4048177209615
986 711.43695 86.30026 657.1015001944813 757.1015001944813 34.96970439707047 134.96970439707047
1003 711.43695 86.30026 665.6037768999744 765.6037768999744 35.77693963769889 135.7769396376989
1021 699.23035 82.31577 674.5772397075203 774.5772397075203 36.895080588854285 136.89508058885428
1037 699.23035 82.31577 682.5221900543268 782.5221900543268 38.115643042381976 138.11564304238198
1054 699.23035 82.31577 690.9246150057149 790.9246150057149 39.645215808474234 139.64521580847423
1071 759.71295 77.80682 699.2800950571935 799.2800950571935 41.41334787928315 141.41334787928315
1089 759.71295 77.80682 708.0683806888678 808.0683806888678 43.54391343827683 143.54391343827683
1105 819.10046 80.76396 715.8231772598931 815.8231772598931 45.65936583863811 145.6593658386381
1122 819.10046 80.76396 723.9973720999366 823.9973720999366 48.133810549576026 148.13381054957603
1139 798.5825 78.27275 732.0978182836474 832.0978182836474 50.839934998910564 150.83993499891056
1157 855.96356 70.345024 740.5870829453671 840.5870829453671 53.95532573657704 153.95532573657704
1173 855.96356 70.345024 748.0512698040402 848.0512698040402 56.93826443105149 156.9382644310515
1190 913.9735 72.46604 755.8913456946693 855.8913456946693 60.32552703375262 160.32552703375262
1208 913.9735 72.46604 764.0839106673807 864.0839106673807 64.15373198032523 164.15373198032523
1224 959.73737 78.29368 771.2664330094331 871.2664330094331 67.76252423287974 167.76252423287974
1241 959.73737 78.29368 778.788983721744 878.788983721744 71.80623152831976 171.80623152831976
1259 924.9668 84.36012 786.6251244418916 886.6251244418916 76.31934271231506 176.31934271231506
1276 924.9668 84.36012 793.8978774307536 893.8978774307536 80.79677522140798 180.79677522140798
1292 901.17523 88.54548 800.6238064458005 900.6238064458005 85.19835307494287 185.19835307494287
1309 901.17523 88.54548 807.638141470708 907.638141470708 90.0706669060545 190.0706669060545
1326 901.17523 88.54548 814.5109413283826 914.5109413283826 95.14067282585665 195.14067282585665
1343 882.2624 98.01515 821.2366359705578 921.2366359705578 100.40426185718263 200.40426185718263
1360 950.8746 103.742325 827.809774570124 927.809774570124 105.85716813378187 205.85716813378187
1377 950.8746 103.742325 834.2250299387413 934.2250299387413 111.49497235758312 211.49497235758312
1394 938.94855 112.98976 840.4772028442499 940.4772028442499 117.31310538030687 217.31310538030687
1412 938.94855 112.98976 846.9137673844003 946.9137673844003 123.66479105149173 223.66479105149173
1428 923.01843 119.04831 852.4721692933363 952.4721692933363 129.47135431515434 229.47135431515434
1446 923.01843 119.04831 858.5368418139614 958.5368418139614 136.17903805565956 236.17903805565956
1462 921.1096 125.96953 863.7557966001699 963.7557966001699 142.29250840037312 242.29250840037312
1479 921.1096 125.96953 869.1193360426164 969.1193360426164 148.93876919572267 248.93876919572267
1496 736.8877 100.77563 874.2915129944168 974.2915129944168 155.73501253228335 255.73501253228335
1514 736.8877 100.77563 879.5547012529947 979.5547012529947 163.08838749211185 263.08838749211185
1530 589.5102 80.62051 884.0451707867052 984.0451707867052 169.7552977272204 269.7552977272204
1547 589.5102 80.62051 888.6187467928016 988.6187467928016 176.96797687071094 276.9679768707109
1565 471.60815 64.49641 893.2354766962846 993.2354766962846 184.74352051365594 284.74352051365594
1582 471.60815 64.49641 897.3786814969314 997.3786814969314 192.2117326082863 292.2117326082863
1598 568.57086 106.079865 901.0824960610505 1001.0824960610505 199.34571931915121 299.3457193191512
1615 568.57086 106.079865 904.8068623492258 1004.8068623492258 207.03138348446487 307.03138348446487
1632 647.55835 126.36081 908.3109432553329 1008.3109432553329 214.8199491363638 314.8199491363638
1650 647.55835 126.36081 911.7778900120431 1011.7778900120431 223.17180845816728 323.1718084581673
1666 714.78156 142.39546 914.6470702485676 1014.6470702485676 230.6804577033056 330.6804577033056
1683 714.78156 142.39546 917.4739812329851 1017.4739812329851 238.73954649774532 338.7395464977453
1700 770.53595 152.4042 920.0703407916484 1020.0703407916484 246.87583895516212 346.8758389551621
1717 770.53595 152.4042 922.4340447096293 1022.4340447096293 255.08274103198784 355.08274103198784
1734 812.65936 164.44525 924.5631773273444 1024.5631773273444 263.35360145921436 363.35360145921436
1751 812.65936 164.44525 926.4560130930984 1026.4560130930984 271.6817171329047 371.6817171329047
1768 848.3906 178.09543 928.1110179615537 1028.1110179615537 280.0603385467098 380.0603385467098
1785 877.81946 191.84406 929.5268506369953 1029.5268506369953 288.4826752619944 388.4826752619944
1802 877.81946 191.84406 930.7023636603816 1030.7023636603817 296.94190141113677 396.94190141113677
1819 877.81946 191.84406 931.6366043392997 1031.6366043392995 305.4311612295389 405.4311612295389
1836 897.55615 205.15984 932.3288155200738 1032.328815520074 313.9435746118702 413.9435746118702
1853 897.55615 205.15984 932.7784362013994 1032.7784362013995 322.4722426880359 422.4722426880359
1870 916.50964 219.78345 932.9851019890048 1032.9851019890048 331.01025341435343 431.01025341435343
1888 916.50964 219.78345 932.9389292403739 1032.938929240374 340.0529931552917 440.0529931552917
1904 922.54486 233.2519 932.6690959534936 1032.6690959534935 348.08662239203596 448.08662239203596
1921 922.54486 233.2519 932.1466802368993 1032.1466802368993 356.6111411309172 456.6111411309172
1939 947.775 249.10515 931.3292920861586 1031.3292920861586 365.61698093385 465.61698093385
1956 977.4071 276.17444 930.3084090841814 1030.3084090841814 374.09625777841393 474.09625777841393
1972 977.4071 276.17444 929.1274512558361 1029.1274512558361 382.04719151753216 482.04719151753216
1989 993.2645 298.30566 927.6397665348454 1027.6397665348454 390.4571339716405 490.4571339716405
2006 993.2645 298.30566 925.9132915457113 1025.9132915457112 398.8213208432003 498.8213208432003
2023 1007.13904 316.20926 923.9494255069792 1023.9494255069792 407.13297339202586 507.13297339202586
2040 1007.13904 316.20926 921.7497600303433 1021.7497600303433 415.385355454278 515.3853554542779
2057 1007.13904 316.20926 919.3160778307275 1019.3160778307275 423.5717789017766 523.5717789017766
2074 1004.2953 332.6964 916.6503512814876 1016.6503512814876 431.68560906238275 531.6856090623828
2092 1004.2953 332.6964 913.5773009969078 1013.5773009969078 440.19029223658174 540.1902922365817
2108 1011.7091 352.70166 910.6315931762647 1010.6315931762647 447.6692503292295 547.6692503292295
2125 1022.97186 372.81662 907.2834395119482 1007.2834395119482 455.52610752219204 555.526107522192
2143 1022.97186 372.81662 903.4961054216201 1003.4961054216201 463.737646624778 563.737646624778
2159 1017.8797 386.9706 899.9231482862865 999.9231482862865 470.9380623089762 570.9380623089762
2177 1017.8797 386.9706 895.6746503355766 995.6746503355766 478.92076480298647 578.9207648029865
2193 1018.86414 403.09018 891.6977228435584 991.6977228435584 485.90618221638465 585.9061822163847
2210 1018.86414 403.09018 887.2688087238421 987.2688087238421 493.20858302917645 593.2085830291765
2227 1023.5813 414.83453 882.6338229060326 982.6338229060326 500.38195353258584 600.3819535325858
2244 1023.5813 414.83453 877.7965218060378 977.7965218060378 507.42048008140796 607.420480081408
2261 1027.5083 432.04703 872.7608258058228 972.7608258058228 514.3184583144773 614.3184583144773
2279 1027.5083 432.04703 867.2172069588121 967.2172069588121 521.4627962141102 621.4627962141102
2295 1021.80786 449.58484 862.1107312689596 962.1107312689596 527.6705264551181 627.6705264551181
2313 1021.80786 449.58484 856.169526925818 956.169526925818 534.4878107309933 634.4878107309933
2329 1012.64215 463.61887 850.7180576999276 950.7180576999276 540.394882086187 640.394882086187
2346 1012.64215 463.61887 844.754702109853 944.754702109853 546.5086966087915 646.5086966087915
2363 1000.87 482.94193 838.6197303028227 938.6197303028227 552.4502838409564 652.4502838409564
2381 1000.87 482.94193 831.9423499372441 931.9423499372441 558.5483052740481 658.5483052740481
2397 986.65894 496.71982 825.8549614017456 925.8549614017456 563.7976585231695 663.7976585231695
2415 986.65894 496.71982 818.8413765564474 918.8413765564474 569.5058019659065 669.5058019659065
2431 974.6259 509.93106 812.4651233483269 912.4651233483269 574.4002277485814 674.4002277485814
2449 974.6259 509.93106 805.1380660054275 905.1380660054275 579.6999923319313 679.6999923319313
2465 964.9018 526.3142 798.4936144283101 898.4936144283101 584.2236271487043 684.2236271487043
2482 964.9018 526.3142 791.3038148358737 891.3038148358737 588.8330869577367 688.8330869577367
2500 952.7662 543.48083 783.5513727666926 883.5513727666926 593.48850486691 693.48850486691
2516 1007.9624 556.87866 776.54525546435 876.54525546435 597.4288511793545 697.4288511793545
2533 1007.9624 556.87866 768.9884567331254 868.9884567331254 601.4081891703074 701.4081891703074
2550 1007.9624 556.87866 761.3214464020558 861.3214464020558 605.1708066759479 705.1708066759479
2567 981.22577 570.0652 753.5504381858558 853.5504381858558 608.7136542896951 708.7136542896951
2584 981.22577 570.0652 745.6817300841386 845.6817300841386 612.0338607170812 712.0338607170812
2601 951.2788 580.6061 737.721699277214 837.721699277214 615.1287351027865 715.1287351027865
2618 951.2788 580.6061 729.6767969577133 829.6767969577133 617.9957692114392 717.9957692114392
2635 928.9302 591.02905 721.553543102233 821.553543102233 620.6326394604092 720.6326394604092
2652 928.9302 591.02905 713.3585211872297 813.3585211872297 623.0372088029525 723.0372088029525
2669 905.87933 599.63727 705.0983728534557 805.0983728534557 625.2075284601758 725.2075284601758
2686 905.87933 599.63727 696.7797925232513 796.7797925232513 627.1418395004217 727.1418395004217
2704 940.7164 610.34564 687.9156881752673 787.9156881752673 628.9309532623472 728.9309532623472
2720 902.75 617.4827 679.9943448795832 779.9943448795832 630.296357637651 730.296357637651
2738 902.75 617.4827 671.0427906981013 771.0427906981013 631.5781344048996 731.5781344048996
2755 870.83624 622.73047 662.5566681050749 762.5566681050749 632.5404551656717 732.5404551656717
2771 870.83624 622.73047 654.5477237438794 754.5477237438794 633.2251587040392 733.2251587040392
2788 900.1292 629.98096 646.0214019995067 746.0214019995067 633.7172719246712 733.7172719246712
2806 900.1292 629.98096 636.982177164819 736.982177164819 633.9735692774082 733.9735692774082
2823 916.1383 635.40344 628.4416695312384 728.4416695312384 633.9653673731979 733.9653673731979
2839 916.1383 635.40344 620.4067954607539 720.4067954607539 633.7355687926154 733.7355687926154
2856 916.1383 635.40344 611.8797793711809 711.8797793711809 633.2556370072082 733.2556370072082
2874 859.51733 636.4989 602.8699783535706 702.8699783535706 632.4831348595524 732.4831348595524
2890 859.51733 636.4989 594.8839945588649 694.8839945588649 631.5687653790487 731.5687653790487
2907 804.508 634.7617 586.4290000393138 686.4290000393138 630.3631926583694 730.3631926583694
2925 760.7448 632.3336 577.5179378468152 677.5179378468152 628.8249324247021 728.8249324247021
2941 760.7448 632.3336 569.6390628953682 669.6390628953682 627.232657883161 727.232657883161
2958 769.9617 636.17163 561.3177276452934 661.3177276452934 625.3102329649023 725.3102329649023
2975 769.9617 636.17163 553.0544871637487 653.0544871637487 623.1517161929854 723.1517161929854
2993 782.6383 631.3282 544.3759367047026 644.3759367047026 620.6108431393186 720.6108431393186
3009 782.6383 631.3282 536.7290257094023 636.7290257094023 618.1335944747455 718.1335944747455
3027 732.3352 627.6917 528.2091351954737 628.2091351954737 615.1029609476205 715.1029609476205
3043 732.3352 627.6917 520.7155915726703 620.7155915726703 612.1945571432422 712.1945571432422
3060 739.39453 626.3263 512.8421481644934 612.8421481644934 608.8855955525434 708.8855955525434
3077 739.39453 626.3263 505.066086470933 605.066086470933 605.3538534259965 705.3538534259965
3095 693.7761 624.636 496.94575447846444 596.9457544784644 601.3747225815591 701.3747225815591
3111 693.7761 624.636 489.8312325780845 589.8312325780845 597.6336549738851 697.6336549738851
3128 648.5774 619.569 482.38478743869564 582.3847874386956 593.4514554692516 693.4514554692516
3145 648.5774 619.569 475.06040812706976 575.0604081270698 589.058983999804 689.058983999804
3162 612.1511 611.0718 467.8640306732291 567.8640306732291 584.4598004361334 684.4598004361334
3179 612.1511 611.0718 460.8014873683203 560.8014873683203 579.6576321782761 679.6576321782761
3196 586.6154 608.5934 453.87850203784535 553.8785020378454 574.6563711348483 674.6563711348483
3213 586.6154 608.5934 447.10068540279684 547.1006854027969 569.4600705688548 669.4600705688548
3230 567.2166 601.10016 440.47353053246013 540.4735305324601 564.0729418127313 664.0729418127313
3247 567.2166 601.10016 434.0024083925641 534.0024083925641 558.4993508552757 658.4993508552757
3264 543.7813 597.59875 427.69256349239276 527.6925634923928 552.7438148032415 652.7438148032415
3282 526.4904 592.3415 421.193018823778 521.193018823778 546.4565902131905 646.4565902131905
3298 526.4904 592.3415 415.5770257696452 515.5770257696452 540.7057093474355 640.7057093474355
3315 526.4904 592.3415 409.7811519627961 509.7811519627961 534.4328962045494 634.4328962045494
3332 553.9561 590.28064 404.1661854693228 504.1661854693228 527.9976425819129 627.9976425819129
3350 553.9561 590.28064 398.4231643908829 498.4231643908829 521.0125883346178 621.0125883346178
3366 528.0669 582.73047 393.49702667636814 493.49702667636814 514.6608030789737 614.6608030789737
3383 528.0669 582.73047 388.45148117741576 488.45148117741576 507.7700260162269 607.7700260162269
3400 554.769 577.8518 383.6041295851123 483.6041295851123 500.7384173488538 600.7384173488538
3417 554.769 577.8518 378.95890042682595 478.95890042682595 493.5716758314352 593.5716758314352
3434 525.3395 565.298 374.519558420162 474.519558420162 486.2756097367269 586.2756097367269
3451 525.3395 565.298 370.28970142185455 470.28970142185455 478.85613214835485 578.8561321483548
3468 503.5946 554.3272 366.2727575118902 466.2727575118902 471.3192561685689 571.3192561685689
3485 503.5946 554.3272 362.4719822152257 462.4719822152257 463.6710900449318 563.6710900449318
3502 530.15027 550.42163 358.8904558633554 458.8904558633554 455.9178322199049 555.9178322199049
3519 554.4335 542.0176 355.5310810978608 455.5310810978608 448.06576630732854 548.0657663073285
3536 554.4335 542.0176 352.3965805179704 452.3965805179704 440.1212559998803 540.1212559998803
3554 522.44446 529.36084 349.3256228120883 449.3256228120883 431.61581699217805 531.615816992178
3570 522.44446 529.36084 346.8121790087004 446.8121790087004 423.9807263598813 523.9807263598814
3588 522.44446 529.36084 344.23022471939606 444.23022471939606 415.31430922285153 515.3143092228515
3605 497.76663 516.1985 342.03258971905177 442.03258971905177 407.06138620638365 507.06138620638365
3621 497.76663 516.1985 340.17961285468476 440.17961285468476 399.23971851615926 499.23971851615926
3638 473.21558 507.1839 338.44119032461737 438.44119032461737 390.87800666884965 490.87800666884965
3655 473.21558 507.1839 336.9414924513526 436.9414924513526 382.4701981434725 482.4701981434725
3672 454.3727 498.87793 335.68173466233077 435.68173466233077 374.02310703330426 474.02310703330426
3690 444.72482 487.98853 334.61053131423415 434.61053131423415 365.043920136258 465.043920136258
3706 444.72482 487.98853 333.8859279242903 433.8859279242903 357.03848706593226 457.03848706593226
3724 431.56683 477.58963 333.32744725508564 433.32744725508564 348.0128916126015 448.0128916126015
3740 431.56683 477.58963 333.05959056430925 433.05959056430925 339.9791962294431 439.9791962294431
3757 422.0259 462.87247 453.02406576024066 553.0240657602407 331.056686471707 431.056686471707
3775 422.0259 462.87247 453.3989626747057 553.3989626747057 322.0222125716715 422.0222125716715
3792 459.15482 452.76443 454.16922084104294 554.1692208410429 313.5170210808991 413.5170210808991
3808 459.15482 452.76443 455.26193415828243 555.2619341582824 305.553911501838 405.553911501838
3825 443.58218 434.65186 456.81120498653286 556.8112049865329 297.15561763711503 397.15561763711503
3843 443.58218 434.65186 458.8837967246308 558.8837967246309 288.35410470841526 388.35410470841526
3859 443.58218 434.65186 461.09515609929747 561.0951560992975 280.62655488470796 380.62655488470796
3876 434.1408 421.76733 463.8201933182859 563.8201933182859 272.53299249891984 372.53299249891984
3893 417.94452 408.60336 466.92605000007745 566.9260500000775 264.5777907912517 364.5777907912517
3910 417.94452 408.60336 470.40573493989234 570.4057349398923 256.7788567193968 356.7788567193968
3927 413.70618 393.22534 474.251415455004 574.251415455004 249.15374548655507 349.15374548655507
3945 413.70618 393.22534 478.7126014504479 578.7126014504479 241.28862718732034 341.28862718732034
3961 453.27048 387.4923 483.0053327319572 583.0053327319572 234.49321736108072 334.4932173610807
3978 453.27048 387.4923 487.893864647575 587.893864647575 227.49080094619188 327.4908009461919
3995 436.23303 370.8945 493.109026801152 593.109026801152 220.7281340425647 320.7281340425647
4013 436.23303 370.8945 498.9739209792019 598.9739209792019 213.84589003154827 313.84589003154827
4029 450.6111 356.35565 504.47157621838664 604.4715762183866 207.98236520147657 307.98236520147657
4047 450.6111 356.35565 510.9622116294033 610.9622116294033 201.6868177027948 301.68681770279477
4063 460.25595 340.75867 516.9907313118342 616.9907313118342 196.37060786867886 296.37060786867886
4080 474.02185 326.11005 523.6492098803254 623.6492098803254 191.0230623484931 291.0230623484931
4097 474.02185 326.11005 530.5538343096449 630.5538343096449 185.9973542961332 285.9973542961332
4114 474.02185 326.11005 537.689062464963 637.689062464963 181.30479645322103 281.304796453221
4132 488.77216 313.98712 545.4775025692394 645.4775025692394 176.71105428707807 276.71105428707807
4148 488.77216 313.98712 552.5866021519138 652.5866021519138 172.9606090221234 272.96060902212344
4165 499.75458 301.0742 560.3153796987771 660.3153796987771 169.32776198864897 269.32776198864894
4182 499.75458 301.0742 568.2077684862486 668.2077684862486 166.06558799499004 266.06558799499004
4199 571.0276 293.0594 576.2460029469295 676.2460029469295 163.1814301122385 263.1814301122385
4216 571.0276 293.0594 584.4119892185008 684.4119892185008 160.68178050678887 260.68178050678887
4233 569.68414 282.13818 592.6873458725511 692.6873458725511 158.57226582663537 258.5722658266354
4250 632.60754 271.32242 601.053445290706 701.053445290706 156.85763453593017 256.8576345359302
4267 632.60754 271.32242 609.4914555949256 709.4914555949256 155.54174622631027 255.54174622631027
4285 620.04486 259.2004 618.4830892855312 718.4830892855312 154.5863458281167 254.5863458281167
4301 620.04486 259.2004 626.507114755926 726.507114755926 154.1171424476271 254.1171424476271
4318 611.35596 250.91983 635.0464617946108 735.0464617946108 154.01163372561214 254.01163372561214
4335 611.35596 250.91983 643.581202299593 743.581202299593 154.31127426047263 254.31127426047263
4352 611.35596 250.91983 652.0921247860152 752.0921247860152 155.01538956894865 255.01538956894865
4369 618.1492 246.16016 660.5600713827765 760.5600713827765 156.12239470530233 256.1223947053023
4386 618.1492 246.16016 668.9659809564164 768.9659809564164 157.6297978289907 257.6297978289907
4403 626.62054 241.39096 677.2909320172428 777.2909320172428 159.53420581373558 259.5342058137356
4421 626.62054 241.39096 685.9965220114407 785.9965220114407 161.97858082584344 261.97858082584344
4437 631.93097 236.39919 693.6232260010909 793.6232260010909 164.5160052712332 264.5160052712332
4454 643.3831 233.08388 701.5938053437343 801.5938053437343 167.58218283949915 267.5821828394992
4471 643.3831 233.08388 709.4099817666976 809.4099817666976 171.0229627020636 271.02296270206364
4488 653.71045 231.18703 717.0541612546845 817.0541612546845 174.83059975054408 274.8305997505441
4505 653.71045 231.18703 724.5091369531456 824.5091369531456 178.99652309031762 278.9965230903176
4522 662.02655 227.83022 731.7581279004737 831.7581279004737 183.51135533338842 283.51135533338845
4540 662.02655 227.83022 739.1908878779227 839.1908878779227 188.66075777100514 288.66075777100514
4557 680.65936 229.18805 745.9649695491788 845.9649695491788 193.86108443850046 293.8610844385005
4573 680.65936 229.18805 752.108556869033 852.108556869033 199.0438897990301 299.0438897990301
4591 693.78253 229.47382 758.735613124305 858.735613124305 205.19566935752866 305.1956693575287
4607 693.78253 229.47382 764.3604590589218 864.3604590589218 210.9372932370277 310.9372932370277
4624 693.78253 229.47382 770.0496124154753 870.0496124154753 217.30636805391646 317.30636805391646
4641 708.5489 231.19652 775.4302705632856 875.4302705632856 223.93811728273374 323.93811728273374
4659 724.279 236.95955 780.7777404132385 880.7777404132385 231.2296762758943 331.2296762758943
4675 724.279 236.95955 785.2183760095571 885.2183760095571 237.9293697063817 337.9293697063817
4692 741.17786 243.83261 789.6037905304013 889.6037905304013 245.25737894613326 345.25737894613326
4710 741.17786 243.83261 793.8627475670244 893.8627475670244 253.233816202647 353.233816202647
4726 762.2694 249.76724 797.3080081024611 897.3080081024611 260.4957247950736 360.4957247950736
4744 762.2694 249.76724 800.7919917624882 900.7919917624882 268.8398319494411 368.8398319494411
4760 781.2783 257.2654 803.5336455346032 903.5336455346032 276.3955232583588 376.3955232583588
4777 781.2783 257.2654 806.0739549944915 906.0739549944915 284.5489524624127 384.5489524624127
4794 798.41455 266.47583 808.2246793622878 908.2246793622878 292.8136947228397 392.8136947228397
4811 798.41455 266.47583 809.980977411876 909.980977411876 301.17114631399613 401.17114631399613
4828 816.2631 277.14325 811.3388957607996 911.3388957607996 309.60249482388303 409.60249482388303
4846 816.2631 277.14325 812.3390893640834 912.3390893640834 318.5892561483454 418.5892561483454
4862 833.20386 287.66724 812.84827042036 912.84827042036 326.6108439720703 426.6108439720703
4879 833.20386 287.66724 812.9963291668411 912.9963291668411 335.1495592469291 435.1495592469291
4897 846.52905 300.1598 812.7114868280897 912.7114868280897 344.18732065055974 444.18732065055974
4914 846.52905 300.1598 812.0260281368674 912.0260281368674 352.69976602895355 452.69976602895355
4930 850.9809 310.2827 811.0127280160616 911.0127280160616 360.6733699460652 460.6733699460652
4947 850.9809 310.2827 809.5472300260149 909.5472300260149 369.0866865084376 469.0866865084376
4965 859.8376 324.87543 807.5624555236557 907.5624555236557 377.90841743392417 477.90841743392417
4981 859.8376 324.87543 805.4282173508461 905.4282173508461 385.65762152102405 485.65762152102405
4998 874.20636 340.9436 802.7839744590015 902.7839744590015 393.77793921594457 493.77793921594457
5015 874.20636 340.9436 799.7575521379785 899.7575521379785 401.7636982827043 501.7636982827043
5032 872.75385 356.92743 796.3557627878217 896.3557627878217 409.59692297976756 509.59692297976756
5049 874.87506 370.33286 792.5862637502574 892.5862637502574 417.25998091660404 517.259980916604
5066 874.87506 370.33286 788.4575400722103 888.4575400722103 424.73562274375536 524.7356227437554
5084 874.87506 370.33286 783.7047491910079 883.7047491910079 432.4280375262833 532.4280375262833
5100 880.22876 389.75702 779.1603810904619 879.1603810904619 439.057807893992 539.057807893992
5117 880.22876 389.75702 774.0128734563121 874.0128734563121 445.8721123408068 545.8721123408068
5135 878.7199 403.155 768.2168577475671 868.2168577475671 452.81246307048013 552.8124630704801
5151 878.7199 403.155 762.7779103666112 862.7779103666112 458.73048537096236 558.7304853709624
5169 874.86237 418.12396 756.3503375862501 856.3503375862501 465.09040474938706 565.0904047493871
5185 874.86237 418.12396 750.3750976809954 850.3750976809954 470.46642973411736 570.4664297341174
5202 933.10596 438.17035 743.7702424593289 843.7702424593289 475.8800669068827 575.8800669068827
5219 933.10596 438.17035 736.9160462255444 836.9160462255444 480.9743356401059 580.9743356401059
5236 915.4688 453.09787 729.8279376018812 829.8279376018812 485.73776886380733 585.7377688638073
5253 898.2788 465.2431 722.5218717414465 822.5218717414465 490.15964421036574 590.1596442103657
5270 898.2788 465.2431 715.014294413571 815.014294413571 494.2300081502966 594.2300081502966
5287 865.8605 474.3766 707.3221049847989 807.3221049847989 497.93969839739407 597.9396983973941
5304 865.8605 474.3766 699.4626183788416 799.4626183788416 501.28036453280606 601.2803645328061
5321 835.83655 479.5941 691.4535261011198 791.4535261011198 504.2444868016163 604.2444868016163
5338 835.83655 479.5941 683.3128564156366 783.3128564156366 506.8253930396211 606.8253930396211
5355 835.83655 479.5941 675.0589337638094 775.0589337638094 509.01727369220305 609.017273692203
5373 870.8225 488.7165 666.2166959955493 766.2166959955493 510.90859534556046 610.9085953455605
5389 870.8225 488.7165 658.2858601528986 758.2858601528986 512.2151095623715 612.2151095623715
5406 829.93835 498.15234 649.8044649579773 749.8044649579773 513.2138665323532 613.2138665323532
5423 793.5617 505.87146 641.2852433377668 741.2852433377668 513.8092176247758 613.8092176247758
5440 793.5617 505.87146 632.7473718445073 732.7473718445073 513.9998227193989 613.9998227193989
5458 759.3671 511.3928 623.7083032838261 723.7083032838261 513.7600188365996 613.7600188365996
5474 759.3671 511.3928 615.692552089333 715.692552089333 513.1659907650433 613.1659907650433
5491 731.0733 515.847 607.2139937950213 707.2139937950213 512.1434306506889 612.1434306506889
5508 731.0733 515.847 598.7934791480179 698.7934791480179 510.71987418285164 610.7198741828516
5525 704.7285 523.28656 590.4499625136663 690.4499625136663 508.8985257511097 608.8985257511097
5542 704.7285 523.28656 582.2022249367301 682.2022249367301 506.68348516468336 606.6834851646834
5559 732.09656 534.2506 574.0688318657412 674.0688318657412 504.079738423869 604.079738423869
5577 732.09656 534.2506 565.6019771400934 665.6019771400934 500.9056814927985 600.9056814927985
5593 702.1028 537.8718 558.218012891798 658.218012891798 497.7304321259451 597.7304321259451
5610 702.1028 537.8718 550.5362667811617 650.5362667811617 493.99916469660786 593.9991646966079
5627 727.05035 543.4361 543.0401444467964 643.0401444467964 489.90774319720856 589.9077431972086
5644 727.05035 543.4361 535.7465194703461 635.7465194703461 485.4653773139863 585.4653773139863
5661 690.747 545.7334 528.6718096170268 628.6718096170268 480.6820667001052 580.6820667001052
5679 690.747 545.7334 521.4372397764029 621.4372397764029 475.25774503117407 575.2577450311741
5695 708.8397 549.4393 515.2423066318847 615.2423066318847 470.13642294632587 570.1364229463259
5712 708.8397 549.4393 508.91774297137306 608.9177429713731 464.3978277836013 564.3978277836013
5730 725.0999 545.617 502.52587413130334 602.5258741313033 458.00202610763864 558.0020261076386
5746 725.0999 545.617 497.1201414322254 597.1201414322254 452.0536489719888 552.0536489719889
5764 679.56396 541.98676 491.36306905859533 591.3630690585953 445.0809605355471 545.0809605355471
5780 679.56396 541.98676 486.5452998949387 586.5452998949387 438.6471252215585 538.6471252215586
5797 694.6971 543.9637 481.74660595691194 581.7466059569119 431.58284065575424 531.5828406557542
5814 704.09326 544.2697 477.2883795805666 577.2883795805666 424.29889958551144 524.2988995855114
5832 704.09326 544.2697 472.9501422903951 572.9501422903951 416.3653024466931 516.365302446693
5848 704.09326 544.2697 469.43268195865755 569.4326819586576 409.1380893339877 509.1380893339877
5865 663.3618 538.1616 466.05289368960894 566.0528936896089 401.295346752855 501.295346752855
5882 663.3618 538.1616 463.04889913133843 563.0488991313384 393.30112404946493 493.30112404946493
5899 625.1769 529.2979 460.427460199564 560.4274601995639 385.1734160167848 485.1734160167848
5916 625.1769 529.2979 458.1944776869708 558.1944776869708 376.9305179198789 476.9305179198789
5933 595.92444 520.4947 456.35497798067684 556.3549779806768 368.59098431373195 468.59098431373195
5950 595.92444 520.4947 454.91310174796206 554.9131017479621 360.1735872774116 460.1735872774116
5967 571.8154 512.6967 453.8720946157316 553.8720946157316 351.69727415859836 451.69727415859836
5984 571.8154 512.6967 453.23429986469176 553.2342998646918 343.18112492358273 443.18112492358273
6001 548.9278 501.44318 453.0036526131048 553.0036526131048 335.1467028281774 435.1467028281774
