1 658.929 290.26892 333.00042067616835 433.00042067616835 333.4976002348308 433.4976002348308
17 658.929 290.26892 333.1215672298508 433.1215672298508 325.460353677165 425.460353677165
34 670.1781 293.13562 333.4861703954607 433.4861703954607 316.92762829531256 416.92762829531256
52 670.1781 293.13562 334.1367899590455 434.1367899590455 307.9082065772343 407.9082065772343
68 678.7739 295.58966 334.94310583748677 434.94310583748677 299.91059046864586 399.91059046864586
85 678.7739 295.58966 336.0342573431978 436.0342573431978 291.44006945149073 391.44006945149073
103 686.06744 298.5328 337.4518999466856 437.4518999466856 282.5090245297676 382.5090245297676
119 686.06744 298.5328 338.93750703184975 438.93750703184975 274.6093422383909 374.6093422383909
136 693.0759 301.85416 340.74725228130916 440.74725228130916 266.2627764750041 366.2627764750041
153 693.0759 301.85416 342.7938532438116 442.7938532438116 257.9711082224287 357.9711082224287
170 693.2221 302.74194 345.0756512552929 445.0756512552929 249.74105744826687 349.7410574482669
187 693.2221 302.74194 347.59079703666407 447.59079703666407 241.57929418234613 341.57929418234613
204 692.9365 303.21185 350.3372521925565 450.3372521925565 233.4924331110061 333.4924331110061
222 692.9365 303.21185 353.4949060276202 453.4949060276202 225.01879775167134 325.01879775167134
238 697.24915 306.58063 356.51500152904384 456.51500152904384 217.5695674640201 317.5695674640201
255 697.24915 306.58063 359.9412889638151 459.9412889638151 209.74646754616077 309.7464675461608
272 701.0594 306.0825 363.5888763391684 463.5888763391684 202.0240686798987 302.02406867989873
290 701.0398 308.15863 367.68894874217887 467.68894874217887 193.9641257374746 293.9641257374746
306 701.0398 308.15863 371.53594923283765 471.53594923283765 186.90632183391858 286.9063218339186
323 701.0398 308.15863 375.8289940602396 475.8289940602396 179.52322600490484 279.5232260049048
341 704.4656 307.5665 380.6016685145469 480.6016685145469 171.84241533816768 271.8424153381677
357 704.4656 307.5665 385.0367068437197 485.0367068437197 165.13850276900726 265.13850276900723
374 685.569 297.74118 389.9439124255555 489.9439124255555 158.14853343516307 258.1485334351631
391 685.569 297.74118 395.0481023758233 495.0481023758233 151.30108260568883 251.30108260568883
408 665.0654 288.24377 400.34514001297055 500.34514001297055 144.601699784777 244.601699784777
425 665.0654 288.24377 405.83073236238414 505.83073236238414 138.05581447516937 238.05581447516937
442 636.1273 277.4854 411.50043363562395 511.50043363562395 131.66873177782583 231.66873177782583
460 593.6731 247.47406 417.69921012162035 517.6992101216204 125.08477825264669 225.0847782526467
477 593.6731 247.47406 423.73332887425113 523.7333288742511 119.04079373995708 219.04079373995708
493 562.7341 222.41206 429.5675174146769 529.5675174146769 113.51139478609738 213.51139478609738
510 562.7341 222.41206 435.9262688483818 535.9262688483818 107.8099372430793 207.8099372430793
527 534.2257 199.256 442.44473833256984 542.4447383325698 102.29179502905546 202.29179502905546
544 534.2257 199.256 449.1176429853873 549.1176429853873 96.96144031244515 196.96144031244515
561 534.2257 199.256 455.939574763276 555.939574763276 91.82319306962836 191.82319306962836
579 518.85345 177.09435 463.31908475446505 563.319084754465 86.5967118216947 186.5967118216947
595 518.85345 177.09435 470.0082881070341 570.0082881070341 82.13951907017963 182.13951907017963
612 503.84094 156.7124 477.24366770951156 577.2436677095116 77.60194042970028 177.60194042970028
630 503.84094 156.7124 485.0421198581312 585.0421198581312 73.02401316610684 173.02401316610684
646 495.44226 134.94418 492.08715802621145 592.0871580262115 69.15368424901567 169.15368424901567
663 492.23074 118.01939 499.6832388604396 599.6832388604396 65.24985358281685 165.24985358281685
680 492.23074 118.01939 507.3873660236304 607.3873660236304 61.563830988764266 161.56383098876427
697 495.80164 103.159035 515.1932957197998 615.1932957197998 58.09860379723074 158.09860379723074
714 495.80164 103.159035 523.0947016472838 623.0947016472838 54.85698039535282 154.85698039535282
731 488.90775 78.89661 531.0851801258791 631.0851801258791 51.84158795097835 151.84158795097835
748 488.90775 78.89661 539.158255286693 639.158255286693 49.0548702834833 149.0548702834833
765 489.95883 61.607605 547.3073843205016 647.3073843205016 46.49908588318232 146.49908588318232
782 489.95883 61.607605 555.5259627803556 655.5259627803556 44.176306080939696 144.1763060809397
799 494.51407 45.963783 563.8073299341439 663.8073299341439 42.08841336946284 142.08841336946284
816 494.51407 45.963783 572.1447741627716 672.1447741627716 40.23709987763954 140.23709987763954
833 499.11227 31.504826 580.531538399579 680.531538399579 38.62386599915499 138.623865999155
851 499.11227 31.504826 589.4578444296311 689.4578444296311 37.176684392405264 137.17668439240526
867 506.99963 17.578762 597.4258042831839 697.4258042831839 36.116672841359446 136.11667284135945
884 506.99963 17.578762 605.9196140026227 705.9196140026227 35.2247455122278 135.2247455122278
901 517.4534 6.03057 614.4353709721212 714.4353709721212 34.574960050003085 134.57496005000309
919 517.4534 6.03057 623.4683063658551 723.4683063658551 34.151460206215404 134.1514602062154
935 529.7071 -3.4813042 631.5051081479654 731.5051081479654 34.00372452586896 134.00372452586896
952 529.7071 -3.4813042 640.0452542165596 740.0452542165596 34.08273742076125 134.08273742076125
969 539.11066 -12.622064 648.5796904715623 748.5796904715623 34.40481772096149 134.4048177209615
987 539.11066 -12.622064 657.6022422323567 757.6022422323567 35.01048567359351 135.0104856735935
1003 554.55634 -20.767092 665.6037768999744 765.6037768999744 35.77693963769889 135.7769396376989
1020 554.55634 -20.767092 674.0796299331981 774.0796299331981 36.82586922049978 136.82586922049978
1038 568.62524 -23.367434 683.0176280498187 783.0176280498187 38.19899106955364 138.19899106955364
1055 587.7846 -27.542366 691.4174796955454 791.4174796955454 39.74263294520472 139.74263294520472
1071 587.7846 -27.542366 699.2800950571935 799.2800950571935 41.41334787928315 141.41334787928315
1088 587.7846 -27.542366 707.5818585250034 807.5818585250034 43.41860627535635 143.41860627535635
1106 603.8939 -28.175533 716.3059353437416 816.3059353437416 45.79847131476845 145.79847131476845
1122 603.8939 -28.175533 723.9973720999366 823.9973720999366 48.133810549576026 148.13381054957603
1139 624.98425 -30.018927 732.0978182836474 832.0978182836474 50.839934998910564 150.83993499891056
1156 624.98425 -30.018927 740.117950819005 840.117950819005 53.77554601295549 153.7755460129555
1173 640.23553 -31.981762 748.0512698040402 848.0512698040402 56.93826443105149 156.9382644310515
1190 640.23553 -31.981762 755.8913456946693 855.8913456946693 60.32552703375262 160.32552703375262
1208 656.01074 -29.89957 764.0839106673807 864.0839106673807 64.15373198032523 164.15373198032523
1225 677.38293 -27.450836 771.712097942471 871.712097942471 67.99444764366609 167.9944476436661
1241 677.38293 -27.450836 778.788983721744 878.788983721744 71.80623152831976 171.80623152831976
1258 693.375 -25.28633 786.1933800147626 886.1933800147626 76.06243329120804 176.06243329120804
1275 693.375 -25.28633 793.4736210088488 893.4736210088488 80.52768009049117 180.52768009049117
1293 712.1266 -23.648764 801.040231024628 901.040231024628 85.47941582800502 185.47941582800502
1309 712.1266 -23.648764 807.638141470708 907.638141470708 90.0706669060545 190.0706669060545
1326 731.75793 -19.938171 814.5109413283826 914.5109413283826 95.14067282585665 195.14067282585665
1343 731.75793 -19.938171 821.2366359705578 921.2366359705578 100.40426185718263 200.40426185718263
1360 731.75793 -19.938171 827.809774570124 927.809774570124 105.85716813378187 205.85716813378187
1377 749.8726 -16.570599 834.2250299387413 934.2250299387413 111.49497235758312 211.49497235758312
1395 749.8726 -16.570599 840.8397900584413 940.8397900584413 117.66086422363836 217.66086422363836
1411 769.95807 -11.221579 846.5612262243785 946.5612262243785 123.30685190652298 223.30685190652298
1428 787.3916 -3.5990834 852.4721692933363 952.4721692933363 129.47135431515434 229.47135431515434
1445 787.3916 -3.5990834 858.2052415379586 958.2052415379586 135.80161659632608 235.80161659632608
1462 808.7945 6.208214 863.7557966001699 963.7557966001699 142.29250840037312 242.29250840037312
1479 808.7945 6.208214 869.1193360426164 969.1193360426164 148.93876919572267 248.93876919572267
1496 837.2742 20.722853 874.2915129944168 974.2915129944168 155.73501253228335 255.73501253228335
1513 837.2742 20.722853 879.2681356740757 979.2681356740757 162.675730406883 262.67573040688296
1530 862.79236 40.722466 884.0451707867052 984.0451707867052 169.7552977272204 269.7552977272204
1548 862.79236 40.722466 888.8813645222324 988.8813645222324 177.39627306401533 277.3962730640153
1564 887.1275 54.104935 892.9851570459276 992.9851570459276 184.30792233453255 284.3079223345326
1581 887.1275 54.104935 897.1408627967578 997.1408627967578 191.76918547310373 291.76918547310373
1598 887.1275 54.104935 901.0824960610505 1001.0824960610505 199.34571931915121 299.3457193191512
1616 910.06903 70.986145 905.0191112173986 1005.0191112173986 207.48674720608716 307.48674720608716
1632 924.7109 83.98172 908.3109432553329 1008.3109432553329 214.8199491363638 314.8199491363638
1649 924.7109 83.98172 911.5918989033121 1011.5918989033121 222.7051040458423 322.7051040458423
1667 934.73 99.659 914.8197010204906 1014.8197010204906 231.15226732338112 331.1522673233811
1683 934.73 99.659 917.4739812329851 1017.4739812329851 238.73954649774532 338.7395464977453
1700 943.7762 113.44769 920.0703407916484 1020.0703407916484 246.87583895516212 346.8758389551621
1717 943.7762 113.44769 922.4340447096293 1022.4340447096293 255.08274103198784 355.08274103198784
1734 960.8835 127.6633 924.5631773273444 1024.5631773273444 263.35360145921436 363.35360145921436
1752 960.8835 127.6633 926.5599638955216 1026.5599638955216 272.17324529251096 372.17324529251096
1769 971.99176 142.55968 928.2009350518042 1028.2009350518042 280.55462653755245 380.55462653755245
1785 971.99176 142.55968 929.5268506369953 1029.5268506369953 288.4826752619944 388.4826752619944
1802 985.89453 156.29634 930.7023636603816 1030.7023636603817 296.94190141113677 396.94190141113677
1819 985.89453 156.29634 931.6366043392997 1031.6366043392995 305.4311612295389 405.4311612295389
1836 994.1873 169.67117 932.3288155200738 1032.328815520074 313.9435746118702 413.9435746118702
1853 994.1873 169.67117 932.7784362013994 1032.7784362013995 322.4722426880359 422.4722426880359
1871 1006.2966 184.35506 932.9896881603357 1032.9896881603358 331.5126324227158 431.5126324227158
1887 1006.2966 184.35506 932.9486453909749 1032.948645390975 339.5506871754069 439.5506871754069
1904 1016.5428 201.49306 932.6690959534936 1032.6690959534935 348.08662239203596 448.08662239203596
1922 1016.5428 201.49306 932.1083946506541 1032.1083946506542 357.1120801640305 457.1120801640305
1938 1022.41125 216.46036 931.3818216320687 1031.3818216320687 365.1173347111916 465.1173347111916
1955 1022.41125 216.46036 930.3751400172805 1030.3751400172805 373.5983093035911 473.5983093035911
1972 1027.1404 232.139 929.1274512558361 1029.1274512558361 382.04719151753216 482.04719151753216
1989 1027.1404 232.139 927.6397665348454 1027.6397665348454 390.4571339716405 490.4571339716405
2006 1030.3204 244.76909 925.9132915457113 1025.9132915457112 398.8213208432003 498.8213208432003
2023 1034.7074 256.604 923.9494255069792 1023.9494255069792 407.13297339202586 507.13297339202586
2040 1034.7074 256.604 921.7497600303433 1021.7497600303433 415.385355454278 515.3853554542779
2057 1039.588 268.3755 919.3160778307275 1019.3160778307275 423.5717789017766 523.5717789017766
2075 1039.588 268.3755 916.4863627748334 1016.4863627748334 432.1604916486035 532.1604916486035
2092 1039.588 268.3755 913.5773009969078 1013.5773009969078 440.19029223658174 540.1902922365817
2108 1046.5365 279.6142 910.6315931762647 1010.6315931762647 447.6692503292295 547.6692503292295
2125 1046.5365 279.6142 907.2834395119482 1007.2834395119482 455.52610752219204 555.526107522192
2143 1049.1495 294.57187 903.4961054216201 1003.4961054216201 463.737646624778 563.737646624778
2159 1049.1495 294.57187 899.9231482862865 999.9231482862865 470.9380623089762 570.9380623089762
2176 1053.6482 308.17294 895.9169758597092 995.9169758597092 478.4806693117979 578.4806693117979
2193 1053.4088 319.19638 891.6977228435584 991.6977228435584 485.90618221638465 585.9061822163847
2210 1053.4088 319.19638 887.2688087238421 987.2688087238421 493.20858302917645 593.2085830291765
2227 1053.6322 332.477 882.6338229060326 982.6338229060326 500.38195353258584 600.3819535325858
2245 1053.6322 332.477 877.5057571776003 977.5057571776003 507.8301892854297 607.8301892854297
2262 1049.4487 346.66357 872.4585164298949 972.4585164298949 514.719724737489 614.719724737489
2278 1049.4487 346.66357 867.5308160761413 967.5308160761413 521.0702977777584 621.0702977777584
2295 1040.555 369.1212 862.1107312689596 962.1107312689596 527.6705264551181 627.6705264551181
2313 1040.555 369.1212 856.169526925818 956.169526925818 534.4878107309933 634.4878107309933
2329 1026.0981 390.16904 850.7180576999276 950.7180576999276 540.394882086187 640.394882086187
2346 1026.0981 390.16904 844.754702109853 944.754702109853 546.5086966087915 646.5086966087915
2363 1026.0981 390.16904 838.6197303028227 938.6197303028227 552.4502838409564 652.4502838409564
2380 1017.4925 407.36108 832.3181143556885 932.3181143556885 558.2148284340103 658.2148284340103
2397 1008.22864 424.78983 825.8549614017456 925.8549614017456 563.7976585231695 663.7976585231695
2414 1008.22864 424.78983 819.2355094916655 919.2355094916655 569.1942495138428 669.1942495138428
2431 999.4983 439.4327 812.4651233483269 912.4651233483269 574.4002277485814 674.4002277485814
2448 999.4983 439.4327 805.5492900189863 905.5492900189863 579.4113740517007 679.4113740517007
2466 991.74414 452.32568 798.0743413925139 898.0743413925139 584.5004227817345 684.5004227817345
2482 991.74414 452.32568 791.3038148358737 891.3038148358737 588.8330869577367 688.8330869577367
2499 979.97986 463.7362 783.9857182018081 883.9857182018081 593.2360177503971 693.2360177503971
2516 979.97986 463.7362 776.54525546435 876.54525546435 597.4288511793545 697.4288511793545
2533 970.55084 470.5717 768.9884567331254 868.9884567331254 601.4081891703074 701.4081891703074
2550 970.55084 470.5717 761.3214464020558 861.3214464020558 605.1708066759479 705.1708066759479
2567 957.63214 478.4934 753.5504381858558 853.5504381858558 608.7136542896951 708.7136542896951
2585 957.63214 478.4934 745.2159582546325 845.2159582546325 612.2221750921277 712.2221750921277
2601 946.69977 487.68643 737.721699277214 837.721699277214 615.1287351027865 715.1287351027865
2619 946.69977 487.68643 729.2010633664289 829.2010633664289 618.1572723108953 718.1572723108953
2635 936.6759 500.969 721.553543102233 821.553543102233 620.6326394604092 720.6326394604092
2652 936.6759 500.969 713.3585211872297 813.3585211872297 623.0372088029525 723.0372088029525
2669 924.5389 520.76843 705.0983728534557 805.0983728534557 625.2075284601758 725.2075284601758
2687 924.5389 520.76843 696.2887884500344 796.2887884500344 627.2482382837565 727.2482382837565
2703 847.41736 540.9501 688.4095219750633 788.4095219750633 628.8385742647915 728.8385742647915
2721 847.41736 540.9501 679.4980815799211 779.4980815799211 630.3746419810356 730.3746419810356
2737 843.5167 553.0017 671.5410813019316 771.5410813019316 631.5140081610913 731.5140081610913
2754 843.5167 553.0017 663.0565821743512 763.0565821743512 632.4905389924386 732.4905389924386
2771 837.74945 561.9253 654.5477237438794 754.5477237438794 633.2251587040392 733.2251587040392
2789 825.38477 569.8171 645.5194574500881 745.5194574500881 633.7386581426483 733.7386581426483
2805 825.38477 569.8171 637.4845270833351 737.4845270833351 633.9664798220608 733.9664798220608
2822 812.8074 573.77466 628.9440176902656 728.9440176902656 633.9725804261168 733.9725804261168
2840 812.8074 573.77466 619.9048561883765 719.9048561883765 633.714059077236 733.714059077236
2857 812.8074 573.77466 611.3786557812324 711.3786557812324 633.2198480618783 733.2198480618783
2873 799.6217 579.5561 603.3698801263789 703.3698801263789 632.5331740297464 732.5331740297464
2890 799.6217 579.5561 594.8839945588649 694.8839945588649 631.5687653790487 731.5687653790487
2908 787.5143 579.90216 585.9327560156919 685.9327560156919 630.2847862171152 730.2847862171152
2924 787.5143 579.90216 578.0117489028069 678.0117489028069 628.9174329219486 728.9174329219486
2941 771.69196 582.6513 569.6390628953682 669.6390628953682 627.232657883161 727.232657883161
2958 771.69196 582.6513 561.3177276452934 661.3177276452934 625.3102329649023 725.3102329649023
2975 753.3297 588.2095 553.0544871637487 653.0544871637487 623.1517161929854 723.1517161929854
2992 726.82715 595.122 544.8560383791012 644.8560383791012 620.7588569334407 720.7588569334407
3010 726.82715 595.122 536.2533318686146 636.2533318686146 617.9719743310518 717.9719743310518
3027 706.477 601.045 528.2091351954737 628.2091351954737 615.1029609476205 715.1029609476205
3043 706.477 601.045 520.7155915726703 620.7155915726703 612.1945571432422 712.1945571432422
3060 680.44574 599.9497 512.8421481644934 612.8421481644934 608.8855955525434 708.8855955525434
3077 680.44574 599.9497 505.066086470933 605.066086470933 605.3538534259965 705.3538534259965
3095 680.44574 599.9497 496.94575447846444 596.9457544784644 601.3747225815591 701.3747225815591
3111 663.4254 601.51984 489.8312325780845 589.8312325780845 597.6336549738851 697.6336549738851
3128 663.4254 601.51984 482.38478743869564 582.3847874386956 593.4514554692516 693.4514554692516
3146 642.6802 604.09906 474.6334910195917 574.6334910195917 588.7941302961241 688.7941302961241
3162 628.1254 604.8704 467.8640306732291 567.8640306732291 584.4598004361334 684.4598004361334
3179 628.1254 604.8704 460.8014873683203 560.8014873683203 579.6576321782761 679.6576321782761
3196 612.8921 603.3764 453.87850203784535 553.8785020378454 574.6563711348483 674.6563711348483
3213 612.8921 603.3764 447.10068540279684 547.1006854027969 569.4600705688548 669.4600705688548
3230 601.2063 603.7435 440.47353053246013 540.4735305324601 564.0729418127313 664.0729418127313
3247 601.2063 603.7435 434.0024083925641 534.0024083925641 558.4993508552757 658.4993508552757
3264 590.48816 601.9415 427.69256349239276 527.6925634923928 552.7438148032415 652.7438148032415
3281 590.48816 601.9415 421.54910963438175 521.5491096343817 546.8109982204569 646.8109982204569
3298 574.40845 600.42896 415.5770257696452 515.5770257696452 540.7057093474355 640.7057093474355
3315 574.40845 600.42896 409.7811519627961 509.7811519627961 534.4328962045494 634.4328962045494
3332 564.6697 598.639 404.1661854693228 504.1661854693228 527.9976425819129 627.9976425819129
3349 564.6697 598.639 398.7366769287074 498.7366769287074 521.4051639192346 621.4051639192346
3366 549.6643 596.9974 393.49702667636814 493.49702667636814 514.6608030789737 614.6608030789737
3384 549.6643 596.9974 388.16081736231547 488.16081736231547 507.3602452851014 607.3602452851014
3401 540.9574 594.6569 383.3252481623738 483.3252481623738 500.3205287834901 600.3205287834901
3417 540.9574 594.6569 378.95890042682595 478.95890042682595 493.5716758314352 593.5716758314352
3435 516.5041 584.8824 374.2649101067921 474.2649101067921 485.8425278304917 585.8425278304917
3451 516.5041 584.8824 370.28970142185455 470.28970142185455 478.85613214835485 578.8561321483548
3468 497.6231 572.99786 366.2727575118902 466.2727575118902 471.3192561685689 571.3192561685689
3485 497.6231 572.99786 362.4719822152257 462.4719822152257 463.6710900449318 563.6710900449318
3502 482.92142 563.71204 358.8904558633554 458.8904558633554 455.9178322199049 555.9178322199049
3519 482.92142 563.71204 355.5310810978608 455.5310810978608 448.06576630732854 548.0657663073285
3536 468.0812 554.78955 352.3965805179704 452.3965805179704 440.1212559998803 540.1212559998803
3554 457.807 544.82227 349.3256228120883 449.3256228120883 431.61581699217805 531.615816992178
3570 457.807 544.82227 346.8121790087004 446.8121790087004 423.9807263598813 523.9807263598814
3587 441.04535 533.7787 344.3668039474663 444.3668039474663 415.79778809050777 515.7977880905078
3604 441.04535 533.7787 342.155351140146 442.155351140146 407.5485569510936 507.5485569510936
3621 441.04535 533.7787 340.17961285468476 440.17961285468476 399.23971851615926 499.23971851615926
3638 432.86224 524.2049 338.44119032461737 438.44119032461737 390.87800666884965 490.87800666884965
3655 432.86224 524.2049 336.9414924513526 436.9414924513526 382.4701981434725 482.4701981434725
3673 426.43033 514.63293 335.61512624611004 435.61512624611004 373.52514215512616 473.52514215512616
3689 426.43033 514.63293 334.66293792598333 434.66293792598333 365.5435792681223 465.5435792681223
3706 417.30157 504.37 333.8859279242903 433.8859279242903 357.03848706593226 457.03848706593226
3724 410.10138 494.314 333.32744725508564 433.32744725508564 348.0128916126015 448.0128916126015
3741 410.10138 494.314 333.0499980009779 433.0499980009779 339.4768878742076 439.4768878742076
3757 407.49707 483.05743 453.02406576024066 553.0240657602407 331.056686471707 431.056686471707
3774 407.49707 483.05743 453.36623095517183 553.3662309551719 322.5235450269113 422.5235450269113
3792 403.57346 469.62445 454.16922084104294 554.1692208410429 313.5170210808991 413.5170210808991
3808 403.57346 469.62445 455.26193415828243 555.2619341582824 305.553911501838 405.553911501838
3825 391.70624 445.30374 456.81120498653286 556.8112049865329 297.15561763711503 397.15561763711503
3843 391.70624 445.30374 458.8837967246308 558.8837967246309 288.35410470841526 388.35410470841526
3859 383.5853 418.91232 461.09515609929747 561.0951560992975 280.62655488470796 380.62655488470796
3876 383.5853 418.91232 463.8201933182859 563.8201933182859 272.53299249891984 372.53299249891984
3893 383.5853 418.91232 466.92605000007745 566.9260500000775 264.5777907912517 364.5777907912517
3911 377.52133 393.42548 470.6219007798122 570.6219007798122 256.3253394366035 356.3253394366035
3927 407.50018 373.9324 474.251415455004 574.251415455004 249.15374548655507 349.15374548655507
3944 407.50018 373.9324 478.4544350159092 578.4544350159092 241.71962102511617 341.71962102511617
3962 398.42435 353.6752 483.2836511094473 583.2836511094473 234.07495371588607 334.07495371588607
3978 398.42435 353.6752 487.893864647575 587.893864647575 227.49080094619188 327.4908009461919
3995 392.37134 332.7628 493.109026801152 593.109026801152 220.7281340425647 320.7281340425647
4012 392.37134 332.7628 498.63907999467915 598.6390799946792 214.22043924223226 314.22043924223226
4029 398.95782 316.18573 504.47157621838664 604.4715762183866 207.98236520147657 307.98236520147657
4046 398.95782 316.18573 510.59338667089924 610.5933866708992 202.0279536670738 302.0279536670738
4064 409.99002 299.5086 517.3753216119491 617.3753216119491 196.0473496171248 296.04734961712484
4080 409.99002 299.5086 523.6492098803254 623.6492098803254 191.0230623484931 291.0230623484931
4097 424.9488 286.35324 530.5538343096449 630.5538343096449 185.9973542961332 285.9973542961332
4114 424.9488 286.35324 537.689062464963 637.689062464963 181.30479645322103 281.304796453221
4131 424.9488 286.35324 545.0388331282979 645.0388331282979 176.95595164869005 276.9559516486901
4148 442.6048 270.67606 552.5866021519138 652.5866021519138 172.9606090221234 272.96060902212344
4165 459.6519 254.67868 560.3153796987771 660.3153796987771 169.32776198864897 269.32776198864894
4182 459.6519 254.67868 568.2077684862486 668.2077684862486 166.06558799499004 266.06558799499004
4199 473.13495 241.89613 576.2460029469295 676.2460029469295 163.1814301122385 263.1814301122385
4216 473.13495 241.89613 584.4119892185008 684.4119892185008 160.68178050678887 260.68178050678887
4233 486.72513 231.4405 592.6873458725511 692.6873458725511 158.57226582663537 258.5722658266354
4250 486.72513 231.4405 601.053445290706 701.053445290706 156.85763453593017 256.8576345359302
4267 509.21814 211.13013 609.4914555949256 709.4914555949256 155.54174622631027 255.54174622631027
4285 509.21814 211.13013 618.4830892855312 718.4830892855312 154.5863458281167 254.5863458281167
4302 533.23083 194.94472 627.009212437205 727.009212437205 154.09972077737774 254.09972077737774
4318 551.72876 181.4485 635.0464617946108 735.0464617946108 154.01163372561214 254.01163372561214
4335 551.72876 181.4485 643.581202299593 743.581202299593 154.31127426047263 254.31127426047263
4352 551.72876 181.4485 652.0921247860152 752.0921247860152 155.01538956894865 255.01538956894865
4369 573.4557 170.9294 660.5600713827765 760.5600713827765 156.12239470530233 256.1223947053023
4387 573.4557 170.9294 669.4581090553891 769.4581090553891 157.73086973577773 257.73086973577773
4403 595.6204 160.1933 677.2909320172428 777.2909320172428 159.53420581373558 259.5342058137356
4420 595.6204 160.1933 685.5161853111272 785.5161853111272 161.83133188536496 261.831331885365
4437 619.27124 152.73602 693.6232260010909 793.6232260010909 164.5160052712332 264.5160052712332
4454 619.27124 152.73602 701.5938053437343 801.5938053437343 167.58218283949915 267.5821828394992
4471 637.2433 144.48776 709.4099817666976 809.4099817666976 171.0229627020636 271.02296270206364
4488 637.2433 144.48776 717.0541612546845 817.0541612546845 174.83059975054408 274.8305997505441
4505 656.2275 137.84576 724.5091369531456 824.5091369531456 178.99652309031762 278.9965230903176
4523 674.51025 132.3186 732.1777732058051 832.1777732058051 183.78758605914797 283.787586059148
4539 674.51025 132.3186 738.7848168015221 838.7848168015221 188.36493370665013 288.36493370665016
4556 690.3505 130.407 745.5733867574248 845.5733867574248 193.54633292803192 293.5463329280319
4573 690.3505 130.407 752.108556869033 852.108556869033 199.0438897990301 299.0438897990301
4591 707.7333 129.61208 758.735613124305 858.735613124305 205.19566935752866 305.1956693575287
4607 707.7333 129.61208 764.3604590589218 864.3604590589218 210.9372932370277 310.9372932370277
4624 707.7333 129.61208 770.0496124154753 870.0496124154753 217.30636805391646 317.30636805391646
4642 725.46814 130.18591 775.7369103211945 875.7369103211945 224.33608418463587 324.33608418463587
4658 725.46814 130.18591 780.4903217770493 880.4903217770493 230.81761302381858 330.8176130238186
4675 739.5807 134.15886 785.2183760095571 885.2183760095571 237.9293697063817 337.9293697063817
4692 739.5807 134.15886 789.6037905304013 889.6037905304013 245.25737894613326 345.25737894613326
4710 754.0681 139.10052 793.8627475670244 893.8627475670244 253.233816202647 353.233816202647
4726 771.58636 144.93985 797.3080081024611 897.3080081024611 260.4957247950736 360.4957247950736
4743 771.58636 144.93985 800.6094691549205 900.6094691549205 268.3717602734482 368.3717602734482
4761 789.1056 154.08592 803.6937615671286 903.6937615671286 276.8717253711941 376.8717253711941
4777 789.1056 154.08592 806.0739549944915 906.0739549944915 284.5489524624127 384.5489524624127
4795 804.0226 161.1817 808.3389522412413 908.3389522412413 293.3029260641045 393.3029260641045
4811 804.0226 161.1817 809.980977411876 909.980977411876 301.17114631399613 401.17114631399613
4828 809.3728 155.41306 811.3388957607996 911.3388957607996 309.60249482388303 409.60249482388303
4845 809.3728 155.41306 812.2953777692248 912.2953777692248 318.08876150040663 418.08876150040663
4862 809.285 169.49237 812.84827042036 912.84827042036 326.6108439720703 426.6108439720703
4879 809.285 169.49237 812.9963291668411 912.9963291668411 335.1495592469291 435.1495592469291
4896 809.285 169.49237 812.7392207321774 912.7392207321774 343.68568689301895 443.68568689301895
4913 826.459 181.1749 812.0775238609478 912.0775238609478 352.200012303063 452.200012303063
4930 840.3023 195.67606 811.0127280160616 911.0127280160616 360.6733699460652 460.6733699460652
4947 840.3023 195.67606 809.5472300260149 909.5472300260149 369.0866865084376 469.0866865084376
4964 852.49426 209.39795 807.6843286896907 907.6843286896907 377.4210238275436 477.4210238275436
4981 852.49426 209.39795 805.4282173508461 905.4282173508461 385.65762152102405 485.65762152102405
4998 860.1162 225.80261 802.7839744590015 902.7839744590015 393.77793921594457 493.77793921594457
5015 860.1162 225.80261 799.7575521379785 899.7575521379785 401.7636982827043 501.7636982827043
5032 869.3707 242.02507 796.3557627878217 896.3557627878217 409.59692297976756 509.59692297976756
5049 869.3707 242.02507 792.5862637502574 892.5862637502574 417.25998091660404 517.259980916604
5066 875.52094 255.7125 788.4575400722103 888.4575400722103 424.73562274375536 524.7356227437554
5083 875.52094 255.7125 783.9788854061801 883.9788854061801 432.00702098068035 532.0070209806804
5100 822.1583 271.3516 779.1603810904619 879.1603810904619 439.057807893992 539.057807893992
5117 834.89417 296.01666 774.0128734563121 874.0128734563121 445.8721123408068 545.8721123408068
5134 834.89417 296.01666 768.5479494131282 868.5479494131282 452.4345954942897 552.4345954942896
5151 834.89417 296.01666 762.7779103666112 862.7779103666112 458.73048537096236 558.7304853709624
5169 842.75 317.3177 756.3503375862501 856.3503375862501 465.09040474938706 565.0904047493871
5185 842.75 317.3177 750.3750976809954 850.3750976809954 470.46642973411736 570.4664297341174
5202 847.23553 340.08383 743.7702424593289 843.7702424593289 475.8800669068827 575.8800669068827
5219 847.23553 340.08383 736.9160462255444 836.9160462255444 480.9743356401059 580.9743356401059
5236 852.05194 358.1345 729.8279376018812 829.8279376018812 485.73776886380733 585.7377688638073
5253 852.05194 358.1345 722.5218717414465 822.5218717414465 490.15964421036574 590.1596442103657
5270 852.66925 375.872 715.014294413571 815.014294413571 494.2300081502966 594.2300081502966
5287 850.94446 389.48087 707.3221049847989 807.3221049847989 497.93969839739407 597.9396983973941
5304 850.94446 389.48087 699.4626183788416 799.4626183788416 501.28036453280606 601.2803645328061
5321 848.312 401.104 691.4535261011198 791.4535261011198 504.2444868016163 604.2444868016163
5338 848.312 401.104 683.3128564156366 783.3128564156366 506.8253930396211 606.8253930396211
5355 848.312 401.104 675.0589337638094 775.0589337638094 509.01727369220305 609.017273692203
5372 840.42303 409.60767 666.710337516615 766.710337516615 510.8151948914908 610.8151948914908
5389 840.42303 409.60767 658.2858601528986 758.2858601528986 512.2151095623715 612.2151095623715
5406 831.6216 420.14005 649.8044649579773 749.8044649579773 513.2138665323532 613.2138665323532
5423 831.6216 420.14005 641.2852433377668 741.2852433377668 513.8092176247758 613.8092176247758
5441 756.98566 427.32843 632.2449739756478 732.2449739756478 513.9984164810973 613.9984164810973
5457 756.98566 427.32843 624.2100690108309 724.2100690108309 513.7852527689789 613.7852527689789
5474 694.95807 432.4897 615.692552089333 715.692552089333 513.1659907650433 613.1659907650433
5492 703.0937 439.2904 606.7168767722527 706.7168767722527 512.0707652406622 612.0707652406622
5508 703.0937 439.2904 598.7934791480179 698.7934791480179 510.71987418285164 610.7198741828516
5525 704.32117 445.43286 590.4499625136663 690.4499625136663 508.8985257511097 608.8985257511097
5542 704.32117 445.43286 582.2022249367301 682.2022249367301 506.68348516468336 606.6834851646834
5560 705.7649 450.69403 573.5943505800357 673.5943505800357 503.9145927134932 603.9145927134932
5577 705.7649 450.69403 565.6019771400934 665.6019771400934 500.9056814927985 600.9056814927985
5593 705.62573 455.81104 558.218012891798 658.218012891798 497.7304321259451 597.7304321259451
5610 705.62573 455.81104 550.5362667811617 650.5362667811617 493.99916469660786 593.9991646966079
5627 680.8861 456.48132 543.0401444467964 643.0401444467964 489.90774319720856 589.9077431972086
5645 680.8861 456.48132 535.3241421383856 635.3241421383856 485.19334241625086 585.1933424162509
5661 680.8861 456.48132 528.6718096170268 628.6718096170268 480.6820667001052 580.6820667001052
5678 659.1357 456.91867 521.8319398796541 621.8319398796541 475.56857846668925 575.5685784666892
5695 639.4954 456.8626 515.2423066318847 615.2423066318847 470.13642294632587 570.1364229463259
5712 639.4954 456.8626 508.91774297137306 608.9177429713731 464.3978277836013 564.3978277836013
5729 626.31036 460.8291 502.8724853308397 602.8724853308397 458.36571041097886 558.3657104109789
5746 626.31036 460.8291 497.1201414322254 597.1201414322254 452.0536489719888 552.0536489719889
5764 612.7166 456.931 491.36306905859533 591.3630690585953 445.0809605355471 545.0809605355471
5780 612.7166 456.931 486.5452998949387 586.5452998949387 438.6471252215585 538.6471252215586
5797 588.1704 450.05035 481.74660595691194 581.7466059569119 431.58284065575424 531.5828406557542
5814 588.1704 450.05035 477.2883795805666 577.2883795805666 424.29889958551144 524.2988995855114
5831 577.44666 449.10156 473.18065612063515 573.1806561206351 416.8116979778178 516.8116979778179
5848 577.44666 449.10156 469.43268195865755 569.4326819586576 409.1380893339877 509.1380893339877
5865 563.5527 446.07785 466.05289368960894 566.0528936896089 401.295346752855 501.295346752855
5882 555.6029 441.9729 463.04889913133843 563.0488991313384 393.30112404946493 493.30112404946493
5899 555.6029 441.9729 460.427460199564 560.4274601995639 385.1734160167848 485.1734160167848
5917 555.6029 441.9729 458.07533489037223 558.0753348903722 376.44244969702606 476.44244969702606
5933 549.24805 436.73666 456.35497798067684 556.3549779806768 368.59098431373195 468.59098431373195
5950 549.24805 436.73666 454.91310174796206 554.9131017479621 360.1735872774116 460.1735872774116
5968 540.7553 430.88184 453.8233973510431 553.8233973510431 351.19723998721406 451.19723998721406
5984 540.7553 430.88184 453.23429986469176 553.2342998646918 343.18112492358273 443.18112492358273
6001 524.71655 420.16937 453.0036526131048 553.0036526131048 335.1467028281774 435.1467028281774
