0 680.56647 315.63324 333.0 433.0 334.0 434.0
17 680.56647 315.63324 333.1215672298508 433.1215672298508 325.460353677165 425.460353677165
34 679.79346 314.15466 333.4861703954607 433.4861703954607 316.92762829531256 416.92762829531256
51 679.79346 314.15466 334.0935140048509 434.0935140048509 308.4087391863609 408.4087391863609
68 680.1609 316.35397 334.94310583748677 434.94310583748677 299.91059046864586 399.91059046864586
85 680.1609 316.35397 336.0342573431978 436.0342573431978 291.44006945149073 391.44006945149073
102 675.3258 314.45355 337.3660842002114 437.3660842002114 283.00404105339845 383.00404105339845
119 675.3258 314.45355 338.93750703184975 438.93750703184975 274.6093422383909 374.6093422383909
136 614.02 313.86304 340.74725228130916 440.74725228130916 266.2627764750041 366.2627764750041
153 614.02 313.86304 342.7938532438116 442.7938532438116 257.9711082224287 357.9711082224287
170 627.2181 312.9054 345.0756512552929 445.0756512552929 249.74105744826687 349.7410574482669
188 627.2181 312.9054 347.745971055829 447.745971055829 241.10145872448777 341.10145872448777
204 635.5462 311.9382 350.3372521925565 450.3372521925565 233.4924331110061 333.4924331110061
221 635.5462 311.9382 353.31279086333535 453.31279086333535 225.48702821623766 325.48702821623766
238 584.5276 315.0003 356.51500152904384 456.51500152904384 217.5695674640201 317.5695674640201
255 584.5276 315.0003 359.9412889638151 459.9412889638151 209.74646754616077 309.7464675461608
273 602.4247 315.38107 363.8102697116431 463.8102697116431 201.57308012612515 301.57308012612515
289 605.1954 309.1631 367.4548074744846 467.4548074744846 194.40862946948707 294.4086294694871
307 605.1954 309.1631 371.7826486363828 471.7826486363828 186.46866317091627 286.4686631709163
324 568.11285 294.49747 376.0880516625483 476.0880516625483 179.0927671105879 279.09276711058794
340 568.11285 294.49747 380.3304626662418 480.3304626662418 172.26532559916362 272.2653255991636
357 568.11285 294.49747 385.0367068437197 485.0367068437197 165.13850276900726 265.13850276900723
374 534.29016 281.01804 389.9439124255555 489.9439124255555 158.14853343516307 258.1485334351631
391 534.29016 281.01804 395.0481023758233 495.0481023758233 151.30108260568883 251.30108260568883
408 508.37305 268.277 400.34514001297055 500.34514001297055 144.601699784777 244.601699784777
425 508.37305 268.277 405.83073236238414 505.83073236238414 138.05581447516937 238.05581447516937
443 486.85208 256.67242 411.8395815063909 511.8395815063909 131.2980777305462 231.2980777305462
459 486.85208 256.67242 417.3496488335043 517.3496488335043 125.44562809241546 225.44562809241546
476 472.5602 244.34642 423.3736374701024 523.3736374701024 119.39154692211227 219.39154692211227
493 459.29245 223.4064 429.5675174146769 529.5675174146769 113.51139478609738 213.51139478609738
510 459.29245 223.4064 435.9262688483818 535.9262688483818 107.8099372430793 207.8099372430793
527 448.24976 201.24379 442.44473833256984 542.4447383325698 102.29179502905546 202.29179502905546
544 448.24976 201.24379 449.1176429853873 549.1176429853873 96.96144031244515 196.96144031244515
562 445.55728 179.68057 456.34538828338435 556.3453882833844 91.52701560946679 191.5270156094668
578 445.55728 179.68057 462.90500484391305 562.905004843913 86.88121758382923 186.88121758382923
595 445.55728 179.68057 470.0082881070341 570.0082881070341 82.13951907017963 182.13951907017963
612 448.75095 163.60944 477.24366770951156 577.2436677095116 77.60194042970028 177.60194042970028
630 448.75095 163.60944 485.0421198581312 585.0421198581312 73.02401316610684 173.02401316610684
646 449.86578 148.06631 492.08715802621145 592.0871580262115 69.15368424901567 169.15368424901567
663 460.64178 133.34212 499.6832388604396 599.6832388604396 65.24985358281685 165.24985358281685
680 460.64178 133.34212 507.3873660236304 607.3873660236304 61.563830988764266 161.56383098876427
698 467.9524 119.16574 515.6555035702502 615.6555035702502 57.90170381248561 157.9017038124856
714 467.9524 119.16574 523.0947016472838 623.0947016472838 54.85698039535282 154.85698039535282
731 476.7662 107.42159 531.0851801258791 631.0851801258791 51.84158795097835 151.84158795097835
748 476.7662 107.42159 539.158255286693 639.158255286693 49.0548702834833 149.0548702834833
765 486.12747 96.83372 547.3073843205016 647.3073843205016 46.49908588318232 146.49908588318232
782 486.12747 96.83372 555.5259627803556 655.5259627803556 44.176306080939696 144.1763060809397
799 501.60834 74.748535 563.8073299341439 663.8073299341439 42.08841336946284 142.08841336946284
816 501.60834 74.748535 572.1447741627716 672.1447741627716 40.23709987763954 140.23709987763954
833 511.1078 54.535328 580.531538399579 680.531538399579 38.62386599915499 138.623865999155
850 511.1078 54.535328 588.960825606595 688.960825606595 37.25001917650059 137.2500191765006
867 522.2036 36.790043 597.4258042831839 697.4258042831839 36.116672841359446 136.11667284135945
884 522.2036 36.790043 605.9196140026227 705.9196140026227 35.2247455122278 135.2247455122278
901 534.7793 19.949295 614.4353709721212 714.4353709721212 34.574960050003085 134.57496005000309
918 534.7793 19.949295 622.9661736117806 722.9661736117806 34.167843072143 134.167843072143
935 552.59064 11.558256 631.5051081479654 731.5051081479654 34.00372452586896 134.00372452586896
952 552.59064 11.558256 640.0452542165596 740.0452542165596 34.08273742076125 134.08273742076125
969 513.68054 4.852605 648.5796904715623 748.5796904715623 34.40481772096149 134.4048177209615
987 513.68054 4.852605 657.6022422323567 757.6022422323567 35.01048567359351 135.0104856735935
1003 541.64014 -1.6791563 665.6037768999744 765.6037768999744 35.77693963769889 135.7769396376989
1021 541.64014 -1.6791563 674.5772397075203 774.5772397075203 36.895080588854285 136.89508058885428
1037 563.33014 -4.740685 682.5221900543268 782.5221900543268 38.115643042381976 138.11564304238198
1055 587.7955 -8.373888 691.4174796955454 791.4174796955454 39.74263294520472 139.74263294520472
1071 587.7955 -8.373888 699.2800950571935 799.2800950571935 41.41334787928315 141.41334787928315
1088 609.2086 -10.77523 707.5818585250034 807.5818585250034 43.41860627535635 143.41860627535635
1105 609.2086 -10.77523 715.8231772598931 815.8231772598931 45.65936583863811 145.6593658386381
1123 629.3391 -13.2287445 724.4759748533495 824.4759748533495 48.286601601133555 148.28660160113355
1139 629.3391 -13.2287445 732.0978182836474 832.0978182836474 50.839934998910564 150.83993499891056
1156 629.3391 -13.2287445 740.117950819005 840.117950819005 53.77554601295549 153.7755460129555
1174 650.8977 -15.935335 748.5150943092397 848.5150943092397 57.13132537838908 157.13132537838908
1190 650.8977 -15.935335 755.8913456946693 855.8913456946693 60.32552703375262 160.32552703375262
1207 658.3597 -13.062469 763.6318245155068 863.6318245155068 63.93458862018292 163.93458862018292
1224 658.3597 -13.062469 771.2664330094331 871.2664330094331 67.76252423287974 167.76252423287974
1242 681.0902 -11.350475 779.2278662476037 879.2278662476037 72.05074702783952 172.05074702783952
1258 716.1754 -5.5705204 786.1933800147626 886.1933800147626 76.06243329120804 176.06243329120804
1275 716.1754 -5.5705204 793.4736210088488 893.4736210088488 80.52768009049117 180.52768009049117
1292 691.51666 3.476263 800.6238064458005 900.6238064458005 85.19835307494287 185.19835307494287
1309 691.51666 3.476263 807.638141470708 907.638141470708 90.0706669060545 190.0706669060545
1326 732.06635 9.67935 814.5109413283826 914.5109413283826 95.14067282585665 195.14067282585665
1344 732.06635 9.67935 821.6275668282935 921.6275668282935 100.71982289007568 200.71982289007568
1361 732.06635 9.67935 828.1915644145411 928.1915644145411 106.18372933127876 206.18372933127876
1378 711.7348 15.743799 834.5973693489477 934.5973693489477 111.83226905874935 211.83226905874935
1394 752.5399 21.679699 840.4772028442499 940.4772028442499 117.31310538030687 217.31310538030687
1411 752.5399 21.679699 846.5612262243785 946.5612262243785 123.30685190652298 223.30685190652298
1429 779.40283 31.602879 852.8143786828404 952.8143786828404 129.83918367062486 229.83918367062486
1445 779.40283 31.602879 858.2052415379586 958.2052415379586 135.80161659632608 235.80161659632608
1462 808.71075 39.08612 863.7557966001699 963.7557966001699 142.29250840037312 242.29250840037312
1480 808.71075 39.08612 869.4289206730178 969.4289206730178 149.33444969515332 249.33444969515332
1496 830.75134 49.46084 874.2915129944168 974.2915129944168 155.73501253228335 255.73501253228335
1513 830.75134 49.46084 879.2681356740757 979.2681356740757 162.675730406883 262.67573040688296
1530 855.04443 62.801254 884.0451707867052 984.0451707867052 169.7552977272204 269.7552977272204
1547 855.04443 62.801254 888.6187467928016 988.6187467928016 176.96797687071094 276.9679768707109
1564 818.35596 78.496346 892.9851570459276 992.9851570459276 184.30792233453255 284.3079223345326
1581 818.35596 78.496346 897.1408627967578 997.1408627967578 191.76918547310373 291.76918547310373
1598 850.3049 86.1174 901.0824960610505 1001.0824960610505 199.34571931915121 299.3457193191512
1615 850.3049 86.1174 904.8068623492258 1004.8068623492258 207.03138348446487 307.03138348446487
1632 878.986 96.68676 908.3109432553329 1008.3109432553329 214.8199491363638 314.8199491363638
1649 878.986 96.68676 911.5918989033121 1011.5918989033121 222.7051040458423 322.7051040458423
1666 897.58014 107.06937 914.6470702485676 1014.6470702485676 230.6804577033056 330.6804577033056
1683 897.58014 107.06937 917.4739812329851 1017.4739812329851 238.73954649774532 338.7395464977453
1700 907.7075 117.81221 920.0703407916484 1020.0703407916484 246.87583895516212 346.8758389551621
1718 907.7075 117.81221 922.5657988908573 1022.5657988908573 255.56755701433508 355.5675570143351
1734 921.7788 129.6091 924.5631773273444 1024.5631773273444 263.35360145921436 363.35360145921436
1751 921.7788 129.6091 926.4560130930984 1026.4560130930984 271.6817171329047 371.6817171329047
1768 934.6322 140.72511 928.1110179615537 1028.1110179615537 280.0603385467098 380.0603385467098
1785 934.6322 140.72511 929.5268506369953 1029.5268506369953 288.4826752619944 388.4826752619944
1803 946.74963 151.08247 930.7640061395116 1030.7640061395116 297.4405053679775 397.4405053679775
1819 946.74963 151.08247 931.6366043392997 1031.6366043392995 305.4311612295389 405.4311612295389
1836 959.1963 166.10788 932.3288155200738 1032.328815520074 313.9435746118702 413.9435746118702
1853 969.6905 181.2514 932.7784362013994 1032.7784362013995 322.4722426880359 422.4722426880359
1871 969.6905 181.2514 932.9896881603357 1032.9896881603358 331.5126324227158 431.5126324227158
1887 969.6905 181.2514 932.9486453909749 1032.948645390975 339.5506871754069 439.5506871754069
1904 979.472 194.88013 932.6690959534936 1032.6690959534935 348.08662239203596 448.08662239203596
1921 979.472 194.88013 932.1466802368993 1032.1466802368993 356.6111411309172 456.6111411309172
1938 986.4883 208.27582 931.3818216320687 1031.3818216320687 365.1173347111916 465.1173347111916
1956 986.4883 208.27582 930.3084090841814 1030.3084090841814 374.09625777841393 474.09625777841393
1972 993.76605 224.76027 929.1274512558361 1029.1274512558361 382.04719151753216 482.04719151753216
1989 993.76605 224.76027 927.6397665348454 1027.6397665348454 390.4571339716405 490.4571339716405
2007 1000.00336 238.84305 925.8043267523421 1025.8043267523421 399.3117618435425 499.3117618435425
2023 1003.62665 254.13191 923.9494255069792 1023.9494255069792 407.13297339202586 507.13297339202586
2040 1003.62665 254.13191 921.7497600303433 1021.7497600303433 415.385355454278 515.3853554542779
2058 1006.30566 266.53418 919.1656735406054 1019.1656735406054 424.0511370669554 524.0511370669553
2074 1006.30566 266.53418 916.6503512814876 1016.6503512814876 431.68560906238275 531.6856090623828
2091 1010.0685 283.01602 913.7547408159044 1013.7547408159044 439.7202700970553 539.7202700970553
2108 1010.0685 283.01602 910.6315931762647 1010.6315931762647 447.6692503292295 547.6692503292295
2126 1009.8278 296.9555 907.0795392706568 1007.0795392706568 455.98527023040305 555.9852702304031
2142 1009.8278 296.9555 903.7129933280626 1003.7129933280626 463.2844741001809 563.2844741001809
2159 1009.8278 296.9555 899.9231482862865 999.9231482862865 470.9380623089762 570.9380623089762
2176 1007.6364 313.0932 895.9169758597092 995.9169758597092 478.4806693117979 578.4806693117979
2194 1009.6555 329.61603 891.4429679827582 991.4429679827582 486.339201456037 586.339201456037
2210 1009.6555 329.61603 887.2688087238421 987.2688087238421 493.20858302917645 593.2085830291765
2227 1004.67474 345.10614 882.6338229060326 982.6338229060326 500.38195353258584 600.3819535325858
2244 1004.67474 345.10614 877.7965218060378 977.7965218060378 507.42048008140796 607.420480081408
2261 998.8499 359.70587 872.7608258058228 972.7608258058228 514.3184583144773 614.3184583144773
2278 998.8499 359.70587 867.5308160761413 967.5308160761413 521.0702977777584 621.0702977777584
2295 990.3055 375.18283 862.1107312689596 962.1107312689596 527.6705264551181 627.6705264551181
2313 990.3055 375.18283 856.169526925818 956.169526925818 534.4878107309933 634.4878107309933
2329 983.45496 389.15787 850.7180576999276 950.7180576999276 540.394882086187 640.394882086187
2346 983.45496 389.15787 844.754702109853 944.754702109853 546.5086966087915 646.5086966087915
2363 975.75244 401.85794 838.6197303028227 938.6197303028227 552.4502838409564 652.4502838409564
2381 968.29395 427.7436 831.9423499372441 931.9423499372441 558.5483052740481 658.5483052740481
2397 968.29395 427.7436 825.8549614017456 925.8549614017456 563.7976585231695 663.7976585231695
2414 968.29395 427.7436 819.2355094916655 919.2355094916655 569.1942495138428 669.1942495138428
2432 961.3004 452.55643 812.0622816327669 912.0622816327669 574.7004347658467 674.7004347658467
2448 961.3004 452.55643 805.5492900189863 905.5492900189863 579.4113740517007 679.4113740517007
2465 889.2236 480.80566 798.4936144283101 898.4936144283101 584.2236271487043 684.2236271487043
2482 889.2236 480.80566 791.3038148358737 891.3038148358737 588.8330869577367 688.8330869577367
2499 894.14923 501.29736 783.9857182018081 883.9857182018081 593.2360177503971 693.2360177503971
2516 894.14923 501.29736 776.54525546435 876.54525546435 597.4288511793545 697.4288511793545
2533 892.0988 518.5413 768.9884567331254 868.9884567331254 601.4081891703074 701.4081891703074
2550 892.0988 518.5413 761.3214464020558 861.3214464020558 605.1708066759479 705.1708066759479
2567 883.63513 536.22156 753.5504381858558 853.5504381858558 608.7136542896951 708.7136542896951
2584 883.63513 536.22156 745.6817300841386 845.6817300841386 612.0338607170812 712.0338607170812
2601 879.7137 548.23376 737.721699277214 837.721699277214 615.1287351027865 715.1287351027865
2619 871.05426 561.1579 729.2010633664289 829.2010633664289 618.1572723108953 718.1572723108953
2635 871.05426 561.1579 721.553543102233 821.553543102233 620.6326394604092 720.6326394604092
2653 871.05426 561.1579 712.8743677514212 812.8743677514212 623.1713771733134 723.1713771733134
2669 861.6898 574.26636 705.0983728534557 805.0983728534557 625.2075284601758 725.2075284601758
2686 861.6898 574.26636 696.7797925232513 796.7797925232513 627.1418395004217 727.1418395004217
2704 848.05695 586.4438 687.9156881752673 787.9156881752673 628.9309532623472 728.9309532623472
2720 848.05695 586.4438 679.9943448795832 779.9943448795832 630.296357637651 730.296357637651
2737 838.9354 598.12134 671.5410813019316 771.5410813019316 631.5140081610913 731.5140081610913
2755 838.9354 598.12134 662.5566681050749 762.5566681050749 632.5404551656717 732.5404551656717
2771 826.4784 610.4282 654.5477237438794 754.5477237438794 633.2251587040392 733.2251587040392
2788 816.17377 616.75146 646.0214019995067 746.0214019995067 633.7172719246712 733.7172719246712
2806 816.17377 616.75146 636.982177164819 736.982177164819 633.9735692774082 733.9735692774082
2823 801.81195 626.78345 628.4416695312384 728.4416695312384 633.9653673731979 733.9653673731979
2839 801.81195 626.78345 620.4067954607539 720.4067954607539 633.7355687926154 733.7355687926154
2856 784.66187 633.33344 611.8797793711809 711.8797793711809 633.2556370072082 733.2556370072082
2874 784.66187 633.33344 602.8699783535706 702.8699783535706 632.4831348595524 732.4831348595524
2890 769.1282 640.4511 594.8839945588649 694.8839945588649 631.5687653790487 731.5687653790487
2908 769.1282 640.4511 585.9327560156919 685.9327560156919 630.2847862171152 730.2847862171152
2924 769.1282 640.4511 578.0117489028069 678.0117489028069 628.9174329219486 728.9174329219486
2942 753.7107 643.7879 569.1480850152877 669.1480850152877 627.1261382967836 727.1261382967836
2958 753.7107 643.7879 561.3177276452934 661.3177276452934 625.3102329649023 725.3102329649023
2975 725.5255 643.764 553.0544871637487 653.0544871637487 623.1517161929854 723.1517161929854
2993 698.4459 641.3362 544.3759367047026 644.3759367047026 620.6108431393186 720.6108431393186
3009 698.4459 641.3362 536.7290257094023 636.7290257094023 618.1335944747455 718.1335944747455
3026 673.6834 639.3154 528.6800356774336 628.6800356774336 615.278056456131 715.278056456131
3044 673.6834 639.3154 520.2498660899855 620.2498660899855 612.0061281757542 712.0061281757542
3060 584.55005 642.2341 512.8421481644934 612.8421481644934 608.8855955525434 708.8855955525434
3077 584.55005 642.2341 505.066086470933 605.066086470933 605.3538534259965 705.3538534259965
3095 574.5537 635.19507 496.94575447846444 596.9457544784644 601.3747225815591 701.3747225815591
3112 574.5537 635.19507 489.38993504921393 589.3899350492139 597.3935254421243 697.3935254421243
3128 563.89264 631.2107 482.38478743869564 582.3847874386956 593.4514554692516 693.4514554692516
3145 563.89264 631.2107 475.06040812706976 575.0604081270698 589.058983999804 689.058983999804
3163 559.1803 623.6305 467.4448257527072 567.4448257527072 584.182901653867 684.182901653867
3179 559.1803 623.6305 460.8014873683203 560.8014873683203 579.6576321782761 679.6576321782761
3196 554.7509 622.4363 453.87850203784535 553.8785020378454 574.6563711348483 674.6563711348483
3214 554.7509 622.4363 446.7066291336331 546.7066291336331 569.1484211540582 669.1484211540582
3230 549.6218 614.68585 440.47353053246013 540.4735305324601 564.0729418127313 664.0729418127313
3247 549.6218 614.68585 434.0024083925641 534.0024083925641 558.4993508552757 658.4993508552757
3264 539.8198 609.5342 427.69256349239276 527.6925634923928 552.7438148032415 652.7438148032415
3281 539.8198 609.5342 421.54910963438175 521.5491096343817 546.8109982204569 646.8109982204569
3298 529.84454 604.03906 415.5770257696452 515.5770257696452 540.7057093474355 640.7057093474355
3315 529.84454 604.03906 409.7811519627961 509.7811519627961 534.4328962045494 634.4328962045494
3332 521.9186 599.53326 404.1661854693228 504.1661854693228 527.9976425819129 627.9976425819129
3349 521.9186 599.53326 398.7366769287074 498.7366769287074 521.4051639192346 621.4051639192346
3366 508.97052 590.86584 393.49702667636814 493.49702667636814 514.6608030789737 614.6608030789737
3383 497.28986 582.45074 388.45148117741576 488.45148117741576 507.7700260162269 607.7700260162269
3400 497.28986 582.45074 383.6041295851123 483.6041295851123 500.7384173488538 600.7384173488538
3417 497.28986 582.45074 378.95890042682595 478.95890042682595 493.5716758314352 593.5716758314352
3434 483.03485 574.1505 374.519558420162 474.519558420162 486.2756097367269 586.2756097367269
3452 483.03485 574.1505 370.04748418581175 470.04748418581175 478.4159770489023 578.4159770489023
3468 468.39917 564.5949 366.2727575118902 466.2727575118902 471.3192561685689 571.3192561685689
3485 468.39917 564.5949 362.4719822152257 462.4719822152257 463.6710900449318 563.6710900449318
3502 456.1263 558.31744 358.8904558633554 458.8904558633554 455.9178322199049 555.9178322199049
3520 456.1263 558.31744 355.3404481323775 455.3404481323775 447.60093862583636 547.6009386258363
3536 447.49042 549.2981 352.3965805179704 452.3965805179704 440.1212559998803 540.1212559998803
3554 432.3763 537.5673 349.3256228120883 449.3256228120883 431.61581699217805 531.615816992178
3570 432.3763 537.5673 346.8121790087004 446.8121790087004 423.9807263598813 523.9807263598814
3587 418.36047 523.12177 344.3668039474663 444.3668039474663 415.79778809050777 515.7977880905078
3604 418.36047 523.12177 342.155351140146 442.155351140146 407.5485569510936 507.5485569510936
3621 403.17227 509.27036 340.17961285468476 440.17961285468476 399.23971851615926 499.23971851615926
3638 403.17227 509.27036 338.44119032461737 438.44119032461737 390.87800666884965 490.87800666884965
3656 403.17227 509.27036 336.8607362133312 436.8607362133312 381.97433109371923 481.97433109371923
3673 391.3791 493.38385 335.61512624611004 435.61512624611004 373.52514215512616 473.52514215512616
3689 391.3791 493.38385 334.66293792598333 434.66293792598333 365.5435792681223 465.5435792681223
3706 374.89105 470.0108 333.8859279242903 433.8859279242903 357.03848706593226 457.03848706593226
3723 374.89105 470.0108 333.35133438360816 433.35133438360816 348.5147233633919 448.5147233633919
3740 367.09473 448.6582 333.05959056430925 433.05959056430925 339.9791962294431 439.9791962294431
3758 359.36328 429.14642 453.0329818975829 553.0329818975829 330.55436575878036 430.55436575878036
3774 359.36328 429.14642 453.36623095517183 553.3662309551719 322.5235450269113 422.5235450269113
3791 350.33554 410.9654 454.11274721758974 554.1127472175897 314.01623679178385 414.01623679178385
3809 350.33554 410.9654 455.34202256495803 555.342022564958 305.0579362572376 405.0579362572376
3825 340.11493 395.3208 456.81120498653286 556.8112049865329 297.15561763711503 397.15561763711503
3842 340.11493 395.3208 458.7570723329198 558.7570723329197 288.84025954453836 388.84025954453836
3859 338.33368 381.12952 461.09515609929747 561.0951560992975 280.62655488470796 380.62655488470796
3877 338.33368 381.12952 463.99241332353733 563.9924133235373 272.0610328969076 372.0610328969076
3893 330.86917 364.9874 466.92605000007745 566.9260500000775 264.5777907912517 364.5777907912517
3910 330.86917 364.9874 470.40573493989234 570.4057349398923 256.7788567193968 356.7788567193968
3928 326.61694 348.34357 474.4888488204813 574.4888488204813 248.71099161237862 348.7109916123786
3945 326.61694 348.34357 478.7126014504479 578.7126014504479 241.28862718732034 341.28862718732034
3961 333.40784 325.85892 483.0053327319572 583.0053327319572 234.49321736108072 334.4932173610807
3978 333.40784 325.85892 487.893864647575 587.893864647575 227.49080094619188 327.4908009461919
3995 337.78903 304.501 493.109026801152 593.109026801152 220.7281340425647 320.7281340425647
4012 337.78903 304.501 498.63907999467915 598.6390799946792 214.22043924223226 314.22043924223226
4029 342.9449 288.0431 504.47157621838664 604.4715762183866 207.98236520147657 307.98236520147657
4046 342.9449 288.0431 510.59338667089924 610.5933866708992 202.0279536670738 302.0279536670738
4063 350.1555 274.29453 516.9907313118342 616.9907313118342 196.37060786867886 296.37060786867886
4080 350.1555 274.29453 523.6492098803254 623.6492098803254 191.0230623484931 291.0230623484931
4097 385.15125 256.73163 530.5538343096449 630.5538343096449 185.9973542961332 285.9973542961332
4114 385.15125 256.73163 537.689062464963 637.689062464963 181.30479645322103 281.304796453221
4131 417.02905 238.02895 545.0388331282979 645.0388331282979 176.95595164869005 276.9559516486901
4148 444.61008 222.64992 552.5866021519138 652.5866021519138 172.9606090221234 272.96060902212344
4165 444.61008 222.64992 560.3153796987771 660.3153796987771 169.32776198864897 269.32776198864894
4182 444.61008 222.64992 568.2077684862486 668.2077684862486 166.06558799499004 266.06558799499004
4200 467.14514 210.13124 576.7229970015156 676.7229970015156 163.02368896976233 263.02368896976236
4216 467.14514 210.13124 584.4119892185008 684.4119892185008 160.68178050678887 260.68178050678887
4233 488.15546 197.19995 592.6873458725511 692.6873458725511 158.57226582663537 258.5722658266354
4251 488.15546 197.19995 601.547993109811 701.547993109811 156.76915826363768 256.7691582636377
4268 512.3621 189.28346 609.9896433324445 709.9896433324445 155.4768264733346 255.4768264733346
4285 512.3621 189.28346 618.4830892855312 718.4830892855312 154.5863458281167 254.5863458281167
4301 472.69754 179.24153 626.507114755926 726.507114755926 154.1171424476271 254.1171424476271
4318 472.69754 179.24153 635.0464617946108 735.0464617946108 154.01163372561214 254.01163372561214
4335 504.29022 168.17546 643.581202299593 743.581202299593 154.31127426047263 254.31127426047263
4352 532.3608 157.85286 652.0921247860152 752.0921247860152 155.01538956894865 255.01538956894865
4370 532.3608 157.85286 661.0564395481568 761.0564395481568 156.20001068650026 256.20001068650026
4386 555.6376 150.80212 668.9659809564164 768.9659809564164 157.6297978289907 257.6297978289907
4403 555.6376 150.80212 677.2909320172428 777.2909320172428 159.53420581373558 259.5342058137356
4421 580.0021 144.89471 685.9965220114407 785.9965220114407 161.97858082584344 261.97858082584344
4438 580.0021 144.89471 694.0960379112927 794.0960379112927 164.68587137647998 264.68587137648
4455 580.0021 144.89471 702.0580281761817 802.0580281761817 167.77428374521077 267.77428374521077
4472 606.3448 142.19943 709.8645705675439 809.8645705675439 171.23686599396328 271.2368659939633
4488 606.3448 142.19943 717.0541612546845 817.0541612546845 174.83059975054408 274.8305997505441
4505 627.7052 138.10747 724.5091369531456 824.5091369531456 178.99652309031762 278.9965230903176
4523 646.9418 137.02519 732.1777732058051 832.1777732058051 183.78758605914797 283.787586059148
4539 646.9418 137.02519 738.7848168015221 838.7848168015221 188.36493370665013 288.36493370665016
4556 667.4936 136.77956 745.5733867574248 845.5733867574248 193.54633292803192 293.5463329280319
4574 667.4936 136.77956 752.4847699331881 852.4847699331881 199.3768602579292 299.3768602579292
4590 685.14545 139.67787 758.3756166338345 858.3756166338345 204.8452294582745 304.8452294582745
4608 685.14545 139.67787 764.7034286327194 864.7034286327194 211.30441374529323 311.30441374529323
4624 699.58276 141.2671 770.0496124154753 870.0496124154753 217.30636805391646 317.30636805391646
4642 699.58276 141.2671 775.7369103211945 875.7369103211945 224.33608418463587 324.33608418463587
4658 719.5921 146.94469 780.4903217770493 880.4903217770493 230.81761302381858 330.8176130238186
4675 719.5921 146.94469 785.2183760095571 885.2183760095571 237.9293697063817 337.9293697063817
4693 719.5921 146.94469 789.8508707295014 889.8508707295014 245.69482262405427 345.69482262405427
4710 742.08545 151.25552 793.8627475670244 893.8627475670244 253.233816202647 353.233816202647
4726 757.5494 156.79861 797.3080081024611 897.3080081024611 260.4957247950736 360.4957247950736
4744 757.5494 156.79861 800.7919917624882 900.7919917624882 268.8398319494411 368.8398319494411
4760 788.44354 172.02496 803.5336455346032 903.5336455346032 276.3955232583588 376.3955232583588
4777 788.44354 172.02496 806.0739549944915 906.0739549944915 284.5489524624127 384.5489524624127
4794 812.02905 188.62463 808.2246793622878 908.2246793622878 292.8136947228397 392.8136947228397
4812 812.02905 188.62463 810.0719169040786 910.0719169040786 301.6652471183856 401.6652471183856
4828 834.0342 204.59161 811.3388957607996 911.3388957607996 309.60249482388303 409.60249482388303
4846 834.0342 204.59161 812.3390893640834 912.3390893640834 318.5892561483454 418.5892561483454
4862 852.59625 219.70981 812.84827042036 912.84827042036 326.6108439720703 426.6108439720703
4879 852.59625 219.70981 812.9963291668411 912.9963291668411 335.1495592469291 435.1495592469291
4896 871.6621 237.34943 812.7392207321774 912.7392207321774 343.68568689301895 443.68568689301895
4913 871.6621 237.34943 812.0775238609478 912.0775238609478 352.200012303063 452.200012303063
4930 886.37616 252.51723 811.0127280160616 911.0127280160616 360.6733699460652 460.6733699460652
4947 886.37616 252.51723 809.5472300260149 909.5472300260149 369.0866865084376 469.0866865084376
4964 896.8513 265.27606 807.6843286896907 907.6843286896907 377.4210238275436 477.4210238275436
4981 896.8513 265.27606 805.4282173508461 905.4282173508461 385.65762152102405 485.65762152102405
4998 908.3781 281.8221 802.7839744590015 902.7839744590015 393.77793921594457 493.77793921594457
5016 908.3781 281.8221 799.5677668269823 899.5677668269823 402.2288725853804 502.2288725853804
5033 898.62836 301.16284 796.1441273551981 896.1441273551981 410.05257201114836 510.05257201114836
5049 898.62836 301.16284 792.5862637502574 892.5862637502574 417.25998091660404 517.259980916604
5066 891.51184 319.5335 788.4575400722103 888.4575400722103 424.73562274375536 524.7356227437554
5083 891.51184 319.5335 783.9788854061801 883.9788854061801 432.00702098068035 532.0070209806804
5100 891.0152 339.02863 779.1603810904619 879.1603810904619 439.057807893992 539.057807893992
5117 883.36414 354.57724 774.0128734563121 874.0128734563121 445.8721123408068 545.8721123408068
5134 883.36414 354.57724 768.5479494131282 868.5479494131282 452.4345954942897 552.4345954942896
5151 878.9006 367.98767 762.7779103666112 862.7779103666112 458.73048537096236 558.7304853709624
5168 878.9006 367.98767 756.7157445286122 856.7157445286122 464.7456100820642 564.7456100820642
5185 878.9006 367.98767 750.3750976809954 850.3750976809954 470.46642973411736 570.4664297341174
5202 871.4059 382.44138 743.7702424593289 843.7702424593289 475.8800669068827 575.8800669068827
5220 871.4059 382.44138 736.5054202885274 836.5054202885274 481.26380400796154 581.2638040079615
5237 866.93115 394.21802 729.404044019961 829.404044019961 486.007435004336 586.007435004336
5253 866.93115 394.21802 722.5218717414465 822.5218717414465 490.15964421036574 590.1596442103657
5270 858.29333 407.54236 715.014294413571 815.014294413571 494.2300081502966 594.2300081502966
5287 858.29333 407.54236 707.3221049847989 807.3221049847989 497.93969839739407 597.9396983973941
5304 855.389 418.76535 699.4626183788416 799.4626183788416 501.28036453280606 601.2803645328061
5321 846.7159 432.8943 691.4535261011198 791.4535261011198 504.2444868016163 604.2444868016163
5339 846.7159 432.8943 682.8302861911227 782.8302861911227 506.96514844936485 606.9651484493648
5355 837.8368 443.88702 675.0589337638094 775.0589337638094 509.01727369220305 609.017273692203
5373 837.8368 443.88702 666.2166959955493 766.2166959955493 510.90859534556046 610.9085953455605
5389 830.9392 454.33917 658.2858601528986 758.2858601528986 512.2151095623715 612.2151095623715
5407 830.9392 454.33917 649.3041943374132 749.3041943374132 513.2600715357657 613.2600715357657
5423 821.18915 465.5161 641.2852433377668 741.2852433377668 513.8092176247758 613.8092176247758
5440 821.18915 465.5161 632.7473718445073 732.7473718445073 513.9998227193989 613.9998227193989
5458 821.18915 465.5161 623.7083032838261 723.7083032838261 513.7600188365996 613.7600188365996
5474 810.6257 476.62216 615.692552089333 715.692552089333 513.1659907650433 613.1659907650433
5491 795.4431 484.75162 607.2139937950213 707.2139937950213 512.1434306506889 612.1434306506889
5508 795.4431 484.75162 598.7934791480179 698.7934791480179 510.71987418285164 610.7198741828516
5525 772.0789 490.71597 590.4499625136663 690.4499625136663 508.8985257511097 608.8985257511097
5542 772.0789 490.71597 582.2022249367301 682.2022249367301 506.68348516468336 606.6834851646834
5559 748.1022 495.56378 574.0688318657412 674.0688318657412 504.079738423869 604.079738423869
5577 748.1022 495.56378 565.6019771400934 665.6019771400934 500.9056814927985 600.9056814927985
5593 725.75354 497.18207 558.218012891798 658.218012891798 497.7304321259451 597.7304321259451
5610 725.75354 497.18207 550.5362667811617 650.5362667811617 493.99916469660786 593.9991646966079
5627 703.75616 499.32224 543.0401444467964 643.0401444467964 489.90774319720856 589.9077431972086
5645 703.75616 499.32224 535.3241421383856 635.3241421383856 485.19334241625086 585.1933424162509
5661 685.01733 502.51923 528.6718096170268 628.6718096170268 480.6820667001052 580.6820667001052
5678 685.01733 502.51923 521.8319398796541 621.8319398796541 475.56857846668925 575.5685784666892
5695 665.7971 503.75873 515.2423066318847 615.2423066318847 470.13642294632587 570.1364229463259
5712 665.7971 503.75873 508.91774297137306 608.9177429713731 464.3978277836013 564.3978277836013
5729 647.89856 500.44128 502.8724853308397 602.8724853308397 458.36571041097886 558.3657104109789
5746 647.89856 500.44128 497.1201414322254 597.1201414322254 452.0536489719888 552.0536489719889
5764 632.85065 498.41595 491.36306905859533 591.3630690585953 445.0809605355471 545.0809605355471
5780 632.85065 498.41595 486.5452998949387 586.5452998949387 438.6471252215585 538.6471252215586
5797 617.18164 494.37375 481.74660595691194 581.7466059569119 431.58284065575424 531.5828406557542
5814 617.18164 494.37375 477.2883795805666 577.2883795805666 424.29889958551144 524.2988995855114
5831 602.05 490.8018 473.18065612063515 573.1806561206351 416.8116979778178 516.8116979778179
5849 602.05 490.8018 469.2236005938714 569.2236005938714 408.68126269395975 508.68126269395975
5865 581.8168 474.348 466.05289368960894 566.0528936896089 401.295346752855 501.295346752855
5882 581.8168 474.348 463.04889913133843 563.0488991313384 393.30112404946493 493.30112404946493
5899 562.0305 463.42108 460.427460199564 560.4274601995639 385.1734160167848 485.1734160167848
5916 541.0827 450.83344 458.1944776869708 558.1944776869708 376.9305179198789 476.9305179198789
5933 541.0827 450.83344 456.35497798067684 556.3549779806768 368.59098431373195 468.59098431373195
5950 541.0827 450.83344 454.91310174796206 554.9131017479621 360.1735872774116 460.1735872774116
5967 525.1196 440.3713 453.8720946157316 553.8720946157316 351.69727415859836 451.69727415859836
5984 525.1196 440.3713 453.23429986469176 553.2342998646918 343.18112492358273 443.18112492358273
6002 515.8334 428.809 453.0036526131048 553.0036526131048 335.1467028281774 435.1467028281774
