1 158.04218 60.434875 333.00042067616835 433.00042067616835 333.4976002348308 433.4976002348308
17 158.04218 60.434875 333.1215672298508 433.1215672298508 325.460353677165 425.460353677165
34 126.43374 48.3479 333.4861703954607 433.4861703954607 316.92762829531256 416.92762829531256
51 126.43374 48.3479 334.0935140048509 434.0935140048509 308.4087391863609 408.4087391863609
68 101.146996 38.67832 334.94310583748677 434.94310583748677 299.91059046864586 399.91059046864586
85 101.146996 38.67832 336.0342573431978 436.0342573431978 291.44006945149073 391.44006945149073
102 396.46347 167.26572 337.3660842002114 437.3660842002114 283.00404105339845 383.00404105339845
120 396.46347 167.26572 339.0373788905013 439.0373788905013 274.11696909446454 374.11696909446454
136 408.53314 265.41113 340.74725228130916 440.74725228130916 266.2627764750041 366.2627764750041
153 408.53314 265.41113 342.7938532438116 442.7938532438116 257.9711082224287 357.9711082224287
171 461.62787 292.63474 345.21716057483684 445.21716057483684 249.25899851671107 349.2589985167111
187 461.62787 292.63474 347.59079703666407 447.59079703666407 241.57929418234613 341.57929418234613
204 496.66882 300.97873 350.3372521925565 450.3372521925565 233.4924331110061 333.4924331110061
221 533.4071 295.64954 353.31279086333535 453.31279086333535 225.48702821623766 325.48702821623766
238 533.4071 295.64954 356.51500152904384 456.51500152904384 217.5695674640201 317.5695674640201
255 561.23267 282.30194 359.9412889638151 459.9412889638151 209.74646754616077 309.7464675461608
273 561.23267 282.30194 363.8102697116431 463.8102697116431 201.57308012612515 301.57308012612515
289 581.65753 274.87228 367.4548074744846 467.4548074744846 194.40862946948707 294.4086294694871
306 581.65753 274.87228 371.53594923283765 471.53594923283765 186.90632183391858 286.9063218339186
324 581.65753 274.87228 376.0880516625483 476.0880516625483 179.0927671105879 279.09276711058794
340 593.23645 263.58685 380.3304626662418 480.3304626662418 172.26532559916362 272.2653255991636
358 593.23645 263.58685 385.31984113972976 485.31984113972976 164.72348388819168 264.7234838881917
374 604.1922 261.27786 389.9439124255555 489.9439124255555 158.14853343516307 258.1485334351631
391 604.1922 261.27786 395.0481023758233 495.0481023758233 151.30108260568883 251.30108260568883
408 610.2365 263.06387 400.34514001297055 500.34514001297055 144.601699784777 244.601699784777
425 618.4474 262.19122 405.83073236238414 505.83073236238414 138.05581447516937 238.05581447516937
442 618.4474 262.19122 411.50043363562395 511.50043363562395 131.66873177782583 231.66873177782583
459 571.58246 217.19305 417.3496488335043 517.3496488335043 125.44562809241546 225.44562809241546
476 571.58246 217.19305 423.3736374701024 523.3736374701024 119.39154692211227 219.39154692211227
493 539.1838 182.89194 429.5675174146769 529.5675174146769 113.51139478609738 213.51139478609738
510 539.1838 182.89194 435.9262688483818 535.9262688483818 107.8099372430793 207.8099372430793
528 507.87213 149.57784 442.83303936531155 542.8330393653116 101.97300354707676 201.97300354707676
544 507.87213 149.57784 449.1176429853873 549.1176429853873 96.96144031244515 196.96144031244515
561 488.69635 121.09819 455.939574763276 555.939574763276 91.82319306962836 191.82319306962836
578 488.69635 121.09819 462.90500484391305 562.905004843913 86.88121758382923 186.88121758382923
596 474.5854 96.782974 470.430298817712 570.430298817712 81.86691558325475 181.86691558325475
613 474.5854 96.782974 477.673267202495 577.673267202495 77.34146014899 177.34146014899
629 464.5352 75.928406 484.6052797509776 584.6052797509776 73.27215913482809 173.2721591348281
647 464.5352 75.928406 492.53088471125693 592.5308847112569 68.91807370173689 168.9180737017369
663 459.8008 56.347584 499.6832388604396 599.6832388604396 65.24985358281685 165.24985358281685
680 459.8008 56.347584 507.3873660236304 607.3873660236304 61.563830988764266 161.56383098876427
698 460.2375 39.34005 515.6555035702502 615.6555035702502 57.90170381248561 157.9017038124856
714 460.2375 39.34005 523.0947016472838 623.0947016472838 54.85698039535282 154.85698039535282
731 463.3542 27.91876 531.0851801258791 631.0851801258791 51.84158795097835 151.84158795097835
749 463.3542 27.91876 539.6355747641641 639.6355747641641 48.89811628054434 148.89811628054434
765 470.64093 17.460829 547.3073843205016 647.3073843205016 46.49908588318232 146.49908588318232
783 482.012 7.934943 556.0114292711773 656.0114292711773 44.04696936032366 144.04696936032366
799 482.012 7.934943 563.8073299341439 663.8073299341439 42.08841336946284 142.08841336946284
816 482.012 7.934943 572.1447741627716 672.1447741627716 40.23709987763954 140.23709987763954
833 474.42532 9.773555 580.531538399579 680.531538399579 38.62386599915499 138.623865999155
850 474.42532 9.773555 588.960825606595 688.960825606595 37.25001917650059 137.2500191765006
867 490.1345 -0.97063637 597.4258042831839 697.4258042831839 36.116672841359446 136.11667284135945
884 490.1345 -0.97063637 605.9196140026227 705.9196140026227 35.2247455122278 135.2247455122278
901 506.0052 -9.80413 614.4353709721212 714.4353709721212 34.574960050003085 134.57496005000309
919 506.0052 -9.80413 623.4683063658551 723.4683063658551 34.151460206215404 134.1514602062154
936 523.8158 -16.330404 632.0075037720162 732.0075037720162 34.00164175242986 134.00164175242986
952 523.8158 -16.330404 640.0452542165596 740.0452542165596 34.08273742076125 134.08273742076125
970 542.1443 -21.774864 649.0813904556234 749.0813904556234 34.431328605587055 134.43132860558705
986 560.31714 -27.721252 657.1015001944813 757.1015001944813 34.96970439707047 134.96970439707047
1004 560.31714 -27.721252 666.1031551661815 766.1031551661815 35.831958255007294 135.8319582550073
1020 581.1129 -32.24514 674.0796299331981 774.0796299331981 36.82586922049978 136.82586922049978
1037 581.1129 -32.24514 682.5221900543268 782.5221900543268 38.115643042381976 138.11564304238198
1055 581.1129 -32.24514 691.4174796955454 791.4174796955454 39.74263294520472 139.74263294520472
1071 597.4447 -33.829613 699.2800950571935 799.2800950571935 41.41334787928315 141.41334787928315
1088 597.4447 -33.829613 707.5818585250034 807.5818585250034 43.41860627535635 143.41860627535635
1105 614.378 -33.81223 715.8231772598931 815.8231772598931 45.65936583863811 145.6593658386381
1122 614.378 -33.81223 723.9973720999366 823.9973720999366 48.133810549576026 148.13381054957603
1139 632.5873 -38.167824 732.0978182836474 832.0978182836474 50.839934998910564 150.83993499891056
1157 655.2407 -38.0519 740.5870829453671 840.5870829453671 53.95532573657704 153.95532573657704
1173 655.2407 -38.0519 748.0512698040402 848.0512698040402 56.93826443105149 156.9382644310515
1190 664.27747 -36.699158 755.8913456946693 855.8913456946693 60.32552703375262 160.32552703375262
1207 664.27747 -36.699158 763.6318245155068 863.6318245155068 63.93458862018292 163.93458862018292
1224 685.87354 -34.886826 771.2664330094331 871.2664330094331 67.76252423287974 167.76252423287974
1241 685.87354 -34.886826 778.788983721744 878.788983721744 71.80623152831976 171.80623152831976
1258 708.42755 -33.08072 786.1933800147626 886.1933800147626 76.06243329120804 176.06243329120804
1275 708.42755 -33.08072 793.4736210088488 893.4736210088488 80.52768009049117 180.52768009049117
1292 726.78864 -26.773556 800.6238064458005 900.6238064458005 85.19835307494287 185.19835307494287
1309 726.78864 -26.773556 807.638141470708 907.638141470708 90.0706669060545 190.0706669060545
1326 726.78864 -26.773556 814.5109413283826 914.5109413283826 95.14067282585665 195.14067282585665
1343 747.9949 -21.293344 821.2366359705578 921.2366359705578 100.40426185718263 200.40426185718263
1361 747.9949 -21.293344 828.1915644145411 928.1915644145411 106.18372933127876 206.18372933127876
1378 767.17444 -18.570375 834.5973693489477 934.5973693489477 111.83226905874935 211.83226905874935
1394 786.6965 -14.88208 840.4772028442499 940.4772028442499 117.31310538030687 217.31310538030687
1412 786.6965 -14.88208 846.9137673844003 946.9137673844003 123.66479105149173 223.66479105149173
1428 805.76776 -8.277864 852.4721692933363 952.4721692933363 129.47135431515434 229.47135431515434
1445 805.76776 -8.277864 858.2052415379586 958.2052415379586 135.80161659632608 235.80161659632608
1462 822.50037 2.6957083 863.7557966001699 963.7557966001699 142.29250840037312 242.29250840037312
1479 822.50037 2.6957083 869.1193360426164 969.1193360426164 148.93876919572267 248.93876919572267
1496 813.36365 52.959267 874.2915129944168 974.2915129944168 155.73501253228335 255.73501253228335
1514 813.36365 52.959267 879.5547012529947 979.5547012529947 163.08838749211185 263.08838749211185
1531 751.55835 96.31807 884.3198737571439 984.3198737571439 170.1759448228275 270.1759448228275
1548 748.92505 130.82831 888.8813645222324 988.8813645222324 177.39627306401533 277.3962730640153
1564 748.92505 130.82831 892.9851570459276 992.9851570459276 184.30792233453255 284.3079223345326
1581 748.92505 130.82831 897.1408627967578 997.1408627967578 191.76918547310373 291.76918547310373
1599 757.7723 157.73079 901.3076210713034 1001.3076210713034 199.79485674886422 299.7948567488642
1615 757.7723 157.73079 904.8068623492258 1004.8068623492258 207.03138348446487 307.03138348446487
1632 743.2042 164.30713 908.3109432553329 1008.3109432553329 214.8199491363638 314.8199491363638
1650 743.2042 164.30713 911.7778900120431 1011.7778900120431 223.17180845816728 323.1718084581673
1666 789.68945 168.02039 914.6470702485676 1014.6470702485676 230.6804577033056 330.6804577033056
1683 789.68945 168.02039 917.4739812329851 1017.4739812329851 238.73954649774532 338.7395464977453
1701 827.64484 172.63098 920.21584210631 1020.21584210631 247.35670803135872 347.3567080313587
1717 827.64484 172.63098 922.4340447096293 1022.4340447096293 255.08274103198784 355.08274103198784
1735 859.2187 177.51082 924.6810775952 1024.6810775952 263.8419714294728 363.8419714294728
1751 884.58527 185.02283 926.4560130930984 1026.4560130930984 271.6817171329047 371.6817171329047
1768 884.58527 185.02283 928.1110179615537 1028.1110179615537 280.0603385467098 380.0603385467098
1786 897.9658 197.78378 929.6026611419293 1029.6026611419293 288.97932248926173 388.97932248926173
1802 897.9658 197.78378 930.7023636603816 1030.7023636603817 296.94190141113677 396.94190141113677
1820 897.9658 197.78378 931.6840288345896 1031.6840288345898 305.9313178232743 405.9313178232743
1836 918.95966 206.0504 932.3288155200738 1032.328815520074 313.9435746118702 413.9435746118702
1854 918.95966 206.0504 932.7973209778079 1032.7973209778079 322.97428757271297 422.97428757271297
1870 937.26984 215.48996 932.9851019890048 1032.9851019890048 331.01025341435343 431.01025341435343
1887 937.26984 215.48996 932.9486453909749 1032.948645390975 339.5506871754069 439.5506871754069
1905 953.83514 226.8349 932.6450853553974 1032.6450853553974 348.5884482504665 448.5884482504665
1922 953.83514 226.8349 932.1083946506541 1032.1083946506542 357.1120801640305 457.1120801640305
1938 967.4265 240.45767 931.3818216320687 1031.3818216320687 365.1173347111916 465.1173347111916
1955 981.42114 253.53708 930.3751400172805 1030.3751400172805 373.5983093035911 473.5983093035911
1972 981.42114 253.53708 929.1274512558361 1029.1274512558361 382.04719151753216 482.04719151753216
1989 989.4355 270.68875 927.6397665348454 1027.6397665348454 390.4571339716405 490.4571339716405
2006 989.4355 270.68875 925.9132915457113 1025.9132915457112 398.8213208432003 498.8213208432003
2023 996.73 285.50555 923.9494255069792 1023.9494255069792 407.13297339202586 507.13297339202586
2040 996.73 285.50555 921.7497600303433 1021.7497600303433 415.385355454278 515.3853554542779
2058 1001.8917 300.41064 919.1656735406054 1019.1656735406054 424.0511370669554 524.0511370669553
2074 1001.8917 300.41064 916.6503512814876 1016.6503512814876 431.68560906238275 531.6856090623828
2091 1001.8917 300.41064 913.7547408159044 1013.7547408159044 439.7202700970553 539.7202700970553
2108 1009.4625 315.08414 910.6315931762647 1010.6315931762647 447.6692503292295 547.6692503292295
2125 1009.4625 315.08414 907.2834395119482 1007.2834395119482 455.52610752219204 555.526107522192
2142 1011.62964 330.36615 903.7129933280626 1003.7129933280626 463.2844741001809 563.2844741001809
2159 1012.05286 343.435 899.9231482862865 999.9231482862865 470.9380623089762 570.9380623089762
2176 1012.05286 343.435 895.9169758597092 995.9169758597092 478.4806693117979 578.4806693117979
2193 1009.769 358.32547 891.6977228435584 991.6977228435584 485.90618221638465 585.9061822163847
2210 1009.769 358.32547 887.2688087238421 987.2688087238421 493.20858302917645 593.2085830291765
2227 1006.23193 373.9839 882.6338229060326 982.6338229060326 500.38195353258584 600.3819535325858
2245 1006.23193 373.9839 877.5057571776003 977.5057571776003 507.8301892854297 607.8301892854297
2261 1003.92804 390.66193 872.7608258058228 972.7608258058228 514.3184583144773 614.3184583144773
2278 1003.92804 390.66193 867.5308160761413 967.5308160761413 521.0702977777584 621.0702977777584
2295 1001.291 406.66867 862.1107312689596 962.1107312689596 527.6705264551181 627.6705264551181
2313 995.04047 423.22894 856.169526925818 956.169526925818 534.4878107309933 634.4878107309933
2329 995.04047 423.22894 850.7180576999276 950.7180576999276 540.394882086187 640.394882086187
2346 995.04047 423.22894 844.754702109853 944.754702109853 546.5086966087915 646.5086966087915
2364 991.82184 438.69742 838.2536107340788 938.2536107340788 552.7943218655896 652.7943218655896
2380 991.82184 438.69742 832.3181143556885 932.3181143556885 558.2148284340103 658.2148284340103
2398 986.65295 453.15762 825.4698566711968 925.4698566711968 564.1203039129076 664.1203039129076
2415 986.65295 453.15762 818.8413765564474 918.8413765564474 569.5058019659065 669.5058019659065
2431 974.7237 466.70477 812.4651233483269 912.4651233483269 574.4002277485814 674.4002277485814
2448 974.7237 466.70477 805.5492900189863 905.5492900189863 579.4113740517007 679.4113740517007
2465 951.357 482.17624 798.4936144283101 898.4936144283101 584.2236271487043 684.2236271487043
2483 951.357 482.17624 790.8768325769166 890.8768325769166 589.0978356150445 689.0978356150445
2499 924.99506 494.29663 783.9857182018081 883.9857182018081 593.2360177503971 693.2360177503971
2516 924.99506 494.29663 776.54525546435 876.54525546435 597.4288511793545 697.4288511793545
2533 896.6008 505.72125 768.9884567331254 868.9884567331254 601.4081891703074 701.4081891703074
2550 874.3965 517.8716 761.3214464020558 861.3214464020558 605.1708066759479 705.1708066759479
2567 874.3965 517.8716 753.5504381858558 853.5504381858558 608.7136542896951 708.7136542896951
2584 874.3965 517.8716 745.6817300841386 845.6817300841386 612.0338607170812 712.0338607170812
2601 866.5183 532.675 737.721699277214 837.721699277214 615.1287351027865 715.1287351027865
2619 866.5183 532.675 729.2010633664289 829.2010633664289 618.1572723108953 718.1572723108953
2635 861.0027 546.01886 721.553543102233 821.553543102233 620.6326394604092 720.6326394604092
2652 861.0027 546.01886 713.3585211872297 813.3585211872297 623.0372088029525 723.0372088029525
2669 849.34503 558.0884 705.0983728534557 805.0983728534557 625.2075284601758 725.2075284601758
2686 849.34503 558.0884 696.7797925232513 796.7797925232513 627.1418395004217 727.1418395004217
2703 841.3521 571.88556 688.4095219750633 788.4095219750633 628.8385742647915 728.8385742647915
2721 828.498 578.7416 679.4980815799211 779.4980815799211 630.3746419810356 730.3746419810356
2737 828.498 578.7416 671.5410813019316 771.5410813019316 631.5140081610913 731.5140081610913
2755 813.38293 588.18176 662.5566681050749 762.5566681050749 632.5404551656717 732.5404551656717
2771 813.38293 588.18176 654.5477237438794 754.5477237438794 633.2251587040392 733.2251587040392
2789 797.69727 597.0345 645.5194574500881 745.5194574500881 633.7386581426483 733.7386581426483
2805 797.69727 597.0345 637.4845270833351 737.4845270833351 633.9664798220608 733.9664798220608
2822 784.83545 609.20264 628.9440176902656 728.9440176902656 633.9725804261168 733.9725804261168
2840 784.83545 609.20264 619.9048561883765 719.9048561883765 633.714059077236 733.714059077236
2856 784.83545 609.20264 611.8797793711809 711.8797793711809 633.2556370072082 733.2556370072082
2873 769.9176 616.1372 603.3698801263789 703.3698801263789 632.5331740297464 732.5331740297464
2890 769.9176 616.1372 594.8839945588649 694.8839945588649 631.5687653790487 731.5687653790487
2907 753.97266 622.0858 586.4290000393138 686.4290000393138 630.3631926583694 730.3631926583694
2924 753.97266 622.0858 578.0117489028069 678.0117489028069 628.9174329219486 728.9174329219486
2941 737.2161 628.1903 569.6390628953682 669.6390628953682 627.232657883161 727.232657883161
2958 722.0825 634.3276 561.3177276452934 661.3177276452934 625.3102329649023 725.3102329649023
2975 722.0825 634.3276 553.0544871637487 653.0544871637487 623.1517161929854 723.1517161929854
2992 705.9461 639.5324 544.8560383791012 644.8560383791012 620.7588569334407 720.7588569334407
3010 705.9461 639.5324 536.2533318686146 636.2533318686146 617.9719743310518 717.9719743310518
3026 691.02905 641.63605 528.6800356774336 628.6800356774336 615.278056456131 715.278056456131
3043 691.02905 641.63605 520.7155915726703 620.7155915726703 612.1945571432422 712.1945571432422
3060 675.307 644.0358 512.8421481644934 612.8421481644934 608.8855955525434 708.8855955525434
3078 675.307 644.0358 504.6118388259649 604.6118388259649 605.1392263586182 705.1392263586182
3094 649.6236 637.00604 497.3937085871838 597.3937085871838 601.6021930576474 701.6021930576474
3111 649.6236 637.00604 489.8312325780845 589.8312325780845 597.6336549738851 697.6336549738851
3128 627.1453 631.87585 482.38478743869564 582.3847874386956 593.4514554692516 693.4514554692516
3146 627.1453 631.87585 474.6334910195917 574.6334910195917 588.7941302961241 688.7941302961241
3163 608.66064 628.4061 467.4448257527072 567.4448257527072 584.182901653867 684.182901653867
3179 608.66064 628.4061 460.8014873683203 560.8014873683203 579.6576321782761 679.6576321782761
3196 586.3758 623.38605 453.87850203784535 553.8785020378454 574.6563711348483 674.6563711348483
3213 586.3758 623.38605 447.10068540279684 547.1006854027969 569.4600705688548 669.4600705688548
3230 570.3157 614.8963 440.47353053246013 540.4735305324601 564.0729418127313 664.0729418127313
3248 570.3157 614.8963 433.6267260338776 533.6267260338776 558.165781572544 658.165781572544
3264 490.5951 611.2476 427.69256349239276 527.6925634923928 552.7438148032415 652.7438148032415
3281 490.5951 611.2476 421.54910963438175 521.5491096343817 546.8109982204569 646.8109982204569
3298 488.37573 601.1881 415.5770257696452 515.5770257696452 540.7057093474355 640.7057093474355
3316 484.64386 593.1155 409.4458068390105 509.4458068390105 534.0587981572892 634.0587981572892
3332 484.64386 593.1155 404.1661854693228 504.1661854693228 527.9976425819129 627.9976425819129
3350 484.64386 593.1155 398.4231643908829 498.4231643908829 521.0125883346178 621.0125883346178
3366 474.29135 581.72217 393.49702667636814 493.49702667636814 514.6608030789737 614.6608030789737
3383 474.29135 581.72217 388.45148117741576 488.45148117741576 507.7700260162269 607.7700260162269
3401 467.3361 572.23315 383.3252481623738 483.3252481623738 500.3205287834901 600.3205287834901
3417 467.3361 572.23315 378.95890042682595 478.95890042682595 493.5716758314352 593.5716758314352
3434 457.52936 561.76874 374.519558420162 474.519558420162 486.2756097367269 586.2756097367269
3451 457.52936 561.76874 370.28970142185455 470.28970142185455 478.85613214835485 578.8561321483548
3469 447.77673 551.48126 366.043167657697 466.043167657697 470.8723845988062 570.8723845988062
3486 436.46948 540.0187 362.2552058135661 462.2552058135661 463.2178641711182 563.2178641711182
3503 436.46948 540.0187 358.68666860027383 458.68666860027383 455.45861935813366 555.4586193581337
3519 418.1345 521.10767 355.5310810978608 455.5310810978608 448.06576630732854 548.0657663073285
3537 418.1345 521.10767 352.2192563482289 452.2192563482289 439.6511902174244 539.6511902174244
3553 398.99078 505.7978 349.4894944740342 449.4894944740342 432.0907399116313 532.0907399116313
3570 398.99078 505.7978 346.8121790087004 446.8121790087004 423.9807263598813 523.9807263598814
3587 398.99078 505.7978 344.3668039474663 444.3668039474663 415.79778809050777 515.7977880905078
3605 381.52 488.57288 342.03258971905177 442.03258971905177 407.06138620638365 507.06138620638365
3621 381.52 488.57288 340.17961285468476 440.17961285468476 399.23971851615926 499.23971851615926
3638 362.29135 469.9567 338.44119032461737 438.44119032461737 390.87800666884965 490.87800666884965
3656 362.29135 469.9567 336.8607362133312 436.8607362133312 381.97433109371923 481.97433109371923
3672 383.70047 458.60825 335.68173466233077 435.68173466233077 374.02310703330426 474.02310703330426
3689 362.5562 440.63016 334.66293792598333 434.66293792598333 365.5435792681223 465.5435792681223
3706 362.5562 440.63016 333.8859279242903 433.8859279242903 357.03848706593226 457.03848706593226
3723 344.79712 423.37256 333.35133438360816 433.35133438360816 348.5147233633919 448.5147233633919
3740 344.79712 423.37256 333.05959056430925 433.05959056430925 339.9791962294431 439.9791962294431
3757 336.87613 402.6382 453.02406576024066 553.0240657602407 331.056686471707 431.056686471707
3774 336.87613 402.6382 453.36623095517183 553.3662309551719 322.5235450269113 422.5235450269113
3791 331.12524 382.93082 454.11274721758974 554.1127472175897 314.01623679178385 414.01623679178385
3808 331.12524 382.93082 455.26193415828243 555.2619341582824 305.553911501838 405.553911501838
3826 327.80237 365.0842 456.91472789945465 556.9147278994546 296.66399928652106 396.66399928652106
3843 327.80237 365.0842 458.8837967246308 558.8837967246309 288.35410470841526 388.35410470841526
3860 327.80237 365.0842 461.2447967163995 561.2447967163995 280.14695788528695 380.14695788528695
3877 327.75153 349.1918 463.99241332353733 563.9924133235373 272.0610328969076 372.0610328969076
3893 322.8336 331.72327 466.92605000007745 566.9260500000775 264.5777907912517 364.5777907912517
3910 322.8336 331.72327 470.40573493989234 570.4057349398923 256.7788567193968 356.7788567193968
3927 319.62308 316.11694 474.251415455004 574.251415455004 249.15374548655507 349.15374548655507
3945 319.62308 316.11694 478.7126014504479 578.7126014504479 241.28862718732034 341.28862718732034
3961 318.85873 298.38284 483.0053327319572 583.0053327319572 234.49321736108072 334.4932173610807
3979 318.85873 298.38284 488.19170848039323 588.1917084803932 227.08620899447726 327.08620899447726
3995 335.06458 281.40887 493.109026801152 593.109026801152 220.7281340425647 320.7281340425647
4013 335.06458 281.40887 498.9739209792019 598.9739209792019 213.84589003154827 313.84589003154827
4030 358.71152 261.9306 504.82380561963384 604.8238056196338 207.62411941289355 307.62411941289355
4046 358.71152 261.9306 510.59338667089924 610.5933866708992 202.0279536670738 302.0279536670738
4064 378.21106 247.5652 517.3753216119491 617.3753216119491 196.0473496171248 296.04734961712484
4080 400.83298 234.39328 523.6492098803254 623.6492098803254 191.0230623484931 291.0230623484931
4098 400.83298 234.39328 530.9673246451781 630.9673246451781 185.71199252826437 285.7119925282644
4115 400.83298 234.39328 538.1156224410547 638.1156224410547 181.0393681522872 281.03936815228724
4132 417.42337 218.71815 545.4775025692394 645.4775025692394 176.71105428707807 276.71105428707807
4148 417.42337 218.71815 552.5866021519138 652.5866021519138 172.9606090221234 272.96060902212344
4165 437.1281 205.12288 560.3153796987771 660.3153796987771 169.32776198864897 269.32776198864894
4183 437.1281 205.12288 568.6767438562879 668.6767438562879 165.88540004190477 265.88540004190475
4200 453.4229 190.6102 576.7229970015156 676.7229970015156 163.02368896976233 263.02368896976236
4217 453.4229 190.6102 584.8959282560902 684.8959282560902 160.54684124624086 260.5468412462409
4233 469.404 176.23492 592.6873458725511 692.6873458725511 158.57226582663537 258.5722658266354
4251 483.22763 163.08415 601.547993109811 701.547993109811 156.76915826363768 256.7691582636377
4267 483.22763 163.08415 609.4914555949256 709.4914555949256 155.54174622631027 255.54174622631027
4285 503.24008 148.78825 618.4830892855312 718.4830892855312 154.5863458281167 254.5863458281167
4301 503.24008 148.78825 626.507114755926 726.507114755926 154.1171424476271 254.1171424476271
4318 523.42053 135.9113 635.0464617946108 735.0464617946108 154.01163372561214 254.01163372561214
4335 523.42053 135.9113 643.581202299593 743.581202299593 154.31127426047263 254.31127426047263
4352 523.42053 135.9113 652.0921247860152 752.0921247860152 155.01538956894865 255.01538956894865
4369 485.05704 127.943985 660.5600713827765 760.5600713827765 156.12239470530233 256.1223947053023
4386 485.05704 127.943985 668.9659809564164 768.9659809564164 157.6297978289907 257.6297978289907
4403 518.35 118.1964 677.2909320172428 777.2909320172428 159.53420581373558 259.5342058137356
4420 518.35 118.1964 685.5161853111272 785.5161853111272 161.83133188536496 261.831331885365
4438 491.64395 113.355385 694.0960379112927 794.0960379112927 164.68587137647998 264.68587137648
4454 532.02435 107.29593 701.5938053437343 801.5938053437343 167.58218283949915 267.5821828394992
4472 532.02435 107.29593 709.8645705675439 809.8645705675439 171.23686599396328 271.2368659939633
4488 565.5507 103.84891 717.0541612546845 817.0541612546845 174.83059975054408 274.8305997505441
4505 565.5507 103.84891 724.5091369531456 824.5091369531456 178.99652309031762 278.9965230903176
4522 603.5017 103.4028 731.7581279004737 831.7581279004737 183.51135533338842 283.51135533338845
4539 603.5017 103.4028 738.7848168015221 838.7848168015221 188.36493370665013 288.36493370665016
4556 632.4066 100.239006 745.5733867574248 845.5733867574248 193.54633292803192 293.5463329280319
4573 632.4066 100.239006 752.108556869033 852.108556869033 199.0438897990301 299.0438897990301
4590 658.52405 96.61371 758.3756166338345 858.3756166338345 204.8452294582745 304.8452294582745
4607 658.52405 96.61371 764.3604590589218 864.3604590589218 210.9372932370277 310.9372932370277
4625 658.52405 96.61371 770.3747830567704 870.3747830567704 217.68934279222185 317.68934279222185
4641 685.8517 100.86391 775.4302705632856 875.4302705632856 223.93811728273374 323.93811728273374
4658 685.8517 100.86391 780.4903217770493 880.4903217770493 230.81761302381858 330.8176130238186
4675 708.06067 103.8018 785.2183760095571 885.2183760095571 237.9293697063817 337.9293697063817
4692 731.2493 108.56864 789.6037905304013 889.6037905304013 245.25737894613326 345.25737894613326
4709 731.2493 108.56864 793.6366938824929 893.6366938824929 252.78514557975075 352.78514557975075
4726 754.3272 115.183075 797.3080081024611 897.3080081024611 260.4957247950736 360.4957247950736
4744 754.3272 115.183075 800.7919917624882 900.7919917624882 268.8398319494411 368.8398319494411
4760 775.18945 124.32866 803.5336455346032 903.5336455346032 276.3955232583588 376.3955232583588
4777 775.18945 124.32866 806.0739549944915 906.0739549944915 284.5489524624127 384.5489524624127
4794 796.70996 134.77036 808.2246793622878 908.2246793622878 292.8136947228397 392.8136947228397
4812 796.70996 134.77036 810.0719169040786 910.0719169040786 301.6652471183856 401.6652471183856
4828 814.05536 147.55685 811.3388957607996 911.3388957607996 309.60249482388303 409.60249482388303
4845 814.05536 147.55685 812.2953777692248 912.2953777692248 318.08876150040663 418.08876150040663
4862 829.9533 160.27861 812.84827042036 912.84827042036 326.6108439720703 426.6108439720703
4879 829.9533 160.27861 812.9963291668411 912.9963291668411 335.1495592469291 435.1495592469291
4896 842.0015 174.9846 812.7392207321774 912.7392207321774 343.68568689301895 443.68568689301895
4913 842.0015 174.9846 812.0775238609478 912.0775238609478 352.200012303063 452.200012303063
4931 842.8197 193.33397 810.9375863875596 910.9375863875596 361.1701187073185 461.1701187073185
4947 842.8197 193.33397 809.5472300260149 909.5472300260149 369.0866865084376 469.0866865084376
4964 847.8478 210.60556 807.6843286896907 907.6843286896907 377.4210238275436 477.4210238275436
4981 847.8478 210.60556 805.4282173508461 905.4282173508461 385.65762152102405 485.65762152102405
4999 852.6858 230.23444 802.6164664715639 902.6164664715639 394.25159169433493 494.25159169433493
5015 852.6858 230.23444 799.7575521379785 899.7575521379785 401.7636982827043 501.7636982827043
5032 856.60455 248.96613 796.3557627878217 896.3557627878217 409.59692297976756 509.59692297976756
5049 860.7239 265.1964 792.5862637502574 892.5862637502574 417.25998091660404 517.259980916604
5066 860.7239 265.1964 788.4575400722103 888.4575400722103 424.73562274375536 524.7356227437554
5083 858.3152 283.8676 783.9788854061801 883.9788854061801 432.00702098068035 532.0070209806804
5101 858.3152 283.8676 778.8665841399335 878.8665841399335 439.4653480122629 539.4653480122629
5117 858.3152 283.8676 774.0128734563121 874.0128734563121 445.8721123408068 545.8721123408068
5134 797.50104 304.9831 768.5479494131282 868.5479494131282 452.4345954942897 552.4345954942896
5151 797.50104 304.9831 762.7779103666112 862.7779103666112 458.73048537096236 558.7304853709624
5169 809.6642 319.04535 756.3503375862501 856.3503375862501 465.09040474938706 565.0904047493871
5186 809.6642 319.04535 749.993748013828 849.993748013828 470.79350469111057 570.7935046911106
5202 817.9234 331.93356 743.7702424593289 843.7702424593289 475.8800669068827 575.8800669068827
5220 822.02673 344.7574 736.5054202885274 836.5054202885274 481.26380400796154 581.2638040079615
5236 822.02673 344.7574 729.8279376018812 829.8279376018812 485.73776886380733 585.7377688638073
5253 826.4269 358.6715 722.5218717414465 822.5218717414465 490.15964421036574 590.1596442103657
5271 826.4269 358.6715 714.5667557803298 814.5667557803298 494.45829474187997 594.45829474188
5287 813.3019 373.44394 707.3221049847989 807.3221049847989 497.93969839739407 597.9396983973941
5305 813.3019 373.44394 698.995462019195 798.995462019195 501.46521726278866 601.4652172627887
5321 812.8197 382.27454 691.4535261011198 791.4535261011198 504.2444868016163 604.2444868016163
5338 812.8197 382.27454 683.3128564156366 783.3128564156366 506.8253930396211 606.8253930396211
5355 812.8197 382.27454 675.0589337638094 775.0589337638094 509.01727369220305 609.017273692203
5372 800.6676 401.69846 666.710337516615 766.710337516615 510.8151948914908 610.8151948914908
5389 800.6676 401.69846 658.2858601528986 758.2858601528986 512.2151095623715 612.2151095623715
5406 789.6002 415.00302 649.8044649579773 749.8044649579773 513.2138665323532 613.2138665323532
5423 779.36707 430.7062 641.2852433377668 741.2852433377668 513.8092176247758 613.8092176247758
5440 779.36707 430.7062 632.7473718445073 732.7473718445073 513.9998227193989 613.9998227193989
5457 767.6962 443.75415 624.2100690108309 724.2100690108309 513.7852527689789 613.7852527689789
5474 767.6962 443.75415 615.692552089333 715.692552089333 513.1659907650433 613.1659907650433
5491 749.8678 454.8932 607.2139937950213 707.2139937950213 512.1434306506889 612.1434306506889
5509 749.8678 454.8932 598.3003682235171 698.3003682235171 510.6237117563112 610.6237117563112
5525 736.504 463.7742 590.4499625136663 690.4499625136663 508.8985257511097 608.8985257511097
5542 736.504 463.7742 582.2022249367301 682.2022249367301 506.68348516468336 606.6834851646834
5559 718.74805 471.1012 574.0688318657412 674.0688318657412 504.079738423869 604.079738423869
5577 718.74805 471.1012 565.6019771400934 665.6019771400934 500.9056814927985 600.9056814927985
5593 701.1777 480.5801 558.218012891798 658.218012891798 497.7304321259451 597.7304321259451
5610 701.1777 480.5801 550.5362667811617 650.5362667811617 493.99916469660786 593.9991646966079
5628 683.81824 487.3208 542.6053395844086 642.6053395844086 489.65604828708047 589.6560482870805
5644 683.81824 487.3208 535.7465194703461 635.7465194703461 485.4653773139863 585.4653773139863
5661 668.2776 491.99075 528.6718096170268 628.6718096170268 480.6820667001052 580.6820667001052
5678 668.2776 491.99075 521.8319398796541 621.8319398796541 475.56857846668925 575.5685784666892
5695 653.21204 493.02332 515.2423066318847 615.2423066318847 470.13642294632587 570.1364229463259
5713 653.21204 493.02332 508.5542719367003 608.5542719367003 464.0509929481327 564.0509929481327
5729 635.8695 493.2438 502.8724853308397 602.8724853308397 458.36571041097886 558.3657104109789
5746 635.8695 493.2438 497.1201414322254 597.1201414322254 452.0536489719888 552.0536489719889
5764 618.4821 493.5134 491.36306905859533 591.3630690585953 445.0809605355471 545.0809605355471
5780 618.4821 493.5134 486.5452998949387 586.5452998949387 438.6471252215585 538.6471252215586
5797 605.8088 489.8004 481.74660595691194 581.7466059569119 431.58284065575424 531.5828406557542
5814 588.43713 484.4247 477.2883795805666 577.2883795805666 424.29889958551144 524.2988995855114
5832 588.43713 484.4247 472.9501422903951 572.9501422903951 416.3653024466931 516.365302446693
5848 588.43713 484.4247 469.43268195865755 569.4326819586576 409.1380893339877 509.1380893339877
5865 575.36414 480.45032 466.05289368960894 566.0528936896089 401.295346752855 501.295346752855
5882 575.36414 480.45032 463.04889913133843 563.0488991313384 393.30112404946493 493.30112404946493
5899 560.58386 471.4657 460.427460199564 560.4274601995639 385.1734160167848 485.1734160167848
5917 560.58386 471.4657 458.07533489037223 558.0753348903722 376.44244969702606 476.44244969702606
5934 542.8995 450.55234 456.2591188838897 556.2591188838896 368.0978143331939 468.0978143331939
5950 542.8995 450.55234 454.91310174796206 554.9131017479621 360.1735872774116 460.1735872774116
5968 530.65625 436.96643 453.8233973510431 553.8233973510431 351.19723998721406 451.19723998721406
5984 530.65625 436.96643 453.23429986469176 553.2342998646918 343.18112492358273 443.18112492358273
6001 515.7751 422.4685 453.0036526131048 553.0036526131048 335.1467028281774 435.1467028281774
