1 693.50543 280.63904 297.62542067616835 468.37542067616835 335.4976002348308 431.4976002348308
17 690.661 279.79758 297.7465672298508 468.4965672298508 327.460353677165 423.460353677165
34 689.2934 281.35568 298.1111703954607 468.8611703954607 318.92762829531256 414.92762829531256
51 689.2934 281.35568 298.7185140048509 469.4685140048509 310.4087391863609 406.4087391863609
68 691.26965 280.85474 299.56810583748677 470.31810583748677 301.91059046864586 397.91059046864586
85 691.26965 280.85474 300.6592573431978 471.4092573431978 293.44006945149073 389.44006945149073
102 691.26965 280.85474 301.9910842002114 472.7410842002114 285.00404105339845 381.00404105339845
119 690.54297 271.4207 303.56250703184975 474.31250703184975 276.6093422383909 372.6093422383909
136 690.54297 271.4207 305.37225228130916 476.12225228130916 268.2627764750041 364.2627764750041
153 691.624 282.38187 307.4188532438116 478.1688532438116 259.9711082224287 355.9711082224287
170 691.624 282.38187 309.7006512552929 480.4506512552929 251.74105744826687 347.7410574482669
187 692.3579 293.01495 312.21579703666407 482.96579703666407 243.57929418234613 339.57929418234613
205 692.3579 293.01495 315.13096515083794 485.88096515083794 235.0192083877314 331.0192083877314
221 694.42694 291.81973 317.93779086333535 488.68779086333535 227.48702821623766 323.48702821623766
239 692.4317 280.42163 321.3353713044251 492.0853713044251 219.10671073469888 315.1067107346989
256 692.4317 280.42163 324.77475501321027 495.52475501321027 211.2893596734873 307.2893596734873
273 696.9238 276.60834 328.4352697116431 499.1852697116431 203.57308012612515 299.57308012612515
289 696.9238 276.60834 332.0798074744846 502.8298074744846 196.40862946948707 292.4086294694871
306 698.6112 274.18597 336.16094923283765 506.91094923283765 188.90632183391858 284.9063218339186
324 698.6112 274.18597 340.7130516625483 511.4630516625483 181.0927671105879 277.09276711058794
340 692.93036 298.60602 344.9554626662418 515.7054626662418 174.26532559916362 270.2653255991636
357 692.93036 298.60602 349.6617068437197 520.4117068437197 167.13850276900726 263.13850276900723
375 692.93036 298.60602 354.8637457035903 525.6137457035903 159.7417422858324 255.7417422858324
392 689.16504 295.66696 359.9793956887837 530.7293956887837 152.90284887099742 248.90284887099742
408 693.371 301.39053 364.97014001297055 535.7201400129705 146.601699784777 242.601699784777
425 693.371 301.39053 370.45573236238414 541.2057323623842 140.05581447516937 236.05581447516937
442 693.49774 307.57425 376.12543363562395 546.875433635624 133.66873177782583 229.66873177782583
459 693.49774 307.57425 381.9746488335043 552.7246488335043 127.44562809241546 223.44562809241546
476 702.9682 299.05402 387.9986374701024 558.7486374701024 121.39154692211227 217.39154692211227
493 702.9682 299.05402 394.1925174146769 564.9425174146769 115.51139478609738 211.51139478609738
510 746.8631 298.80652 400.5512688483818 571.3012688483818 109.8099372430793 205.8099372430793
527 746.8631 298.80652 407.06973833256984 577.8197383325698 104.29179502905546 200.29179502905546
544 743.7423 298.07474 413.7426429853873 584.4926429853873 98.96144031244515 194.96144031244515
562 743.7423 298.07474 420.97038828338435 591.7203882833844 93.52701560946679 189.5270156094668
578 734.32007 301.044 427.53000484391305 598.280004843913 88.88121758382923 184.88121758382923
595 734.32007 301.044 434.6332881070341 605.3832881070341 84.13951907017963 180.13951907017963
612 733.54834 296.8866 441.86866770951156 612.6186677095116 79.60194042970028 175.60194042970028
629 733.54834 296.8866 449.2302797509776 619.9802797509776 75.27215913482809 171.2721591348281
646 728.09216 288.47665 456.71215802621145 627.4621580262115 71.15368424901567 167.15368424901567
663 728.09216 288.47665 464.3082388604396 635.0582388604396 67.24985358281685 163.24985358281685
680 724.0244 291.66644 472.0123660236304 642.7623660236304 63.563830988764266 159.56383098876427
697 724.0244 291.66644 479.81829571979983 650.5682957197998 60.09860379723074 156.09860379723074
714 720.8793 283.751 487.71970164728384 658.4697016472838 56.85698039535282 152.85698039535282
731 720.8793 283.751 495.7101801258791 666.4601801258791 53.84158795097835 149.84158795097835
748 723.5457 277.8913 503.783255286693 674.533255286693 51.0548702834833 147.0548702834833
765 723.5457 277.8913 511.93238432050157 682.6823843205016 48.49908588318232 144.49908588318232
782 729.52966 283.12537 520.1509627803556 690.9009627803556 46.176306080939696 142.1763060809397
799 728.79016 294.17383 528.4323299341439 699.1823299341439 44.08841336946284 140.08841336946284
816 728.79016 294.17383 536.7697741627716 707.5197741627716 42.23709987763954 138.23709987763954
833 725.06335 305.8972 545.156538399579 715.906538399579 40.62386599915499 136.623865999155
850 725.06335 305.8972 553.585825606595 724.335825606595 39.25001917650059 135.2500191765006
868 725.06335 305.8972 562.5497092126128 733.2997092126128 38.05751565750103 134.05751565750103
884 767.9481 310.06546 570.5446140026227 741.2946140026227 37.2247455122278 133.2247455122278
901 767.9481 310.06546 579.0603709721212 749.8103709721212 36.574960050003085 132.57496005000309
918 761.68176 308.5344 587.5911736117806 758.3411736117806 36.167843072143 132.167843072143
935 761.68176 308.5344 596.1301081479654 766.8801081479654 36.00372452586896 132.00372452586896
952 753.69617 311.37225 604.6702542165596 775.4202542165596 36.08273742076125 132.08273742076125
969 753.69617 311.37225 613.2046904715623 783.9546904715623 36.40481772096149 132.4048177209615
987 751.82227 305.32285 622.2272422323567 792.9772422323567 37.01048567359351 133.0104856735935
1003 750.09955 310.11652 630.2287768999744 800.9787768999744 37.77693963769889 133.7769396376989
1020 750.09955 310.11652 638.7046299331981 809.4546299331981 38.82586922049978 134.82586922049978
1037 744.1979 313.49783 647.1471900543268 817.8971900543268 40.115643042381976 136.11564304238198
1054 744.1979 313.49783 655.5496150057149 826.2996150057149 41.645215808474234 137.64521580847423
1072 730.9078 311.11377 664.3949870000625 835.1449870000625 43.52475517402934 139.52475517402934
1088 730.9078 311.11377 672.2068585250034 842.9568585250034 45.41860627535635 141.41860627535635
1106 730.9078 311.11377 680.9309353437416 851.6809353437416 47.79847131476845 143.79847131476845
1122 727.39453 317.35175 688.6223720999366 859.3723720999366 50.133810549576026 146.13381054957603
1139 727.39453 317.35175 696.7228182836474 867.4728182836474 52.839934998910564 148.83993499891056
1156 723.96704 323.75616 704.742950819005 875.492950819005 55.77554601295549 151.7755460129555
1173 720.72577 326.65833 712.6762698040402 883.4262698040402 58.93826443105149 154.9382644310515
1191 720.72577 326.65833 720.9744866729714 891.7244866729714 62.53171273890922 158.53171273890922
1207 653.2864 326.63354 728.2568245155068 899.0068245155068 65.93458862018292 161.93458862018292
1225 653.2864 326.63354 736.337097942471 907.087097942471 69.99444764366609 165.9944476436661
1241 670.49316 323.15256 743.413983721744 914.163983721744 73.80623152831976 169.80623152831976
1258 670.49316 323.15256 750.8183800147626 921.5683800147626 78.06243329120804 174.06243329120804
1275 679.6948 321.66058 758.0986210088488 928.8486210088488 82.52768009049117 178.52768009049117
1292 679.6948 321.66058 765.2488064458005 935.9988064458005 87.19835307494287 183.19835307494287
1309 693.54535 307.346 772.263141470708 943.013141470708 92.0706669060545 188.0706669060545
1326 693.54535 307.346 779.1359413283826 949.8859413283826 97.14067282585665 193.14067282585665
1343 696.17487 314.6087 785.8616359705578 956.6116359705578 102.40426185718263 198.40426185718263
1360 696.17487 314.6087 792.434774570124 963.184774570124 107.85716813378187 203.85716813378187
1377 696.17487 314.6087 798.8500299387413 969.6000299387413 113.49497235758312 209.49497235758312
1394 700.54224 307.9535 805.1022028442499 975.8522028442499 119.31310538030687 215.31310538030687
1412 697.86926 300.06506 811.5387673844003 982.2887673844003 125.66479105149173 221.66479105149173
1428 697.86926 300.06506 817.0971692933363 987.8471692933363 131.47135431515434 227.47135431515434
1446 695.5355 291.02817 823.1618418139614 993.9118418139614 138.17903805565956 234.17903805565956
1462 695.5355 291.02817 828.3807966001699 999.1307966001699 144.29250840037312 240.29250840037312
1479 694.4957 299.17755 833.7443360426164 1004.4943360426164 150.93876919572267 246.93876919572267
1496 694.4957 299.17755 838.9165129944168 1009.6665129944168 157.73501253228335 253.73501253228335
1513 694.68616 294.7513 843.8931356740757 1014.6431356740757 164.675730406883 260.67573040688296
1531 694.68616 294.7513 848.9448737571439 1019.6948737571439 172.1759448228275 268.1759448228275
1548 687.63165 292.61005 853.5063645222324 1024.2563645222324 179.39627306401533 275.3962730640153
1564 687.63165 292.61005 857.6101570459276 1028.3601570459277 186.30792233453255 282.3079223345326
1581 703.03436 286.69937 861.7658627967578 1032.5158627967578 193.76918547310373 289.76918547310373
1599 706.2669 279.9622 865.9326210713034 1036.6826210713034 201.79485674886422 297.7948567488642
1615 706.2669 279.9622 869.4318623492258 1040.1818623492259 209.03138348446487 305.03138348446487
1632 709.38654 271.39563 872.9359432553329 1043.6859432553329 216.8199491363638 312.8199491363638
1650 709.38654 271.39563 876.4028900120431 1047.1528900120431 225.17180845816728 321.1718084581673
1667 709.38654 271.39563 879.4447010204906 1050.1947010204906 233.15226732338112 329.1522673233811
1683 707.61835 258.8171 882.0989812329851 1052.8489812329851 240.73954649774532 336.7395464977453
1700 707.61835 258.8171 884.6953407916484 1055.4453407916485 248.87583895516212 344.8758389551621
1717 702.09546 262.1087 887.0590447096293 1057.8090447096292 257.08274103198784 353.08274103198784
1735 702.09546 262.1087 889.3060775952 1060.0560775952 265.8419714294728 361.8419714294728
1752 701.11755 254.46529 891.1849638955216 1061.9349638955216 274.17324529251096 370.17324529251096
1768 698.14905 254.25395 892.7360179615537 1063.4860179615537 282.0603385467098 378.0603385467098
1785 698.14905 254.25395 894.1518506369953 1064.9018506369953 290.4826752619944 386.4826752619944
1802 693.7174 250.913 895.3273636603816 1066.0773636603817 298.94190141113677 394.94190141113677
1820 693.7174 250.913 896.3090288345896 1067.0590288345898 307.9313178232743 403.9313178232743
1836 683.31165 250.4377 896.9538155200738 1067.703815520074 315.9435746118702 411.9435746118702
1853 683.31165 250.4377 897.4034362013994 1068.1534362013995 324.4722426880359 420.4722426880359
1870 687.7385 255.07536 897.6101019890048 1068.3601019890048 333.01025341435343 429.01025341435343
1887 687.7385 255.07536 897.5736453909749 1068.323645390975 341.5506871754069 437.5506871754069
1904 687.7385 255.07536 897.2940959534936 1068.0440959534935 350.08662239203596 446.08662239203596
1922 687.807 257.73853 896.7333946506541 1067.4833946506542 359.1120801640305 455.1120801640305
1938 687.807 257.73853 896.0068216320687 1066.7568216320687 367.1173347111916 463.1173347111916
1956 688.80743 264.4017 894.9334090841814 1065.6834090841814 376.09625777841393 472.09625777841393
1972 696.63007 274.70392 893.7524512558361 1064.5024512558361 384.04719151753216 480.04719151753216
1989 696.63007 274.70392 892.2647665348454 1063.0147665348454 392.4571339716405 488.4571339716405
2007 697.7016 267.29767 890.4293267523421 1061.1793267523421 401.3117618435425 497.3117618435425
2023 697.7016 267.29767 888.5744255069792 1059.3244255069792 409.13297339202586 505.13297339202586
2040 702.0804 271.10678 886.3747600303433 1057.1247600303432 417.385355454278 513.3853554542779
2057 702.0804 271.10678 883.9410778307275 1054.6910778307274 425.5717789017766 521.5717789017766
2074 706.6476 273.38727 881.2753512814876 1052.0253512814875 433.68560906238275 529.6856090623828
2091 706.6476 273.38727 878.3797408159044 1049.1297408159044 441.7202700970553 537.7202700970553
2109 708.7362 284.89517 875.0658458507073 1045.8158458507073 450.13403109346496 546.134031093465
2125 708.7362 284.89517 871.9084395119482 1042.6584395119482 457.52610752219204 553.526107522192
2142 708.7362 284.89517 868.3379933280626 1039.0879933280626 465.2844741001809 561.2844741001809
2159 706.7106 280.35065 864.5481482862865 1035.2981482862865 472.9380623089762 568.9380623089762
2176 708.76404 277.1242 860.5419758597092 1031.291975859709 480.4806693117979 576.4806693117979
2193 708.76404 277.1242 856.3227228435584 1027.0727228435585 487.90618221638465 583.9061822163847
2210 712.97394 266.4859 851.8938087238421 1022.6438087238421 495.20858302917645 591.2085830291765
2228 712.97394 266.4859 846.9798386747549 1017.7298386747549 502.79977346953126 598.7997734695313
2245 712.71 270.40305 842.1307571776003 1012.8807571776003 509.8301892854297 605.8301892854297
2261 712.71 270.40305 837.3858258058228 1008.1358258058228 516.3184583144773 612.3184583144773
2278 757.7067 262.54242 832.1558160761413 1002.9058160761413 523.0702977777584 619.0702977777584
2295 757.7067 262.54242 826.7357312689596 997.4857312689596 529.6705264551181 625.6705264551181
2312 749.5434 257.54202 821.1299640822481 991.8799640822481 536.1137952031119 632.1137952031119
2330 743.69275 252.27527 814.9971099362925 985.7471099362925 542.7591976716982 638.7591976716982
2346 743.69275 252.27527 809.379702109853 980.129702109853 548.5086966087915 644.5086966087915
2363 737.3743 244.65672 803.2447303028227 973.9947303028227 554.4502838409564 650.4502838409564
2381 737.3743 244.65672 796.5673499372441 967.3173499372441 560.5483052740481 656.5483052740481
2397 737.3743 244.65672 790.4799614017456 961.2299614017456 565.7976585231695 661.7976585231695
2414 731.7476 239.17056 783.8605094916655 954.6105094916655 571.1942495138428 667.1942495138428
2431 731.7476 239.17056 777.0901233483269 947.8401233483269 576.4002277485814 672.4002277485814
2448 732.87006 238.15866 770.1742900189863 940.9242900189863 581.4113740517007 677.4113740517007
2465 732.87006 238.15866 763.1186144283101 933.8686144283101 586.2236271487043 682.2236271487043
2483 735.16064 237.55089 755.5018325769166 926.2518325769166 591.0978356150445 687.0978356150445
2499 735.16064 237.55089 748.6107182018081 919.3607182018081 595.2360177503971 691.2360177503971
2517 743.7566 236.30681 740.7288988675523 911.4788988675523 599.6688721273433 695.6688721273433
2533 743.7566 236.30681 733.6134567331254 904.3634567331254 603.4081891703074 699.4081891703074
2550 735.0934 234.6176 725.9464464020558 896.6964464020558 607.1708066759479 703.1708066759479
2568 730.0214 236.36775 717.7152155588545 888.4652155588545 610.9151507775223 706.9151507775223
2584 730.0214 236.36775 710.3067300841386 881.0567300841386 614.0338607170812 710.0338607170812
2602 726.08435 238.58023 701.8757557291436 872.6257557291436 617.3037147460062 713.3037147460062
2619 726.08435 238.58023 693.8260633664289 864.5760633664289 620.1572723108953 716.1572723108953
2635 717.55597 238.92526 686.178543102233 856.928543102233 622.6326394604092 718.6326394604092
2652 717.55597 238.92526 677.9835211872297 848.7335211872297 625.0372088029525 721.0372088029525
2669 717.55597 238.92526 669.7233728534557 840.4733728534557 627.2075284601758 723.2075284601758
2686 719.27875 236.15918 661.4047925232513 832.1547925232513 629.1418395004217 725.1418395004217
2704 719.27875 236.15918 652.5406881752673 823.2906881752673 630.9309532623472 726.9309532623472
2720 767.3088 237.1348 644.6193448795832 815.3693448795832 632.296357637651 728.296357637651
2738 750.0653 231.50533 635.6677906981013 806.4177906981013 633.5781344048996 729.5781344048996
2755 750.0653 231.50533 627.1816681050749 797.9316681050749 634.5404551656717 730.5404551656717
2771 798.07495 223.33624 619.1727237438794 789.9227237438794 635.2251587040392 731.2251587040392
2789 798.07495 223.33624 610.1444574500881 780.8944574500881 635.7386581426483 731.7386581426483
2806 784.32806 222.81662 601.607177164819 772.357177164819 635.9735692774082 731.9735692774082
2823 784.32806 222.81662 593.0666695312384 763.8166695312384 635.9653673731979 731.9653673731979
2839 700.3228 220.96786 585.0317954607539 755.7817954607539 635.7355687926154 731.7355687926154
2856 700.3228 220.96786 576.5047793711809 747.2547793711809 635.2556370072082 731.2556370072082
2873 707.6954 220.89201 567.9948801263789 738.7448801263789 634.5331740297464 730.5331740297464
2890 707.6954 220.89201 559.5089945588649 730.2589945588649 633.5687653790487 729.5687653790487
2907 707.6954 220.89201 551.0540000393138 721.8040000393138 632.3631926583694 728.3631926583694
2924 707.65 223.471 542.6367489028069 713.3867489028069 630.9174329219486 726.9174329219486
2941 710.7582 219.98767 534.2640628953682 705.0140628953682 629.232657883161 725.232657883161
2958 710.7582 219.98767 525.9427276452934 696.6927276452934 627.3102329649023 723.3102329649023
2975 756.3154 225.19437 517.6794871637487 688.4294871637487 625.1517161929854 721.1517161929854
2992 756.3154 225.19437 509.48103837910116 680.2310383791012 622.7588569334407 718.7588569334407
3009 748.3964 221.92972 501.3540257094023 672.1040257094023 620.1335944747455 716.1335944747455
3026 748.3964 221.92972 493.3050356774336 664.0550356774336 617.278056456131 713.278056456131
3043 746.7618 221.79216 485.3405915726703 656.0905915726703 614.1945571432422 710.1945571432422
3060 746.7618 221.79216 477.46714816449344 648.2171481644934 610.8855955525434 706.8855955525434
3077 736.813 234.41063 469.691086470933 640.441086470933 607.3538534259965 703.3538534259965
3094 736.813 234.41063 462.0187085871838 632.7687085871838 603.6021930576474 699.6021930576474
3111 729.1346 240.53168 454.4562325780845 625.2062325780845 599.6336549738851 695.6336549738851
3128 722.99585 257.07086 447.00978743869564 617.7597874386956 595.4514554692516 691.4514554692516
3146 722.99585 257.07086 439.2584910195917 610.0084910195917 590.7941302961241 686.7941302961241
3162 722.99585 257.07086 432.4890306732291 603.2390306732291 586.4598004361334 682.4598004361334
3180 720.3872 263.20917 425.01533437862736 595.7653343786274 581.3689127295427 677.3689127295427
3197 720.3872 263.20917 418.1007341971813 588.8507341971813 576.3560650118047 672.3560650118047
3213 718.607 258.73648 411.72568540279684 582.4756854027969 571.4600705688548 667.4600705688548
3230 718.607 258.73648 405.09853053246013 575.8485305324601 566.0729418127313 662.0729418127313
3247 724.2335 250.59276 398.6274083925641 569.3774083925641 560.4993508552757 656.4993508552757
3264 724.2335 250.59276 392.31756349239276 563.0675634923928 554.7438148032415 650.7438148032415
3281 723.87463 241.36794 386.17410963438175 556.9241096343817 548.8109982204569 644.8109982204569
3298 723.87463 241.36794 380.2020257696452 550.9520257696452 542.7057093474355 638.7057093474355
3315 718.6495 245.26416 374.4061519627961 545.1561519627961 536.4328962045494 632.4328962045494
3332 720.10156 240.8528 368.7911854693228 539.5411854693227 529.9976425819129 625.9976425819129
3349 720.10156 240.8528 363.3616769287074 534.1116769287074 523.4051639192346 619.4051639192346
3366 719.4868 238.01958 358.12202667636814 528.8720266763681 516.6608030789737 612.6608030789737
3383 719.4868 238.01958 353.07648117741576 523.8264811774158 509.7700260162269 605.7700260162269
3400 718.38684 233.28151 348.2291295851123 518.9791295851123 502.7384173488538 598.7384173488538
3417 718.38684 233.28151 343.58390042682595 514.333900426826 495.5716758314352 591.5716758314352
3434 718.38684 233.28151 339.144558420162 509.894558420162 488.2756097367269 584.2756097367269
3452 712.8455 233.12851 334.67248418581175 505.42248418581175 480.4159770489023 576.4159770489023
3468 712.8455 233.12851 330.8977575118902 501.6477575118902 473.3192561685689 569.3192561685689
3485 717.0082 248.40355 327.0969822152257 497.8469822152257 465.6710900449318 561.6710900449318
3502 717.0082 248.40355 323.5154558633554 494.2654558633554 457.9178322199049 553.9178322199049
3521 718.0599 242.38966 319.7755938652701 490.5255938652701 449.13579234962697 545.135792349627
3537 715.71545 240.78471 316.8442563482289 487.5942563482289 441.6511902174244 537.6511902174244
3554 715.71545 240.78471 313.9506228120883 484.7006228120883 433.61581699217805 529.615816992178
3570 646.14075 247.09158 311.4371790087004 482.1871790087004 425.9807263598813 521.9807263598814
3587 646.14075 247.09158 308.9918039474663 479.7418039474663 417.79778809050777 513.7977880905078
3604 594.16693 256.25952 306.780351140146 477.530351140146 409.5485569510936 505.5485569510936
3621 594.16693 256.25952 304.80461285468476 475.55461285468476 401.23971851615926 497.23971851615926
3638 623.51874 259.56055 303.06619032461737 473.81619032461737 392.87800666884965 488.87800666884965
3655 623.51874 259.56055 301.5664924513526 472.3164924513526 384.4701981434725 480.4701981434725
3672 623.51874 259.56055 300.30673466233077 471.05673466233077 376.02310703330426 472.02310703330426
3689 649.5521 272.2396 299.28793792598333 470.03793792598333 367.5435792681223 463.5435792681223
3706 660.1315 280.91455 298.5109279242903 469.2609279242903 359.03848706593226 455.03848706593226
3723 660.1315 280.91455 297.97633438360816 468.72633438360816 350.5147233633919 446.5147233633919
3740 670.0956 277.74933 297.68459056430925 468.43459056430925 341.9791962294431 437.9791962294431
3757 670.0956 277.74933 417.64906576024066 588.3990657602407 333.056686471707 429.056686471707
3774 676.09924 279.49173 417.99123095517183 588.7412309551719 324.5235450269113 420.5235450269113
3791 676.09924 279.49173 418.73774721758974 589.4877472175897 316.01623679178385 412.01623679178385
3808 687.88324 289.64404 419.88693415828243 590.6369341582824 307.553911501838 403.553911501838
3826 687.88324 289.64404 421.53972789945465 592.2897278994546 298.66399928652106 394.66399928652106
3842 700.08215 290.00125 423.3820723329198 594.1320723329197 290.84025954453836 386.84025954453836
3859 700.08215 290.00125 425.72015609929747 596.4701560992975 282.62655488470796 378.62655488470796
3877 713.5755 295.05762 428.61741332353733 599.3674133235373 274.0610328969076 370.0610328969076
3893 713.5755 295.05762 431.55105000007745 602.3010500000775 266.5777907912517 362.5777907912517
3910 717.2246 289.2512 435.03073493989234 605.7807349398923 258.7788567193968 354.7788567193968
3927 717.2246 289.2512 438.876415455004 609.626415455004 251.15374548655507 347.15374548655507
3944 722.6813 290.20377 443.0794350159092 613.8294350159092 243.71962102511617 339.71962102511617
3961 722.6813 290.20377 447.6303327319572 618.3803327319572 236.49321736108072 332.4932173610807
3979 732.8342 291.93634 452.81670848039323 623.5667084803932 229.08620899447726 325.08620899447726
3995 732.8342 291.93634 457.734026801152 628.484026801152 222.7281340425647 318.7281340425647
4012 741.9672 289.18185 463.26407999467915 634.0140799946792 216.22043924223226 312.22043924223226
4029 741.9672 289.18185 469.09657621838664 639.8465762183866 209.98236520147657 305.98236520147657
4046 741.21735 297.51312 475.21838667089924 645.9683866708992 204.0279536670738 300.0279536670738
4064 741.21735 297.51312 482.00032161194906 652.7503216119491 198.0473496171248 294.04734961712484
4080 744.25867 293.093 488.27420988032543 659.0242098803254 193.0230623484931 289.0230623484931
4097 753.2629 287.57483 495.1788343096449 665.9288343096449 187.9973542961332 283.9973542961332
4114 753.2629 287.57483 502.31406246496294 673.064062464963 183.30479645322103 279.304796453221
4131 753.40765 292.82092 509.66383312829794 680.4138331282979 178.95595164869005 274.9559516486901
4148 753.40765 292.82092 517.2116021519138 687.9616021519138 174.9606090221234 270.96060902212344
4165 749.363 305.26123 524.9403796987771 695.6903796987771 171.32776198864897 267.32776198864894
4182 749.363 305.26123 532.8327684862486 703.5827684862486 168.06558799499004 264.06558799499004
4200 749.363 305.26123 541.3479970015156 712.0979970015156 165.02368896976233 261.02368896976236
4217 755.4966 304.06213 549.5209282560902 720.2709282560902 162.54684124624086 258.5468412462409
4233 755.4966 304.06213 557.3123458725511 728.0623458725511 160.57226582663537 256.5722658266354
4251 761.81195 301.5124 566.172993109811 736.922993109811 158.76915826363768 254.76915826363768
4267 761.81195 301.5124 574.1164555949256 744.8664555949256 157.54174622631027 253.54174622631027
4284 763.9158 300.84424 582.6073830375866 753.3573830375866 156.6275629290547 252.6275629290547
4301 755.1677 288.96655 591.132114755926 761.882114755926 156.1171424476271 252.1171424476271
4318 755.1677 288.96655 599.6714617946108 770.4214617946108 156.01163372561214 252.01163372561214
4335 743.40845 296.41895 608.206202299593 778.956202299593 156.31127426047263 252.31127426047263
4352 743.40845 296.41895 616.7171247860152 787.4671247860152 157.01538956894865 253.01538956894865
4370 742.7659 297.63464 625.6814395481568 796.4314395481568 158.20001068650026 254.20001068650026
4386 742.7659 297.63464 633.5909809564164 804.3409809564164 159.6297978289907 255.6297978289907
4403 727.62897 300.90643 641.9159320172428 812.6659320172428 161.53420581373558 257.5342058137356
4420 727.62897 300.90643 650.1411853111272 820.8911853111272 163.83133188536496 259.831331885365
4437 727.62897 300.90643 658.2482260010909 828.9982260010909 166.5160052712332 262.5160052712332
4454 689.1108 308.6354 666.2188053437343 836.9688053437343 169.58218283949915 265.5821828394992
4472 683.04364 285.77292 674.4895705675439 845.2395705675439 173.23686599396328 269.2368659939633
4488 683.04364 285.77292 681.6791612546845 852.4291612546845 176.83059975054408 272.8305997505441
4505 595.4239 255.95927 689.1341369531456 859.8841369531456 180.99652309031762 276.9965230903176
4522 595.4239 255.95927 696.3831279004737 867.1331279004737 185.51135533338842 281.51135533338845
4539 601.83575 271.5104 703.4098168015221 874.1598168015221 190.36493370665013 286.36493370665016
4556 601.83575 271.5104 710.1983867574248 880.9483867574248 195.54633292803192 291.5463329280319
4574 616.7784 281.96576 717.1097699331881 887.8597699331881 201.3768602579292 297.3768602579292
4590 616.7784 281.96576 723.0006166338345 893.7506166338345 206.8452294582745 302.8452294582745
4607 639.4896 286.16028 728.9854590589218 899.7354590589218 212.9372932370277 308.9372932370277
4624 639.4896 286.16028 734.6746124154753 905.4246124154753 219.30636805391646 315.30636805391646
4641 659.2073 296.4014 740.0552705632856 910.8052705632856 225.93811728273374 321.93811728273374
4658 659.2073 296.4014 745.1153217770493 915.8653217770493 232.81761302381858 328.8176130238186
4675 671.30695 299.02856 749.8433760095571 920.5933760095571 239.9293697063817 335.9293697063817
4693 683.21906 303.09723 754.4758707295014 925.2258707295014 247.69482262405427 343.69482262405427
4709 683.21906 303.09723 758.2616938824929 929.0116938824929 254.78514557975075 350.78514557975075
4726 683.21906 303.09723 761.9330081024611 932.6830081024611 262.4957247950736 358.4957247950736
4743 693.2393 309.951 765.2344691549205 935.9844691549205 270.3717602734482 366.3717602734482
4760 693.2393 309.951 768.1586455346032 938.9086455346032 278.3955232583588 374.3955232583588
4777 695.71106 313.53973 770.6989549944915 941.4489549944915 286.5489524624127 382.5489524624127
4794 695.71106 313.53973 772.8496793622878 943.5996793622878 294.8136947228397 390.8136947228397
4812 700.70215 319.40027 774.6969169040786 945.4469169040786 303.6652471183856 399.6652471183856
4828 700.70215 319.40027 775.9638957607996 946.7138957607996 311.60249482388303 407.60249482388303
4845 705.0777 319.42325 776.9203777692248 947.6703777692248 320.08876150040663 416.08876150040663
4862 716.02747 317.7808 777.47327042036 948.22327042036 328.6108439720703 424.6108439720703
4879 716.02747 317.7808 777.6213291668411 948.3713291668411 337.1495592469291 433.1495592469291
4897 767.22076 315.19366 777.3364868280897 948.0864868280897 346.18732065055974 442.18732065055974
4914 767.22076 315.19366 776.6510281368674 947.4010281368674 354.69976602895355 450.69976602895355
4931 758.72864 312.29276 775.5625863875596 946.3125863875596 363.1701187073185 459.1701187073185
4947 758.72864 312.29276 774.1722300260149 944.9222300260149 371.0866865084376 467.0866865084376
4964 758.72864 312.29276 772.3093286896907 943.0593286896907 379.4210238275436 475.4210238275436
4981 758.81647 310.55 770.0532173508461 940.8032173508461 387.65762152102405 483.65762152102405
4998 758.81647 310.55 767.4089744590015 938.1589744590015 395.77793921594457 491.77793921594457
5015 747.98035 302.75 764.3825521379785 935.1325521379785 403.7636982827043 499.7636982827043
5033 745.0481 306.94037 760.7691273551981 931.5191273551981 412.05257201114836 508.05257201114836
5049 745.0481 306.94037 757.2112637502574 927.9612637502574 419.25998091660404 515.259980916604
5067 738.5756 312.20807 752.8286816660764 923.5786816660764 427.1691680191018 523.1691680191018
5083 738.5756 312.20807 748.6038854061801 919.3538854061801 434.00702098068035 530.0070209806804
5101 738.8221 318.89124 743.4915841399335 914.2415841399335 441.4653480122629 537.4653480122629
5117 738.8221 318.89124 738.6378734563121 909.3878734563121 447.8721123408068 543.8721123408068
5134 736.61456 323.31198 733.1729494131282 903.9229494131282 454.4345954942897 550.4345954942896
5152 736.61456 323.31198 727.0542686708334 897.8042686708334 461.0922236245453 557.0922236245453
5169 730.66736 326.07666 720.9753375862501 891.7253375862501 467.09040474938706 563.0904047493871
5185 730.66736 326.07666 715.0000976809954 885.7500976809954 472.46642973411736 568.4664297341174
5202 730.66736 326.07666 708.3952424593289 879.1452424593289 477.8800669068827 573.8800669068827
5220 730.59814 325.66534 701.1304202885274 871.8804202885274 483.26380400796154 579.2638040079615
5237 731.93 327.63843 694.029044019961 864.779044019961 488.007435004336 584.007435004336
5253 731.93 327.63843 687.1468717414465 857.8968717414465 492.15964421036574 588.1596442103657
5270 727.966 328.0539 679.639294413571 850.389294413571 496.2300081502966 592.2300081502966
5287 727.966 328.0539 671.9471049847989 842.6971049847989 499.93969839739407 595.9396983973941
5305 731.38574 324.75037 663.620462019195 834.370462019195 503.46521726278866 599.4652172627887
5321 731.38574 324.75037 656.0785261011198 826.8285261011198 506.2444868016163 602.2444868016163
5338 777.1369 328.65997 647.9378564156366 818.6878564156366 508.8253930396211 604.8253930396211
5356 777.1369 328.65997 639.1952779150454 809.9452779150454 511.133982978935 607.133982978935
5372 765.90125 325.29517 631.335337516615 802.085337516615 512.8151948914908 608.8151948914908
5389 765.90125 325.29517 622.9108601528986 793.6608601528986 514.2151095623715 610.2151095623715
5406 764.77905 330.2953 614.4294649579773 785.1794649579773 515.2138665323532 611.2138665323532
5424 764.77905 330.2953 605.4083442119403 776.1583442119403 515.8316422459586 611.8316422459586
5440 756.0611 327.9428 597.3723718445073 768.1223718445073 515.9998227193989 611.9998227193989
5457 756.0611 327.9428 588.8350690108309 759.5850690108309 515.7852527689789 611.7852527689789
5474 801.1933 322.9623 580.317552089333 751.067552089333 515.1659907650433 611.1659907650433
5491 801.1933 322.9623 571.8389937950213 742.5889937950213 514.1434306506889 610.1434306506889
5508 783.9014 318.7039 563.4184791480179 734.1684791480179 512.7198741828516 608.7198741828516
5525 783.9014 318.7039 555.0749625136663 725.8249625136663 510.8985257511097 606.8985257511097
5543 774.6032 319.22778 546.3454446332313 717.0954446332313 508.5410304866251 604.5410304866251
5559 774.6032 319.22778 538.6938318657412 709.4438318657412 506.079738423869 602.079738423869
5576 760.2502 318.06668 530.6930913626405 701.4430913626405 503.0931464966776 599.0931464966776
5593 760.2502 318.06668 522.843012891798 693.593012891798 499.7304321259451 595.7304321259451
5610 755.4568 310.66306 515.1612667811617 685.9112667811617 495.99916469660786 591.9991646966079
5627 755.4568 310.66306 507.6651444467964 678.4151444467964 491.90774319720856 587.9077431972086
5644 747.72595 306.1751 500.37151947034613 671.1215194703461 487.4653773139863 583.4653773139863
5661 741.1895 308.22784 493.29680961702684 664.0468096170268 482.6820667001052 578.6820667001052
5678 741.1895 308.22784 486.4569398796541 657.2069398796541 477.56857846668925 573.5685784666892
5695 741.1895 308.22784 479.86730663188473 650.6173066318847 472.13642294632587 568.1364229463259
5712 737.9075 296.8922 473.54274297137306 644.2927429713731 466.3978277836013 562.3978277836013
5730 737.9075 296.8922 467.15087413130334 637.9008741313033 460.00202610763864 556.0020261076386
5746 734.8214 287.7647 461.7451414322254 632.4951414322254 454.0536489719888 550.0536489719889
5763 734.8214 287.7647 456.29865965604995 627.04865965605 447.47585175716756 543.4758517571676
5781 728.5864 293.61176 450.87878898296606 621.6287889829661 440.23794679551276 536.2379467955127
5797 728.5864 293.61176 446.37160595691194 617.1216059569119 433.58284065575424 529.5828406557542
5815 721.9794 297.37033 441.66195216566996 612.41195216567 425.8639399883317 521.8639399883317
5831 720.41956 291.11282 437.80565612063515 608.5556561206351 418.8116979778178 514.8116979778179
5849 720.41956 291.11282 433.8486005938714 604.5986005938714 410.68126269395975 506.68126269395975
5865 716.66144 286.83914 430.67789368960894 601.4278936896089 403.295346752855 499.295346752855
5882 716.66144 286.83914 427.67389913133843 598.4238991313384 395.30112404946493 491.30112404946493
5899 716.7707 294.02267 425.052460199564 595.8024601995639 387.1734160167848 483.1734160167848
5916 716.7707 294.02267 422.8194776869708 593.5694776869708 378.9305179198789 474.9305179198789
5934 713.7029 299.00305 420.8841188838897 591.6341188838896 370.0978143331939 466.0978143331939
5951 713.7029 299.00305 419.4657421273871 590.2157421273871 361.67642565233353 457.67642565233353
5967 713.7029 299.00305 418.4970946157316 589.2470946157316 353.69727415859836 449.69727415859836
5984 716.54425 300.99097 417.85929986469176 588.6092998646918 345.18112492358273 441.18112492358273
6001 716.54425 300.99097 417.6286526131048 588.3786526131048 337.1467028281774 433.1467028281774
