1 672.00684 320.912 297.62542067616835 468.37542067616835 335.4976002348308 431.4976002348308
17 672.00684 320.912 297.7465672298508 468.4965672298508 327.460353677165 423.460353677165
34 687.2216 320.29718 298.1111703954607 468.8611703954607 318.92762829531256 414.92762829531256
51 687.2216 320.29718 298.7185140048509 469.4685140048509 310.4087391863609 406.4087391863609
68 688.19354 330.23566 299.56810583748677 470.31810583748677 301.91059046864586 397.91059046864586
85 698.91345 325.12692 300.6592573431978 471.4092573431978 293.44006945149073 389.44006945149073
102 698.91345 325.12692 301.9910842002114 472.7410842002114 285.00404105339845 381.00404105339845
119 698.91345 325.12692 303.56250703184975 474.31250703184975 276.6093422383909 372.6093422383909
137 702.00183 323.4 305.4860993111701 476.2360993111701 267.7734457537099 363.7734457537099
153 702.00183 323.4 307.4188532438116 478.1688532438116 259.9711082224287 355.9711082224287
170 700.3431 326.25626 309.7006512552929 480.4506512552929 251.74105744826687 347.7410574482669
187 700.3431 326.25626 312.21579703666407 482.96579703666407 243.57929418234613 339.57929418234613
204 702.0928 327.39624 314.9622521925565 485.7122521925565 235.4924331110061 331.4924331110061
221 702.0928 327.39624 317.93779086333535 488.68779086333535 227.48702821623766 323.48702821623766
238 703.002 328.51746 321.14000152904384 491.89000152904384 219.5695674640201 315.5695674640201
255 710.46704 322.60522 324.5662889638151 495.3162889638151 211.74646754616077 307.7464675461608
272 710.46704 322.60522 328.2138763391684 498.9638763391684 204.0240686798987 300.02406867989873
289 713.945 308.30408 332.0798074744846 502.8298074744846 196.40862946948707 292.4086294694871
307 713.945 308.30408 336.4076486363828 507.1576486363828 188.46866317091627 284.4686631709163
325 718.9734 306.8501 340.97282977641726 511.72282977641726 180.6627426548122 276.6627426548122
341 718.9734 306.8501 345.2266685145469 515.9766685145469 173.84241533816768 269.8424153381677
357 718.9734 306.8501 349.6617068437197 520.4117068437197 167.13850276900726 263.13850276900723
374 721.61206 308.80627 354.5689124255555 525.3189124255555 160.14853343516307 256.1485334351631
392 721.61206 308.80627 359.9793956887837 530.7293956887837 152.90284887099742 248.90284887099742
408 723.6047 307.73785 364.97014001297055 535.7201400129705 146.601699784777 242.601699784777
425 723.6047 307.73785 370.45573236238414 541.2057323623842 140.05581447516937 236.05581447516937
442 729.0295 298.74185 376.12543363562395 546.875433635624 133.66873177782583 229.66873177782583
459 729.0295 298.74185 381.9746488335043 552.7246488335043 127.44562809241546 223.44562809241546
477 728.0642 306.1204 388.35832887425113 559.1083288742511 121.04079373995708 217.04079373995708
493 731.5986 300.39557 394.1925174146769 564.9425174146769 115.51139478609738 211.51139478609738
510 731.5986 300.39557 400.5512688483818 571.3012688483818 109.8099372430793 205.8099372430793
527 730.81726 303.70685 407.06973833256984 577.8197383325698 104.29179502905546 200.29179502905546
544 730.81726 303.70685 413.7426429853873 584.4926429853873 98.96144031244515 194.96144031244515
561 718.3155 294.44595 420.564574763276 591.314574763276 93.82319306962836 189.82319306962836
578 718.3155 294.44595 427.53000484391305 598.280004843913 88.88121758382923 184.88121758382923
595 719.79407 297.05823 434.6332881070341 605.3832881070341 84.13951907017963 180.13951907017963
612 719.79407 297.05823 441.86866770951156 612.6186677095116 79.60194042970028 175.60194042970028
629 719.79407 297.05823 449.2302797509776 619.9802797509776 75.27215913482809 171.2721591348281
646 712.8842 290.5577 456.71215802621145 627.4621580262115 71.15368424901567 167.15368424901567
663 715.51556 291.15274 464.3082388604396 635.0582388604396 67.24985358281685 163.24985358281685
681 715.51556 291.15274 472.4687817222184 643.2187817222184 63.353853820736504 159.3538538207365
697 718.6404 292.8334 479.81829571979983 650.5682957197998 60.09860379723074 156.09860379723074
714 718.6404 292.8334 487.71970164728384 658.4697016472838 56.85698039535282 152.85698039535282
731 712.2028 296.046 495.7101801258791 666.4601801258791 53.84158795097835 149.84158795097835
749 712.2028 296.046 504.26057476416406 675.0105747641641 50.89811628054434 146.89811628054434
765 717.0465 307.4805 511.93238432050157 682.6823843205016 48.49908588318232 144.49908588318232
782 717.0465 307.4805 520.1509627803556 690.9009627803556 46.176306080939696 142.1763060809397
799 704.7506 304.4353 528.4323299341439 699.1823299341439 44.08841336946284 140.08841336946284
816 704.7506 304.4353 536.7697741627716 707.5197741627716 42.23709987763954 138.23709987763954
833 713.54034 301.6861 545.156538399579 715.906538399579 40.62386599915499 136.623865999155
850 713.54034 301.6861 553.585825606595 724.335825606595 39.25001917650059 135.2500191765006
867 714.0371 308.0914 562.0508042831839 732.8008042831839 38.116672841359446 134.11667284135945
885 714.0371 308.0914 571.0450007018427 741.7950007018427 37.17981387243941 133.1798138724394
901 709.1068 305.47314 579.0603709721212 749.8103709721212 36.574960050003085 132.57496005000309
918 709.1068 305.47314 587.5911736117806 758.3411736117806 36.167843072143 132.167843072143
935 712.6375 305.6135 596.1301081479654 766.8801081479654 36.00372452586896 132.00372452586896
952 712.6375 305.6135 604.6702542165596 775.4202542165596 36.08273742076125 132.08273742076125
969 715.4488 314.0569 613.2046904715623 783.9546904715623 36.40481772096149 132.4048177209615
987 715.4488 314.0569 622.2272422323567 792.9772422323567 37.01048567359351 133.0104856735935
1003 707.8854 320.81573 630.2287768999744 800.9787768999744 37.77693963769889 133.7769396376989
1020 707.8854 320.81573 638.7046299331981 809.4546299331981 38.82586922049978 134.82586922049978
1038 708.86926 325.24316 647.6426280498187 818.3926280498187 40.19899106955364 136.19899106955364
1054 714.7593 323.8057 655.5496150057149 826.2996150057149 41.645215808474234 137.64521580847423
1071 714.7593 323.8057 663.9050950571935 834.6550950571935 43.41334787928315 139.41334787928315
1088 714.7593 323.8057 672.2068585250034 842.9568585250034 45.41860627535635 141.41860627535635
1105 711.4452 333.76697 680.4481772598931 851.1981772598931 47.65936583863811 143.6593658386381
1123 711.4452 333.76697 689.1009748533495 859.8509748533495 50.286601601133555 146.28660160113355
1139 721.51245 332.49017 696.7228182836474 867.4728182836474 52.839934998910564 148.83993499891056
1156 721.51245 332.49017 704.742950819005 875.492950819005 55.77554601295549 151.7755460129555
1173 725.4149 332.30295 712.6762698040402 883.4262698040402 58.93826443105149 154.9382644310515
1191 725.4149 332.30295 720.9744866729714 891.7244866729714 62.53171273890922 158.53171273890922
1207 729.4791 334.75037 728.2568245155068 899.0068245155068 65.93458862018292 161.93458862018292
1224 733.7186 339.51523 735.8914330094331 906.6414330094331 69.76252423287974 165.76252423287974
1241 733.7186 339.51523 743.413983721744 914.163983721744 73.80623152831976 169.80623152831976
1258 739.90515 338.79852 750.8183800147626 921.5683800147626 78.06243329120804 174.06243329120804
1276 739.90515 338.79852 758.5228774307536 929.2728774307536 82.79677522140798 178.79677522140798
1292 674.2366 343.2821 765.2488064458005 935.9988064458005 87.19835307494287 183.19835307494287
1309 674.2366 343.2821 772.263141470708 943.013141470708 92.0706669060545 188.0706669060545
1326 693.6135 344.2201 779.1359413283826 949.8859413283826 97.14067282585665 193.14067282585665
1343 693.6135 344.2201 785.8616359705578 956.6116359705578 102.40426185718263 198.40426185718263
1360 693.6135 344.2201 792.434774570124 963.184774570124 107.85716813378187 203.85716813378187
1377 689.4375 343.99432 798.8500299387413 969.6000299387413 113.49497235758312 209.49497235758312
1395 689.4375 343.99432 805.4647900584413 976.2147900584413 119.66086422363836 215.66086422363836
1411 698.2822 337.42618 811.1862262243785 981.9362262243785 125.30685190652298 221.30685190652298
1428 698.2822 337.42618 817.0971692933363 987.8471692933363 131.47135431515434 227.47135431515434
1445 641.58984 337.31265 822.8302415379586 993.5802415379586 137.80161659632608 233.80161659632608
1462 595.6513 331.09042 828.3807966001699 999.1307966001699 144.29250840037312 240.29250840037312
1479 595.6513 331.09042 833.7443360426164 1004.4943360426164 150.93876919572267 246.93876919572267
1496 620.62054 316.18378 838.9165129944168 1009.6665129944168 157.73501253228335 253.73501253228335
1513 620.62054 316.18378 843.8931356740757 1014.6431356740757 164.675730406883 260.67573040688296
1530 644.0745 317.85724 848.6701707867052 1019.4201707867052 171.7552977272204 267.7552977272204
1547 644.0745 317.85724 853.2437467928016 1023.9937467928016 178.96797687071094 274.9679768707109
1564 663.2715 308.69635 857.6101570459276 1028.3601570459277 186.30792233453255 282.3079223345326
1582 663.2715 308.69635 862.0036814969314 1032.7536814969314 194.2117326082863 290.2117326082863
1598 675.3667 308.24667 865.7074960610505 1036.4574960610505 201.34571931915121 297.3457193191512
1616 675.3667 308.24667 869.6441112173986 1040.3941112173986 209.48674720608716 305.48674720608716
1633 733.57336 305.279 873.1351439647128 1043.8851439647128 217.28117010118746 313.28117010118746
1649 733.57336 305.279 876.2168989033121 1046.966898903312 224.7051040458423 320.7051040458423
1666 735.96454 301.85953 879.2720702485676 1050.0220702485676 232.6804577033056 328.6804577033056
1683 735.96454 301.85953 882.0989812329851 1052.8489812329851 240.73954649774532 336.7395464977453
1700 734.0405 307.226 884.6953407916484 1055.4453407916485 248.87583895516212 344.8758389551621
1717 734.0405 307.226 887.0590447096293 1057.8090447096292 257.08274103198784 353.08274103198784
1735 733.65607 312.81516 889.3060775952 1060.0560775952 265.8419714294728 361.8419714294728
1752 733.65607 312.81516 891.1849638955216 1061.9349638955216 274.17324529251096 370.17324529251096
1768 665.2567 301.4507 892.7360179615537 1063.4860179615537 282.0603385467098 378.0603385467098
1786 665.2567 301.4507 894.2276611419293 1064.9776611419293 290.97932248926173 386.97932248926173
1802 680.31116 302.6386 895.3273636603816 1066.0773636603817 298.94190141113677 394.94190141113677
1819 688.9703 293.93918 896.2616043392997 1067.0116043392995 307.4311612295389 403.4311612295389
1837 688.9703 293.93918 896.986983596427 1067.7369835964269 316.44487849148953 412.44487849148953
1853 699.2601 287.33353 897.4034362013994 1068.1534362013995 324.4722426880359 420.4722426880359
1870 699.2601 287.33353 897.6101019890048 1068.3601019890048 333.01025341435343 429.01025341435343
1887 699.2601 287.33353 897.5736453909749 1068.323645390975 341.5506871754069 437.5506871754069
1904 704.99567 277.89093 897.2940959534936 1068.0440959534935 350.08662239203596 446.08662239203596
1921 704.99567 277.89093 896.7716802368993 1067.5216802368993 358.6111411309172 454.6111411309172
1938 711.7638 280.9464 896.0068216320687 1066.7568216320687 367.1173347111916 463.1173347111916
1955 711.7638 280.9464 895.0001400172805 1065.7501400172805 375.5983093035911 471.5983093035911
1973 718.14825 287.74686 893.6715730175129 1064.4215730175129 384.54303868307437 480.54303868307437
1989 718.14825 287.74686 892.2647665348454 1063.0147665348454 392.4571339716405 488.4571339716405
2006 574.5186 230.1975 890.5382915457113 1061.2882915457112 400.8213208432003 496.8213208432003
2023 459.6149 184.158 888.5744255069792 1059.3244255069792 409.13297339202586 505.13297339202586
2040 459.6149 184.158 886.3747600303433 1057.1247600303432 417.385355454278 513.3853554542779
2057 367.69193 147.3264 883.9410778307275 1054.6910778307274 425.5717789017766 521.5717789017766
2074 367.69193 147.3264 881.2753512814876 1052.0253512814875 433.68560906238275 529.6856090623828
2092 367.69193 147.3264 878.2023009969078 1048.9523009969078 442.19029223658174 538.1902922365817
2108 416.11914 150.8277 875.2565931762647 1046.0065931762647 449.6692503292295 545.6692503292295
2126 416.11914 150.8277 871.7045392706568 1042.4545392706568 457.98527023040305 553.9852702304031
2142 476.79114 167.37306 868.3379933280626 1039.0879933280626 465.2844741001809 561.2844741001809
2159 476.79114 167.37306 864.5481482862865 1035.2981482862865 472.9380623089762 568.9380623089762
2177 519.8153 183.75233 860.2996503355766 1031.0496503355766 480.92076480298647 576.9207648029865
2193 558.2449 204.01704 856.3227228435584 1027.0727228435585 487.90618221638465 583.9061822163847
2210 558.2449 204.01704 851.8938087238421 1022.6438087238421 495.20858302917645 591.2085830291765
2227 586.3557 220.65382 847.2588229060326 1018.0088229060326 502.38195353258584 598.3819535325858
2244 586.3557 220.65382 842.4215218060378 1013.1715218060378 509.42048008140796 605.420480081408
2261 609.4686 234.00458 837.3858258058228 1008.1358258058228 516.3184583144773 612.3184583144773
2278 609.4686 234.00458 832.1558160761413 1002.9058160761413 523.0702977777584 619.0702977777584
2295 627.10266 252.46776 826.7357312689596 997.4857312689596 529.6705264551181 625.6705264551181
2317 627.10266 252.46776 819.4465289270065 990.1965289270065 537.978239680628 633.978239680628
2329 627.10266 252.46776 815.3430576999276 986.0930576999276 542.394882086187 638.394882086187
2346 646.6739 260.52426 809.379702109853 980.129702109853 548.5086966087915 644.5086966087915
2363 646.6739 260.52426 803.2447303028227 973.9947303028227 554.4502838409564 650.4502838409564
2380 660.8125 278.0113 796.9431143556885 967.6931143556885 560.2148284340103 656.2148284340103
2397 718.41516 282.8599 790.4799614017456 961.2299614017456 565.7976585231695 661.7976585231695
2414 718.41516 282.8599 783.8605094916655 954.6105094916655 571.1942495138428 667.1942495138428
2432 765.5338 281.62866 776.6872816327669 947.4372816327669 576.7004347658467 672.7004347658467
2448 765.5338 281.62866 770.1742900189863 940.9242900189863 581.4113740517007 677.4113740517007
2465 800.9221 286.1998 763.1186144283101 933.8686144283101 586.2236271487043 682.2236271487043
2482 800.9221 286.1998 755.9288148358737 926.6788148358737 590.8330869577367 686.8330869577367
2499 790.6307 287.2724 748.6107182018081 919.3607182018081 595.2360177503971 691.2360177503971
2516 790.6307 287.2724 741.17025546435 911.92025546435 599.4288511793545 695.4288511793545
2533 780.1641 286.7595 733.6134567331254 904.3634567331254 603.4081891703074 699.4081891703074
2551 780.1641 286.7595 725.4921459641587 896.2421459641587 607.3853219740902 703.3853219740902
2567 624.1313 229.4076 718.1754381858558 888.9254381858558 610.7136542896951 706.7136542896951
2584 624.1313 229.4076 710.3067300841386 881.0567300841386 614.0338607170812 710.0338607170812
2602 499.30502 183.52608 701.8757557291436 872.6257557291436 617.3037147460062 713.3037147460062
2618 499.30502 183.52608 694.3017969577133 865.0517969577133 619.9957692114392 715.9957692114392
2635 399.44403 146.82086 686.178543102233 856.928543102233 622.6326394604092 718.6326394604092
2653 399.44403 146.82086 677.4993677514212 848.2493677514212 625.1713771733134 721.1713771733134
2669 319.55524 117.45669 669.7233728534557 840.4733728534557 627.2075284601758 723.2075284601758
2686 319.55524 117.45669 661.4047925232513 832.1547925232513 629.1418395004217 725.1418395004217
2703 255.6442 93.965355 653.0345219750633 823.7845219750633 630.8385742647915 726.8385742647915
2721 255.6442 93.965355 644.1230815799211 814.8730815799211 632.3746419810356 728.3746419810356
2737 204.51537 75.17229 636.1660813019316 806.9160813019316 633.5140081610913 729.5140081610913
2754 204.51537 75.17229 627.6815821743512 798.4315821743512 634.4905389924386 730.4905389924386
2772 163.61229 60.13783 618.6715913636143 789.4215913636143 635.2608243522246 731.2608243522246
2788 163.61229 60.13783 610.6464019995067 781.3964019995067 635.7172719246712 731.7172719246712
2805 270.48712 123.44281 602.1095270833351 772.8595270833351 635.9664798220608 731.9664798220608
2822 358.37274 170.05838 593.5690176902656 764.3190176902656 635.9725804261168 731.9725804261168
2839 358.37274 170.05838 585.0317954607539 755.7817954607539 635.7355687926154 731.7355687926154
2856 425.77087 210.0603 576.5047793711809 747.2547793711809 635.2556370072082 731.2556370072082
2873 425.77087 210.0603 567.9948801263789 738.7448801263789 634.5331740297464 730.5331740297464
2891 425.77087 210.0603 559.0107197476881 729.7607197476881 633.5045165381459 729.5045165381459
2907 481.19214 236.22598 551.0540000393138 721.8040000393138 632.3631926583694 728.3631926583694
2924 481.19214 236.22598 542.6367489028069 713.3867489028069 630.9174329219486 726.9174329219486
2941 524.4996 257.91345 534.2640628953682 705.0140628953682 629.232657883161 725.232657883161
2958 524.4996 257.91345 525.9427276452934 696.6927276452934 627.3102329649023 723.3102329649023
2975 563.7944 273.72073 517.6794871637487 688.4294871637487 625.1517161929854 721.1517161929854
2993 593.322 287.2431 509.00093670470255 679.7509367047026 622.6108431393186 718.6108431393186
3009 593.322 287.2431 501.3540257094023 672.1040257094023 620.1335944747455 716.1335944747455
3026 617.5797 289.81464 493.3050356774336 664.0550356774336 617.278056456131 713.278056456131
3043 617.5797 289.81464 485.3405915726703 656.0905915726703 614.1945571432422 710.1945571432422
3060 635.74713 299.26263 477.46714816449344 648.2171481644934 610.8855955525434 706.8855955525434
3077 635.74713 299.26263 469.691086470933 640.441086470933 607.3538534259965 703.3538534259965
3095 652.0997 299.1618 461.57075447846444 632.3207544784644 603.3747225815591 699.3747225815591
3112 652.0997 299.1618 454.01493504921393 624.7649350492139 599.3935254421243 695.3935254421243
3128 661.41394 301.77115 447.00978743869564 617.7597874386956 595.4514554692516 691.4514554692516
3145 661.41394 301.77115 439.68540812706976 610.4354081270698 591.058983999804 687.058983999804
3162 661.41394 301.77115 432.4890306732291 603.2390306732291 586.4598004361334 682.4598004361334
3179 666.3372 291.4724 425.4264873683203 596.1764873683203 581.6576321782761 677.6576321782761
3196 676.5548 292.98825 418.50350203784535 589.2535020378454 576.6563711348483 672.6563711348483
3213 676.5548 292.98825 411.72568540279684 582.4756854027969 571.4600705688548 667.4600705688548
3230 682.63245 282.77277 405.09853053246013 575.8485305324601 566.0729418127313 662.0729418127313
3247 682.63245 282.77277 398.6274083925641 569.3774083925641 560.4993508552757 656.4993508552757
3264 688.842 275.1579 392.31756349239276 563.0675634923928 554.7438148032415 650.7438148032415
3281 688.842 275.1579 386.17410963438175 556.9241096343817 548.8109982204569 644.8109982204569
3298 695.999 270.50717 380.2020257696452 550.9520257696452 542.7057093474355 638.7057093474355
3315 695.999 270.50717 374.4061519627961 545.1561519627961 536.4328962045494 632.4328962045494
3332 698.22845 269.72296 368.7911854693228 539.5411854693227 529.9976425819129 625.9976425819129
3350 702.4959 277.95703 363.0481643908829 533.7981643908829 523.0125883346178 619.0125883346178
3366 702.4959 277.95703 358.12202667636814 528.8720266763681 516.6608030789737 612.6608030789737
3383 702.4959 277.95703 353.07648117741576 523.8264811774158 509.7700260162269 605.7700260162269
3400 692.0598 274.73123 348.2291295851123 518.9791295851123 502.7384173488538 598.7384173488538
3418 692.0598 274.73123 343.31702741539596 514.067027415396 495.1460181088685 591.1460181088685
3434 700.7328 279.33926 339.144558420162 509.894558420162 488.2756097367269 584.2756097367269
3451 700.7328 279.33926 334.91470142185455 505.66470142185455 480.85613214835485 576.8561321483548
3468 704.0424 284.0902 330.8977575118902 501.6477575118902 473.3192561685689 569.3192561685689
3486 704.0424 284.0902 326.8802058135661 497.6302058135661 465.2178641711182 561.2178641711182
3502 705.8303 278.26056 323.5154558633554 494.2654558633554 457.9178322199049 553.9178322199049
3520 705.8303 278.26056 319.9654481323775 490.7154481323775 449.60093862583636 545.6009386258363
3536 709.01526 272.34064 317.0215805179704 487.7715805179704 442.1212559998803 538.1212559998803
3553 712.5601 268.93378 314.1144944740342 484.8644944740342 434.0907399116313 530.0907399116313
3570 712.5601 268.93378 311.4371790087004 482.1871790087004 425.9807263598813 521.9807263598814
3587 699.7925 266.55573 308.9918039474663 479.7418039474663 417.79778809050777 513.7977880905078
3604 699.7925 266.55573 306.780351140146 477.530351140146 409.5485569510936 505.5485569510936
3621 703.92566 278.42615 304.80461285468476 475.55461285468476 401.23971851615926 497.23971851615926
3639 703.92566 278.42615 302.97135171354296 473.72135171354296 392.3846393220784 488.3846393220784
3655 703.92566 278.42615 301.5664924513526 472.3164924513526 384.4701981434725 480.4701981434725
3672 708.5946 275.07318 300.30673466233077 471.05673466233077 376.02310703330426 472.02310703330426
3689 708.5946 275.07318 299.28793792598333 470.03793792598333 367.5435792681223 463.5435792681223
3706 709.6177 264.75415 298.5109279242903 469.2609279242903 359.03848706593226 455.03848706593226
3723 709.6177 264.75415 297.97633438360816 468.72633438360816 350.5147233633919 446.5147233633919
3740 751.60834 242.60199 297.68459056430925 468.43459056430925 341.9791962294431 437.9791962294431
3758 601.2867 194.08159 417.6579818975829 588.4079818975829 332.55436575878036 428.55436575878036
3774 601.2867 194.08159 417.99123095517183 588.7412309551719 324.5235450269113 420.5235450269113
3792 481.02936 155.26527 418.79422084104294 589.5442208410429 315.5170210808991 411.5170210808991
3808 481.02936 155.26527 419.88693415828243 590.6369341582824 307.553911501838 403.553911501838
3825 481.02936 155.26527 421.43620498653286 592.1862049865329 299.15561763711503 395.15561763711503
3842 538.8838 155.841 423.3820723329198 594.1320723329197 290.84025954453836 386.84025954453836
3860 538.8838 155.841 425.8697967163995 596.6197967163995 282.14695788528695 378.14695788528695
3876 567.6184 172.90013 428.4451933182859 599.1951933182859 274.53299249891984 370.53299249891984
3893 567.6184 172.90013 431.55105000007745 602.3010500000775 266.5777907912517 362.5777907912517
3910 588.4791 187.1705 435.03073493989234 605.7807349398923 258.7788567193968 354.7788567193968
3927 588.4791 187.1705 438.876415455004 609.626415455004 251.15374548655507 347.15374548655507
3944 605.26917 210.1195 443.0794350159092 613.8294350159092 243.71962102511617 339.71962102511617
3961 619.3838 222.0668 447.6303327319572 618.3803327319572 236.49321736108072 332.4932173610807
3978 619.3838 222.0668 452.518864647575 623.268864647575 229.49080094619188 325.4908009461919
3995 632.5928 242.82793 457.734026801152 628.484026801152 222.7281340425647 318.7281340425647
4012 632.5928 242.82793 463.26407999467915 634.0140799946792 216.22043924223226 312.22043924223226
4029 641.9688 251.76382 469.09657621838664 639.8465762183866 209.98236520147657 305.98236520147657
4046 641.9688 251.76382 475.21838667089924 645.9683866708992 204.0279536670738 300.0279536670738
4063 513.5751 201.41106 481.6157313118342 652.3657313118342 198.37060786867886 294.37060786867886
4080 513.5751 201.41106 488.27420988032543 659.0242098803254 193.0230623484931 289.0230623484931
4097 410.86008 161.12885 495.1788343096449 665.9288343096449 187.9973542961332 283.9973542961332
4114 410.86008 161.12885 502.31406246496294 673.064062464963 183.30479645322103 279.304796453221
4131 328.68808 128.90308 509.66383312829794 680.4138331282979 178.95595164869005 274.9559516486901
4148 328.68808 128.90308 517.2116021519138 687.9616021519138 174.9606090221234 270.96060902212344
4165 262.95047 103.12246 524.9403796987771 695.6903796987771 171.32776198864897 267.32776198864894
4182 262.95047 103.12246 532.8327684862486 703.5827684862486 168.06558799499004 264.06558799499004
4200 210.36038 82.49797 541.3479970015156 712.0979970015156 165.02368896976233 261.02368896976236
4217 210.36038 82.49797 549.5209282560902 720.2709282560902 162.54684124624086 258.5468412462409
4233 271.0599 74.70287 557.3123458725511 728.0623458725511 160.57226582663537 256.5722658266354
4250 271.0599 74.70287 565.678445290706 736.428445290706 158.85763453593017 254.85763453593017
4268 342.80563 129.29388 574.6146433324445 745.3646433324445 157.4768264733346 253.4768264733346
4284 342.80563 129.29388 582.6073830375866 753.3573830375866 156.6275629290547 252.6275629290547
4301 342.80563 129.29388 591.132114755926 761.882114755926 156.1171424476271 252.1171424476271
4318 455.29346 186.25972 599.6714617946108 770.4214617946108 156.01163372561214 252.01163372561214
4335 455.29346 186.25972 608.206202299593 778.956202299593 156.31127426047263 252.31127426047263
4352 496.2227 212.73145 616.7171247860152 787.4671247860152 157.01538956894865 253.01538956894865
4369 496.2227 212.73145 625.1850713827765 795.9350713827765 158.12239470530233 254.12239470530233
4387 496.2227 212.73145 634.0831090553891 804.8331090553891 159.73086973577773 255.73086973577773
4403 530.7798 238.79831 641.9159320172428 812.6659320172428 161.53420581373558 257.5342058137356
4420 530.7798 238.79831 650.1411853111272 820.8911853111272 163.83133188536496 259.831331885365
4437 560.0376 253.36479 658.2482260010909 828.9982260010909 166.5160052712332 262.5160052712332
4454 560.0376 253.36479 666.2188053437343 836.9688053437343 169.58218283949915 265.5821828394992
4472 584.8605 273.83252 674.4895705675439 845.2395705675439 173.23686599396328 269.2368659939633
4488 584.8605 273.83252 681.6791612546845 852.4291612546845 176.83059975054408 272.8305997505441
4505 605.3987 284.48312 689.1341369531456 859.8841369531456 180.99652309031762 276.9965230903176
4522 620.6034 293.98935 696.3831279004737 867.1331279004737 185.51135533338842 281.51135533338845
4539 620.6034 293.98935 703.4098168015221 874.1598168015221 190.36493370665013 286.36493370665016
4556 633.9866 305.23038 710.1983867574248 880.9483867574248 195.54633292803192 291.5463329280319
4573 633.9866 305.23038 716.733556869033 887.483556869033 201.0438897990301 297.0438897990301
4590 642.11633 312.11047 723.0006166338345 893.7506166338345 206.8452294582745 302.8452294582745
4607 642.11633 312.11047 728.9854590589218 899.7354590589218 212.9372932370277 308.9372932370277
4624 648.84845 316.31287 734.6746124154753 905.4246124154753 219.30636805391646 315.30636805391646
4642 648.84845 316.31287 740.3619103211945 911.1119103211945 226.33608418463587 322.33608418463587
4658 648.84845 316.31287 745.1153217770493 915.8653217770493 232.81761302381858 328.8176130238186
4675 657.6063 315.27905 749.8433760095571 920.5933760095571 239.9293697063817 335.9293697063817
4692 657.6063 315.27905 754.2287905304013 924.9787905304013 247.25737894613326 343.25737894613326
4709 662.20044 309.91235 758.2616938824929 929.0116938824929 254.78514557975075 350.78514557975075
4727 666.8154 317.73926 762.1375264313018 932.8875264313018 262.95461241672945 358.95461241672945
4743 666.8154 317.73926 765.2344691549205 935.9844691549205 270.3717602734482 366.3717602734482
4760 671.80597 324.41876 768.1586455346032 938.9086455346032 278.3955232583588 374.3955232583588
4777 671.80597 324.41876 770.6989549944915 941.4489549944915 286.5489524624127 382.5489524624127
4794 679.4306 323.7957 772.8496793622878 943.5996793622878 294.8136947228397 390.8136947228397
4812 679.4306 323.7957 774.6969169040786 945.4469169040786 303.6652471183856 399.6652471183856
4828 686.9694 328.08127 775.9638957607996 946.7138957607996 311.60249482388303 407.60249482388303
4846 686.9694 328.08127 776.9640893640834 947.7140893640834 320.5892561483454 416.5892561483454
4862 687.02423 333.19693 777.47327042036 948.22327042036 328.6108439720703 424.6108439720703
4879 687.02423 333.19693 777.6213291668411 948.3713291668411 337.1495592469291 433.1495592469291
4896 689.691 333.9842 777.3642207321774 948.1142207321774 345.68568689301895 441.68568689301895
4913 689.691 333.9842 776.7025238609478 947.4525238609478 354.200012303063 450.200012303063
4930 687.40857 333.52917 775.6377280160616 946.3877280160616 362.6733699460652 458.6733699460652
4947 687.40857 333.52917 774.1722300260149 944.9222300260149 371.0866865084376 467.0866865084376
4964 691.6747 333.57855 772.3093286896907 943.0593286896907 379.4210238275436 475.4210238275436
4981 691.6747 333.57855 770.0532173508461 940.8032173508461 387.65762152102405 483.65762152102405
4999 693.7055 334.24524 767.2414664715639 937.9914664715639 396.25159169433493 492.25159169433493
5015 693.7055 334.24524 764.3825521379785 935.1325521379785 403.7636982827043 499.7636982827043
5032 691.5145 322.65152 760.9807627878217 931.7307627878217 411.59692297976756 507.59692297976756
5050 691.5145 322.65152 756.9782545820084 927.7282545820084 419.70507902225296 515.7050790222529
5067 626.97723 329.1316 752.8286816660764 923.5786816660764 427.1691680191018 523.1691680191018
5083 640.52325 329.88788 748.6038854061801 919.3538854061801 434.00702098068035 530.0070209806804
5100 640.52325 329.88788 743.7853810904619 914.5353810904619 441.057807893992 537.057807893992
5118 652.1027 332.56192 738.3250770999266 909.0750770999266 448.265258669255 544.265258669255
5134 652.1027 332.56192 733.1729494131282 903.9229494131282 454.4345954942897 550.4345954942896
5151 660.7091 341.47498 727.4029103666112 898.1529103666112 460.73048537096236 556.7304853709624
5168 660.7091 341.47498 721.3407445286122 892.0907445286122 466.7456100820642 562.7456100820642
5185 660.7091 341.47498 715.0000976809954 885.7500976809954 472.46642973411736 568.4664297341174
5202 669.16113 336.86932 708.3952424593289 879.1452424593289 477.8800669068827 573.8800669068827
5219 669.16113 336.86932 701.5410462255444 872.2910462255444 482.9743356401059 578.9743356401059
5236 683.15027 339.8114 694.4529376018812 865.2029376018812 487.73776886380733 583.7377688638073
5254 683.15027 339.8114 686.7106646883476 857.4606646883476 492.40890111191015 588.4089011119102
5270 684.1082 339.98666 679.639294413571 850.389294413571 496.2300081502966 592.2300081502966
5287 689.62756 340.11066 671.9471049847989 842.6971049847989 499.93969839739407 595.9396983973941
5304 689.62756 340.11066 664.0876183788416 834.8376183788416 503.28036453280606 599.2803645328061
5321 679.29626 343.46738 656.0785261011198 826.8285261011198 506.2444868016163 602.2444868016163
5338 679.29626 343.46738 647.9378564156366 818.6878564156366 508.8253930396211 604.8253930396211
5356 673.27167 342.51178 639.1952779150454 809.9452779150454 511.133982978935 607.133982978935
5373 673.27167 342.51178 630.8416959955493 801.5916959955493 512.9085953455605 608.9085953455605
5390 679.42694 337.65283 622.413344134101 793.163344134101 514.2849909417206 610.2849909417206
5406 679.42694 337.65283 614.4294649579773 785.1794649579773 515.2138665323532 611.2138665323532
5423 679.42694 337.65283 605.9102433377668 776.6602433377668 515.8092176247758 611.8092176247758
5441 692.09424 341.10217 596.8699739756478 767.6199739756478 515.9984164810973 611.9984164810973
5457 692.09424 341.10217 588.8350690108309 759.5850690108309 515.7852527689789 611.7852527689789
5474 695.6898 343.75705 580.317552089333 751.067552089333 515.1659907650433 611.1659907650433
5492 701.72534 331.52606 571.3418767722527 742.0918767722527 514.0707652406622 610.0707652406622
5508 701.72534 331.52606 563.4184791480179 734.1684791480179 512.7198741828516 608.7198741828516
5525 706.87 335.55658 555.0749625136663 725.8249625136663 510.8985257511097 606.8985257511097
5542 706.87 335.55658 546.8272249367301 717.5772249367301 508.68348516468336 604.6834851646834
5559 709.6993 341.62662 538.6938318657412 709.4438318657412 506.079738423869 602.079738423869
5576 709.6993 341.62662 530.6930913626405 701.4430913626405 503.0931464966776 599.0931464966776
5593 714.69916 349.248 522.843012891798 693.593012891798 499.7304321259451 595.7304321259451
5610 714.69916 349.248 515.1612667811617 685.9112667811617 495.99916469660786 591.9991646966079
5627 713.25336 356.9879 507.6651444467964 678.4151444467964 491.90774319720856 587.9077431972086
5644 713.25336 356.9879 500.37151947034613 671.1215194703461 487.4653773139863 583.4653773139863
5661 713.25336 356.9879 493.29680961702684 664.0468096170268 482.6820667001052 578.6820667001052
5678 712.43774 352.83337 486.4569398796541 657.2069398796541 477.56857846668925 573.5685784666892
5695 713.58673 340.34415 479.86730663188473 650.6173066318847 472.13642294632587 568.1364229463259
5712 713.58673 340.34415 473.54274297137306 644.2927429713731 466.3978277836013 562.3978277836013
5729 709.2085 339.89044 467.4974853308397 638.2474853308397 460.36571041097886 556.3657104109789
5746 709.2085 339.89044 461.7451414322254 632.4951414322254 454.0536489719888 550.0536489719889
5763 709.05304 341.17532 456.29865965604995 627.04865965605 447.47585175716756 543.4758517571676
5780 709.05304 341.17532 451.1702998949387 621.9202998949387 440.6471252215585 536.6471252215586
5797 695.7283 343.79745 446.37160595691194 617.1216059569119 433.58284065575424 529.5828406557542
5814 695.7283 343.79745 441.9133795805666 612.6633795805666 426.29889958551144 522.2988995855114
5831 683.19745 346.43097 437.80565612063515 608.5556561206351 418.8116979778178 514.8116979778179
5849 683.19745 346.43097 433.8486005938714 604.5986005938714 410.68126269395975 506.68126269395975
5866 689.56635 344.94998 430.4907154271366 601.2407154271366 402.8291173091274 498.8291173091274
5882 693.8286 347.60287 427.67389913133843 598.4238991313384 395.30112404946493 491.30112404946493
5899 693.8286 347.60287 425.052460199564 595.8024601995639 387.1734160167848 483.1734160167848
5916 693.8286 347.60287 422.8194776869708 593.5694776869708 378.9305179198789 474.9305179198789
5933 699.0521 350.97052 420.97997798067684 591.7299779806768 370.59098431373195 466.59098431373195
5950 699.0521 350.97052 419.53810174796206 590.2881017479621 362.1735872774116 458.1735872774116
5968 695.6502 358.00354 418.4483973510431 589.1983973510431 353.19723998721406 449.19723998721406
5984 695.6502 358.00354 417.85929986469176 588.6092998646918 345.18112492358273 441.18112492358273
6001 702.6061 356.46167 417.6286526131048 588.3786526131048 337.1467028281774 433.1467028281774
