1 748.2436 370.2125 333.00042067616835 433.00042067616835 333.4976002348308 433.4976002348308
17 748.2436 370.2125 333.1215672298508 433.1215672298508 325.460353677165 425.460353677165
34 753.1288 356.72314 333.4861703954607 433.4861703954607 316.92762829531256 416.92762829531256
51 753.1288 356.72314 334.0935140048509 434.0935140048509 308.4087391863609 408.4087391863609
69 757.4053 345.0109 335.00061216007174 435.00061216007174 299.41149255853884 399.41149255853884
85 757.4053 345.0109 336.0342573431978 436.0342573431978 291.44006945149073 391.44006945149073
102 758.47473 337.4775 337.3660842002114 437.3660842002114 283.00404105339845 383.00404105339845
120 758.47473 337.4775 339.0373788905013 439.0373788905013 274.11696909446454 374.11696909446454
136 758.47473 337.4775 340.74725228130916 440.74725228130916 266.2627764750041 366.2627764750041
153 760.1393 327.4616 342.7938532438116 442.7938532438116 257.9711082224287 357.9711082224287
170 760.3085 324.09857 345.0756512552929 445.0756512552929 249.74105744826687 349.7410574482669
187 760.3085 324.09857 347.59079703666407 447.59079703666407 241.57929418234613 341.57929418234613
204 763.30414 317.9883 350.3372521925565 450.3372521925565 233.4924331110061 333.4924331110061
222 763.30414 317.9883 353.4949060276202 453.4949060276202 225.01879775167134 325.01879775167134
238 763.0177 314.7546 356.51500152904384 456.51500152904384 217.5695674640201 317.5695674640201
255 763.0177 314.7546 359.9412889638151 459.9412889638151 209.74646754616077 309.7464675461608
272 736.6232 330.3354 363.5888763391684 463.5888763391684 202.0240686798987 302.02406867989873
289 736.6232 330.3354 367.4548074744846 467.4548074744846 194.40862946948707 294.4086294694871
306 696.94806 350.63007 371.53594923283765 471.53594923283765 186.90632183391858 286.9063218339186
324 664.5033 371.03564 376.0880516625483 476.0880516625483 179.0927671105879 279.09276711058794
340 664.5033 371.03564 380.3304626662418 480.3304626662418 172.26532559916362 272.2653255991636
357 664.5033 371.03564 385.0367068437197 485.0367068437197 165.13850276900726 265.13850276900723
375 639.4623 388.04282 390.2387457035903 490.2387457035903 157.7417422858324 257.7417422858324
391 639.4623 388.04282 395.0481023758233 495.0481023758233 151.30108260568883 251.30108260568883
409 620.93744 398.42545 400.66264512599264 500.66264512599264 144.21234621253794 244.21234621253794
425 620.93744 398.42545 405.83073236238414 505.83073236238414 138.05581447516937 238.05581447516937
442 605.60754 408.1757 411.50043363562395 511.50043363562395 131.66873177782583 231.66873177782583
459 605.60754 408.1757 417.3496488335043 517.3496488335043 125.44562809241546 225.44562809241546
476 582.08936 411.65103 423.3736374701024 523.3736374701024 119.39154692211227 219.39154692211227
493 582.08936 411.65103 429.5675174146769 529.5675174146769 113.51139478609738 213.51139478609738
510 546.2955 398.98917 435.9262688483818 535.9262688483818 107.8099372430793 207.8099372430793
528 519.61523 384.47104 442.83303936531155 542.8330393653116 101.97300354707676 201.97300354707676
544 519.61523 384.47104 449.1176429853873 549.1176429853873 96.96144031244515 196.96144031244515
562 501.83234 368.40436 456.34538828338435 556.3453882833844 91.52701560946679 191.5270156094668
579 501.83234 368.40436 463.31908475446505 563.319084754465 86.5967118216947 186.5967118216947
595 493.14032 355.5076 470.0082881070341 570.0082881070341 82.13951907017963 182.13951907017963
613 493.14032 355.5076 477.673267202495 577.673267202495 77.34146014899 177.34146014899
629 488.4528 344.51654 484.6052797509776 584.6052797509776 73.27215913482809 173.2721591348281
646 488.4528 344.51654 492.08715802621145 592.0871580262115 69.15368424901567 169.15368424901567
663 488.4528 344.51654 499.6832388604396 599.6832388604396 65.24985358281685 165.24985358281685
680 485.11346 333.29825 507.3873660236304 607.3873660236304 61.563830988764266 161.56383098876427
697 485.11346 333.29825 515.1932957197998 615.1932957197998 58.09860379723074 158.09860379723074
714 488.50552 320.55533 523.0947016472838 623.0947016472838 54.85698039535282 154.85698039535282
731 493.71783 307.43695 531.0851801258791 631.0851801258791 51.84158795097835 151.84158795097835
748 493.71783 307.43695 539.158255286693 639.158255286693 49.0548702834833 149.0548702834833
765 501.31534 296.48694 547.3073843205016 647.3073843205016 46.49908588318232 146.49908588318232
782 501.31534 296.48694 555.5259627803556 655.5259627803556 44.176306080939696 144.1763060809397
800 509.5647 282.76788 564.2962813350795 664.2962813350795 41.972948099647 141.972948099647
816 509.5647 282.76788 572.1447741627716 672.1447741627716 40.23709987763954 140.23709987763954
833 517.9617 275.99835 580.531538399579 680.531538399579 38.62386599915499 138.623865999155
851 517.9617 275.99835 589.4578444296311 689.4578444296311 37.176684392405264 137.17668439240526
867 517.9617 275.99835 597.4258042831839 697.4258042831839 36.116672841359446 136.11667284135945
884 527.5005 266.01685 605.9196140026227 705.9196140026227 35.2247455122278 135.2247455122278
901 527.5005 266.01685 614.4353709721212 714.4353709721212 34.574960050003085 134.57496005000309
918 542.53503 261.3133 622.9661736117806 722.9661736117806 34.167843072143 134.167843072143
936 558.37054 254.90204 632.0075037720162 732.0075037720162 34.00164175242986 134.00164175242986
952 558.37054 254.90204 640.0452542165596 740.0452542165596 34.08273742076125 134.08273742076125
969 575.2698 252.02962 648.5796904715623 748.5796904715623 34.40481772096149 134.4048177209615
986 575.2698 252.02962 657.1015001944813 757.1015001944813 34.96970439707047 134.96970439707047
1003 591.6133 250.55452 665.6037768999744 765.6037768999744 35.77693963769889 135.7769396376989
1020 591.6133 250.55452 674.0796299331981 774.0796299331981 36.82586922049978 136.82586922049978
1037 609.1477 246.88687 682.5221900543268 782.5221900543268 38.115643042381976 138.11564304238198
1054 609.1477 246.88687 690.9246150057149 790.9246150057149 39.645215808474234 139.64521580847423
1071 628.6644 245.90823 699.2800950571935 799.2800950571935 41.41334787928315 141.41334787928315
1088 628.6644 245.90823 707.5818585250034 807.5818585250034 43.41860627535635 143.41860627535635
1105 650.3003 244.6464 715.8231772598931 815.8231772598931 45.65936583863811 145.6593658386381
1122 650.3003 244.6464 723.9973720999366 823.9973720999366 48.133810549576026 148.13381054957603
1139 670.9795 248.19485 732.0978182836474 832.0978182836474 50.839934998910564 150.83993499891056
1157 670.9795 248.19485 740.5870829453671 840.5870829453671 53.95532573657704 153.95532573657704
1173 673.7058 249.72983 748.0512698040402 848.0512698040402 56.93826443105149 156.9382644310515
1191 673.7058 249.72983 756.3494866729714 856.3494866729714 60.53171273890922 160.53171273890922
1207 684.2114 250.14792 763.6318245155068 863.6318245155068 63.93458862018292 163.93458862018292
1224 684.2114 250.14792 771.2664330094331 871.2664330094331 67.76252423287974 167.76252423287974
1241 699.29395 251.66412 778.788983721744 878.788983721744 71.80623152831976 171.80623152831976
1259 699.29395 251.66412 786.6251244418916 886.6251244418916 76.31934271231506 176.31934271231506
1275 712.94336 260.17615 793.4736210088488 893.4736210088488 80.52768009049117 180.52768009049117
1292 712.94336 260.17615 800.6238064458005 900.6238064458005 85.19835307494287 185.19835307494287
1310 727.6786 263.98087 808.046396715908 908.046396715908 90.36346949445999 190.36346949446
1326 744.9361 272.20135 814.5109413283826 914.5109413283826 95.14067282585665 195.14067282585665
1343 744.9361 272.20135 821.2366359705578 921.2366359705578 100.40426185718263 200.40426185718263
1361 759.0351 283.4373 828.1915644145411 928.1915644145411 106.18372933127876 206.18372933127876
1377 759.0351 283.4373 834.2250299387413 934.2250299387413 111.49497235758312 211.49497235758312
1395 759.0351 283.4373 840.8397900584413 940.8397900584413 117.66086422363836 217.66086422363836
1411 774.1824 287.19156 846.5612262243785 946.5612262243785 123.30685190652298 223.30685190652298
1428 774.1824 287.19156 852.4721692933363 952.4721692933363 129.47135431515434 229.47135431515434
1445 789.05945 294.25195 858.2052415379586 958.2052415379586 135.80161659632608 235.80161659632608
1463 789.05945 294.25195 864.0765190178248 964.0765190178248 142.67921608302754 242.67921608302754
1479 804.56915 302.3616 869.1193360426164 969.1193360426164 148.93876919572267 248.93876919572267
1497 819.0454 312.4448 874.5897089352587 974.5897089352587 156.13934516994212 256.1393451699421
1513 819.0454 312.4448 879.2681356740757 979.2681356740757 162.675730406883 262.67573040688296
1530 833.756 323.34192 884.0451707867052 984.0451707867052 169.7552977272204 269.7552977272204
1547 833.756 323.34192 888.6187467928016 988.6187467928016 176.96797687071094 276.9679768707109
1564 847.30005 330.58038 892.9851570459276 992.9851570459276 184.30792233453255 284.3079223345326
1581 847.30005 330.58038 897.1408627967578 997.1408627967578 191.76918547310373 291.76918547310373
1598 858.8204 342.0329 901.0824960610505 1001.0824960610505 199.34571931915121 299.3457193191512
1615 858.8204 342.0329 904.8068623492258 1004.8068623492258 207.03138348446487 307.03138348446487
1633 866.4483 355.6228 908.5101439647128 1008.5101439647128 215.28117010118746 315.28117010118746
1649 866.4483 355.6228 911.5918989033121 1011.5918989033121 222.7051040458423 322.7051040458423
1667 866.4483 355.6228 914.8197010204906 1014.8197010204906 231.15226732338112 331.1522673233811
1683 876.1653 365.60098 917.4739812329851 1017.4739812329851 238.73954649774532 338.7395464977453
1701 884.6613 377.4901 920.21584210631 1020.21584210631 247.35670803135872 347.3567080313587
1718 884.6613 377.4901 922.5657988908573 1022.5657988908573 255.56755701433508 355.5675570143351
1734 898.4374 388.98444 924.5631773273444 1024.5631773273444 263.35360145921436 363.35360145921436
1751 898.4374 388.98444 926.4560130930984 1026.4560130930984 271.6817171329047 371.6817171329047
1768 909.35187 402.3655 928.1110179615537 1028.1110179615537 280.0603385467098 380.0603385467098
1786 909.35187 402.3655 929.6026611419293 1029.6026611419293 288.97932248926173 388.97932248926173
1802 917.9654 415.4469 930.7023636603816 1030.7023636603817 296.94190141113677 396.94190141113677
1819 917.9654 415.4469 931.6366043392997 1031.6366043392995 305.4311612295389 405.4311612295389
1836 925.1942 428.07156 932.3288155200738 1032.328815520074 313.9435746118702 413.9435746118702
1853 925.1942 428.07156 932.7784362013994 1032.7784362013995 322.4722426880359 422.4722426880359
1870 933.0477 442.04727 932.9851019890048 1032.9851019890048 331.01025341435343 431.01025341435343
1887 933.0477 442.04727 932.9486453909749 1032.948645390975 339.5506871754069 439.5506871754069
1904 940.57227 451.10953 932.6690959534936 1032.6690959534935 348.08662239203596 448.08662239203596
1922 940.57227 451.10953 932.1083946506541 1032.1083946506542 357.1120801640305 457.1120801640305
1938 945.16876 467.29883 931.3818216320687 1031.3818216320687 365.1173347111916 465.1173347111916
1955 945.16876 467.29883 930.3751400172805 1030.3751400172805 373.5983093035911 473.5983093035911
1972 952.93225 483.44748 929.1274512558361 1029.1274512558361 382.04719151753216 482.04719151753216
1989 952.93225 483.44748 927.6397665348454 1027.6397665348454 390.4571339716405 490.4571339716405
2006 957.7079 499.06573 925.9132915457113 1025.9132915457112 398.8213208432003 498.8213208432003
2023 957.7079 499.06573 923.9494255069792 1023.9494255069792 407.13297339202586 507.13297339202586
2040 962.6339 513.4225 921.7497600303433 1021.7497600303433 415.385355454278 515.3853554542779
2057 962.6339 513.4225 919.3160778307275 1019.3160778307275 423.5717789017766 523.5717789017766
2075 964.62976 529.4059 916.4863627748334 1016.4863627748334 432.1604916486035 532.1604916486035
2091 966.155 541.64496 913.7547408159044 1013.7547408159044 439.7202700970553 539.7202700970553
2108 966.155 541.64496 910.6315931762647 1010.6315931762647 447.6692503292295 547.6692503292295
2125 967.9767 557.0791 907.2834395119482 1007.2834395119482 455.52610752219204 555.526107522192
2143 967.9767 557.0791 903.4961054216201 1003.4961054216201 463.737646624778 563.737646624778
2159 967.9767 557.0791 899.9231482862865 999.9231482862865 470.9380623089762 570.9380623089762
2177 968.755 571.84973 895.6746503355766 995.6746503355766 478.92076480298647 578.9207648029865
2193 968.755 571.84973 891.6977228435584 991.6977228435584 485.90618221638465 585.9061822163847
2210 968.1976 587.36084 887.2688087238421 987.2688087238421 493.20858302917645 593.2085830291765
2227 968.1976 587.36084 882.6338229060326 982.6338229060326 500.38195353258584 600.3819535325858
2244 964.36005 601.32043 877.7965218060378 977.7965218060378 507.42048008140796 607.420480081408
2261 964.36005 601.32043 872.7608258058228 972.7608258058228 514.3184583144773 614.3184583144773
2278 961.71906 615.65894 867.5308160761413 967.5308160761413 521.0702977777584 621.0702977777584
2295 959.21564 628.2616 862.1107312689596 962.1107312689596 527.6705264551181 627.6705264551181
2312 959.21564 628.2616 856.5049640822481 956.5049640822481 534.1137952031119 634.1137952031119
2329 957.68744 642.59174 850.7180576999276 950.7180576999276 540.394882086187 640.394882086187
2347 957.68744 642.59174 844.398524111755 944.398524111755 546.8630169930223 646.8630169930223
2364 951.021 653.53955 838.2536107340788 938.2536107340788 552.7943218655896 652.7943218655896
2380 951.021 653.53955 832.3181143556885 932.3181143556885 558.2148284340103 658.2148284340103
2397 945.2085 663.9436 825.8549614017456 925.8549614017456 563.7976585231695 663.7976585231695
2414 945.2085 663.9436 819.2355094916655 919.2355094916655 569.1942495138428 669.1942495138428
2431 945.2085 663.9436 812.4651233483269 912.4651233483269 574.4002277485814 674.4002277485814
2448 935.3833 677.2068 805.5492900189863 905.5492900189863 579.4113740517007 679.4113740517007
2465 931.1122 687.9394 798.4936144283101 898.4936144283101 584.2236271487043 684.2236271487043
2483 931.1122 687.9394 790.8768325769166 890.8768325769166 589.0978356150445 689.0978356150445
2499 923.6531 698.8019 783.9857182018081 883.9857182018081 593.2360177503971 693.2360177503971
2516 923.6531 698.8019 776.54525546435 876.54525546435 597.4288511793545 697.4288511793545
2534 913.95337 708.6571 768.5404466713042 868.5404466713042 601.6355494252274 701.6355494252274
2550 913.95337 708.6571 761.3214464020558 861.3214464020558 605.1708066759479 705.1708066759479
2567 903.36096 718.73334 753.5504381858558 853.5504381858558 608.7136542896951 708.7136542896951
2585 903.36096 718.73334 745.2159582546325 845.2159582546325 612.2221750921277 712.2221750921277
2601 893.8869 727.4293 737.721699277214 837.721699277214 615.1287351027865 715.1287351027865
2618 893.8869 727.4293 729.6767969577133 829.6767969577133 617.9957692114392 717.9957692114392
2635 881.5337 736.1993 721.553543102233 821.553543102233 620.6326394604092 720.6326394604092
2652 870.1834 741.2472 713.3585211872297 813.3585211872297 623.0372088029525 723.0372088029525
2669 870.1834 741.2472 705.0983728534557 805.0983728534557 625.2075284601758 725.2075284601758
2686 870.1834 741.2472 696.7797925232513 796.7797925232513 627.1418395004217 727.1418395004217
2704 854.9163 748.44714 687.9156881752673 787.9156881752673 628.9309532623472 728.9309532623472
2720 854.9163 748.44714 679.9943448795832 779.9943448795832 630.296357637651 730.296357637651
2737 841.50946 757.13916 671.5410813019316 771.5410813019316 631.5140081610913 731.5140081610913
2754 841.50946 757.13916 663.0565821743512 763.0565821743512 632.4905389924386 732.4905389924386
2771 828.2146 762.9491 654.5477237438794 754.5477237438794 633.2251587040392 733.2251587040392
2788 828.2146 762.9491 646.0214019995067 746.0214019995067 633.7172719246712 733.7172719246712
2805 815.21436 768.48145 637.4845270833351 737.4845270833351 633.9664798220608 733.9664798220608
2823 815.21436 768.48145 628.4416695312384 728.4416695312384 633.9653673731979 733.9653673731979
2839 800.13293 772.49866 620.4067954607539 720.4067954607539 633.7355687926154 733.7355687926154
2856 800.13293 772.49866 611.8797793711809 711.8797793711809 633.2556370072082 733.2556370072082
2874 785.1628 777.0233 602.8699783535706 702.8699783535706 632.4831348595524 732.4831348595524
2891 770.40814 780.9664 594.3857197476881 694.3857197476881 631.5045165381459 731.5045165381459
2907 770.40814 780.9664 586.4290000393138 686.4290000393138 630.3631926583694 730.3631926583694
2924 770.40814 780.9664 578.0117489028069 678.0117489028069 628.9174329219486 728.9174329219486
2942 753.60876 783.41864 569.1480850152877 669.1480850152877 627.1261382967836 727.1261382967836
2958 753.60876 783.41864 561.3177276452934 661.3177276452934 625.3102329649023 725.3102329649023
2975 737.8052 786.6746 553.0544871637487 653.0544871637487 623.1517161929854 723.1517161929854
2993 737.8052 786.6746 544.3759367047026 644.3759367047026 620.6108431393186 720.6108431393186
3009 719.44214 787.68335 536.7290257094023 636.7290257094023 618.1335944747455 718.1335944747455
3026 719.44214 787.68335 528.6800356774336 628.6800356774336 615.278056456131 715.278056456131
3043 702.555 788.74866 520.7155915726703 620.7155915726703 612.1945571432422 712.1945571432422
3061 686.09735 788.8489 512.3819751274623 612.3819751274623 608.6839858379951 708.6839858379951
3077 686.09735 788.8489 505.066086470933 605.066086470933 605.3538534259965 705.3538534259965
3095 668.15314 788.4322 496.94575447846444 596.9457544784644 601.3747225815591 701.3747225815591
3111 668.15314 788.4322 489.8312325780845 589.8312325780845 597.6336549738851 697.6336549738851
3128 622.88446 780.1372 482.38478743869564 582.3847874386956 593.4514554692516 693.4514554692516
3145 622.88446 780.1372 475.06040812706976 575.0604081270698 589.058983999804 689.058983999804
3162 622.88446 780.1372 467.8640306732291 567.8640306732291 584.4598004361334 684.4598004361334
3179 592.8997 766.13403 460.8014873683203 560.8014873683203 579.6576321782761 679.6576321782761
3196 592.8997 766.13403 453.87850203784535 553.8785020378454 574.6563711348483 674.6563711348483
3213 566.0435 753.065 447.10068540279684 547.1006854027969 569.4600705688548 669.4600705688548
3230 566.0435 753.065 440.47353053246013 540.4735305324601 564.0729418127313 664.0729418127313
3247 541.6418 742.8339 434.0024083925641 534.0024083925641 558.4993508552757 658.4993508552757
3264 524.03033 733.17377 427.69256349239276 527.6925634923928 552.7438148032415 652.7438148032415
3281 524.03033 733.17377 421.54910963438175 521.5491096343817 546.8109982204569 646.8109982204569
3298 507.4312 722.95966 415.5770257696452 515.5770257696452 540.7057093474355 640.7057093474355
3316 507.4312 722.95966 409.4458068390105 509.4458068390105 534.0587981572892 634.0587981572892
3332 491.7155 714.26404 404.1661854693228 504.1661854693228 527.9976425819129 627.9976425819129
3350 491.7155 714.26404 398.4231643908829 498.4231643908829 521.0125883346178 621.0125883346178
3366 477.38782 706.0807 393.49702667636814 493.49702667636814 514.6608030789737 614.6608030789737
3383 477.38782 706.0807 388.45148117741576 488.45148117741576 507.7700260162269 607.7700260162269
3400 464.0188 694.86163 383.6041295851123 483.6041295851123 500.7384173488538 600.7384173488538
3418 464.0188 694.86163 378.69202741539596 478.69202741539596 493.1460181088685 593.1460181088685
3434 452.16177 688.3106 374.519558420162 474.519558420162 486.2756097367269 586.2756097367269
3451 452.16177 688.3106 370.28970142185455 470.28970142185455 478.85613214835485 578.8561321483548
3468 441.63547 680.7607 366.2727575118902 466.2727575118902 471.3192561685689 571.3192561685689
3485 441.63547 680.7607 362.4719822152257 462.4719822152257 463.6710900449318 563.6710900449318
3502 435.28595 674.6727 358.8904558633554 458.8904558633554 455.9178322199049 555.9178322199049
3519 435.28595 674.6727 355.5310810978608 455.5310810978608 448.06576630732854 548.0657663073285
3536 428.77133 668.15344 352.3965805179704 452.3965805179704 440.1212559998803 540.1212559998803
3553 428.77133 668.15344 349.4894944740342 449.4894944740342 432.0907399116313 532.0907399116313
3570 418.58713 660.1224 346.8121790087004 446.8121790087004 423.9807263598813 523.9807263598814
3587 418.58713 660.1224 344.3668039474663 444.3668039474663 415.79778809050777 515.7977880905078
3605 414.18832 654.9577 342.03258971905177 442.03258971905177 407.06138620638365 507.06138620638365
3621 414.18832 654.9577 340.17961285468476 440.17961285468476 399.23971851615926 499.23971851615926
3638 409.99023 649.4641 338.44119032461737 438.44119032461737 390.87800666884965 490.87800666884965
3655 409.99023 649.4641 336.9414924513526 436.9414924513526 382.4701981434725 482.4701981434725
3673 401.83472 638.0119 335.61512624611004 435.61512624611004 373.52514215512616 473.52514215512616
3689 401.83472 638.0119 334.66293792598333 434.66293792598333 365.5435792681223 465.5435792681223
3706 394.622 630.27905 333.8859279242903 433.8859279242903 357.03848706593226 457.03848706593226
3723 394.622 630.27905 333.35133438360816 433.35133438360816 348.5147233633919 448.5147233633919
3740 388.74808 623.3113 333.05959056430925 433.05959056430925 339.9791962294431 439.9791962294431
3758 388.74808 623.3113 453.0329818975829 553.0329818975829 330.55436575878036 430.55436575878036
3774 384.88135 614.61115 453.36623095517183 553.3662309551719 322.5235450269113 422.5235450269113
3791 384.88135 614.61115 454.11274721758974 554.1127472175897 314.01623679178385 414.01623679178385
3808 381.65234 608.54156 455.26193415828243 555.2619341582824 305.553911501838 405.553911501838
3826 378.1838 583.68005 456.91472789945465 556.9147278994546 296.66399928652106 396.66399928652106
3842 378.1838 583.68005 458.7570723329198 558.7570723329197 288.84025954453836 388.84025954453836
3859 373.63437 559.25525 461.09515609929747 561.0951560992975 280.62655488470796 380.62655488470796
3877 373.63437 559.25525 463.99241332353733 563.9924133235373 272.0610328969076 372.0610328969076
3893 370.5196 536.09766 466.92605000007745 566.9260500000775 264.5777907912517 364.5777907912517
3910 370.5196 536.09766 470.40573493989234 570.4057349398923 256.7788567193968 356.7788567193968
3928 368.63123 516.31134 474.4888488204813 574.4888488204813 248.71099161237862 348.7109916123786
3944 368.63123 516.31134 478.4544350159092 578.4544350159092 241.71962102511617 341.71962102511617
3962 368.63123 516.31134 483.2836511094473 583.2836511094473 234.07495371588607 334.07495371588607
3978 368.27747 494.0213 487.893864647575 587.893864647575 227.49080094619188 327.4908009461919
3996 368.27747 494.0213 493.4257256503695 593.4257256503695 220.33812451057264 320.33812451057264
4012 369.56827 477.28162 498.63907999467915 598.6390799946792 214.22043924223226 314.22043924223226
4029 373.15753 461.52832 504.47157621838664 604.4715762183866 207.98236520147657 307.98236520147657
4046 373.15753 461.52832 510.59338667089924 610.5933866708992 202.0279536670738 302.0279536670738
4063 402.35898 444.12903 516.9907313118342 616.9907313118342 196.37060786867886 296.37060786867886
4081 402.35898 444.12903 524.0486998190197 624.0486998190197 190.7184094558065 290.7184094558065
4098 429.23566 427.23627 530.9673246451781 630.9673246451781 185.71199252826437 285.7119925282644
4114 429.23566 427.23627 537.689062464963 637.689062464963 181.30479645322103 281.304796453221
4131 455.66742 413.2511 545.0388331282979 645.0388331282979 176.95595164869005 276.9559516486901
4148 455.66742 413.2511 552.5866021519138 652.5866021519138 172.9606090221234 272.96060902212344
4165 477.35153 402.12952 560.3153796987771 660.3153796987771 169.32776198864897 269.32776198864894
4182 477.35153 402.12952 568.2077684862486 668.2077684862486 166.06558799499004 266.06558799499004
4199 496.05273 389.68915 576.2460029469295 676.2460029469295 163.1814301122385 263.1814301122385
4216 496.05273 389.68915 584.4119892185008 684.4119892185008 160.68178050678887 260.68178050678887
4233 515.3921 379.09375 592.6873458725511 692.6873458725511 158.57226582663537 258.5722658266354
4251 515.3921 379.09375 601.547993109811 701.547993109811 156.76915826363768 256.7691582636377
4267 534.1169 367.22952 609.4914555949256 709.4914555949256 155.54174622631027 255.54174622631027
4284 534.1169 367.22952 617.9823830375866 717.9823830375866 154.6275629290547 254.6275629290547
4302 552.2382 357.83893 627.009212437205 727.009212437205 154.09972077737774 254.09972077737774
4318 552.2382 357.83893 635.0464617946108 735.0464617946108 154.01163372561214 254.01163372561214
4335 572.0448 351.8246 643.581202299593 743.581202299593 154.31127426047263 254.31127426047263
4352 572.0448 351.8246 652.0921247860152 752.0921247860152 155.01538956894865 255.01538956894865
4369 587.89014 350.1477 660.5600713827765 760.5600713827765 156.12239470530233 256.1223947053023
4386 587.89014 350.1477 668.9659809564164 768.9659809564164 157.6297978289907 257.6297978289907
4403 605.19324 343.07385 677.2909320172428 777.2909320172428 159.53420581373558 259.5342058137356
4420 605.19324 343.07385 685.5161853111272 785.5161853111272 161.83133188536496 261.831331885365
4437 621.1031 341.00162 693.6232260010909 793.6232260010909 164.5160052712332 264.5160052712332
4454 621.1031 341.00162 701.5938053437343 801.5938053437343 167.58218283949915 267.5821828394992
4471 637.35004 334.62494 709.4099817666976 809.4099817666976 171.0229627020636 271.02296270206364
4489 637.35004 334.62494 717.4980927560449 817.4980927560449 175.0658239377357 275.0658239377357
4505 653.8275 330.8285 724.5091369531456 824.5091369531456 178.99652309031762 278.9965230903176
4522 653.8275 330.8285 731.7581279004737 831.7581279004737 183.51135533338842 283.51135533338845
4540 672.43896 326.65198 739.1908878779227 839.1908878779227 188.66075777100514 288.66075777100514
4556 672.43896 326.65198 745.5733867574248 845.5733867574248 193.54633292803192 293.5463329280319
4574 690.0223 326.06335 752.4847699331881 852.4847699331881 199.3768602579292 299.3768602579292
4591 702.44415 332.6618 758.735613124305 858.735613124305 205.19566935752866 305.1956693575287
4607 702.44415 332.6618 764.3604590589218 864.3604590589218 210.9372932370277 310.9372932370277
4624 718.2287 342.07227 770.0496124154753 870.0496124154753 217.30636805391646 317.30636805391646
4641 718.2287 342.07227 775.4302705632856 875.4302705632856 223.93811728273374 323.93811728273374
4658 731.61237 349.53543 780.4903217770493 880.4903217770493 230.81761302381858 330.8176130238186
4675 731.61237 349.53543 785.2183760095571 885.2183760095571 237.9293697063817 337.9293697063817
4692 731.61237 349.53543 789.6037905304013 889.6037905304013 245.25737894613326 345.25737894613326
4709 746.51025 353.72095 793.6366938824929 893.6366938824929 252.78514557975075 352.78514557975075
4727 746.51025 353.72095 797.5125264313018 897.5125264313018 260.95461241672945 360.95461241672945
4743 759.5476 357.73624 800.6094691549205 900.6094691549205 268.3717602734482 368.3717602734482
4760 759.5476 357.73624 803.5336455346032 903.5336455346032 276.3955232583588 376.3955232583588
4777 772.53894 368.34393 806.0739549944915 906.0739549944915 284.5489524624127 384.5489524624127
4795 785.67505 375.64093 808.3389522412413 908.3389522412413 293.3029260641045 393.3029260641045
4812 785.67505 375.64093 810.0719169040786 910.0719169040786 301.6652471183856 401.6652471183856
4828 796.3547 386.62543 811.3388957607996 911.3388957607996 309.60249482388303 409.60249482388303
4846 796.3547 386.62543 812.3390893640834 912.3390893640834 318.5892561483454 418.5892561483454
4862 809.8241 400.7505 812.84827042036 912.84827042036 326.6108439720703 426.6108439720703
4879 809.8241 400.7505 812.9963291668411 912.9963291668411 335.1495592469291 435.1495592469291
4897 821.7592 414.29324 812.7114868280897 912.7114868280897 344.18732065055974 444.18732065055974
4913 821.7592 414.29324 812.0775238609478 912.0775238609478 352.200012303063 452.200012303063
4930 830.7331 430.29785 811.0127280160616 911.0127280160616 360.6733699460652 460.6733699460652
4947 830.7331 430.29785 809.5472300260149 909.5472300260149 369.0866865084376 469.0866865084376
4964 830.7331 430.29785 807.6843286896907 907.6843286896907 377.4210238275436 477.4210238275436
4981 829.9778 454.66568 805.4282173508461 905.4282173508461 385.65762152102405 485.65762152102405
4998 827.1347 475.4543 802.7839744590015 902.7839744590015 393.77793921594457 493.77793921594457
5016 827.1347 475.4543 799.5677668269823 899.5677668269823 402.2288725853804 502.2288725853804
5032 826.31396 496.4516 796.3557627878217 896.3557627878217 409.59692297976756 509.59692297976756
5049 826.31396 496.4516 792.5862637502574 892.5862637502574 417.25998091660404 517.259980916604
5066 826.25543 510.87967 788.4575400722103 888.4575400722103 424.73562274375536 524.7356227437554
5083 826.25543 510.87967 783.9788854061801 883.9788854061801 432.00702098068035 532.0070209806804
5100 825.0122 528.6613 779.1603810904619 879.1603810904619 439.057807893992 539.057807893992
5117 825.0122 528.6613 774.0128734563121 874.0128734563121 445.8721123408068 545.8721123408068
5134 823.58746 546.2426 768.5479494131282 868.5479494131282 452.4345954942897 552.4345954942896
5151 823.58746 546.2426 762.7779103666112 862.7779103666112 458.73048537096236 558.7304853709624
5169 819.92395 563.1799 756.3503375862501 856.3503375862501 465.09040474938706 565.0904047493871
5185 819.92395 563.1799 750.3750976809954 850.3750976809954 470.46642973411736 570.4664297341174
5202 818.6633 578.8744 743.7702424593289 843.7702424593289 475.8800669068827 575.8800669068827
5219 818.6633 578.8744 736.9160462255444 836.9160462255444 480.9743356401059 580.9743356401059
5236 817.37317 586.5739 729.8279376018812 829.8279376018812 485.73776886380733 585.7377688638073
5253 817.37317 586.5739 722.5218717414465 822.5218717414465 490.15964421036574 590.1596442103657
5270 814.7265 594.41077 715.014294413571 815.014294413571 494.2300081502966 594.2300081502966
5287 814.7265 594.41077 707.3221049847989 807.3221049847989 497.93969839739407 597.9396983973941
5305 810.6 601.59845 698.995462019195 798.995462019195 501.46521726278866 601.4652172627887
5321 810.6 601.59845 691.4535261011198 791.4535261011198 504.2444868016163 604.2444868016163
5338 803.01685 609.7973 683.3128564156366 783.3128564156366 506.8253930396211 606.8253930396211
5355 803.01685 609.7973 675.0589337638094 775.0589337638094 509.01727369220305 609.017273692203
5373 796.7921 618.02515 666.2166959955493 766.2166959955493 510.90859534556046 610.9085953455605
5389 788.59033 625.09955 658.2858601528986 758.2858601528986 512.2151095623715 612.2151095623715
5407 788.59033 625.09955 649.3041943374132 749.3041943374132 513.2600715357657 613.2600715357657
5424 778.86487 633.0695 640.7833442119403 740.7833442119403 513.8316422459586 613.8316422459586
5440 778.86487 633.0695 632.7473718445073 732.7473718445073 513.9998227193989 613.9998227193989
5457 778.86487 633.0695 624.2100690108309 724.2100690108309 513.7852527689789 613.7852527689789
5474 769.7265 642.1688 615.692552089333 715.692552089333 513.1659907650433 613.1659907650433
5492 769.7265 642.1688 606.7168767722527 706.7168767722527 512.0707652406622 612.0707652406622
5508 738.9977 650.40765 598.7934791480179 698.7934791480179 510.71987418285164 610.7198741828516
5526 738.9977 650.40765 589.9619676676424 689.9619676676424 508.7790827672435 608.7790827672435
5542 708.0956 654.3796 582.2022249367301 682.2022249367301 506.68348516468336 606.6834851646834
5559 683.14703 655.847 574.0688318657412 674.0688318657412 504.079738423869 604.079738423869
5576 683.14703 655.847 566.0680913626405 666.0680913626405 501.0931464966776 601.0931464966776
5593 658.6738 659.78894 558.218012891798 658.218012891798 497.7304321259451 597.7304321259451
5610 658.6738 659.78894 550.5362667811617 650.5362667811617 493.99916469660786 593.9991646966079
5627 634.6025 660.9523 543.0401444467964 643.0401444467964 489.90774319720856 589.9077431972086
5644 634.6025 660.9523 535.7465194703461 635.7465194703461 485.4653773139863 585.4653773139863
5662 612.5601 661.0384 528.2628105761767 628.2628105761767 480.3903041584317 580.3903041584317
5678 612.5601 661.0384 521.8319398796541 621.8319398796541 475.56857846668925 575.5685784666892
5695 596.5959 663.6846 515.2423066318847 615.2423066318847 470.13642294632587 570.1364229463259
5712 596.5959 663.6846 508.91774297137306 608.9177429713731 464.3978277836013 564.3978277836013
5729 596.5959 663.6846 502.8724853308397 602.8724853308397 458.36571041097886 558.3657104109789
5746 593.61615 658.0635 497.1201414322254 597.1201414322254 452.0536489719888 552.0536489719889
5763 586.0365 650.5305 491.67365965604995 591.67365965605 445.47585175716756 545.4758517571676
5781 586.0365 650.5305 486.25378898296606 586.2537889829661 438.23794679551276 538.2379467955127
5797 577.97186 640.4526 481.74660595691194 581.7466059569119 431.58284065575424 531.5828406557542
5814 577.97186 640.4526 477.2883795805666 577.2883795805666 424.29889958551144 524.2988995855114
5831 568.7746 636.0845 473.18065612063515 573.1806561206351 416.8116979778178 516.8116979778179
5848 568.7746 636.0845 469.43268195865755 569.4326819586576 409.1380893339877 509.1380893339877
5865 561.9898 629.7642 466.05289368960894 566.0528936896089 401.295346752855 501.295346752855
5882 561.9898 629.7642 463.04889913133843 563.0488991313384 393.30112404946493 493.30112404946493
5899 551.5591 621.3267 460.427460199564 560.4274601995639 385.1734160167848 485.1734160167848
5917 551.5591 621.3267 458.07533489037223 558.0753348903722 376.44244969702606 476.44244969702606
5933 544.38525 611.7638 456.35497798067684 556.3549779806768 368.59098431373195 468.59098431373195
5951 544.38525 611.7638 454.8407421273871 554.8407421273871 359.67642565233353 459.67642565233353
5967 536.42523 605.19434 453.8720946157316 553.8720946157316 351.69727415859836 451.69727415859836
5984 536.42523 605.19434 453.23429986469176 553.2342998646918 343.18112492358273 443.18112492358273
6001 528.3436 598.6162 453.0036526131048 553.0036526131048 335.1467028281774 435.1467028281774
