1 868.84814 369.78247 333.00042067616835 433.00042067616835 333.4976002348308 433.4976002348308
17 868.84814 369.78247 333.1215672298508 433.1215672298508 325.460353677165 425.460353677165
34 834.5885 381.07947 333.4861703954607 433.4861703954607 316.92762829531256 416.92762829531256
51 834.5885 381.07947 334.0935140048509 434.0935140048509 308.4087391863609 408.4087391863609
69 807.70087 390.47427 335.00061216007174 435.00061216007174 299.41149255853884 399.41149255853884
85 807.70087 390.47427 336.0342573431978 436.0342573431978 291.44006945149073 391.44006945149073
102 784.72144 399.48975 337.3660842002114 437.3660842002114 283.00404105339845 383.00404105339845
119 784.72144 399.48975 338.93750703184975 438.93750703184975 274.6093422383909 374.6093422383909
136 766.971 406.5471 340.74725228130916 440.74725228130916 266.2627764750041 366.2627764750041
153 752.28485 408.85098 342.7938532438116 442.7938532438116 257.9711082224287 357.9711082224287
170 752.28485 408.85098 345.0756512552929 445.0756512552929 249.74105744826687 349.7410574482669
187 741.9405 415.52777 347.59079703666407 447.59079703666407 241.57929418234613 341.57929418234613
204 741.9405 415.52777 350.3372521925565 450.3372521925565 233.4924331110061 333.4924331110061
221 731.1685 416.78494 353.31279086333535 453.31279086333535 225.48702821623766 325.48702821623766
238 731.1685 416.78494 356.51500152904384 456.51500152904384 217.5695674640201 317.5695674640201
256 731.1685 416.78494 360.14975501321027 460.14975501321027 209.2893596734873 309.2893596734873
272 707.0995 462.85315 363.5888763391684 463.5888763391684 202.0240686798987 302.02406867989873
289 707.0995 462.85315 367.4548074744846 467.4548074744846 194.40862946948707 294.4086294694871
307 565.6796 370.28253 371.7826486363828 471.7826486363828 186.46866317091627 286.4686631709163
323 565.6796 370.28253 375.8289940602396 475.8289940602396 179.52322600490484 279.5232260049048
340 582.30615 418.8911 380.3304626662418 480.3304626662418 172.26532559916362 272.2653255991636
357 595.30273 421.3363 385.0367068437197 485.0367068437197 165.13850276900726 265.13850276900723
375 595.30273 421.3363 390.2387457035903 490.2387457035903 157.7417422858324 257.7417422858324
391 605.837 423.51044 395.0481023758233 495.0481023758233 151.30108260568883 251.30108260568883
409 605.837 423.51044 400.66264512599264 500.66264512599264 144.21234621253794 244.21234621253794
425 612.7345 425.77002 405.83073236238414 505.83073236238414 138.05581447516937 238.05581447516937
442 612.7345 425.77002 411.50043363562395 511.50043363562395 131.66873177782583 231.66873177782583
460 585.8868 407.78076 417.69921012162035 517.6992101216204 125.08477825264669 225.0847782526467
476 585.8868 407.78076 423.3736374701024 523.3736374701024 119.39154692211227 219.39154692211227
493 585.8868 407.78076 429.5675174146769 529.5675174146769 113.51139478609738 213.51139478609738
511 562.28625 384.7117 436.30533797716447 536.3053379771645 107.48022176480373 207.48022176480373
527 546.9808 363.12018 442.44473833256984 542.4447383325698 102.29179502905546 202.29179502905546
544 546.9808 363.12018 449.1176429853873 549.1176429853873 96.96144031244515 196.96144031244515
561 540.0286 345.62473 455.939574763276 555.939574763276 91.82319306962836 191.82319306962836
578 540.0286 345.62473 462.90500484391305 562.905004843913 86.88121758382923 186.88121758382923
595 533.04895 332.13306 470.0082881070341 570.0082881070341 82.13951907017963 182.13951907017963
612 533.04895 332.13306 477.24366770951156 577.2436677095116 77.60194042970028 177.60194042970028
629 530.5923 316.35056 484.6052797509776 584.6052797509776 73.27215913482809 173.2721591348281
646 530.5923 316.35056 492.08715802621145 592.0871580262115 69.15368424901567 169.15368424901567
663 534.5237 306.06216 499.6832388604396 599.6832388604396 65.24985358281685 165.24985358281685
680 534.5237 306.06216 507.3873660236304 607.3873660236304 61.563830988764266 161.56383098876427
697 526.88965 294.05624 515.1932957197998 615.1932957197998 58.09860379723074 158.09860379723074
715 523.14636 283.90424 523.5623270540765 623.5623270540765 54.6733171711283 154.6733171711283
731 523.14636 283.90424 531.0851801258791 631.0851801258791 51.84158795097835 151.84158795097835
748 523.14636 283.90424 539.158255286693 639.158255286693 49.0548702834833 149.0548702834833
765 522.57983 272.66376 547.3073843205016 647.3073843205016 46.49908588318232 146.49908588318232
782 522.57983 272.66376 555.5259627803556 655.5259627803556 44.176306080939696 144.1763060809397
799 528.83777 259.95728 563.8073299341439 663.8073299341439 42.08841336946284 142.08841336946284
816 528.83777 259.95728 572.1447741627716 672.1447741627716 40.23709987763954 140.23709987763954
834 535.2185 248.94522 581.0262683082123 681.0262683082123 38.53641304886645 138.53641304886645
850 535.2185 248.94522 588.960825606595 688.960825606595 37.25001917650059 137.2500191765006
867 544.7789 243.11986 597.4258042831839 697.4258042831839 36.116672841359446 136.11667284135945
884 544.7789 243.11986 605.9196140026227 705.9196140026227 35.2247455122278 135.2247455122278
901 556.7658 236.73378 614.4353709721212 714.4353709721212 34.574960050003085 134.57496005000309
918 556.7658 236.73378 622.9661736117806 722.9661736117806 34.167843072143 134.167843072143
936 570.09485 233.7482 632.0075037720162 732.0075037720162 34.00164175242986 134.00164175242986
952 584.9493 229.07921 640.0452542165596 740.0452542165596 34.08273742076125 134.08273742076125
969 584.9493 229.07921 648.5796904715623 748.5796904715623 34.40481772096149 134.4048177209615
986 597.69946 228.34807 657.1015001944813 757.1015001944813 34.96970439707047 134.96970439707047
1003 597.69946 228.34807 665.6037768999744 765.6037768999744 35.77693963769889 135.7769396376989
1020 597.69946 228.34807 674.0796299331981 774.0796299331981 36.82586922049978 136.82586922049978
1037 611.6137 227.12878 682.5221900543268 782.5221900543268 38.115643042381976 138.11564304238198
1055 611.6137 227.12878 691.4174796955454 791.4174796955454 39.74263294520472 139.74263294520472
1071 623.30884 225.45148 699.2800950571935 799.2800950571935 41.41334787928315 141.41334787928315
1088 623.30884 225.45148 707.5818585250034 807.5818585250034 43.41860627535635 143.41860627535635
1105 637.06866 225.41104 715.8231772598931 815.8231772598931 45.65936583863811 145.6593658386381
1123 651.50024 227.09479 724.4759748533495 824.4759748533495 48.286601601133555 148.28660160113355
1139 651.50024 227.09479 732.0978182836474 832.0978182836474 50.839934998910564 150.83993499891056
1156 665.4341 226.2246 740.117950819005 840.117950819005 53.77554601295549 153.7755460129555
1174 665.4341 226.2246 748.5150943092397 848.5150943092397 57.13132537838908 157.13132537838908
1190 680.71246 227.91354 755.8913456946693 855.8913456946693 60.32552703375262 160.32552703375262
1207 680.71246 227.91354 763.6318245155068 863.6318245155068 63.93458862018292 163.93458862018292
1224 697.6605 226.29207 771.2664330094331 871.2664330094331 67.76252423287974 167.76252423287974
1241 697.6605 226.29207 778.788983721744 878.788983721744 71.80623152831976 171.80623152831976
1258 711.3458 227.50133 786.1933800147626 886.1933800147626 76.06243329120804 176.06243329120804
1275 711.3458 227.50133 793.4736210088488 893.4736210088488 80.52768009049117 180.52768009049117
1293 727.28796 231.72609 801.040231024628 901.040231024628 85.47941582800502 185.47941582800502
1309 727.28796 231.72609 807.638141470708 907.638141470708 90.0706669060545 190.0706669060545
1327 743.9422 239.91646 814.9106963702274 914.9106963702274 95.4449779482751 195.4449779482751
1343 743.9422 239.91646 821.2366359705578 921.2366359705578 100.40426185718263 200.40426185718263
1360 760.29156 244.38065 827.809774570124 927.809774570124 105.85716813378187 205.85716813378187
1377 760.29156 244.38065 834.2250299387413 934.2250299387413 111.49497235758312 211.49497235758312
1394 776.15845 250.28954 840.4772028442499 940.4772028442499 117.31310538030687 217.31310538030687
1411 776.15845 250.28954 846.5612262243785 946.5612262243785 123.30685190652298 223.30685190652298
1428 790.10516 259.47327 852.4721692933363 952.4721692933363 129.47135431515434 229.47135431515434
1445 790.10516 259.47327 858.2052415379586 958.2052415379586 135.80161659632608 235.80161659632608
1462 804.10144 266.3444 863.7557966001699 963.7557966001699 142.29250840037312 242.29250840037312
1479 804.10144 266.3444 869.1193360426164 969.1193360426164 148.93876919572267 248.93876919572267
1496 815.29865 274.81772 874.2915129944168 974.2915129944168 155.73501253228335 255.73501253228335
1513 815.29865 274.81772 879.2681356740757 979.2681356740757 162.675730406883 262.67573040688296
1531 826.37744 285.46393 884.3198737571439 984.3198737571439 170.1759448228275 270.1759448228275
1547 826.37744 285.46393 888.6187467928016 988.6187467928016 176.96797687071094 276.9679768707109
1564 839.6423 294.7966 892.9851570459276 992.9851570459276 184.30792233453255 284.3079223345326
1581 839.6423 294.7966 897.1408627967578 997.1408627967578 191.76918547310373 291.76918547310373
1598 851.80396 306.538 901.0824960610505 1001.0824960610505 199.34571931915121 299.3457193191512
1615 851.80396 306.538 904.8068623492258 1004.8068623492258 207.03138348446487 307.03138348446487
1632 864.03796 320.95688 908.3109432553329 1008.3109432553329 214.8199491363638 314.8199491363638
1649 864.03796 320.95688 911.5918989033121 1011.5918989033121 222.7051040458423 322.7051040458423
1666 877.7105 334.68796 914.6470702485676 1014.6470702485676 230.6804577033056 330.6804577033056
1683 891.9193 346.50058 917.4739812329851 1017.4739812329851 238.73954649774532 338.7395464977453
1701 891.9193 346.50058 920.21584210631 1020.21584210631 247.35670803135872 347.3567080313587
1718 904.00806 353.98798 922.5657988908573 1022.5657988908573 255.56755701433508 355.5675570143351
1734 904.00806 353.98798 924.5631773273444 1024.5631773273444 263.35360145921436 363.35360145921436
1751 915.998 366.5236 926.4560130930984 1026.4560130930984 271.6817171329047 371.6817171329047
1768 915.998 366.5236 928.1110179615537 1028.1110179615537 280.0603385467098 380.0603385467098
1785 915.998 366.5236 929.5268506369953 1029.5268506369953 288.4826752619944 388.4826752619944
1803 924.4717 382.01892 930.7640061395116 1030.7640061395116 297.4405053679775 397.4405053679775
1819 924.4717 382.01892 931.6366043392997 1031.6366043392995 305.4311612295389 405.4311612295389
1837 934.3532 395.51224 932.361983596427 1032.3619835964269 314.44487849148953 414.44487849148953
1853 934.3532 395.51224 932.7784362013994 1032.7784362013995 322.4722426880359 422.4722426880359
1870 943.63135 407.57346 932.9851019890048 1032.9851019890048 331.01025341435343 431.01025341435343
1887 951.8977 420.32483 932.9486453909749 1032.948645390975 339.5506871754069 439.5506871754069
1904 951.8977 420.32483 932.6690959534936 1032.6690959534935 348.08662239203596 448.08662239203596
1922 957.19495 435.85022 932.1083946506541 1032.1083946506542 357.1120801640305 457.1120801640305
1938 957.19495 435.85022 931.3818216320687 1031.3818216320687 365.1173347111916 465.1173347111916
1955 961.1688 451.46072 930.3751400172805 1030.3751400172805 373.5983093035911 473.5983093035911
1973 961.1688 451.46072 929.0465730175129 1029.0465730175129 382.54303868307437 482.54303868307437
1989 950.6171 469.3988 927.6397665348454 1027.6397665348454 390.4571339716405 490.4571339716405
2006 950.6171 469.3988 925.9132915457113 1025.9132915457112 398.8213208432003 498.8213208432003
2024 950.6171 469.3988 923.8265442264865 1023.8265442264865 407.6201139178652 507.6201139178652
2041 947.71686 485.56012 921.6130618516396 1021.6130618516396 415.86880070345273 515.8688007034527
2057 947.71686 485.56012 919.3160778307275 1019.3160778307275 423.5717789017766 523.5717789017766
2075 946.56506 499.4729 916.4863627748334 1016.4863627748334 432.1604916486035 532.1604916486035
2091 947.57794 515.8198 913.7547408159044 1013.7547408159044 439.7202700970553 539.7202700970553
2109 947.57794 515.8198 910.4408458507073 1010.4408458507073 448.13403109346496 548.134031093465
2125 949.0727 527.37744 907.2834395119482 1007.2834395119482 455.52610752219204 555.526107522192
2142 949.0727 527.37744 903.7129933280626 1003.7129933280626 463.2844741001809 563.2844741001809
2159 946.12634 541.51044 899.9231482862865 999.9231482862865 470.9380623089762 570.9380623089762
2176 946.12634 541.51044 895.9169758597092 995.9169758597092 478.4806693117979 578.4806693117979
2193 944.40894 555.29895 891.6977228435584 991.6977228435584 485.90618221638465 585.9061822163847
2211 944.40894 555.29895 887.0018309919924 987.0018309919924 493.63417507762983 593.6341750776298
2227 941.78015 565.85706 882.6338229060326 982.6338229060326 500.38195353258584 600.3819535325858
2244 941.78015 565.85706 877.7965218060378 977.7965218060378 507.42048008140796 607.420480081408
2261 937.00525 579.52075 872.7608258058228 972.7608258058228 514.3184583144773 614.3184583144773
2279 937.00525 579.52075 867.2172069588121 967.2172069588121 521.4627962141102 621.4627962141102
2295 930.76074 592.8653 862.1107312689596 962.1107312689596 527.6705264551181 627.6705264551181
2312 930.76074 592.8653 856.5049640822481 956.5049640822481 534.1137952031119 634.1137952031119
2330 926.899 604.65295 850.3721099362925 950.3721099362925 540.7591976716982 640.7591976716982
2346 926.899 604.65295 844.754702109853 944.754702109853 546.5086966087915 646.5086966087915
2363 922.4947 613.2899 838.6197303028227 938.6197303028227 552.4502838409564 652.4502838409564
2380 922.4947 613.2899 832.3181143556885 932.3181143556885 558.2148284340103 658.2148284340103
2397 915.3275 623.66815 825.8549614017456 925.8549614017456 563.7976585231695 663.7976585231695
2414 915.3275 623.66815 819.2355094916655 919.2355094916655 569.1942495138428 669.1942495138428
2431 910.3679 629.2479 812.4651233483269 912.4651233483269 574.4002277485814 674.4002277485814
2449 906.24927 637.9554 805.1380660054275 905.1380660054275 579.6999923319313 679.6999923319313
2465 906.24927 637.9554 798.4936144283101 898.4936144283101 584.2236271487043 684.2236271487043
2482 900.3937 642.4419 791.3038148358737 891.3038148358737 588.8330869577367 688.8330869577367
2499 900.3937 642.4419 783.9857182018081 883.9857182018081 593.2360177503971 693.2360177503971
2516 900.3937 642.4419 776.54525546435 876.54525546435 597.4288511793545 697.4288511793545
2533 893.11926 655.06287 768.9884567331254 868.9884567331254 601.4081891703074 701.4081891703074
2550 893.11926 655.06287 761.3214464020558 861.3214464020558 605.1708066759479 705.1708066759479
2567 886.1146 662.18726 753.5504381858558 853.5504381858558 608.7136542896951 708.7136542896951
2585 886.1146 662.18726 745.2159582546325 845.2159582546325 612.2221750921277 712.2221750921277
2601 879.1436 673.7654 737.721699277214 837.721699277214 615.1287351027865 715.1287351027865
2618 879.1436 673.7654 729.6767969577133 829.6767969577133 617.9957692114392 717.9957692114392
2635 865.6285 683.3496 721.553543102233 821.553543102233 620.6326394604092 720.6326394604092
2652 865.6285 683.3496 713.3585211872297 813.3585211872297 623.0372088029525 723.0372088029525
2670 853.8931 693.4663 704.6105964401853 804.6105964401853 625.327860798587 725.327860798587
2686 843.1928 700.5401 696.7797925232513 796.7797925232513 627.1418395004217 727.1418395004217
2703 843.1928 700.5401 688.4095219750633 788.4095219750633 628.8385742647915 728.8385742647915
2720 832.5366 708.85535 679.9943448795832 779.9943448795832 630.296357637651 730.296357637651
2737 832.5366 708.85535 671.5410813019316 771.5410813019316 631.5140081610913 731.5140081610913
2755 821.0327 714.42535 662.5566681050749 762.5566681050749 632.5404551656717 732.5404551656717
2771 821.0327 714.42535 654.5477237438794 754.5477237438794 633.2251587040392 733.2251587040392
2789 821.0327 714.42535 645.5194574500881 745.5194574500881 633.7386581426483 733.7386581426483
2805 806.8448 720.27313 637.4845270833351 737.4845270833351 633.9664798220608 733.9664798220608
2823 806.8448 720.27313 628.4416695312384 728.4416695312384 633.9653673731979 733.9653673731979
2839 789.9106 725.92096 620.4067954607539 720.4067954607539 633.7355687926154 733.7355687926154
2857 776.9636 730.5784 611.3786557812324 711.3786557812324 633.2198480618783 733.2198480618783
2873 776.9636 730.5784 603.3698801263789 703.3698801263789 632.5331740297464 732.5331740297464
2890 760.7632 738.30676 594.8839945588649 694.8839945588649 631.5687653790487 731.5687653790487
2908 760.7632 738.30676 585.9327560156919 685.9327560156919 630.2847862171152 730.2847862171152
2924 745.3465 740.6484 578.0117489028069 678.0117489028069 628.9174329219486 728.9174329219486
2941 745.3465 740.6484 569.6390628953682 669.6390628953682 627.232657883161 727.232657883161
2959 731.92456 739.7957 560.8299808532626 660.8299808532626 625.189780618001 725.189780618001
2975 731.92456 739.7957 553.0544871637487 653.0544871637487 623.1517161929854 723.1517161929854
2992 717.3133 741.46423 544.8560383791012 644.8560383791012 620.7588569334407 720.7588569334407
3009 717.3133 741.46423 536.7290257094023 636.7290257094023 618.1335944747455 718.1335944747455
3027 701.5306 743.79407 528.2091351954737 628.2091351954737 615.1029609476205 715.1029609476205
3043 701.5306 743.79407 520.7155915726703 620.7155915726703 612.1945571432422 712.1945571432422
3060 684.9771 747.7733 512.8421481644934 612.8421481644934 608.8855955525434 708.8855955525434
3078 684.9771 747.7733 504.6118388259649 604.6118388259649 605.1392263586182 705.1392263586182
3094 671.64685 744.1199 497.3937085871838 597.3937085871838 601.6021930576474 701.6021930576474
3112 671.64685 744.1199 489.38993504921393 589.3899350492139 597.3935254421243 697.3935254421243
3128 654.97833 739.1909 482.38478743869564 582.3847874386956 593.4514554692516 693.4514554692516
3145 654.97833 739.1909 475.06040812706976 575.0604081270698 589.058983999804 689.058983999804
3162 637.0732 733.3888 467.8640306732291 567.8640306732291 584.4598004361334 684.4598004361334
3180 637.0732 733.3888 460.39033437862736 560.3903343786274 579.3689127295427 679.3689127295427
3196 620.78986 733.6276 453.87850203784535 553.8785020378454 574.6563711348483 674.6563711348483
3213 620.78986 733.6276 447.10068540279684 547.1006854027969 569.4600705688548 669.4600705688548
3231 607.9256 726.42303 440.08850519699024 540.0885051969902 563.7502016818883 663.7502016818883
3247 590.45715 717.05444 434.0024083925641 534.0024083925641 558.4993508552757 658.4993508552757
3264 590.45715 717.05444 427.69256349239276 527.6925634923928 552.7438148032415 652.7438148032415
3281 590.45715 717.05444 421.54910963438175 521.5491096343817 546.8109982204569 646.8109982204569
3298 573.6408 714.4311 415.5770257696452 515.5770257696452 540.7057093474355 640.7057093474355
3315 573.6408 714.4311 409.7811519627961 509.7811519627961 534.4328962045494 634.4328962045494
3332 560.3454 711.5138 404.1661854693228 504.1661854693228 527.9976425819129 627.9976425819129
3349 560.3454 711.5138 398.7366769287074 498.7366769287074 521.4051639192346 621.4051639192346
3366 549.0401 711.66376 393.49702667636814 493.49702667636814 514.6608030789737 614.6608030789737
3384 549.0401 711.66376 388.16081736231547 488.16081736231547 507.3602452851014 607.3602452851014
3400 535.43365 704.93176 383.6041295851123 483.6041295851123 500.7384173488538 600.7384173488538
3417 535.43365 704.93176 378.95890042682595 478.95890042682595 493.5716758314352 593.5716758314352
3434 519.9484 700.076 374.519558420162 474.519558420162 486.2756097367269 586.2756097367269
3451 507.14618 690.8197 370.28970142185455 470.28970142185455 478.85613214835485 578.8561321483548
3468 507.14618 690.8197 366.2727575118902 466.2727575118902 471.3192561685689 571.3192561685689
3485 494.31842 681.6017 362.4719822152257 462.4719822152257 463.6710900449318 563.6710900449318
3503 494.31842 681.6017 358.68666860027383 458.68666860027383 455.45861935813366 555.4586193581337
3519 481.03067 674.5144 355.5310810978608 455.5310810978608 448.06576630732854 548.0657663073285
3536 481.03067 674.5144 352.3965805179704 452.3965805179704 440.1212559998803 540.1212559998803
3553 481.03067 674.5144 349.4894944740342 449.4894944740342 432.0907399116313 532.0907399116313
3570 464.55634 661.4973 346.8121790087004 446.8121790087004 423.9807263598813 523.9807263598814
3587 464.55634 661.4973 344.3668039474663 444.3668039474663 415.79778809050777 515.7977880905078
3604 443.92438 640.68164 342.155351140146 442.155351140146 407.5485569510936 507.5485569510936
3622 425.62537 622.1886 340.07076873233893 440.07076873233893 398.74925072104793 498.74925072104793
3638 425.62537 622.1886 338.44119032461737 438.44119032461737 390.87800666884965 490.87800666884965
3656 411.4811 608.5836 336.8607362133312 436.8607362133312 381.97433109371923 481.97433109371923
3672 411.4811 608.5836 335.68173466233077 435.68173466233077 374.02310703330426 474.02310703330426
3690 395.42188 593.74 334.61053131423415 434.61053131423415 365.043920136258 465.043920136258
3706 395.42188 593.74 333.8859279242903 433.8859279242903 357.03848706593226 457.03848706593226
3723 384.9221 576.9859 333.35133438360816 433.35133438360816 348.5147233633919 448.5147233633919
3740 384.9221 576.9859 333.05959056430925 433.05959056430925 339.9791962294431 439.9791962294431
3757 376.5057 562.34937 453.02406576024066 553.0240657602407 331.056686471707 431.056686471707
3774 376.5057 562.34937 453.36623095517183 553.3662309551719 322.5235450269113 422.5235450269113
3792 376.5057 562.34937 454.16922084104294 554.1692208410429 313.5170210808991 413.5170210808991
3808 370.99487 551.7253 455.26193415828243 555.2619341582824 305.553911501838 405.553911501838
3825 364.07803 540.1288 456.81120498653286 556.8112049865329 297.15561763711503 397.15561763711503
3842 364.07803 540.1288 458.7570723329198 558.7570723329197 288.84025954453836 388.84025954453836
3859 357.78186 531.3513 461.09515609929747 561.0951560992975 280.62655488470796 380.62655488470796
3877 357.78186 531.3513 463.99241332353733 563.9924133235373 272.0610328969076 372.0610328969076
3893 352.2981 518.8222 466.92605000007745 566.9260500000775 264.5777907912517 364.5777907912517
3910 352.2981 518.8222 470.40573493989234 570.4057349398923 256.7788567193968 356.7788567193968
3928 350.02234 507.279 474.4888488204813 574.4888488204813 248.71099161237862 348.7109916123786
3944 350.02234 507.279 478.4544350159092 578.4544350159092 241.71962102511617 341.71962102511617
3961 351.37753 496.88318 483.0053327319572 583.0053327319572 234.49321736108072 334.4932173610807
3979 351.37753 496.88318 488.19170848039323 588.1917084803932 227.08620899447726 327.08620899447726
3995 350.20685 485.94656 493.109026801152 593.109026801152 220.7281340425647 320.7281340425647
4013 383.39798 468.688 498.9739209792019 598.9739209792019 213.84589003154827 313.84589003154827
4030 383.39798 468.688 504.82380561963384 604.8238056196338 207.62411941289355 307.62411941289355
4046 383.39798 468.688 510.59338667089924 610.5933866708992 202.0279536670738 302.0279536670738
4063 409.06744 454.27686 516.9907313118342 616.9907313118342 196.37060786867886 296.37060786867886
4080 409.06744 454.27686 523.6492098803254 623.6492098803254 191.0230623484931 291.0230623484931
4098 431.2724 446.16757 530.9673246451781 630.9673246451781 185.71199252826437 285.7119925282644
4114 431.2724 446.16757 537.689062464963 637.689062464963 181.30479645322103 281.304796453221
4131 452.23804 436.2401 545.0388331282979 645.0388331282979 176.95595164869005 276.9559516486901
4148 452.23804 436.2401 552.5866021519138 652.5866021519138 172.9606090221234 272.96060902212344
4165 470.94272 425.34692 560.3153796987771 660.3153796987771 169.32776198864897 269.32776198864894
4182 470.94272 425.34692 568.2077684862486 668.2077684862486 166.06558799499004 266.06558799499004
4199 489.426 415.48615 576.2460029469295 676.2460029469295 163.1814301122385 263.1814301122385
4216 505.0056 408.2896 584.4119892185008 684.4119892185008 160.68178050678887 260.68178050678887
4233 505.0056 408.2896 592.6873458725511 692.6873458725511 158.57226582663537 258.5722658266354
4250 521.2799 401.361 601.053445290706 701.053445290706 156.85763453593017 256.8576345359302
4268 521.2799 401.361 609.9896433324445 709.9896433324445 155.4768264733346 255.4768264733346
4285 534.20184 391.30286 618.4830892855312 718.4830892855312 154.5863458281167 254.5863458281167
4302 534.20184 391.30286 627.009212437205 727.009212437205 154.09972077737774 254.09972077737774
4319 534.20184 391.30286 635.5488207000526 735.5488207000526 154.01804670179018 254.01804670179018
4336 550.803 385.55737 644.0826916320163 744.0826916320163 154.341507447631 254.341507447631
4352 550.803 385.55737 652.0921247860152 752.0921247860152 155.01538956894865 255.01538956894865
4369 565.81903 379.4522 660.5600713827765 760.5600713827765 156.12239470530233 256.1223947053023
4387 565.81903 379.4522 669.4581090553891 769.4581090553891 157.73086973577773 257.73086973577773
4403 582.12463 374.54324 677.2909320172428 777.2909320172428 159.53420581373558 259.5342058137356
4421 606.68256 368.2322 685.9965220114407 785.9965220114407 161.97858082584344 261.97858082584344
4438 606.68256 368.2322 694.0960379112927 794.0960379112927 164.68587137647998 264.68587137648
4454 629.5902 367.82663 701.5938053437343 801.5938053437343 167.58218283949915 267.5821828394992
4471 629.5902 367.82663 709.4099817666976 809.4099817666976 171.0229627020636 271.02296270206364
4488 648.94556 364.87418 717.0541612546845 817.0541612546845 174.83059975054408 274.8305997505441
4505 648.94556 364.87418 724.5091369531456 824.5091369531456 178.99652309031762 278.9965230903176
4522 668.46747 359.84595 731.7581279004737 831.7581279004737 183.51135533338842 283.51135533338845
4539 668.46747 359.84595 738.7848168015221 838.7848168015221 188.36493370665013 288.36493370665016
4557 686.99695 356.60443 745.9649695491788 845.9649695491788 193.86108443850046 293.8610844385005
4573 686.99695 356.60443 752.108556869033 852.108556869033 199.0438897990301 299.0438897990301
4590 686.99695 356.60443 758.3756166338345 858.3756166338345 204.8452294582745 304.8452294582745
4608 705.1809 360.13034 764.7034286327194 864.7034286327194 211.30441374529323 311.30441374529323
4624 721.5345 357.32294 770.0496124154753 870.0496124154753 217.30636805391646 317.30636805391646
4641 721.5345 357.32294 775.4302705632856 875.4302705632856 223.93811728273374 323.93811728273374
4658 737.25024 362.27872 780.4903217770493 880.4903217770493 230.81761302381858 330.8176130238186
4675 737.25024 362.27872 785.2183760095571 885.2183760095571 237.9293697063817 337.9293697063817
4692 754.3631 364.6217 789.6037905304013 889.6037905304013 245.25737894613326 345.25737894613326
4710 754.3631 364.6217 793.8627475670244 893.8627475670244 253.233816202647 353.233816202647
4726 760.32355 368.2405 797.3080081024611 897.3080081024611 260.4957247950736 360.4957247950736
4744 760.32355 368.2405 800.7919917624882 900.7919917624882 268.8398319494411 368.8398319494411
4760 769.8977 377.4326 803.5336455346032 903.5336455346032 276.3955232583588 376.3955232583588
4777 780.2201 394.42987 806.0739549944915 906.0739549944915 284.5489524624127 384.5489524624127
4795 780.2201 394.42987 808.3389522412413 908.3389522412413 293.3029260641045 393.3029260641045
4811 780.2201 394.42987 809.980977411876 909.980977411876 301.17114631399613 401.17114631399613
4829 787.2232 406.62875 811.4062971637562 911.4062971637562 310.1003528829921 410.1003528829921
4845 787.2232 406.62875 812.2953777692248 912.2953777692248 318.08876150040663 418.08876150040663
4862 796.5814 418.47015 812.84827042036 912.84827042036 326.6108439720703 426.6108439720703
4880 796.5814 418.47015 812.9924195110625 912.9924195110625 335.6519438712278 435.6519438712278
4897 804.084 429.70697 812.7114868280897 912.7114868280897 344.18732065055974 444.18732065055974
4913 804.084 429.70697 812.0775238609478 912.0775238609478 352.200012303063 452.200012303063
4930 814.1103 440.21585 811.0127280160616 911.0127280160616 360.6733699460652 460.6733699460652
4947 814.1103 440.21585 809.5472300260149 909.5472300260149 369.0866865084376 469.0866865084376
4965 818.65924 451.9612 807.5624555236557 907.5624555236557 377.90841743392417 477.90841743392417
4981 826.22034 463.2599 805.4282173508461 905.4282173508461 385.65762152102405 485.65762152102405
4998 826.22034 463.2599 802.7839744590015 902.7839744590015 393.77793921594457 493.77793921594457
5015 831.0005 476.08514 799.7575521379785 899.7575521379785 401.7636982827043 501.7636982827043
5032 831.0005 476.08514 796.3557627878217 896.3557627878217 409.59692297976756 509.59692297976756
5049 836.9634 487.20312 792.5862637502574 892.5862637502574 417.25998091660404 517.259980916604
5066 836.9634 487.20312 788.4575400722103 888.4575400722103 424.73562274375536 524.7356227437554
5083 836.9634 487.20312 783.9788854061801 883.9788854061801 432.00702098068035 532.0070209806804
5100 841.8574 499.4523 779.1603810904619 879.1603810904619 439.057807893992 539.057807893992
5117 841.8574 499.4523 774.0128734563121 874.0128734563121 445.8721123408068 545.8721123408068
5134 840.13635 516.6042 768.5479494131282 868.5479494131282 452.4345954942897 552.4345954942896
5152 839.3301 530.3786 762.4292686708334 862.4292686708334 459.0922236245453 559.0922236245453
5168 839.3301 530.3786 756.7157445286122 856.7157445286122 464.7456100820642 564.7456100820642
5185 840.1949 540.9578 750.3750976809954 850.3750976809954 470.46642973411736 570.4664297341174
5203 840.1949 540.9578 743.3738084758055 843.3738084758055 476.1886859160961 576.1886859160961
5219 837.5824 554.9504 736.9160462255444 836.9160462255444 480.9743356401059 580.9743356401059
5236 837.5824 554.9504 729.8279376018812 829.8279376018812 485.73776886380733 585.7377688638073
5254 832.3451 567.40344 722.0856646883476 822.0856646883476 490.40890111191015 590.4089011119102
5271 832.3451 567.40344 714.5667557803298 814.5667557803298 494.45829474187997 594.45829474188
5288 829.26514 585.4175 706.864242169551 806.864242169551 498.14650081167713 598.1465008116771
5304 829.26514 585.4175 699.4626183788416 799.4626183788416 501.28036453280606 601.2803645328061
5321 829.26514 585.4175 691.4535261011198 791.4535261011198 504.2444868016163 604.2444868016163
5339 824.5439 595.7665 682.8302861911227 782.8302861911227 506.96514844936485 606.9651484493648
5355 813.7922 606.4696 675.0589337638094 775.0589337638094 509.01727369220305 609.017273692203
5372 813.7922 606.4696 666.710337516615 766.710337516615 510.8151948914908 610.8151948914908
5389 805.52875 615.21106 658.2858601528986 758.2858601528986 512.2151095623715 612.2151095623715
5406 805.52875 615.21106 649.8044649579773 749.8044649579773 513.2138665323532 613.2138665323532
5423 781.6863 615.6704 641.2852433377668 741.2852433377668 513.8092176247758 613.8092176247758
5441 781.6863 615.6704 632.2449739756478 732.2449739756478 513.9984164810973 613.9984164810973
5457 758.6617 620.8504 624.2100690108309 724.2100690108309 513.7852527689789 613.7852527689789
5474 758.6617 620.8504 615.692552089333 715.692552089333 513.1659907650433 613.1659907650433
5491 739.36475 626.2399 607.2139937950213 707.2139937950213 512.1434306506889 612.1434306506889
5508 739.36475 626.2399 598.7934791480179 698.7934791480179 510.71987418285164 610.7198741828516
5525 718.8468 627.68713 590.4499625136663 690.4499625136663 508.8985257511097 608.8985257511097
5543 718.8468 627.68713 581.7204446332313 681.7204446332313 506.5410304866251 606.5410304866251
5559 701.34393 636.96484 574.0688318657412 674.0688318657412 504.079738423869 604.079738423869
5576 701.34393 636.96484 566.0680913626405 666.0680913626405 501.0931464966776 601.0931464966776
5594 685.3866 644.77344 557.7613149437265 657.7613149437265 497.5210698075416 597.5210698075416
5610 685.3866 644.77344 550.5362667811617 650.5362667811617 493.99916469660786 593.9991646966079
5628 669.3093 650.6935 542.6053395844086 642.6053395844086 489.65604828708047 589.6560482870805
5644 669.3093 650.6935 535.7465194703461 635.7465194703461 485.4653773139863 585.4653773139863
5661 655.19086 653.9995 528.6718096170268 628.6718096170268 480.6820667001052 580.6820667001052
5679 655.19086 653.9995 521.4372397764029 621.4372397764029 475.25774503117407 575.2577450311741
5695 641.46497 658.3057 515.2423066318847 615.2423066318847 470.13642294632587 570.1364229463259
5712 641.46497 658.3057 508.91774297137306 608.9177429713731 464.3978277836013 564.3978277836013
5730 629.8081 660.4453 502.52587413130334 602.5258741313033 458.00202610763864 558.0020261076386
5746 614.50665 660.4529 497.1201414322254 597.1201414322254 452.0536489719888 552.0536489719889
5763 614.50665 660.4529 491.67365965604995 591.67365965605 445.47585175716756 545.4758517571676
5780 604.6108 660.743 486.5452998949387 586.5452998949387 438.6471252215585 538.6471252215586
5797 604.6108 660.743 481.74660595691194 581.7466059569119 431.58284065575424 531.5828406557542
5814 604.6108 660.743 477.2883795805666 577.2883795805666 424.29889958551144 524.2988995855114
5831 591.15985 660.7856 473.18065612063515 573.1806561206351 416.8116979778178 516.8116979778179
5848 591.15985 660.7856 469.43268195865755 569.4326819586576 409.1380893339877 509.1380893339877
5865 580.87256 657.19324 466.05289368960894 566.0528936896089 401.295346752855 501.295346752855
5882 580.87256 657.19324 463.04889913133843 563.0488991313384 393.30112404946493 493.30112404946493
5899 569.30524 656.48987 460.427460199564 560.4274601995639 385.1734160167848 485.1734160167848
5916 569.30524 656.48987 458.1944776869708 558.1944776869708 376.9305179198789 476.9305179198789
5933 559.5555 653.39435 456.35497798067684 556.3549779806768 368.59098431373195 468.59098431373195
5951 554.55774 653.2452 454.8407421273871 554.8407421273871 359.67642565233353 459.67642565233353
5967 554.55774 653.2452 453.8720946157316 553.8720946157316 351.69727415859836 451.69727415859836
5984 549.1886 649.1586 453.23429986469176 553.2342998646918 343.18112492358273 443.18112492358273
6001 549.1886 649.1586 453.0036526131048 553.0036526131048 335.1467028281774 435.1467028281774
