299.0 683.0 0.0 384.0
1 762.448 462.75415
17 762.448 462.75415
34 759.38617 450.76288
51 759.38617 450.76288
68 756.5705 441.60733
85 756.5705 441.60733
102 748.4393 429.9857
119 748.4393 429.9857
136 738.46075 423.0624
153 738.46075 423.0624
170 732.3595 417.5579
187 725.43726 410.70532
205 725.43726 410.70532
221 719.6793 407.10544
238 719.6793 407.10544
255 719.6793 407.10544
272 716.02264 402.7093
290 716.02264 402.7093
306 711.4744 399.36087
324 711.4744 399.36087
341 706.0903 394.2272
357 706.0903 394.2272
374 671.9129 361.98306
391 642.51355 330.71875
408 642.51355 330.71875
425 617.031 310.5092
442 617.031 310.5092
459 573.36584 277.30774
476 573.36584 277.30774
493 573.36584 277.30774
510 539.53577 251.36377
527 539.53577 251.36377
544 510.6599 230.29106
561 489.2785 210.99304
578 489.2785 210.99304
595 472.60333 201.0202
612 472.60333 201.0202
630 459.49078 192.24791
647 459.49078 192.24791
663 449.12982 181.28583
680 449.12982 181.28583
697 441.11145 173.63033
714 441.11145 173.63033
731 430.2011 167.70718
749 430.2011 167.70718
765 427.00854 162.86708
782 427.00854 162.86708
799 425.9557 150.56859
817 425.9557 150.56859
833 420.32745 141.84154
850 420.32745 141.84154
867 417.8587 134.08739
884 417.8587 134.08739
901 411.3764 129.4184
918 411.3764 129.4184
936 408.6101 125.77596
952 408.4801 125.46169
970 408.4801 125.46169
987 408.4801 125.46169
1003 407.43195 127.405334
1021 407.43195 127.405334
1037 406.70462 132.62044
1054 406.70462 132.62044
1071 406.02264 126.86953
1088 406.02264 126.86953
1106 404.06485 131.25609
1122 404.06485 131.25609
1139 399.68408 130.26707
1156 399.71033 129.0214
1173 399.71033 129.0214
1190 399.13647 126.678055
1207 399.13647 126.678055
1224 397.33575 130.29193
1242 397.33575 130.29193
1258 397.33575 130.29193
1276 394.78473 129.0366
1292 394.78473 129.0366
1309 397.3736 129.28178
1327 398.22037 129.75963
1343 398.22037 129.75963
1361 399.69244 124.4317
1377 399.69244 124.4317
1395 402.71634 119.21382
1411 402.71634 119.21382
1429 401.2693 116.27192
1445 401.2693 116.27192
1463 398.67258 111.33094
1479 398.67258 111.33094
1496 398.67258 111.33094
1514 403.3824 108.77557
1530 403.3824 108.77557
1548 405.7391 108.98786
1564 409.3344 109.7215
1581 409.3344 109.7215
1598 412.92523 109.18452
1616 412.92523 109.18452
1632 415.19986 109.29196
1649 415.19986 109.29196
1667 419.30746 111.09033
1684 419.30746 111.09033
1700 419.48654 107.89697
1718 419.48654 107.89697
1735 447.37543 112.28856
1751 447.37543 112.28856
1769 543.31946 117.78275
1786 543.31946 117.78275
1802 620.986 131.38666
1819 620.986 131.38666
1836 681.006 131.59692
1853 681.006 131.59692
1870 729.4099 128.3253
1887 729.4099 128.3253
1904 765.0666 132.10342
1922 798.15686 131.7214
1938 798.15686 131.7214
1956 819.5591 128.31427
1973 819.5591 128.31427
1989 840.59 130.71924
2006 840.59 130.71924
2023 840.59 130.71924
2041 850.89825 131.67851
2057 850.89825 131.67851
2075 861.88666 130.71497
2091 861.88666 130.71497
2108 874.5951 128.72832
2125 883.06146 120.15146
2142 883.06146 120.15146
2160 892.054 121.03235
2176 892.054 121.03235
2193 897.5519 122.80004
2210 897.5519 122.80004
2227 901.97565 123.50375
2244 901.97565 123.50375
2261 901.97565 123.50375
2279 909.2647 123.17
2295 912.2234 124.54593
2312 912.2234 124.54593
2330 916.1788 127.48248
2346 916.1788 127.48248
2363 915.94086 123.58115
2381 915.94086 123.58115
2397 919.95953 124.839165
2414 919.95953 124.839165
2431 924.98004 124.66875
2448 924.98004 124.66875
2465 927.0331 122.82472
2482 927.0331 122.82472
2499 925.59344 123.30596
2516 925.59344 123.30596
2533 929.27734 123.68355
2550 929.27734 123.68355
2568 931.42395 120.09828
2584 931.42395 120.09828
2601 932.3258 124.46905
2619 932.3258 124.46905
2635 929.85315 121.82906
2653 929.85315 121.82906
2670 931.47076 122.63617
2686 931.47076 122.63617
2704 933.0371 125.212585
2720 930.14435 124.96821
2737 930.14435 124.96821
2754 930.14435 124.96821
2771 926.50604 127.63227
2788 926.50604 127.63227
2805 926.8983 128.44698
2822 926.8983 128.44698
2839 925.7924 125.402664
2856 925.7924 125.402664
2874 924.4045 126.62812
2890 925.8473 124.59154
2907 925.8473 124.59154
2924 925.6457 127.9081
2941 925.6457 127.9081
2958 923.305 124.504616
2976 923.305 124.504616
2993 923.63824 127.11403
3009 923.63824 127.11403
3027 923.63824 127.11403
3043 924.1306 125.16373
3060 924.1306 125.16373
3077 918.3955 126.6415
3095 918.5215 125.93904
3111 918.5215 125.93904
3128 923.41016 124.6157
3146 923.41016 124.6157
3162 924.9953 129.7339
3179 924.9953 129.7339
3196 926.3767 131.00688
3213 926.3767 131.00688
3230 924.90906 130.05148
3248 924.90906 130.05148
3264 925.1277 126.315475
3281 925.1277 126.315475
3299 927.375 130.52888
3315 927.375 130.52888
3333 928.90643 128.47939
3349 928.90643 128.47939
3366 928.5704 125.819046
3383 928.5704 125.819046
3401 930.521 126.89712
3417 930.521 126.89712
3434 931.3572 125.331474
3451 931.3572 125.331474
3468 934.6142 123.58971
3485 934.1357 120.47508
3502 934.1357 120.47508
3519 934.1357 120.47508
3536 931.21436 122.29529
3553 931.21436 122.29529
3570 929.004 122.00723
3587 929.004 122.00723
3604 931.8427 128.83936
3621 931.8427 128.83936
3638 931.2118 128.82794
3655 931.93896 125.77556
3673 931.93896 125.77556
3689 930.26733 124.811844
3706 930.26733 124.811844
3723 929.9104 127.86002
3740 929.9104 127.86002
3757 929.77527 126.09838
3774 929.77527 126.09838
3791 929.77527 126.09838
3808 926.304 126.33179
3825 926.304 126.33179
3842 927.5789 127.43837
3860 928.42114 127.15348
3876 928.42114 127.15348
3893 927.6805 124.218346
3910 927.6805 124.218346
3927 927.81134 124.85448
3944 927.81134 124.85448
3961 924.16797 126.488785
3979 924.16797 126.488785
3995 924.1118 123.685036
