683.0 1067.0 384.0 768.0
1 680.2804 363.8794
17 683.6452 366.98975
34 679.46967 365.7834
52 679.46967 365.7834
68 679.46967 365.7834
85 681.24664 362.59628
102 681.24664 362.59628
119 682.8417 359.98325
136 682.8417 359.98325
153 682.7379 357.71655
170 682.7379 357.71655
187 683.60583 360.21515
204 681.7926 359.87073
221 681.7926 359.87073
238 683.58563 358.0467
255 683.58563 358.0467
272 683.58563 358.0467
289 683.05615 357.39954
307 683.05615 357.39954
323 684.06433 357.23364
340 684.06433 357.23364
357 679.12976 337.893
374 679.12976 337.893
391 675.0854 317.25894
408 675.0854 317.25894
425 669.96783 302.76068
442 661.69946 289.52753
459 661.69946 289.52753
476 658.136 281.3855
493 658.136 281.3855
510 689.0991 323.37863
527 689.0991 323.37863
544 689.0991 323.37863
561 720.5525 378.9972
578 720.5525 378.9972
595 743.5294 423.3215
612 759.0949 454.86053
629 759.0949 454.86053
647 775.3398 482.5277
664 775.3398 482.5277
680 789.2047 499.71704
697 789.2047 499.71704
714 792.9017 517.62445
731 792.9017 517.62445
748 800.27954 531.1538
765 800.27954 531.1538
782 805.53 540.8988
799 805.53 540.8988
816 808.3226 555.55536
833 808.3226 555.55536
850 811.67224 559.34515
867 811.67224 559.34515
885 812.4534 566.5647
901 812.4534 566.5647
918 814.5913 573.60736
935 814.5913 573.60736
952 817.6911 577.49695
969 817.6911 577.49695
986 820.5527 580.13654
1003 822.5378 583.06165
1020 822.5378 583.06165
1037 822.5378 583.06165
1054 825.7664 584.1822
1071 825.7664 584.1822
1088 821.8542 583.7177
1106 821.8542 583.7177
1122 823.4404 578.4027
1139 823.4404 578.4027
1156 812.50116 566.8987
1174 802.72003 555.2899
1190 802.72003 555.2899
1207 793.7548 542.47504
1224 793.7548 542.47504
1241 771.20276 530.99316
1258 771.20276 530.99316
1275 722.8268 509.7616
1292 722.8268 509.7616
1309 722.8268 509.7616
1326 686.4412 490.09543
1343 686.4412 490.09543
1360 643.58777 461.39386
1377 620.1363 393.36472
1394 620.1363 393.36472
1411 598.51154 334.92877
1428 598.51154 334.92877
1445 578.3999 291.4366
1462 578.3999 291.4366
1480 562.5106 255.9247
1496 562.5106 255.9247
1513 556.16815 227.10904
1530 556.16815 227.10904
1547 549.5194 200.9145
1564 549.5194 200.9145
1581 544.68677 184.85583
1598 544.68677 184.85583
1615 538.0642 169.52113
1632 538.0642 169.52113
1649 533.73096 154.15761
1666 533.73096 154.15761
1683 532.4478 144.35745
1700 532.4478 144.35745
1717 529.49945 137.4575
1734 529.49945 137.4575
1751 527.23267 131.8437
1768 523.93097 125.415985
1785 523.93097 125.415985
1802 523.93097 125.415985
1819 521.7209 122.79793
1836 521.7209 122.79793
1853 517.72034 122.61264
1871 517.72034 122.61264
1887 509.64215 119.42495
1904 509.64215 119.42495
1921 500.65573 117.81361
1938 500.65573 117.81361
1955 495.0092 115.79433
1972 488.43338 114.17096
1989 488.43338 114.17096
2006 486.43762 114.03395
2023 486.43762 114.03395
2040 485.62988 114.54921
2057 485.62988 114.54921
2074 485.62988 114.54921
2091 485.90546 110.69027
2108 485.90546 110.69027
2125 483.28116 113.988655
2142 485.1408 112.406906
2159 485.1408 112.406906
2176 486.1772 110.00443
2193 486.1772 110.00443
2211 486.67627 108.87327
2227 486.67627 108.87327
2244 484.59375 103.32232
2261 484.59375 103.32232
2278 485.52002 104.60218
2295 485.52002 104.60218
2312 485.52002 104.60218
2329 486.4594 104.42669
2346 488.10544 107.90055
2363 488.10544 107.90055
2380 484.78217 108.08744
2397 484.78217 108.08744
2414 484.6392 108.38788
2431 484.6392 108.38788
2448 478.4355 105.91802
2466 478.4355 105.91802
2482 474.00806 102.98636
2499 474.00806 102.98636
2516 469.78345 103.47139
2533 462.14822 102.79948
2550 462.14822 102.79948
2567 462.14822 102.79948
2584 460.92383 105.25119
2601 460.92383 105.25119
2618 461.4645 102.25401
2635 461.4645 102.25401
2652 458.44565 99.85037
2670 458.44565 99.85037
2686 459.1367 101.408226
2703 459.1367 101.408226
2720 454.06473 102.282776
2737 453.3921 99.780106
2754 453.3921 99.780106
2771 452.14606 101.31541
2788 452.14606 101.31541
2805 452.03253 101.16931
2822 452.03253 101.16931
2839 452.03253 101.16931
2856 453.44238 100.32515
2873 453.44238 100.32515
2890 452.814 98.2413
2907 457.4836 96.38336
2925 457.4836 96.38336
2941 460.00708 97.70069
2958 460.00708 97.70069
2975 455.71625 99.355995
2992 455.71625 99.355995
3009 455.93036 98.57194
3026 455.93036 98.57194
3043 460.32584 99.74265
3060 460.32584 99.74265
3077 460.32584 99.74265
3094 460.86917 101.275345
3111 465.50024 103.8059
3128 465.50024 103.8059
3145 467.9985 103.966324
3162 467.9985 103.966324
3179 470.38214 101.07866
3196 470.38214 101.07866
3213 475.94586 100.78449
3230 475.94586 100.78449
3248 474.35944 99.8641
3264 474.35944 99.8641
3281 477.46387 99.082985
3298 477.46387 99.082985
3315 482.39175 101.52425
3332 482.39175 101.52425
3349 483.93765 103.91644
3366 483.93765 103.91644
3383 483.95834 105.154495
3400 483.95834 105.154495
3417 478.9699 104.50418
3434 478.9699 104.50418
3451 479.18875 102.99975
3468 479.18875 102.99975
3486 480.82755 103.63252
3502 482.6925 105.37904
3519 482.6925 105.37904
3536 483.69885 104.30678
3553 483.69885 104.30678
3570 483.69885 104.30678
3587 481.15692 105.53113
3604 481.15692 105.53113
3621 481.67798 105.56136
3638 481.67798 105.56136
3655 481.02536 106.270065
3672 481.02536 106.270065
3689 485.05557 105.40837
3706 486.34497 105.21852
3723 486.34497 105.21852
3740 488.77762 105.5693
3757 488.77762 105.5693
3775 486.29382 105.905876
3791 486.29382 105.905876
3808 487.56146 106.40928
3825 487.56146 106.40928
3842 487.56146 106.40928
3859 486.32977 106.75773
3876 486.5409 105.583
3893 486.5409 105.583
3910 488.26492 105.07012
3927 488.26492 105.07012
3944 490.23608 102.47208
3961 490.23608 102.47208
3978 491.78766 105.1145
3995 491.78766 105.1145
