683.0 1067.0 0.0 384.0
1 425.8753 304.86078
17 473.1389 345.23404
34 473.1389 345.23404
51 528.7705 364.2235
69 528.7705 364.2235
85 569.68835 366.69504
102 569.68835 366.69504
119 603.69257 377.89496
136 628.59753 377.92053
153 628.59753 377.92053
171 646.98157 386.61096
187 646.98157 386.61096
204 646.98157 386.61096
221 660.8302 392.82144
239 660.8302 392.82144
257 673.8347 398.22495
272 673.8347 398.22495
290 687.8634 404.10022
306 687.8634 404.10022
323 737.0245 398.36484
340 774.8054 398.26236
357 774.8054 398.26236
374 803.5085 397.60477
391 803.5085 397.60477
408 832.37036 401.25528
426 832.37036 401.25528
442 849.6913 404.46692
459 849.6913 404.46692
476 864.77795 410.53668
494 864.77795 410.53668
510 877.46655 393.88928
537 877.46655 393.88928
544 869.6123 417.8178
561 869.6123 417.8178
578 877.0966 395.15924
596 877.0966 395.15924
612 885.8324 377.19272
630 885.8324 377.19272
646 893.66925 361.252
663 893.66925 361.252
680 900.8624 350.6538
698 910.3594 341.69174
714 910.3594 341.69174
731 910.3594 341.69174
748 909.97754 336.0583
765 909.97754 336.0583
782 908.15204 332.28168
800 908.15204 332.28168
816 906.87897 332.64966
833 906.87897 332.64966
851 909.02136 329.4178
867 909.02136 329.4178
884 907.2624 329.7683
901 901.6478 321.7157
919 901.6478 321.7157
935 898.7887 314.2837
952 898.7887 314.2837
969 895.4693 306.3302
986 895.4693 306.3302
1004 895.4693 306.3302
1020 891.5124 300.5169
1037 891.5124 300.5169
1055 889.37305 295.51544
1071 889.37305 295.51544
1088 887.5872 287.9596
1105 886.62146 285.4196
1122 886.62146 285.4196
1139 884.53394 280.91534
1156 884.53394 280.91534
1173 884.3463 276.14447
1191 884.3463 276.14447
1208 824.142 279.99094
1224 824.142 279.99094
1241 767.80444 283.65085
1258 767.80444 283.65085
1275 718.20154 281.69202
1292 718.20154 281.69202
1309 682.12634 284.17645
1326 682.12634 284.17645
1343 653.6862 281.591
1360 653.6862 281.591
1377 630.2212 284.3194
1394 630.2212 284.3194
1411 610.28735 277.92142
1428 610.28735 277.92142
1446 593.3841 278.31494
1463 595.0825 273.93658
1479 595.0825 273.93658
1497 598.3765 270.21494
1513 598.3765 270.21494
1531 598.3765 270.21494
1548 600.4932 264.4158
1564 600.4932 264.4158
1581 606.68066 266.43652
1599 606.68066 266.43652
1615 613.01624 263.70825
1632 613.01624 263.70825
1649 618.9102 260.8356
1667 612.907 254.06093
1683 612.907 254.06093
1700 610.2758 249.47621
1718 610.2758 249.47621
1734 607.49994 244.78108
1751 607.49994 244.78108
1768 607.49994 244.78108
1786 606.7821 238.51918
1803 606.7821 238.51918
1819 607.06494 233.73242
1837 604.0045 226.36763
1854 604.0045 226.36763
1870 593.52783 242.07033
1887 593.52783 242.07033
1904 582.35046 253.45541
1921 582.35046 253.45541
1938 573.9637 259.5454
1955 573.9637 259.5454
1972 569.84467 269.4461
1989 569.84467 269.4461
2007 569.84467 269.4461
2023 564.8172 273.9725
2040 564.8172 273.9725
2057 562.3826 279.9791
2074 557.35034 279.79028
2091 557.35034 279.79028
2108 556.5055 283.99002
2125 556.5055 283.99002
2142 555.31586 288.5029
2159 555.31586 288.5029
2176 572.51746 284.95645
2193 572.51746 284.95645
2210 644.2221 267.85693
2228 644.2221 267.85693
2244 697.5981 259.7616
2261 697.5981 259.7616
2278 744.1698 251.54556
2296 744.1698 251.54556
2312 781.2486 243.21733
2329 781.2486 243.21733
2347 812.16846 236.9089
2363 812.16846 236.9089
2380 833.518 235.45103
2398 833.518 235.45103
2414 853.2015 235.29382
2431 869.25085 236.46825
2448 869.25085 236.46825
2465 869.6915 280.32565
2482 869.6915 280.32565
2500 869.6915 280.32565
2516 695.75323 224.26053
2533 695.75323 224.26053
2550 556.6026 179.40843
2567 556.6026 179.40843
2584 445.28207 143.52675
2601 445.28207 143.52675
2618 356.22568 114.8214
2636 284.98056 91.857124
2652 284.98056 91.857124
2669 227.98445 73.4857
2686 227.98445 73.4857
2703 227.98445 73.4857
2720 373.36633 87.15132
2738 373.36633 87.15132
2754 484.95294 99.26036
2771 484.95294 99.26036
2788 574.76324 109.88911
2805 574.76324 109.88911
2822 648.27814 123.91717
2839 734.98456 174.2333
2856 734.98456 174.2333
2874 799.4109 220.39919
2890 799.4109 220.39919
2907 853.64764 257.71246
2925 853.64764 257.71246
2941 894.89795 285.35696
2958 894.89795 285.35696
2975 930.24835 310.47845
2992 930.24835 310.47845
3009 930.24835 310.47845
3026 958.54407 332.1266
3043 982.17303 344.64276
3060 982.17303 344.64276
3077 997.47473 360.65704
3095 997.47473 360.65704
3111 1013.7277 364.0819
3128 1013.7277 364.0819
3145 1023.83813 369.16785
3162 1023.83813 369.16785
3180 1035.255 366.6567
3196 1035.255 366.6567
3213 1044.4674 364.7439
3231 1048.9817 365.50964
3248 1048.9817 365.50964
3264 1048.9817 365.50964
3281 1055.2109 366.44745
3298 1055.2109 366.44745
3315 1059.1316 369.19684
3332 1059.1316 369.19684
3349 1063.8606 368.23108
3366 1063.8606 368.23108
3383 1065.9159 364.53787
3400 1068.8276 364.66013
3417 1068.8276 364.66013
3434 1010.6061 400.5719
3451 1010.6061 400.5719
3469 947.79834 435.41943
3486 947.79834 435.41943
3502 947.79834 435.41943
3519 894.33496 461.704
3536 894.33496 461.704
3553 851.0024 483.7203
3570 851.0024 483.7203
3587 813.0622 504.57983
3605 783.8153 518.60486
3621 783.8153 518.60486
3638 759.91864 528.2536
3655 759.91864 528.2536
3672 740.412 536.33105
3689 740.412 536.33105
3706 725.5426 562.3841
3723 725.5426 562.3841
3741 726.1972 649.0562
3757 726.1972 649.0562
3774 726.1972 649.0562
3791 733.84155 714.7771
3808 731.65857 766.8801
3825 731.65857 766.8801
3842 732.8158 811.6269
3860 732.8158 811.6269
3876 743.4302 847.53076
3893 743.4302 847.53076
3910 747.0703 870.45825
3928 747.0703 870.45825
3945 742.4286 863.6724
3961 742.4286 863.6724
3978 740.85913 850.7269
3996 740.85913 850.7269
4012 735.03656 843.22363
