299.0 683.0 0.0 384.0
0 695.0016 420.85776
17 729.7363 382.80206
34 729.7363 382.80206
51 754.01215 347.49634
68 773.84204 316.62057
85 773.84204 316.62057
102 787.44415 289.51205
119 787.44415 289.51205
136 787.44415 289.51205
153 800.2341 269.85834
170 800.2341 269.85834
188 811.59283 249.78568
204 811.59283 249.78568
221 796.37384 261.9344
239 796.37384 261.9344
255 781.24023 272.22073
273 768.2832 275.4421
289 768.2832 275.4421
306 758.4437 280.54755
323 758.4437 280.54755
340 752.5483 283.6449
357 752.5483 283.6449
375 752.5483 283.6449
391 723.4995 273.92645
408 723.4995 273.92645
425 702.5353 262.57162
443 680.9084 250.87791
459 680.9084 250.87791
477 667.5885 242.26324
493 667.5885 242.26324
510 657.00037 235.01306
527 657.00037 235.01306
550 636.894 238.21796
561 636.894 238.21796
579 607.5068 249.45587
595 607.5068 249.45587
613 607.5068 249.45587
629 582.21454 258.06918
646 582.21454 258.06918
663 561.0307 265.4355
680 545.771 269.31146
698 545.771 269.31146
714 533.3562 273.67896
731 533.3562 273.67896
748 523.125 282.61414
765 523.125 282.61414
782 512.9017 283.4137
800 512.9017 283.4137
817 505.82318 285.2692
833 501.4271 285.45175
850 501.4271 285.45175
867 501.4271 285.45175
884 496.77786 285.90094
901 496.77786 285.90094
919 491.83768 285.02924
935 491.83768 285.02924
953 484.73547 282.50067
969 484.73547 282.50067
987 486.50842 288.64975
1003 486.50842 288.64975
1020 488.19562 289.48343
1037 485.4516 288.85617
1054 485.4516 288.85617
1071 482.47577 288.81873
1088 482.47577 288.81873
1106 480.34888 294.07864
1122 480.34888 294.07864
1139 480.34888 294.07864
1156 482.80576 292.9792
1173 482.80576 292.9792
1190 481.5487 290.65363
1207 481.5487 290.65363
1225 480.1188 293.06302
1241 521.63666 307.39368
1258 521.63666 307.39368
1275 621.32684 358.2848
1292 621.32684 358.2848
1309 696.8226 405.68552
1327 696.8226 405.68552
1344 757.3443 446.0396
1360 757.3443 446.0396
1377 757.3443 446.0396
1394 808.85175 475.28958
1412 849.33154 500.25833
1428 849.33154 500.25833
1445 886.90656 515.7391
1462 886.90656 515.7391
1479 912.31 543.3069
1497 912.31 543.3069
1513 932.10016 562.5958
1531 932.10016 562.5958
1547 944.93994 582.19653
1564 944.93994 582.19653
1581 953.35925 597.9852
1598 953.35925 597.9852
1615 964.8727 606.9757
1633 964.8727 606.9757
1649 968.0123 615.97833
1667 968.0123 615.97833
1683 974.9557 624.33484
1701 974.9557 624.33484
1717 981.3662 630.04205
1735 981.3662 630.04205
1751 985.19806 636.9457
1768 985.19806 636.9457
1786 985.8788 642.5327
1802 991.74176 643.7136
1819 991.74176 643.7136
1836 989.7524 649.1267
1853 989.7524 649.1267
1870 989.7524 649.1267
1888 987.30005 655.9597
1904 987.30005 655.9597
1921 990.0098 653.21765
1939 990.0098 653.21765
1956 989.03485 658.39166
1973 989.03485 658.39166
1989 992.61646 660.935
2006 992.61646 660.935
2024 993.50165 661.1399
2040 994.921 662.3892
2057 994.921 662.3892
2075 995.6453 663.34314
2091 995.6453 663.34314
2108 996.9518 661.67145
2125 996.9518 661.67145
2142 996.9518 661.67145
2159 996.4563 663.45886
2176 996.4563 663.45886
2194 992.6809 664.5154
2210 996.20465 664.9877
2228 996.20465 664.9877
2245 996.37085 667.2987
2262 996.37085 667.2987
2278 996.6573 667.0399
2296 996.6573 667.0399
2312 996.8753 668.39984
2330 996.8753 668.39984
2346 997.7355 667.4216
2363 997.7355 667.4216
2380 998.7723 667.25073
2397 998.7723 667.25073
2414 1001.87024 665.5692
2431 1001.87024 665.5692
2449 1003.9528 668.80597
2466 1003.9528 668.80597
2482 1004.44147 666.38666
2499 1004.44147 666.38666
2517 1005.36615 664.0497
2533 1005.36615 664.0497
2551 1002.3843 664.7232
2567 1002.587 664.49805
2585 1002.587 664.49805
2601 1002.7477 664.6642
2618 1002.7477 664.6642
2635 998.65924 663.767
2652 998.65924 663.767
2669 998.65924 663.767
2686 996.5892 667.5549
2704 996.5892 667.5549
2720 997.025 665.04346
2737 997.025 665.04346
2754 999.8542 665.4949
2771 999.0368 663.1842
2788 999.0368 663.1842
2805 999.7376 662.90674
2822 999.7376 662.90674
2839 1000.7163 661.34607
2857 1000.7163 661.34607
2874 992.83704 666.5973
2891 992.83704 666.5973
2907 992.83704 666.5973
2925 991.41064 667.0191
2942 987.2493 665.2876
2959 987.2493 665.2876
2975 987.8795 665.3888
2992 987.8795 665.3888
3009 989.3058 667.3415
3026 989.3058 667.3415
3043 988.1775 667.87177
3060 988.1775 667.87177
3077 985.48206 671.22375
3095 985.48206 671.22375
3111 984.8211 673.67755
3128 984.8211 673.67755
3145 984.8211 673.67755
3162 986.3521 671.2731
3179 985.28595 673.6331
3196 985.28595 673.6331
3213 985.3237 672.9158
3230 985.3237 672.9158
3247 983.9174 672.4297
3265 983.9174 672.4297
3281 984.48676 669.48975
3298 984.48676 669.48975
3316 984.3766 670.15106
3332 984.3766 670.15106
3350 985.3507 668.40356
3366 984.36975 669.0616
3383 984.36975 669.0616
3400 984.8659 670.0746
3417 984.8659 670.0746
3434 984.8659 670.0746
3452 983.7301 672.49066
3468 983.7301 672.49066
3485 984.5612 672.05206
3502 984.5612 672.05206
3520 985.2975 672.93884
3536 983.8865 673.2403
3553 983.8865 673.2403
3571 982.4405 673.82465
3587 982.4405 673.82465
3604 979.81104 676.9289
3621 979.81104 676.9289
3638 980.18555 675.9467
3655 980.18555 675.9467
3673 980.18555 675.9467
3690 980.28815 676.376
3707 980.28815 676.376
3723 981.3706 672.2512
3740 981.3706 672.2512
3758 984.5249 669.39417
3774 981.6303 668.8205
3791 981.6303 668.8205
3808 980.13245 668.60223
3826 980.13245 668.60223
3842 981.57465 668.6865
3859 981.57465 668.6865
3876 979.14685 668.1438
3893 979.14685 668.1438
3910 979.14685 668.1438
3927 979.7487 666.9728
3944 980.0088 665.05676
3961 980.0088 665.05676
3978 978.1231 666.9019
3995 978.1231 666.9019
