0 666.66504 313.60953
17 666.66504 313.60953
34 667.1128 302.50848
51 667.1128 302.50848
68 667.1128 302.50848
85 648.48737 335.1394
102 648.48737 335.1394
120 634.896 349.81854
136 634.896 349.81854
154 629.0397 358.26202
170 629.0397 358.26202
187 622.86115 367.11337
205 622.86115 367.11337
221 622.86115 367.11337
238 617.21985 373.2675
255 617.21985 373.2675
273 619.1572 373.55545
289 618.8796 364.15112
306 618.8796 364.15112
323 612.6985 369.06473
341 612.6985 369.06473
357 616.25433 366.90454
375 616.25433 366.90454
391 617.2082 367.2711
408 617.2082 367.2711
425 617.38245 367.99176
443 617.38245 367.99176
459 617.38245 367.99176
476 620.72577 359.91162
494 610.7231 350.42902
510 610.7231 350.42902
527 598.01294 354.28262
544 598.01294 354.28262
562 587.2593 350.79974
578 587.2593 350.79974
595 571.97284 360.92792
612 571.97284 360.92792
629 573.959 344.8323
647 573.959 344.8323
663 582.1 393.05618
680 465.68 314.44495
697 465.68 314.44495
714 465.68 314.44495
731 372.544 251.55595
748 372.544 251.55595
765 298.03522 201.24477
782 298.03522 201.24477
799 238.42818 160.99582
816 238.42818 160.99582
833 238.42818 160.99582
851 318.4411 233.36612
867 366.2413 253.87534
884 398.27005 282.9641
902 398.27005 282.9641
918 435.50027 295.386
935 435.50027 295.386
952 461.9804 317.95135
969 461.9804 317.95135
986 461.9804 317.95135
1003 474.88437 337.50003
1020 474.88437 337.50003
1037 494.6676 345.8235
1054 509.90228 353.516
1071 509.90228 353.516
1088 521.1263 354.19342
1105 521.1263 354.19342
1122 526.50793 351.49536
1139 526.50793 351.49536
1156 535.3818 361.27335
1173 535.3818 361.27335
1190 538.9441 372.03247
1207 538.9441 372.03247
1224 538.9441 372.03247
1242 537.188 378.08527
1258 539.1312 382.47617
1275 539.1312 382.47617
1292 547.8405 389.21405
1310 547.8405 389.21405
1326 535.5275 390.10443
1344 535.5275 390.10443
1360 540.725 392.04834
1377 540.725 392.04834
1394 542.7013 392.07202
1411 542.7013 392.07202
1429 544.32947 384.12518
1445 544.32947 384.12518
1462 515.2263 377.76105
1479 515.2263 377.76105
1496 460.40433 365.3877
1513 460.40433 365.3877
1530 428.16998 356.9571
1547 428.16998 356.9571
1564 399.65192 353.53787
1581 399.65192 353.53787
1598 378.54282 356.02252
1616 357.13742 349.5414
1632 357.13742 349.5414
1649 343.5661 347.00595
1666 343.5661 347.00595
1684 332.83 340.99435
1700 332.83 340.99435
1717 332.83 340.99435
1734 331.877 348.5534
1751 331.877 348.5534
1768 328.6673 348.166
1785 328.6673 348.166
1802 330.79605 344.00198
1819 338.3625 338.0965
1836 338.3625 338.0965
1854 339.2974 332.80078
1870 339.2974 332.80078
1887 350.62302 327.7411
1904 350.62302 327.7411
1921 355.4003 320.19574
1938 355.4003 320.19574
1955 355.4003 320.19574
1972 362.5377 319.87357
1989 362.5377 319.87357
2007 371.057 325.31262
2023 368.68277 322.8493
2040 368.68277 322.8493
2057 377.19525 323.5997
2074 377.19525 323.5997
2091 385.04562 323.85547
2108 385.04562 323.85547
2125 390.00015 331.92102
2142 390.00015 331.92102
2159 394.62686 329.07187
2177 394.62686 329.07187
2193 410.29642 331.1348
2210 410.29642 331.1348
2227 415.5921 328.83667
2245 415.5921 328.83667
2261 421.90228 333.09122
2278 421.90228 333.09122
2295 426.9465 336.4298
2312 426.9465 336.4298
2329 432.78418 340.99213
2346 432.78418 340.99213
2363 439.8285 349.7474
2381 439.8285 349.7474
2397 450.6698 351.70773
2414 454.49744 351.87772
2431 454.49744 351.87772
2448 463.19162 350.09778
2465 463.19162 350.09778
2482 463.19162 350.09778
2499 465.20276 352.19693
2516 465.20276 352.19693
2533 463.64783 354.02957
2550 463.64783 354.02957
2568 466.80984 352.8355
2584 466.80984 352.8355
2601 467.48505 350.758
2618 474.84225 347.07047
2635 474.84225 347.07047
2652 484.31415 345.13284
2669 484.31415 345.13284
2686 490.5279 349.0806
2703 490.5279 349.0806
2720 490.5279 349.0806
2737 496.64447 351.2186
2755 496.64447 351.2186
2771 499.87027 348.79077
2789 511.367 353.40186
2805 511.367 353.40186
2822 534.46405 385.52704
2839 534.46405 385.52704
2856 560.7883 411.88596
2873 560.7883 411.88596
2890 577.5305 436.2668
2907 577.5305 436.2668
2924 590.7088 449.7547
2942 590.7088 449.7547
2958 601.93915 459.54144
2975 601.93915 459.54144
2992 598.4494 446.22046
3009 598.4494 446.22046
3026 601.6118 418.65536
3043 601.6118 418.65536
3060 595.1357 399.47748
3077 595.1357 399.47748
3094 592.83057 385.94116
3111 592.83057 385.94116
3128 591.57 367.65475
3145 591.57 367.65475
3162 591.7336 351.70624
3179 591.76385 344.8526
3196 591.76385 344.8526
3213 591.76385 344.8526
3230 591.4407 333.4566
3247 591.4407 333.4566
3264 592.4811 329.4719
3282 592.4811 329.4719
3298 589.3557 329.591
3316 589.3557 329.591
3332 592.3849 330.26117
3349 592.3849 330.26117
3366 595.105 328.67273
3383 573.89734 338.6236
3400 573.89734 338.6236
3417 561.0328 342.95163
3434 561.0328 342.95163
3451 548.5945 347.23935
3468 548.5945 347.23935
3485 548.5945 347.23935
3503 480.357 340.98425
3519 480.357 340.98425
3536 480.7957 344.40106
3553 480.7957 344.40106
3570 486.78702 349.38464
3587 493.44156 351.22113
3604 493.44156 351.22113
3621 495.78433 351.90176
3638 495.78433 351.90176
3655 503.65048 355.00647
3672 503.65048 355.00647
3690 504.23944 354.93497
3706 504.23944 354.93497
3723 502.90985 359.251
3740 502.90985 359.251
3757 510.97937 363.56772
3774 510.97937 363.56772
3791 516.58325 364.7029
3808 516.58325 364.7029
3825 521.0114 366.87463
3842 521.0114 366.87463
3859 525.88776 363.5703
3876 525.88776 363.5703
3894 526.4738 362.53323
3910 526.4738 362.53323
3927 528.4182 359.96518
3944 530.55695 358.62463
3961 530.55695 358.62463
3978 530.55695 358.62463
3995 531.67725 357.60712
4012 531.67725 357.60712
4029 540.1359 353.70923
4046 540.1359 353.70923
4064 542.2874 350.40387
4080 542.2874 350.40387
4097 542.2001 351.21594
4114 542.2001 351.21594
4131 546.2033 344.3486
4148 540.45044 345.0672
4165 540.45044 345.0672
4182 540.1553 347.74615
4199 540.1553 347.74615
4216 540.46234 352.74524
4234 540.46234 352.74524
4250 540.46234 352.74524
4268 538.00244 355.02573
4285 538.00244 355.02573
4301 536.66754 348.24304
4318 536.66754 348.24304
4335 541.8089 347.94458
4352 541.6753 352.39447
4369 541.6753 352.39447
4386 544.4211 355.74738
4403 544.4211 355.74738
4420 544.773 360.69922
4437 544.773 360.69922
4455 545.89844 363.03232
4471 545.89844 363.03232
4488 548.5597 367.80255
4505 548.5597 367.80255
4522 551.10016 371.65036
4539 551.10016 371.65036
4556 552.08167 377.07306
4573 552.08167 377.07306
4590 580.9734 372.82724
4607 580.9734 372.82724
4624 604.29236 364.84564
4641 604.29236 364.84564
4658 627.99133 356.38373
4675 627.99133 356.38373
4692 643.8921 355.63702
4709 643.8921 355.63702
4726 655.30975 355.25787
4744 655.30975 355.25787
4760 669.34656 354.04303
4777 669.34656 354.04303
4794 674.20337 359.36932
4811 674.20337 359.36932
4829 681.58264 361.3909
4845 681.58264 361.3909
4862 684.45654 361.2021
4879 684.45654 361.2021
4896 692.1272 357.4933
4913 694.927 353.29147
4930 694.927 353.29147
4947 703.61206 348.69937
4964 703.61206 348.69937
4981 700.8235 342.9435
4998 700.8235 342.9435
5015 700.8235 342.9435
5032 700.663 342.80038
5049 700.663 342.80038
5066 702.65216 343.78604
5083 702.65216 343.78604
5100 710.1819 333.348
5117 713.72235 325.82346
5134 713.72235 325.82346
5151 710.01105 321.01474
5168 710.01105 321.01474
5185 711.3253 310.65112
5203 711.3253 310.65112
5219 706.68384 308.87277
5236 706.68384 308.87277
5254 701.6039 313.0708
5270 701.6039 313.0708
5287 701.6039 313.0708
5304 703.3375 308.48175
5321 700.456 309.18085
5339 700.456 309.18085
5355 696.26855 322.62653
5372 696.26855 322.62653
5390 693.136 326.78192
5406 693.136 326.78192
5423 683.1766 333.7554
5440 683.1766 333.7554
5457 679.7638 332.31244
5474 679.7638 332.31244
5491 681.61975 333.8379
5508 681.61975 333.8379
5525 676.77185 335.65396
5542 676.77185 335.65396
5560 679.23285 335.79706
5576 679.23285 335.79706
5593 675.639 340.03696
5610 675.639 340.03696
5628 678.53345 336.3426
5644 678.53345 336.3426
5661 672.6228 335.96558
5678 669.5936 336.7964
5695 669.5936 336.7964
5712 666.03467 338.0264
5729 666.03467 338.0264
5747 661.52167 341.5323
5763 661.52167 341.5323
5780 661.52167 341.5323
5797 658.0687 345.16272
5815 658.0687 345.16272
5831 599.683 343.68936
5848 599.683 343.68936
5865 606.5904 347.7893
5882 613.9763 341.58145
5899 613.9763 341.58145
5916 627.6101 330.81134
5933 627.6101 330.81134
5950 631.00415 333.429
5967 631.00415 333.429
5984 631.00415 333.429
6002 635.2429 327.57022
6018 635.2429 327.57022
6035 638.3238 328.76657
6052 638.3238 328.76657
6069 640.3336 326.18033
6086 646.8311 322.77695
6103 646.8311 322.77695
6120 651.39954 314.9707
6137 651.39954 314.9707
6154 653.3103 312.24203
6172 653.3103 312.24203
6188 653.2733 307.91837
6206 653.2733 307.91837
6222 655.32544 314.1324
6240 655.32544 314.1324
6256 655.32544 314.1324
6273 656.7625 318.0831
6290 659.6148 320.23975
6307 659.6148 320.23975
6325 663.2729 323.16852
6341 663.2729 323.16852
6358 668.10754 323.31305
6376 668.10754 323.31305
6392 667.2365 326.1417
6409 667.2365 326.1417
6426 675.343 320.49442
6443 677.7156 323.82996
6460 677.7156 323.82996
6478 669.9433 327.36896
6494 669.9433 327.36896
6511 615.10956 323.4613
6529 615.10956 323.4613
6545 615.10956 323.4613
6562 630.72205 324.72504
6579 630.72205 324.72504
6597 645.4808 319.92953
6614 645.4808 319.92953
6630 650.0083 320.43665
6647 656.3165 315.81757
6664 656.3165 315.81757
6681 665.0392 310.90826
6699 665.0392 310.90826
6715 667.18176 302.48032
6732 667.18176 302.48032
6750 671.7648 296.7933
6766 671.7648 296.7933
6783 671.7648 296.7933
6800 683.3529 295.30392
6817 683.3529 295.30392
6835 687.3192 297.34326
6851 694.2536 297.12738
6869 694.2536 297.12738
6885 705.4521 289.7976
6903 705.4521 289.7976
6919 709.9674 283.70142
6936 709.9674 283.70142
6953 711.5092 282.70892
6970 711.5092 282.70892
6987 718.5793 281.34888
7005 718.5793 281.34888
7021 718.4003 272.68744
7038 718.4003 272.68744
7056 721.7634 281.5475
7072 721.7634 281.5475
7089 720.0813 284.91187
7106 720.0813 284.91187
7124 720.725 288.49594
7141 720.725 288.49594
7157 720.06995 291.33838
7174 720.06995 291.33838
7191 717.70593 290.4435
7208 717.70593 290.4435
7226 659.3921 282.13736
7242 665.63965 289.5267
7259 665.63965 289.5267
7276 678.67834 283.75842
7293 678.67834 283.75842
7310 678.67834 283.75842
7327 690.71875 277.3151
7344 690.71875 277.3151
7361 693.67725 275.87625
7379 693.67725 275.87625
7395 698.7567 276.4273
7412 698.7567 276.4273
7429 698.56775 269.6184
7447 704.82245 265.40088
7463 704.82245 265.40088
7480 707.6752 270.4146
7497 707.6752 270.4146
7514 709.4617 272.1217
7531 709.4617 272.1217
7548 709.4617 272.1217
7566 707.6649 268.13467
7582 707.6649 268.13467
7599 708.41876 266.89526
7616 707.60376 258.781
7633 707.60376 258.781
7650 702.3198 254.965
7667 702.3198 254.965
7684 695.3082 251.01366
7701 695.3082 251.01366
7718 686.2519 251.20393
7736 686.2519 251.20393
7752 681.2773 244.04495
7769 681.2773 244.04495
7786 676.613 242.12744
7803 676.613 242.12744
7820 669.84534 237.72473
7837 669.84534 237.72473
7854 667.4407 236.84024
7871 667.4407 236.84024
7888 607.4207 233.0949
7905 607.4207 233.0949
7922 623.91846 232.0525
7939 623.91846 232.0525
7956 623.30475 240.48384
7974 623.30475 240.48384
7990 631.2029 242.11325
8007 631.2029 242.11325
8024 634.22 245.2496
8041 634.22 245.2496
8058 644.01917 238.77885
8075 644.01917 238.77885
8093 648.05536 239.80338
8110 648.05536 239.80338
8126 651.6599 243.7521
8143 651.6599 243.7521
8160 649.5232 245.82063
8177 649.5232 245.82063
8194 658.2993 244.4967
8211 660.48865 235.62521
8228 660.48865 235.62521
8245 663.2248 238.77765
8263 663.2248 238.77765
8280 664.27313 239.48741
8296 664.27313 239.48741
8313 664.27313 239.48741
8330 664.84656 245.41298
8348 664.84656 245.41298
8364 671.059 257.05048
8381 671.059 257.05048
8398 677.5112 254.8874
8415 680.0614 260.52087
8432 680.0614 260.52087
8449 684.6721 263.34317
8466 684.6721 263.34317
8483 626.95807 274.30988
8500 626.95807 274.30988
8517 640.3632 278.771
8535 640.3632 278.771
8551 640.3632 278.771
8568 652.93677 277.08447
8585 657.2783 283.10678
8602 657.2783 283.10678
8619 664.856 283.63098
8636 664.856 283.63098
8653 685.73804 291.0123
8670 685.73804 291.0123
8687 697.9896 283.4234
8704 697.9896 283.4234
8721 704.1217 291.82053
8739 704.1217 291.82053
8755 706.0394 292.8868
8772 706.0394 292.8868
8790 714.07574 293.05524
8806 714.07574 293.05524
8823 711.5519 297.4124
8840 711.5519 297.4124
8857 715.87256 298.22858
8874 715.87256 298.22858
8891 721.80994 302.808
8908 721.80994 302.808
8925 665.2843 300.62036
8942 665.2843 300.62036
8959 678.9004 304.33585
8976 689.0104 301.47366
8993 689.0104 301.47366
9011 697.3041 303.2481
9027 697.3041 303.2481
9044 697.3041 303.2481
9061 704.7753 304.4679
9078 704.7753 304.4679
9095 707.6802 314.3534
9113 707.6802 314.3534
9129 712.2511 314.12918
9146 712.2511 314.12918
9163 712.02405 315.61664
9181 717.2117 317.79315
9197 717.2117 317.79315
9214 717.0522 323.92233
9231 717.0522 323.92233
9249 718.9562 328.9703
9265 718.9562 328.9703
9283 717.3677 328.5929
9299 717.3677 328.5929
9316 712.2351 331.6772
9333 712.2351 331.6772
9350 704.79724 340.93546
9368 704.79724 340.93546
9384 701.27386 343.75793
9402 701.27386 343.75793
9418 700.6277 343.65668
9435 700.6277 343.65668
9453 698.5665 351.3831
9469 698.5665 351.3831
9486 696.2135 356.08432
9503 696.2135 356.08432
9521 699.2241 358.27042
9537 699.2241 358.27042
9554 700.35004 362.22617
9572 700.35004 362.22617
9588 696.9501 358.0858
9606 696.9501 358.0858
9622 699.7207 357.18054
9639 699.7207 357.18054
9656 641.5992 351.67612
9673 641.5992 351.67612
9691 595.47296 347.80392
9707 595.47296 347.80392
9725 617.2925 345.06598
9742 633.55164 345.7235
9758 633.55164 345.7235
9776 585.00574 342.4745
9792 585.00574 342.4745
9809 606.1697 345.60257
9826 606.1697 345.60257
9844 606.1697 345.60257
9860 620.6607 349.2189
9877 620.6607 349.2189
9895 634.01337 342.62973
9911 634.01337 342.62973
9928 641.6583 337.9029
9945 644.37146 338.1161
9962 644.37146 338.1161
9979 646.22485 336.63934
9996 646.22485 336.63934
10013 647.08795 339.3675
10031 647.08795 339.3675
10047 649.4362 339.06674
10064 649.4362 339.06674
10082 649.4362 339.06674
10098 652.7483 334.51364
10115 652.7483 334.51364
10132 652.28674 335.36078
10150 656.0819 334.13342
10166 656.0819 334.13342
10183 661.4198 337.0442
10201 661.4198 337.0442
10217 658.79254 339.29507
10235 658.79254 339.29507
10251 657.5893 339.70496
10268 657.5893 339.70496
10286 658.7435 336.27203
10302 658.7435 336.27203
10319 664.6896 334.49573
10336 664.6896 334.49573
10353 667.9315 333.25894
10371 667.9315 333.25894
10388 673.5497 326.86453
10404 673.5497 326.86453
10421 667.3953 322.59634
10438 667.3953 322.59634
10456 667.43506 323.40933
10472 667.43506 323.40933
10490 670.886 325.83615
10506 651.82025 330.84158
10524 651.82025 330.84158
10540 630.5954 340.89886
10557 630.5954 340.89886
10574 630.5954 340.89886
10591 611.0613 353.63666
10608 611.0613 353.63666
10626 602.64874 353.2731
10643 602.64874 353.2731
10659 594.39484 358.03564
10676 594.39484 358.03564
10693 579.68427 367.19986
10710 508.1001 367.03427
10728 508.1001 367.03427
10744 509.28357 374.88144
10761 509.28357 374.88144
10778 510.2038 376.81454
10795 510.2038 376.81454
10813 453.64108 371.55582
10829 453.64108 371.55582
10846 453.64108 371.55582
10863 451.52417 358.8077
10880 451.52417 358.8077
10897 462.88928 361.29028
10914 472.75916 360.16812
10931 472.75916 360.16812
10948 477.555 368.07477
10966 477.555 368.07477
10982 481.66135 368.46368
10999 481.66135 368.46368
11016 423.7757 363.91882
11033 423.7757 363.91882
11051 439.02774 361.19058
11067 439.02774 361.19058
11084 455.79852 361.2892
11101 455.79852 361.2892
11119 460.07172 364.4698
11135 460.07172 364.4698
11152 466.44052 367.2529
11169 466.44052 367.2529
11187 475.26047 361.0291
11203 475.26047 361.0291
11220 420.18448 357.07715
11238 420.18448 357.07715
11254 434.0279 359.9146
11272 434.0279 359.9146
11288 443.6148 362.19977
11306 454.35138 371.65985
11322 454.35138 371.65985
11340 454.35138 371.65985
11356 463.9512 371.22217
11373 463.9512 371.22217
11391 516.8982 363.73407
11407 516.8982 363.73407
11424 563.02295 346.64804
11441 563.02295 346.64804
11458 597.0086 334.07608
11475 609.8775 328.48672
11493 609.8775 328.48672
11509 637.826 317.81628
11526 637.826 317.81628
11543 600.9892 313.83807
11561 600.9892 313.83807
11577 633.1451 305.076
11594 633.1451 305.076
11611 633.1451 305.076
11629 593.3712 303.28815
11645 593.3712 303.28815
11662 620.25836 307.1252
11679 643.6721 300.6599
11696 643.6721 300.6599
11714 662.2807 298.1077
11730 662.2807 298.1077
11747 680.3058 298.6968
11764 680.3058 298.6968
11781 691.80005 298.39984
11798 691.80005 298.39984
11815 697.53735 302.8214
11832 697.53735 302.8214
11849 697.53735 302.8214
11867 703.85803 300.78348
11883 710.20514 299.84235
11901 710.20514 299.84235
11917 652.46606 300.96863
11934 652.46606 300.96863
11952 663.0995 304.67755
11968 663.0995 304.67755
11985 674.54486 308.39197
12002 674.54486 308.39197
12019 687.9155 305.97095
12036 687.9155 305.97095
12053 696.2057 311.06372
12071 703.72925 304.82385
12091 703.72925 304.82385
12104 703.72925 304.82385
12121 707.59607 297.3913
12138 707.59607 297.3913
12155 715.2053 290.99127
12173 715.2053 290.99127
12189 722.54663 284.0003
12207 722.54663 284.0003
12223 722.823 280.461
12240 722.823 280.461
12258 720.26904 285.94394
12274 726.6716 283.5529
12291 726.6716 283.5529
12309 728.34894 276.51776
12325 728.34894 276.51776
12342 728.34894 276.51776
12359 729.2514 278.5758
12377 729.2514 278.5758
12393 728.2696 277.60956
12410 728.2696 277.60956
12427 727.1965 276.32114
12445 725.3366 280.7232
12461 725.3366 280.7232
12478 718.63434 286.2155
12496 718.63434 286.2155
12512 717.75946 283.0643
12529 717.75946 283.0643
12546 723.6337 281.7336
12563 723.6337 281.7336
12580 724.3189 281.92685
12597 724.3189 281.92685
12614 724.3189 281.92685
12631 716.0168 267.68585
12648 720.4244 267.15222
12665 720.4244 267.15222
12682 725.52563 268.82275
12699 725.52563 268.82275
12716 727.5186 273.28024
12733 727.5186 273.28024
12751 730.60583 272.99164
12767 730.60583 272.99164
12784 730.98413 279.6361
12801 730.98413 279.6361
12818 735.9032 272.6505
12835 713.0297 237.41937
12852 713.0297 237.41937
12869 713.0297 237.41937
12886 699.9153 217.5723
12903 699.9153 217.5723
12921 693.9644 180.7516
12937 693.9644 180.7516
12954 686.45197 164.31146
12971 686.45197 164.31146
12988 682.97845 140.89285
13005 682.97845 140.89285
13022 674.7071 120.911446
13039 674.78235 101.349396
13056 674.78235 101.349396
13073 673.0372 97.07044
13090 673.0372 97.07044
13107 673.0372 97.07044
13125 673.4458 85.78148
13141 673.4458 85.78148
13158 669.6011 82.7162
13175 669.6011 82.7162
13192 674.65204 107.756744
13209 674.65204 107.756744
13226 677.70636 143.10574
13243 680.1638 167.74774
13260 680.1638 167.74774
13277 679.2077 191.82086
13294 679.2077 191.82086
13311 682.1123 208.56078
13328 682.1123 208.56078
13345 682.1123 208.56078
13362 684.98883 226.3732
13379 684.98883 226.3732
13396 691.405 235.82797
13413 689.21545 248.49812
13430 689.21545 248.49812
13447 693.4128 257.28802
13464 693.4128 257.28802
13481 690.65875 271.2998
13499 690.65875 271.2998
13515 631.1137 277.52216
13533 631.1137 277.52216
13549 644.28375 289.39087
13566 644.28375 289.39087
13584 652.78156 295.05072
13600 652.78156 295.05072
13617 660.4995 301.03345
13634 660.4995 301.03345
13651 666.7834 308.19473
13669 666.7834 308.19473
13685 674.03235 318.29608
13702 674.03235 318.29608
13719 678.68066 317.26984
13736 678.68066 317.26984
13753 677.6649 325.1319
13771 677.6649 325.1319
13787 679.08325 327.02728
13804 672.9707 333.76523
13822 672.9707 333.76523
13838 677.8259 337.67386
13855 677.8259 337.67386
13872 621.2352 335.93222
13890 621.2352 335.93222
13906 621.2352 335.93222
13924 627.44543 338.2456
13941 627.44543 338.2456
13957 632.6646 342.14963
13974 632.6646 342.14963
13991 638.5593 343.10953
14008 638.14734 348.27597
14025 638.14734 348.27597
14042 641.43774 347.06857
14059 641.43774 347.06857
14077 642.77 349.03613
14093 642.77 349.03613
14111 648.5052 350.22208
14127 648.5052 350.22208
14144 648.5052 350.22208
14161 654.95575 351.45746
14179 655.25586 354.52252
14195 655.25586 354.52252
14213 601.74835 352.09332
14230 601.74835 352.09332
14246 612.3825 354.7686
14263 612.3825 354.7686
14280 620.4658 356.29422
14297 620.4658 356.29422
14315 626.4875 356.76166
14331 626.4875 356.76166
14348 622.91266 358.47302
14365 622.91266 358.47302
14382 634.85205 362.42133
14399 634.85205 362.42133
14417 634.90155 364.82327
14433 634.90155 364.82327
14451 624.341 358.26813
14705 644.1576 365.89026
14705 644.1576 365.89026
14705 644.1576 365.89026
14705 644.1576 365.89026
14705 644.1576 365.89026
14705 644.1576 365.89026
14705 644.1576 365.89026
14705 644.1576 365.89026
14705 644.1576 365.89026
14705 644.1576 365.89026
14705 644.1576 365.89026
14705 644.1576 365.89026
14705 644.1576 365.89026
14705 644.1576 365.89026
14705 644.1576 365.89026
14723 643.6145 367.22638
14739 643.6145 367.22638
14756 647.30176 365.74527
14773 644.7131 366.2391
14790 644.7131 366.2391
14808 643.2732 370.2769
14824 643.2732 370.2769
14842 589.19006 363.15472
14858 589.19006 363.15472
14875 589.19006 363.15472
14893 600.1168 366.14996
14909 600.1168 366.14996
14926 607.80676 370.28552
14943 607.80676 370.28552
14961 615.54675 369.05997
14978 567.6223 364.64066
14995 567.6223 364.64066
15011 582.2687 369.8816
15028 582.2687 369.8816
15045 593.60187 372.69717
15063 593.60187 372.69717
15079 604.92865 371.27197
15096 604.92865 371.27197
15113 556.63464 366.35928
15130 556.63464 366.35928
15147 573.77936 369.141
15164 573.77936 369.141
15181 589.8325 369.18506
15198 589.8325 369.18506
15215 602.9819 367.33023
15232 602.9819 367.33023
15250 557.1634 365.3674
15266 557.1634 365.3674
15283 572.02313 366.37268
15300 572.02313 366.37268
15317 586.8026 371.6271
15334 586.8026 371.6271
15351 603.15674 375.67944
15368 603.15674 375.67944
15385 614.9811 379.57022
15403 614.9811 379.57022
15419 626.0707 379.50018
15436 626.0707 379.50018
15454 632.7561 379.88577
15470 632.7561 379.88577
15488 638.3926 382.1383
15504 638.3926 382.1383
15522 643.9177 378.02264
15538 645.4689 376.84323
15555 645.4689 376.84323
15572 651.5899 378.94064
15589 651.5899 378.94064
15607 655.6845 383.64743
15623 655.6845 383.64743
15641 655.6845 383.64743
15657 655.0082 386.21716
15674 655.0082 386.21716
15692 654.22174 385.39685
15708 654.22174 385.39685
15725 654.4922 384.9112
15743 671.38025 379.0535
15759 671.38025 379.0535
15776 674.156 374.26974
15793 674.156 374.26974
15810 686.08813 368.10226
15827 686.08813 368.10226
15844 691.2481 364.05896
15861 691.2481 364.05896
15879 699.2263 358.59875
15895 699.2263 358.59875
15913 698.33575 358.7766
15929 698.33575 358.7766
15946 697.624 353.34882
15964 697.624 353.34882
15980 697.39374 352.9694
15998 697.39374 352.9694
16014 639.94934 336.28815
16031 639.94934 336.28815
16048 652.9363 334.07303
16066 652.9363 334.07303
16082 662.2711 332.70703
16099 662.2711 332.70703
16117 669.19244 325.91257
16133 669.19244 325.91257
16150 678.0811 324.8045
16167 678.0811 324.8045
16185 676.1336 327.1338
16201 676.1336 327.1338
16218 680.1936 325.87152
16235 680.1936 325.87152
16252 678.182 330.4805
16269 678.182 330.4805
16287 679.44617 327.91913
16304 679.44617 327.91913
16320 675.1687 329.93542
16337 681.21326 323.96408
16354 681.21326 323.96408
16372 681.21326 323.96408
16389 679.2606 327.66733
16405 679.2606 327.66733
16422 681.8057 325.80908
16439 681.8057 325.80908
16457 686.3342 328.0189
16473 686.3342 328.0189
16490 683.37244 324.48376
16507 691.07874 315.70566
16525 691.07874 315.70566
16541 685.54254 311.91504
16558 685.54254 311.91504
16575 685.66864 309.9957
16592 685.66864 309.9957
16609 689.5529 308.11816
16626 689.5529 308.11816
16643 689.5529 308.11816
16660 693.5509 308.5249
16677 693.5509 308.5249
16694 692.5056 311.6031
16711 630.81036 311.09747
16728 630.81036 311.09747
16745 584.1924 300.69806
16763 584.1924 300.69806
16779 611.39453 306.5803
16796 611.39453 306.5803
16814 625.46063 318.51953
16830 625.46063 318.51953
16847 641.53876 326.77307
16864 641.53876 326.77307
16882 650.097 328.3954
16898 650.097 328.3954
16915 650.8917 333.27173
16932 650.8917 333.27173
16949 663.61847 323.40433
16966 663.61847 323.40433
16983 661.8734 321.43192
17000 661.8734 321.43192
17018 607.35815 320.192
17034 607.35815 320.192
17052 627.7091 317.9823
17068 627.7091 317.9823
17085 652.11884 314.89893
17102 662.11676 322.07758
17119 662.11676 322.07758
17136 670.5052 320.15585
17153 670.5052 320.15585
17170 670.5052 320.15585
17188 676.0755 312.5217
17204 676.0755 312.5217
17221 667.4641 310.39178
17238 667.4641 310.39178
17255 613.7799 299.10236
17272 632.77625 306.8722
17289 632.77625 306.8722
17306 645.48883 299.2111
17323 645.48883 299.2111
17340 657.0073 296.682
17357 657.0073 296.682
17374 661.62146 301.647
17391 661.62146 301.647
17408 661.62146 301.647
17425 664.02374 303.34003
17442 664.02374 303.34003
17459 608.64404 302.79694
17476 614.77 306.32358
17493 614.77 306.32358
17510 628.6928 308.53424
17528 628.6928 308.53424
17544 640.65515 308.35175
17561 640.65515 308.35175
17578 643.3622 309.26767
17596 643.3622 309.26767
17612 638.82697 313.50348
17629 638.82697 313.50348
17646 639.7527 317.3108
17663 639.7527 317.3108
17680 640.70026 312.05856
17698 640.70026 312.05856
17714 640.43616 309.5598
17731 640.43616 309.5598
17748 637.0866 318.49658
17765 637.0866 318.49658
17782 577.9015 315.18396
17799 577.9015 315.18396
17816 586.9995 307.74225
17833 586.9995 307.74225
17850 589.1721 305.07333
17867 595.776 302.11926
17884 595.776 302.11926
17901 586.5616 316.153
17918 586.5616 316.153
17936 586.5616 316.153
17952 582.29663 311.27896
17969 582.29663 311.27896
17986 582.4436 299.33984
18003 582.4436 299.33984
18020 566.57965 292.17413
18037 566.57965 292.17413
18054 566.8394 291.67953
18071 562.77136 287.24048
18088 562.77136 287.24048
18105 561.4579 291.10254
18122 561.4579 291.10254
18139 555.49347 278.89932
18156 555.49347 278.89932
18173 555.49347 278.89932
18190 557.52466 285.05756
18207 557.52466 285.05756
18224 557.6952 282.38242
18241 555.06964 286.61816
18258 555.06964 286.61816
18275 562.7813 338.41443
18293 562.7813 338.41443
18309 567.9833 396.819
18326 567.9833 396.819
18343 586.7888 447.35425
18360 586.7888 447.35425
18377 601.0239 486.57227
18394 601.0239 486.57227
18411 606.5747 516.55475
18428 606.5747 516.55475
18445 612.75977 542.5126
18462 612.75977 542.5126
18479 570.05206 560.90735
18497 570.05206 560.90735
18513 581.2239 577.9785
18530 581.2239 577.9785
18547 588.6451 595.6794
18564 588.6451 595.6794
18581 580.6432 565.907
18598 580.6432 565.907
18615 574.1554 518.36017
18632 571.41437 477.80035
18649 571.41437 477.80035
18666 569.7303 442.8674
18684 569.7303 442.8674
18700 569.7303 442.8674
18717 570.1019 412.77502
18734 570.1019 412.77502
18751 572.0916 393.57166
18768 572.0916 393.57166
18785 574.64124 375.0358
18802 574.64124 375.0358
18819 579.31036 355.53757
18836 581.7279 347.89243
18853 581.7279 347.89243
18871 582.8833 335.52695
18887 582.8833 335.52695
18904 582.8833 335.52695
18921 531.0865 324.31656
18938 531.0865 324.31656
18955 545.3794 329.06213
18972 545.3794 329.06213
18989 560.20386 321.1989
19006 560.20386 321.1989
19023 577.40643 314.9494
19040 583.66376 314.81256
19058 583.66376 314.81256
19124 602.6773 315.30325
19124 602.6773 315.30325
19124 602.6773 315.30325
19125 602.6773 315.30325
19142 544.95715 313.3437
19159 544.95715 313.3437
19176 544.95715 313.3437
19193 561.32983 314.07446
19210 578.4443 314.11832
19228 578.4443 314.11832
19244 585.69116 317.2707
19261 585.69116 317.2707
19278 590.73615 321.0234
19295 590.73615 321.0234
19312 597.0035 324.69522
19329 597.0035 324.69522
19346 599.9977 329.82755
19364 599.9977 329.82755
19380 602.69403 332.1598
19397 549.0018 329.7265
19414 549.0018 329.7265
19431 549.0018 329.7265
19448 561.4961 336.45364
19465 561.4961 336.45364
19482 569.22955 341.40952
19499 569.22955 341.40952
19516 577.02014 340.45657
19533 577.02014 340.45657
19551 581.37756 340.53653
19567 581.37756 340.53653
19584 581.0535 341.53192
19601 580.39166 347.74158
19618 580.39166 347.74158
19635 585.72266 346.38208
19652 585.72266 346.38208
19670 586.02954 345.53467
19686 586.02954 345.53467
19703 586.02954 345.53467
19720 588.2558 344.03754
19738 588.2558 344.03754
19754 589.80035 347.89215
19772 589.80035 347.89215
19788 594.8587 350.45953
19805 599.34625 350.09253
19822 599.34625 350.09253
19839 596.7977 348.3124
19857 596.7977 348.3124
19873 598.507 349.2172
19890 598.507 349.2172
19908 598.59595 350.46652
19924 598.59595 350.46652
19941 598.59595 350.46652
19958 604.94366 349.96243
19976 613.1662 348.22107
19992 613.1662 348.22107
20009 622.322 344.5272
20026 622.322 344.5272
20044 632.8512 345.5118
20060 632.8512 345.5118
20077 637.7079 346.78696
20094 637.7079 346.78696
20111 638.6612 347.94897
20128 638.6612 347.94897
20145 643.299 351.8741
20162 643.299 351.8741
20179 648.4848 356.23648
20196 648.4848 356.23648
20214 647.99744 354.2284
20230 647.99744 354.2284
20247 656.9418 353.70483
20264 656.9418 353.70483
20281 656.86993 354.36975
20298 656.86993 354.36975
20316 603.5796 350.78033
20332 603.5796 350.78033
20349 559.4532 349.5498
20366 577.56836 350.1402
20383 577.56836 350.1402
20401 594.3341 355.91174
20417 594.3341 355.91174
20434 594.3341 355.91174
20451 548.68976 353.55
20468 548.68976 353.55
20486 570.38635 357.98834
20502 570.38635 357.98834
20519 585.7857 362.68573
20536 585.7857 362.68573
20553 600.1273 365.69812
20570 609.0322 364.8636
20587 609.0322 364.8636
20604 620.62683 365.35553
20621 620.62683 365.35553
20639 623.5922 365.89505
20655 623.5922 365.89505
20672 623.5922 365.89505
20689 630.089 368.28302
20706 630.089 368.28302
20723 635.8791 367.3086
20740 635.8791 367.3086
20757 637.0419 368.7706
20774 638.98206 364.456
20791 638.98206 364.456
20808 642.5841 358.98383
20826 642.5841 358.98383
20842 641.56573 357.54987
20859 641.56573 357.54987
20876 634.62067 348.76147
20893 634.62067 348.76147
20910 638.8676 345.5358
20927 638.8676 345.5358
20944 637.5025 347.1353
20962 637.5025 347.1353
20978 629.1248 339.86945
20995 629.1248 339.86945
21012 627.53467 341.13812
21029 627.53467 341.13812
21047 575.5436 331.9494
21063 575.5436 331.9494
21080 587.5862 336.65076
21097 587.5862 336.65076
21114 597.2546 336.87665
21132 608.8222 341.99902
21148 608.8222 341.99902
21165 619.1941 341.36166
21182 619.1941 341.36166
21199 619.1941 341.36166
21216 626.8147 340.61823
21233 626.8147 340.61823
21250 627.95044 340.49878
21267 627.95044 340.49878
21284 628.10596 337.64853
21302 628.10596 337.64853
21318 633.6562 340.43323
21335 633.6562 340.43323
21352 629.0701 341.61758
21369 630.64 346.33673
21386 630.64 346.33673
21403 577.4613 349.28833
21420 577.4613 349.28833
21437 591.56793 346.11536
21454 591.56793 346.11536
21471 591.56793 346.11536
21488 597.63824 352.9748
21506 597.63824 352.9748
21522 605.72833 348.3212
21539 611.9491 350.67743
21556 611.9491 350.67743
21573 617.25085 356.9047
21590 617.25085 356.9047
21607 621.9968 356.57556
21624 621.9968 356.57556
21641 623.0707 361.82596
21658 623.0707 361.82596
21675 624.32965 363.5431
21693 624.32965 363.5431
21709 624.32965 363.5431
21726 624.2047 364.49518
21743 623.9764 368.3322
21760 623.9764 368.3322
21777 622.3933 366.81677
21794 622.3933 366.81677
21812 629.20447 367.0486
21829 629.20447 367.0486
21845 633.35266 362.76917
21863 633.35266 362.76917
21879 636.2803 360.68546
21896 636.2803 360.68546
21913 622.3675 352.05032
21931 615.1737 356.79016
21948 615.1737 356.79016
21964 615.1737 356.79016
21981 608.0615 343.83957
21998 608.0615 343.83957
22015 608.16833 333.7413
22033 608.16833 333.7413
22049 606.7661 326.13858
22066 606.7661 326.13858
22084 603.33264 320.48468
22100 603.33264 320.48468
22117 604.5003 323.4
22134 608.25635 320.4219
22151 608.25635 320.4219
22168 613.23035 330.26044
22186 613.23035 330.26044
22202 617.97034 325.66324
22219 617.97034 325.66324
22237 617.97034 325.66324
22253 621.41174 327.31934
22270 621.41174 327.31934
22287 622.13727 328.85693
22304 610.1119 327.8643
22321 610.1119 327.8643
22338 614.9702 330.79993
22355 614.9702 330.79993
22372 615.14246 329.58203
22389 615.14246 329.58203
22406 611.6349 337.87997
22423 611.6349 337.87997
22441 616.67914 339.4274
22457 616.67914 339.4274
22474 616.67914 339.4274
22492 618.9362 334.21286
22508 624.74713 336.73514
22525 624.74713 336.73514
22542 618.8921 345.7522
22559 618.8921 345.7522
22576 618.97046 348.2366
22593 618.97046 348.2366
22611 619.31616 341.8518
22627 619.31616 341.8518
22644 617.46674 346.28027
22661 617.46674 346.28027
22678 622.8164 345.16177
22695 622.8164 345.16177
22712 619.3122 344.88074
22729 619.3122 344.88074
22746 617.6497 345.50128
22763 617.6497 345.50128
22780 620.8734 344.615
22797 620.8734 344.615
22814 616.24835 350.31155
22831 616.24835 350.31155
22848 617.5543 367.7793
22865 617.5543 367.7793
22882 617.0871 401.92508
22899 615.0067 438.13953
22916 615.0067 438.13953
22934 613.5543 479.95325
22950 613.5543 479.95325
22967 613.5543 479.95325
22984 609.2079 514.5442
23001 609.2079 514.5442
23018 595.7443 540.394
23035 595.7443 540.394
23052 599.76984 566.5861
23069 603.1581 588.6357
23086 603.1581 588.6357
23104 593.6592 598.0557
23120 593.6592 598.0557
23137 598.00397 608.00665
23154 598.00397 608.00665
23171 605.6629 569.483
23188 605.6629 569.483
23205 614.172 529.6506
23222 614.172 529.6506
23239 614.172 529.6506
23256 637.9792 473.44177
23274 654.76587 418.4215
23290 654.76587 418.4215
23307 666.15265 385.67038
23324 666.15265 385.67038
23341 670.7752 358.91125
23358 670.7752 358.91125
23375 680.13635 334.09305
23392 680.13635 334.09305
23409 684.7765 320.88382
23426 684.7765 320.88382
23443 687.71313 304.6993
23461 687.71313 304.6993
23477 694.75226 295.921
23494 694.75226 295.921
23511 699.0236 296.519
23528 699.0236 296.519
23545 689.19543 289.32486
23562 689.19543 289.32486
23580 692.452 288.7106
23596 692.452 288.7106
23613 693.55804 294.14725
23630 693.55804 294.14725
23647 690.92395 299.8242
23664 686.974 306.2871
23681 686.974 306.2871
23698 684.81287 311.7436
23715 684.81287 311.7436
23733 684.81287 311.7436
23749 681.9686 319.09085
23766 681.9686 319.09085
23783 681.52637 322.64557
23800 681.52637 322.64557
23817 680.89923 325.8913
23834 686.8399 323.9881
23851 686.8399 323.9881
23868 682.6699 319.36725
23885 682.6699 319.36725
23902 621.44226 318.9459
23919 621.44226 318.9459
23936 625.31665 321.75467
23954 625.31665 321.75467
23970 635.4345 323.07083
23987 635.4345 323.07083
24004 635.4345 323.07083
24021 644.08716 320.0357
24038 650.53424 322.65237
24055 650.53424 322.65237
24072 657.9634 325.6332
24089 657.9634 325.6332
24107 663.3889 321.4254
24123 663.3889 321.4254
24140 655.7837 319.35284
24157 655.7837 319.35284
24174 659.6924 322.2036
24191 659.6924 322.2036
24208 666.1813 320.54858
24225 666.1813 320.54858
24242 671.87085 322.54318
24259 671.87085 322.54318
24276 677.53064 325.16534
24294 677.53064 325.16534
24311 681.7038 331.86746
24327 681.7038 331.86746
24344 682.10803 335.07703
24361 682.10803 335.07703
24378 669.47107 339.8855
24395 669.47107 339.8855
24412 669.8445 342.00296
24429 662.43726 342.2277
24446 662.43726 342.2277
24464 667.06665 342.50677
24480 667.06665 342.50677
24497 667.06665 342.50677
24514 677.87585 349.6282
24531 677.87585 349.6282
24548 681.80493 352.11798
24565 681.80493 352.11798
24582 687.639 356.3397
24600 687.639 356.3397
24616 690.6392 358.41315
24633 686.4798 351.15985
24650 686.4798 351.15985
24667 693.2834 353.45895
24684 693.2834 353.45895
24701 697.3265 352.89926
24718 697.3265 352.89926
24735 697.3265 352.89926
24752 701.7853 355.13058
24769 701.7853 355.13058
24786 703.4874 356.16022
24804 703.4874 356.16022
24820 710.14734 353.90277
24837 713.29236 352.08557
24854 713.29236 352.08557
24871 722.7734 358.98535
24889 722.7734 358.98535
24905 727.909 359.8162
24922 727.909 359.8162
24939 734.2829 358.06064
24956 734.2829 358.06064
24973 732.93335 355.6048
24990 732.93335 355.6048
25007 730.8936 352.82874
25024 730.8936 352.82874
25041 732.3053 354.34494
25059 732.3053 354.34494
25075 731.4466 356.03967
25093 731.4466 356.03967
25109 731.4176 351.351
25126 731.4176 351.351
25143 728.59827 349.4544
25160 728.59827 349.4544
25177 728.62256 351.23163
25194 716.9275 349.3717
25211 716.9275 349.3717
25228 715.4571 350.79327
25245 715.4571 350.79327
25263 715.4571 350.79327
25279 718.0852 353.66235
25296 718.0852 353.66235
25313 724.6532 343.85825
25330 724.6532 343.85825
25347 733.23804 344.2416
25365 733.23804 344.2416
25381 746.5392 345.14215
25398 747.7471 347.7736
25415 747.7471 347.7736
25432 754.97186 346.1951
25449 754.97186 346.1951
25467 754.9277 347.44644
25483 754.9277 347.44644
25500 754.9277 347.44644
25517 751.6542 348.43622
25534 751.6542 348.43622
25551 751.9395 347.33896
25569 751.1692 351.36295
25585 751.1692 351.36295
25602 751.8514 356.65063
25619 751.8514 356.65063
25636 753.9341 357.368
25654 753.9341 357.368
25670 756.4339 346.6572
25687 756.4339 346.6572
25704 708.50745 335.0
25722 708.50745 335.0
25738 667.6705 323.0552
25755 667.6705 323.0552
25772 667.6705 323.0552
25789 685.48047 314.4968
25806 701.6193 316.64813
25823 701.6193 316.64813
25841 709.09985 322.45154
25857 709.09985 322.45154
25874 715.99176 326.04492
25928 740.14514 302.9447
25928 740.14514 302.9447
25928 740.14514 302.9447
25942 740.14514 302.9447
25959 740.14514 302.9447
25976 680.2429 311.4016
25993 689.86334 319.6446
26010 689.86334 319.6446
26028 689.86334 319.6446
26044 692.66205 328.88312
26061 692.66205 328.88312
26078 699.99036 332.52637
26095 699.99036 332.52637
26112 709.06287 327.96832
26129 709.06287 327.96832
26146 717.0325 331.9072
26163 721.5591 329.9937
26180 721.5591 329.9937
26198 717.7145 332.68436
26214 717.7145 332.68436
26231 724.2294 335.10034
26248 724.2294 335.10034
26265 724.2294 335.10034
26282 730.27747 334.22058
26299 730.27747 334.22058
26316 729.3108 335.44824
26333 729.3108 335.44824
26350 730.84515 329.96933
26367 737.09827 324.90115
26384 737.09827 324.90115
26401 739.61597 323.75656
26418 739.61597 323.75656
26435 742.92535 323.6206
26453 742.92535 323.6206
26469 742.9673 326.1023
26486 742.9673 326.1023
26503 726.288 318.1996
26520 726.288 318.1996
26537 726.288 318.1996
26554 689.76587 309.31607
26571 660.095 299.02768
26589 660.095 299.02768
26605 625.03406 279.92334
26622 625.03406 279.92334
26639 602.5812 285.0275
26656 602.5812 285.0275
26673 581.60626 299.15015
26690 581.60626 299.15015
26707 564.89764 312.78564
26724 564.89764 312.78564
26741 551.33435 324.21326
26758 551.33435 324.21326
26776 540.7349 327.39154
26792 540.7349 327.39154
26809 537.9745 327.27332
26826 537.9745 327.27332
26843 520.4933 324.52628
26860 520.4933 324.52628
26877 520.671 333.15366
26894 520.671 333.15366
26911 515.6432 341.49432
26928 515.6432 341.49432
26945 539.85693 346.39627
26962 568.8961 342.41748
26979 568.8961 342.41748
26996 588.1283 345.4111
27014 588.1283 345.4111
27030 588.1283 345.4111
27047 606.47504 344.0424
27064 606.47504 344.0424
27081 616.50903 343.22223
27098 616.50903 343.22223
27115 621.2469 343.75836
27132 630.78784 344.0069
27149 630.78784 344.0069
27166 638.36664 343.54767
27183 638.36664 343.54767
27200 640.55096 339.67606
27217 640.55096 339.67606
27234 645.354 339.70575
27251 645.354 339.70575
27268 645.354 339.70575
27285 652.35443 321.63293
27302 652.35443 321.63293
27320 651.57336 323.53882
27336 652.92267 328.7126
27354 652.92267 328.7126
27370 654.22754 334.7309
27387 654.22754 334.7309
27404 646.8331 336.19012
27421 646.8331 336.19012
27438 648.369 338.68393
27455 648.369 338.68393
27472 652.1141 340.4636
27489 652.1141 340.4636
27506 645.2103 323.1368
27523 645.2103 323.1368
27540 653.25806 314.7624
27557 653.25806 314.7624
27574 651.7184 325.97906
27591 651.7184 325.97906
27608 653.40784 334.59674
27625 653.40784 334.59674
27642 652.84534 337.0863
27659 652.84534 337.0863
27676 648.2059 332.85846
27693 648.2059 332.85846
27710 651.9482 329.7953
27727 657.4691 314.93158
27744 657.4691 314.93158
27762 656.92596 303.16705
27778 656.92596 303.16705
27795 656.92596 303.16705
27812 667.1133 279.98938
27829 667.1133 279.98938
27846 657.3159 270.38245
27863 657.3159 270.38245
27880 653.82886 253.67007
27898 653.2927 238.00339
27914 653.2927 238.00339
27931 653.2511 224.07782
27948 653.2511 224.07782
27965 582.59644 208.45026
27982 582.59644 208.45026
27999 529.0289 190.99844
28016 529.0289 190.99844
28033 554.0276 173.18805
28050 554.0276 173.18805
28067 554.0276 173.18805
28084 573.6636 156.90976
28101 588.29016 142.88145
28118 588.29016 142.88145
28135 596.2278 129.60202
28152 596.2278 129.60202
28169 593.0029 119.09344
28186 593.0029 119.09344
28203 603.3891 106.15081
28220 603.3891 106.15081
28237 596.7987 99.60399
28254 596.7987 99.60399
28272 602.3762 95.69971
28288 602.3762 95.69971
28305 604.0718 103.09177
28322 604.0718 103.09177
28339 610.7069 133.01143
28356 610.7069 133.01143
28373 612.06964 163.92824
28390 612.06964 163.92824
28407 613.47217 188.9639
28424 613.47217 188.9639
28441 598.88586 206.59421
28459 598.88586 206.59421
28475 603.14655 220.57147
28492 603.135 234.09956
28509 603.135 234.09956
28526 601.96484 246.46529
28544 601.96484 246.46529
28560 601.96484 246.46529
28577 590.5638 255.61676
28594 590.5638 255.61676
28611 596.1428 263.16537
28628 596.1428 263.16537
28645 598.4057 273.3997
28663 603.7228 292.55017
28679 603.7228 292.55017
28696 610.0192 311.78983
28713 610.0192 311.78983
28730 618.91315 331.86026
28748 618.91315 331.86026
28764 619.72266 339.39392
28782 619.72266 339.39392
28799 566.9822 346.89423
28815 566.9822 346.89423
28832 566.9822 346.89423
28849 579.55597 355.99066
28866 579.55597 355.99066
28883 588.4517 363.79822
28900 595.4888 383.03757
28918 595.4888 383.03757
28934 603.87775 394.2784
28952 603.87775 394.2784
28968 611.6956 409.87393
28985 611.6956 409.87393
29002 623.5282 420.79953
29019 623.5282 420.79953
29036 633.0658 427.96518
29054 633.0658 427.96518
29070 637.9192 432.22485
29087 637.9192 432.22485
29105 640.5162 435.6201
29121 640.5162 435.6201
29138 639.97754 436.1755
29155 639.97754 436.1755
29173 639.72076 435.42407
29189 639.72076 435.42407
29206 638.0991 438.34766
29224 638.0991 438.34766
29240 638.63025 437.4919
29257 638.04083 435.28348
29274 638.04083 435.28348
29291 638.04083 435.28348
29309 613.0019 413.20197
29325 613.0019 413.20197
29342 583.31195 399.58704
29359 583.31195 399.58704
29376 560.90955 399.46738
29393 560.90955 399.46738
29410 542.31885 391.57285
29427 542.31885 391.57285
29444 528.7205 381.69702
29462 516.2134 368.59415
29478 516.2134 368.59415
29496 506.80466 357.14444
29512 506.80466 357.14444
29529 506.80466 357.14444
29546 494.36005 358.647
29564 494.36005 358.647
29580 488.7873 351.14557
29597 488.7873 351.14557
29614 458.09726 336.59534
29632 482.64865 299.99243
29648 482.64865 299.99243
29665 497.5963 347.87262
29682 497.5963 347.87262
29700 398.07706 278.2981
29716 398.07706 278.2981
29733 318.46164 222.63847
29750 318.46164 222.63847
29767 254.76932 178.11078
29784 254.76932 178.11078
29801 254.76932 178.11078
29818 474.91617 43.77793
29835 474.91617 43.77793
29852 492.83798 57.761868
29869 493.64594 78.76268
29886 493.64594 78.76268
29904 493.64288 103.26644
29920 493.64288 103.26644
29937 495.16046 125.54555
29954 495.16046 125.54555
29971 492.82275 154.08846
29988 492.82275 154.08846
