299.0 683.0 0.0 384.0
5 606.5577 405.8214
17 606.5577 405.8214
34 606.34314 407.72534
51 606.34314 407.72534
68 604.8424 407.0771
85 604.8424 407.0771
102 604.4681 406.33093
119 603.65643 409.0798
136 603.65643 409.0798
153 603.65643 409.0798
171 601.2969 408.68225
187 601.2969 408.68225
204 602.91785 410.45554
221 602.91785 410.45554
238 601.8969 412.24515
255 601.8969 412.24515
273 580.0381 396.62494
289 580.0381 396.62494
307 554.76086 380.25235
323 534.222 368.9977
340 534.222 368.9977
358 516.8648 359.6345
374 516.8648 359.6345
391 502.7821 353.1419
408 502.7821 353.1419
425 502.7821 353.1419
443 491.46155 345.68317
459 491.46155 345.68317
476 482.06866 340.76727
493 477.1355 335.89194
510 477.1355 335.89194
527 540.92004 355.62476
544 540.92004 355.62476
561 593.27026 396.2196
579 593.27026 396.2196
595 632.07153 433.42838
612 632.07153 433.42838
630 659.0091 465.3456
646 659.0091 465.3456
664 659.0091 465.3456
680 683.97504 488.07718
698 706.53204 508.85925
715 706.53204 508.85925
731 723.6789 527.0783
748 723.6789 527.0783
765 734.4717 541.1797
782 734.4717 541.1797
799 746.3495 549.66504
816 746.3495 549.66504
834 753.0154 556.3391
851 753.0154 556.3391
867 757.5702 563.7247
884 757.5702 563.7247
901 762.5492 568.45123
919 762.5492 568.45123
935 764.92413 575.54675
952 764.92413 575.54675
969 766.5435 578.1544
987 766.5435 578.1544
1003 768.25793 580.8777
1021 768.25793 580.8777
1038 770.62787 581.47705
1054 770.62787 581.47705
1071 774.07153 580.06555
1088 780.52124 580.8946
1106 780.52124 580.8946
1122 780.52124 580.8946
1139 779.06885 586.1253
1157 779.06885 586.1253
1173 782.05835 588.0696
1190 782.05835 588.0696
1207 729.2854 592.9602
1224 729.2854 592.9602
1241 744.3551 590.6703
1258 749.58563 592.158
1275 749.58563 592.158
1292 753.3651 588.69324
1309 753.3651 588.69324
1327 760.027 588.57227
1343 760.027 588.57227
1360 760.027 588.57227
1378 765.4175 589.1595
1394 765.4175 589.1595
1412 767.1544 590.4242
1428 767.1544 590.4242
1446 770.9165 591.75397
1462 773.3963 589.3278
1479 773.3963 589.3278
1496 772.49634 587.21655
1513 772.49634 587.21655
1530 770.17944 587.2353
1547 770.17944 587.2353
1564 770.7728 588.3013
1581 770.7728 588.3013
1598 769.98914 588.6669
1615 769.98914 588.6669
1632 776.149 588.085
1649 776.149 588.085
1666 779.3193 586.93146
1683 779.3193 586.93146
1700 776.94604 589.7643
1717 776.94604 589.7643
1734 775.7729 591.3693
1751 775.7729 591.3693
1768 775.9329 588.7212
1786 775.9329 588.7212
1802 774.5241 588.87854
1819 774.5241 588.87854
1836 774.8049 592.53326
1853 775.20416 591.236
1870 775.20416 591.236
1887 775.20416 591.236
1904 773.65173 593.5802
1921 773.65173 593.5802
1938 773.8985 592.39844
1955 773.8985 592.39844
1972 775.1454 592.4976
1990 775.1454 592.4976
2006 779.55273 592.2188
2023 779.3287 591.5871
2040 779.3287 591.5871
2057 777.0427 593.4959
2074 777.0427 593.4959
2091 774.7537 593.20667
2109 774.7537 593.20667
2125 773.6559 594.3286
2142 773.6559 594.3286
2160 773.6559 594.3286
2176 775.0927 594.2581
2193 775.0927 594.2581
2210 776.8044 591.14716
2228 781.1962 590.33795
2244 781.1962 590.33795
2261 784.7965 589.6831
2278 784.7965 589.6831
2295 731.55835 594.29565
2312 731.55835 594.29565
2329 740.5298 595.3731
2346 740.5298 595.3731
2363 746.47473 597.2511
2380 746.47473 597.2511
2397 746.47473 597.2511
2414 754.2477 598.6656
2431 757.0344 598.04987
2449 757.0344 598.04987
2465 761.5232 599.18933
2482 761.5232 599.18933
2500 764.7708 599.30505
2516 764.7708 599.30505
2533 766.01636 598.9001
2550 766.01636 598.9001
2568 767.1289 600.0254
2585 767.1289 600.0254
2601 771.6059 601.9311
2619 771.7481 602.2232
2635 771.7481 602.2232
2652 772.8125 601.6102
2669 772.8125 601.6102
2686 772.8125 601.6102
2703 772.1726 604.2397
2720 772.1726 604.2397
2737 771.8892 606.04395
2755 771.8892 606.04395
2771 769.3718 606.38983
2789 768.59875 606.97314
2805 768.59875 606.97314
2822 768.0448 605.11975
2840 768.0448 605.11975
2856 772.50793 602.3945
2874 772.50793 602.3945
2890 774.5518 602.10944
2908 774.5518 602.10944
2924 774.5518 602.10944
2941 777.0493 599.1109
2958 777.0493 599.1109
2975 724.8295 601.8001
2992 724.8295 601.8001
3009 684.2219 602.9858
3026 701.8582 601.7834
3043 701.8582 601.7834
3060 715.633 600.1149
3077 715.633 600.1149
3095 726.0298 596.57666
3111 726.0298 596.57666
3128 734.71704 595.34186
3145 734.71704 595.34186
3162 743.22565 592.0257
3179 743.22565 592.0257
3196 750.0504 590.7515
3214 750.0504 590.7515
3230 753.75085 590.6631
3247 753.75085 590.6631
3264 760.0932 589.8626
3281 760.0932 589.8626
3298 763.5332 591.3745
3315 763.5332 591.3745
3332 767.8037 591.8631
3349 767.8037 591.8631
3366 769.12396 592.6244
3383 769.36926 593.74524
3401 769.36926 593.74524
3417 769.36926 593.74524
3434 769.4588 593.1476
3451 769.4588 593.1476
3468 771.8347 594.32574
3485 771.8347 594.32574
3502 772.2713 594.227
3520 772.2713 594.227
3537 772.2704 594.05426
3554 772.2704 594.05426
3570 771.2674 594.49536
3587 770.7999 596.7018
3604 770.7999 596.7018
3621 770.34784 598.20703
3638 770.34784 598.20703
3655 770.57886 595.7159
3672 770.57886 595.7159
3689 770.57886 595.7159
3706 771.9926 595.1655
3724 771.9926 595.1655
3740 772.063 595.0012
3757 772.063 595.0012
3775 773.23016 591.31604
3791 776.03735 589.8362
3808 776.03735 589.8362
3825 776.7751 591.47986
3842 776.7751 591.47986
3859 777.2984 592.6512
3877 777.2984 592.6512
3893 724.2067 597.9153
3910 724.2067 597.9153
3927 732.2183 598.79877
3944 732.2183 598.79877
3961 732.2183 598.79877
3979 739.5742 597.9862
3995 745.8216 596.0506
