2 649.8281 331.4132 333.0016827034936 433.0016827034936 332.9952018786457 432.9952018786457
17 649.8281 331.4132 333.1215672298508 433.1215672298508 325.460353677165 425.460353677165
34 650.3543 334.26468 333.4861703954607 433.4861703954607 316.92762829531256 416.92762829531256
51 650.3543 334.26468 334.0935140048509 434.0935140048509 308.4087391863609 408.4087391863609
68 650.9581 336.80768 334.94310583748677 434.94310583748677 299.91059046864586 399.91059046864586
85 650.9581 336.80768 336.0342573431978 436.0342573431978 291.44006945149073 391.44006945149073
102 520.76654 269.44614 337.3660842002114 437.3660842002114 283.00404105339845 383.00404105339845
119 520.76654 269.44614 338.93750703184975 438.93750703184975 274.6093422383909 374.6093422383909
136 543.3184 272.43683 340.74725228130916 440.74725228130916 266.2627764750041 366.2627764750041
154 565.02234 274.96475 342.92158317776153 442.92158317776153 257.4852165009684 357.4852165009684
170 565.02234 274.96475 345.0756512552929 445.0756512552929 249.74105744826687 349.7410574482669
188 565.02234 274.96475 347.745971055829 447.745971055829 241.10145872448777 341.10145872448777
205 582.77075 274.723 350.50596515083794 450.50596515083794 233.0192083877314 333.0192083877314
222 582.77075 274.723 353.4949060276202 453.4949060276202 225.01879775167134 325.01879775167134
238 599.7629 278.19812 356.51500152904384 456.51500152904384 217.5695674640201 317.5695674640201
256 599.7629 278.19812 360.14975501321027 460.14975501321027 209.2893596734873 309.2893596734873
272 608.60046 280.77835 363.5888763391684 463.5888763391684 202.0240686798987 302.02406867989873
289 608.60046 280.77835 367.4548074744846 467.4548074744846 194.40862946948707 294.4086294694871
306 608.60046 280.77835 371.53594923283765 471.53594923283765 186.90632183391858 286.9063218339186
324 617.3496 282.12463 376.0880516625483 476.0880516625483 179.0927671105879 279.09276711058794
340 617.3496 282.12463 380.3304626662418 480.3304626662418 172.26532559916362 272.2653255991636
358 628.2363 285.61713 385.31984113972976 485.31984113972976 164.72348388819168 264.7234838881917
374 628.2363 285.61713 389.9439124255555 489.9439124255555 158.14853343516307 258.1485334351631
391 628.2363 285.61713 395.0481023758233 495.0481023758233 151.30108260568883 251.30108260568883
408 634.79034 287.8932 400.34514001297055 500.34514001297055 144.601699784777 244.601699784777
426 634.79034 287.8932 406.15919195402086 506.15919195402086 137.675656616284 237.675656616284
442 634.79034 287.8932 411.50043363562395 511.50043363562395 131.66873177782583 231.66873177782583
459 634.79034 287.8932 417.3496488335043 517.3496488335043 125.44562809241546 225.44562809241546
476 634.79034 287.8932 423.3736374701024 523.3736374701024 119.39154692211227 219.39154692211227
493 634.79034 287.8932 429.5675174146769 529.5675174146769 113.51139478609738 213.51139478609738
510 634.79034 287.8932 435.9262688483818 535.9262688483818 107.8099372430793 207.8099372430793
528 550.45435 241.33553 442.83303936531155 542.8330393653116 101.97300354707676 201.97300354707676
545 550.45435 241.33553 449.51486122421545 549.5148612242155 96.65383119074559 196.6538311907456
561 527.65234 224.67046 455.939574763276 555.939574763276 91.82319306962836 191.82319306962836
579 527.65234 224.67046 463.31908475446505 563.319084754465 86.5967118216947 186.5967118216947
596 512.25525 207.37642 470.430298817712 570.430298817712 81.86691558325475 181.86691558325475
612 512.25525 207.37642 477.24366770951156 577.2436677095116 77.60194042970028 177.60194042970028
630 499.63086 195.6292 485.0421198581312 585.0421198581312 73.02401316610684 173.02401316610684
647 499.63086 195.6292 492.53088471125693 592.5308847112569 68.91807370173689 168.9180737017369
663 494.78125 181.219 499.6832388604396 599.6832388604396 65.24985358281685 165.24985358281685
680 494.78125 181.219 507.3873660236304 607.3873660236304 61.563830988764266 161.56383098876427
697 491.92688 173.11194 515.1932957197998 615.1932957197998 58.09860379723074 158.09860379723074
714 494.71387 162.22371 523.0947016472838 623.0947016472838 54.85698039535282 154.85698039535282
732 494.71387 162.22371 531.5578441028453 631.5578441028453 51.6713103368038 151.6713103368038
748 497.6601 152.63577 539.158255286693 639.158255286693 49.0548702834833 149.0548702834833
766 497.6601 152.63577 547.7889724557664 647.7889724557664 46.355982532478436 146.35598253247844
782 497.6601 152.63577 555.5259627803556 655.5259627803556 44.176306080939696 144.1763060809397
800 503.04413 144.18134 564.2962813350795 664.2962813350795 41.972948099647 141.972948099647
816 503.04413 144.18134 572.1447741627716 672.1447741627716 40.23709987763954 140.23709987763954
833 511.3109 134.23633 580.531538399579 680.531538399579 38.62386599915499 138.623865999155
851 511.3109 134.23633 589.4578444296311 689.4578444296311 37.176684392405264 137.17668439240526
867 523.20325 127.54 597.4258042831839 697.4258042831839 36.116672841359446 136.11667284135945
884 523.20325 127.54 605.9196140026227 705.9196140026227 35.2247455122278 135.2247455122278
901 533.43286 123.26418 614.4353709721212 714.4353709721212 34.574960050003085 134.57496005000309
918 546.14404 114.19493 622.9661736117806 722.9661736117806 34.167843072143 134.167843072143
935 546.14404 114.19493 631.5051081479654 731.5051081479654 34.00372452586896 134.00372452586896
952 559.5375 104.75681 640.0452542165596 740.0452542165596 34.08273742076125 134.08273742076125
970 559.5375 104.75681 649.0813904556234 749.0813904556234 34.431328605587055 134.43132860558705
987 576.1224 80.65309 657.6022422323567 757.6022422323567 35.01048567359351 135.0104856735935
1004 576.1224 80.65309 666.1031551661815 766.1031551661815 35.831958255007294 135.8319582550073
1021 576.1224 80.65309 674.5772397075203 774.5772397075203 36.895080588854285 136.89508058885428
1038 591.0044 65.11124 683.0176280498187 783.0176280498187 38.19899106955364 138.19899106955364
1055 591.0044 65.11124 691.4174796955454 791.4174796955454 39.74263294520472 139.74263294520472
1071 615.3722 42.596947 699.2800950571935 799.2800950571935 41.41334787928315 141.41334787928315
1088 615.3722 42.596947 707.5818585250034 807.5818585250034 43.41860627535635 143.41860627535635
1105 639.9539 22.421757 715.8231772598931 815.8231772598931 45.65936583863811 145.6593658386381
1122 660.4265 9.787586 723.9973720999366 823.9973720999366 48.133810549576026 148.13381054957603
1139 660.4265 9.787586 732.0978182836474 832.0978182836474 50.839934998910564 150.83993499891056
1156 684.0033 16.367449 740.117950819005 840.117950819005 53.77554601295549 153.7755460129555
1173 684.0033 16.367449 748.0512698040402 848.0512698040402 56.93826443105149 156.9382644310515
1190 695.0996 -14.802281 755.8913456946693 855.8913456946693 60.32552703375262 160.32552703375262
1208 695.0996 -14.802281 764.0839106673807 864.0839106673807 64.15373198032523 164.15373198032523
1225 714.0301 -9.4738655 771.712097942471 871.712097942471 67.99444764366609 167.9944476436661
1241 714.0301 -9.4738655 778.788983721744 878.788983721744 71.80623152831976 171.80623152831976
1258 714.0301 -9.4738655 786.1933800147626 886.1933800147626 76.06243329120804 176.06243329120804
1275 724.9873 -23.934113 793.4736210088488 893.4736210088488 80.52768009049117 180.52768009049117
1292 743.6673 -30.90921 800.6238064458005 900.6238064458005 85.19835307494287 185.19835307494287
1309 743.6673 -30.90921 807.638141470708 907.638141470708 90.0706669060545 190.0706669060545
1326 762.9586 -26.36097 814.5109413283826 914.5109413283826 95.14067282585665 195.14067282585665
1343 762.9586 -26.36097 821.2366359705578 921.2366359705578 100.40426185718263 200.40426185718263
1361 782.7812 -26.472755 828.1915644145411 928.1915644145411 106.18372933127876 206.18372933127876
1377 782.7812 -26.472755 834.2250299387413 934.2250299387413 111.49497235758312 211.49497235758312
1394 804.3781 -25.626427 840.4772028442499 940.4772028442499 117.31310538030687 217.31310538030687
1411 804.3781 -25.626427 846.5612262243785 946.5612262243785 123.30685190652298 223.30685190652298
1428 821.8741 -19.062563 852.4721692933363 952.4721692933363 129.47135431515434 229.47135431515434
1445 821.8741 -19.062563 858.2052415379586 958.2052415379586 135.80161659632608 235.80161659632608
1462 821.8741 -19.062563 863.7557966001699 963.7557966001699 142.29250840037312 242.29250840037312
1480 836.2311 -10.78137 869.4289206730178 969.4289206730178 149.33444969515332 249.33444969515332
1496 851.7922 -0.31785583 874.2915129944168 974.2915129944168 155.73501253228335 255.73501253228335
1518 851.7922 -0.31785583 880.6940409152171 980.6940409152171 164.7437974693667 264.7437974693667
1530 866.9323 14.681994 884.0451707867052 984.0451707867052 169.7552977272204 269.7552977272204
1548 866.9323 14.681994 888.8813645222324 988.8813645222324 177.39627306401533 277.3962730640153
1564 877.80273 32.513535 892.9851570459276 992.9851570459276 184.30792233453255 284.3079223345326
1581 877.80273 32.513535 897.1408627967578 997.1408627967578 191.76918547310373 291.76918547310373
1599 897.11206 43.27423 901.3076210713034 1001.3076210713034 199.79485674886422 299.7948567488642
1615 897.11206 43.27423 904.8068623492258 1004.8068623492258 207.03138348446487 307.03138348446487
1632 907.63855 59.386383 908.3109432553329 1008.3109432553329 214.8199491363638 314.8199491363638
1649 907.63855 59.386383 911.5918989033121 1011.5918989033121 222.7051040458423 322.7051040458423
1666 913.4227 75.43588 914.6470702485676 1014.6470702485676 230.6804577033056 330.6804577033056
1684 913.4227 75.43588 917.6331117598017 1017.6331117598017 239.21607894831448 339.2160789483145
1701 915.64734 90.79681 920.21584210631 1020.21584210631 247.35670803135872 347.3567080313587
1717 915.64734 90.79681 922.4340447096293 1022.4340447096293 255.08274103198784 355.08274103198784
1735 920.2632 105.8461 924.6810775952 1024.6810775952 263.8419714294728 363.8419714294728
1751 920.2632 105.8461 926.4560130930984 1026.4560130930984 271.6817171329047 371.6817171329047
1768 926.761 127.01369 928.1110179615537 1028.1110179615537 280.0603385467098 380.0603385467098
1785 926.761 127.01369 929.5268506369953 1029.5268506369953 288.4826752619944 388.4826752619944
1803 926.761 127.01369 930.7640061395116 1030.7640061395116 297.4405053679775 397.4405053679775
1819 926.761 127.01369 931.6366043392997 1031.6366043392995 305.4311612295389 405.4311612295389
1837 926.761 127.01369 932.361983596427 1032.3619835964269 314.44487849148953 414.44487849148953
1853 926.761 127.01369 932.7784362013994 1032.7784362013995 322.4722426880359 422.4722426880359
1870 926.761 127.01369 932.9851019890048 1032.9851019890048 331.01025341435343 431.01025341435343
1887 593.1271 81.288765 932.9486453909749 1032.948645390975 339.5506871754069 439.5506871754069
1904 474.50168 65.03101 932.6690959534936 1032.6690959534935 348.08662239203596 448.08662239203596
1921 379.60135 52.02481 932.1466802368993 1032.1466802368993 356.6111411309172 456.6111411309172
1938 379.60135 52.02481 931.3818216320687 1031.3818216320687 365.1173347111916 465.1173347111916
1955 303.6811 41.61985 930.3751400172805 1030.3751400172805 373.5983093035911 473.5983093035911
1972 303.6811 41.61985 929.1274512558361 1029.1274512558361 382.04719151753216 482.04719151753216
1989 242.94487 33.29588 927.6397665348454 1027.6397665348454 390.4571339716405 490.4571339716405
2007 242.94487 33.29588 925.8043267523421 1025.8043267523421 399.3117618435425 499.3117618435425
2023 194.3559 26.636703 923.9494255069792 1023.9494255069792 407.13297339202586 507.13297339202586
2040 194.3559 26.636703 921.7497600303433 1021.7497600303433 415.385355454278 515.3853554542779
2057 194.3559 26.636703 919.3160778307275 1019.3160778307275 423.5717789017766 523.5717789017766
2075 155.48473 21.309362 916.4863627748334 1016.4863627748334 432.1604916486035 532.1604916486035
2091 124.38778 17.047491 913.7547408159044 1013.7547408159044 439.7202700970553 539.7202700970553
2109 124.38778 17.047491 910.4408458507073 1010.4408458507073 448.13403109346496 548.134031093465
2125 99.51022 13.637993 907.2834395119482 1007.2834395119482 455.52610752219204 555.526107522192
2143 99.51022 13.637993 903.4961054216201 1003.4961054216201 463.737646624778 563.737646624778
2159 99.51022 13.637993 899.9231482862865 999.9231482862865 470.9380623089762 570.9380623089762
2176 99.51022 13.637993 895.9169758597092 995.9169758597092 478.4806693117979 578.4806693117979
2193 99.51022 13.637993 891.6977228435584 991.6977228435584 485.90618221638465 585.9061822163847
2210 99.51022 13.637993 887.2688087238421 987.2688087238421 493.20858302917645 593.2085830291765
2227 414.11554 187.87704 882.6338229060326 982.6338229060326 500.38195353258584 600.3819535325858
2245 414.11554 187.87704 877.5057571776003 977.5057571776003 507.8301892854297 607.8301892854297
2261 414.11554 187.87704 872.7608258058228 972.7608258058228 514.3184583144773 614.3184583144773
2279 520.27484 252.04309 867.2172069588121 967.2172069588121 521.4627962141102 621.4627962141102
2295 604.072 306.80905 862.1107312689596 962.1107312689596 527.6705264551181 627.6705264551181
2313 604.072 306.80905 856.169526925818 956.169526925818 534.4878107309933 634.4878107309933
2329 674.6143 354.2965 850.7180576999276 950.7180576999276 540.394882086187 640.394882086187
2347 674.6143 354.2965 844.398524111755 944.398524111755 546.8630169930223 646.8630169930223
2363 723.8173 392.49628 838.6197303028227 938.6197303028227 552.4502838409564 652.4502838409564
2380 723.8173 392.49628 832.3181143556885 932.3181143556885 558.2148284340103 658.2148284340103
2397 765.39154 427.82745 825.8549614017456 925.8549614017456 563.7976585231695 663.7976585231695
2414 765.39154 427.82745 819.2355094916655 919.2355094916655 569.1942495138428 669.1942495138428
2432 796.0536 453.77313 812.0622816327669 912.0622816327669 574.7004347658467 674.7004347658467
2449 796.0536 453.77313 805.1380660054275 905.1380660054275 579.6999923319313 679.6999923319313
2465 814.41174 475.15582 798.4936144283101 898.4936144283101 584.2236271487043 684.2236271487043
2483 814.41174 475.15582 790.8768325769166 890.8768325769166 589.0978356150445 689.0978356150445
2499 827.6564 497.0298 783.9857182018081 883.9857182018081 593.2360177503971 693.2360177503971
2516 827.6564 497.0298 776.54525546435 876.54525546435 597.4288511793545 697.4288511793545
2533 827.6564 497.0298 768.9884567331254 868.9884567331254 601.4081891703074 701.4081891703074
2550 827.6564 497.0298 761.3214464020558 861.3214464020558 605.1708066759479 705.1708066759479
2567 827.6564 497.0298 753.5504381858558 853.5504381858558 608.7136542896951 708.7136542896951
2584 662.1251 397.62384 745.6817300841386 845.6817300841386 612.0338607170812 712.0338607170812
2602 423.7601 254.47928 737.2507557291436 837.2507557291436 615.3037147460062 715.3037147460062
2618 423.7601 254.47928 729.6767969577133 829.6767969577133 617.9957692114392 717.9957692114392
2635 339.0081 203.58342 721.553543102233 821.553543102233 620.6326394604092 720.6326394604092
2653 271.20648 162.86674 712.8743677514212 812.8743677514212 623.1713771733134 723.1713771733134
2669 271.20648 162.86674 705.0983728534557 805.0983728534557 625.2075284601758 725.2075284601758
2686 216.9652 130.2934 696.7797925232513 796.7797925232513 627.1418395004217 727.1418395004217
2703 216.9652 130.2934 688.4095219750633 788.4095219750633 628.8385742647915 728.8385742647915
2720 173.57216 104.23472 679.9943448795832 779.9943448795832 630.296357637651 730.296357637651
2737 173.57216 104.23472 671.5410813019316 771.5410813019316 631.5140081610913 731.5140081610913
2754 138.85773 83.38778 663.0565821743512 763.0565821743512 632.4905389924386 732.4905389924386
2771 138.85773 83.38778 654.5477237438794 754.5477237438794 633.2251587040392 733.2251587040392
2788 111.08618 66.71023 646.0214019995067 746.0214019995067 633.7172719246712 733.7172719246712
2805 111.08618 66.71023 637.4845270833351 737.4845270833351 633.9664798220608 733.9664798220608
2822 88.86895 53.368183 628.9440176902656 728.9440176902656 633.9725804261168 733.9725804261168
2839 88.86895 53.368183 620.4067954607539 720.4067954607539 633.7355687926154 733.7355687926154
2857 88.86895 53.368183 611.3786557812324 711.3786557812324 633.2198480618783 733.2198480618783
2874 88.86895 53.368183 602.8699783535706 702.8699783535706 632.4831348595524 732.4831348595524
2890 88.86895 53.368183 594.8839945588649 694.8839945588649 631.5687653790487 731.5687653790487
2907 88.86895 53.368183 586.4290000393138 686.4290000393138 630.3631926583694 730.3631926583694
2924 300.57874 262.38556 578.0117489028069 678.0117489028069 628.9174329219486 728.9174329219486
2941 300.57874 262.38556 569.6390628953682 669.6390628953682 627.232657883161 727.232657883161
2958 368.35123 339.83606 561.3177276452934 661.3177276452934 625.3102329649023 725.3102329649023
2975 368.35123 339.83606 553.0544871637487 653.0544871637487 623.1517161929854 723.1517161929854
2992 294.681 271.86887 544.8560383791012 644.8560383791012 620.7588569334407 720.7588569334407
3010 294.681 271.86887 536.2533318686146 636.2533318686146 617.9719743310518 717.9719743310518
3027 235.7448 217.4951 528.2091351954737 628.2091351954737 615.1029609476205 715.1029609476205
3044 188.59584 173.99608 520.2498660899855 620.2498660899855 612.0061281757542 712.0061281757542
3060 188.59584 173.99608 512.8421481644934 612.8421481644934 608.8855955525434 708.8855955525434
3077 188.59584 173.99608 505.066086470933 605.066086470933 605.3538534259965 705.3538534259965
3095 150.87668 139.19687 496.94575447846444 596.9457544784644 601.3747225815591 701.3747225815591
3111 150.87668 139.19687 489.8312325780845 589.8312325780845 597.6336549738851 697.6336549738851
3128 120.70135 111.3575 482.38478743869564 582.3847874386956 593.4514554692516 693.4514554692516
3146 120.70135 111.3575 474.6334910195917 574.6334910195917 588.7941302961241 688.7941302961241
3162 96.56108 89.086 467.8640306732291 567.8640306732291 584.4598004361334 684.4598004361334
3180 96.56108 89.086 460.39033437862736 560.3903343786274 579.3689127295427 679.3689127295427
3197 77.24886 71.2688 453.4757341971813 553.4757341971813 574.3560650118047 674.3560650118047
3213 77.24886 71.2688 447.10068540279684 547.1006854027969 569.4600705688548 669.4600705688548
3230 77.24886 71.2688 440.47353053246013 540.4735305324601 564.0729418127313 664.0729418127313
3248 77.24886 71.2688 433.6267260338776 533.6267260338776 558.165781572544 658.165781572544
3264 77.24886 71.2688 427.69256349239276 527.6925634923928 552.7438148032415 652.7438148032415
3281 49.439274 45.612034 421.54910963438175 521.5491096343817 546.8109982204569 646.8109982204569
3298 49.439274 45.612034 415.5770257696452 515.5770257696452 540.7057093474355 640.7057093474355
3315 39.55142 36.489628 409.7811519627961 509.7811519627961 534.4328962045494 634.4328962045494
3333 39.55142 36.489628 403.8416251188419 503.8416251188419 527.6141503656863 627.6141503656863
3349 39.55142 36.489628 398.7366769287074 498.7366769287074 521.4051639192346 621.4051639192346
3366 31.641134 29.191702 393.49702667636814 493.49702667636814 514.6608030789737 614.6608030789737
3384 31.641134 29.191702 388.16081736231547 488.16081736231547 507.3602452851014 607.3602452851014
3400 25.312908 23.353361 383.6041295851123 483.6041295851123 500.7384173488538 600.7384173488538
3417 25.312908 23.353361 378.95890042682595 478.95890042682595 493.5716758314352 593.5716758314352
3434 20.250326 18.68269 374.519558420162 474.519558420162 486.2756097367269 586.2756097367269
3452 16.200262 14.946152 370.04748418581175 470.04748418581175 478.4159770489023 578.4159770489023
3469 16.200262 14.946152 366.043167657697 466.043167657697 470.8723845988062 570.8723845988062
3485 12.96021 11.956922 362.4719822152257 462.4719822152257 463.6710900449318 563.6710900449318
3502 12.96021 11.956922 358.8904558633554 458.8904558633554 455.9178322199049 555.9178322199049
3519 12.96021 11.956922 355.5310810978608 455.5310810978608 448.06576630732854 548.0657663073285
3537 10.368168 9.565537 352.2192563482289 452.2192563482289 439.6511902174244 539.6511902174244
3553 10.368168 9.565537 349.4894944740342 449.4894944740342 432.0907399116313 532.0907399116313
3570 8.294535 7.65243 346.8121790087004 446.8121790087004 423.9807263598813 523.9807263598814
3587 8.294535 7.65243 344.3668039474663 444.3668039474663 415.79778809050777 515.7977880905078
3605 8.294535 7.65243 342.03258971905177 442.03258971905177 407.06138620638365 507.06138620638365
3621 8.294535 7.65243 340.17961285468476 440.17961285468476 399.23971851615926 499.23971851615926
3639 8.294535 7.65243 338.34635171354296 438.34635171354296 390.3846393220784 490.3846393220784
3656 8.294535 7.65243 336.8607362133312 436.8607362133312 381.97433109371923 481.97433109371923
3672 8.294535 7.65243 335.68173466233077 435.68173466233077 374.02310703330426 474.02310703330426
3689 107.23183 145.32364 334.66293792598333 434.66293792598333 365.5435792681223 465.5435792681223
3706 107.23183 145.32364 333.8859279242903 433.8859279242903 357.03848706593226 457.03848706593226
3723 150.96893 198.20746 333.35133438360816 433.35133438360816 348.5147233633919 448.5147233633919
3740 150.96893 198.20746 333.05959056430925 433.05959056430925 339.9791962294431 439.9791962294431
3757 186.0639 234.8058 453.02406576024066 553.0240657602407 331.056686471707 431.056686471707
3775 186.0639 234.8058 453.3989626747057 553.3989626747057 322.0222125716715 422.0222125716715
3791 209.64612 265.69415 454.11274721758974 554.1127472175897 314.01623679178385 414.01623679178385
3809 209.64612 265.69415 455.34202256495803 555.342022564958 305.0579362572376 405.0579362572376
3825 231.22215 263.20862 456.81120498653286 556.8112049865329 297.15561763711503 397.15561763711503
3843 231.22215 263.20862 458.8837967246308 558.8837967246309 288.35410470841526 388.35410470841526
3859 231.0328 268.87643 461.09515609929747 561.0951560992975 280.62655488470796 380.62655488470796
3876 231.0328 268.87643 463.8201933182859 563.8201933182859 272.53299249891984 372.53299249891984
3894 253.23763 280.61276 467.1204617306055 567.1204617306055 264.1145309557668 364.1145309557668
3910 253.23763 280.61276 470.40573493989234 570.4057349398923 256.7788567193968 356.7788567193968
3927 267.1985 283.58862 474.251415455004 574.251415455004 249.15374548655507 349.15374548655507
3945 267.1985 283.58862 478.7126014504479 578.7126014504479 241.28862718732034 341.28862718732034
3961 274.77698 284.80682 483.0053327319572 583.0053327319572 234.49321736108072 334.4932173610807
3979 274.77698 284.80682 488.19170848039323 588.1917084803932 227.08620899447726 327.08620899447726
3995 290.61725 275.93695 493.109026801152 593.109026801152 220.7281340425647 320.7281340425647
4013 299.93726 259.08514 498.9739209792019 598.9739209792019 213.84589003154827 313.84589003154827
4029 299.93726 259.08514 504.47157621838664 604.4715762183866 207.98236520147657 307.98236520147657
4047 325.54434 236.42426 510.9622116294033 610.9622116294033 201.6868177027948 301.68681770279477
4063 325.54434 236.42426 516.9907313118342 616.9907313118342 196.37060786867886 296.37060786867886
4081 325.54434 236.42426 524.0486998190197 624.0486998190197 190.7184094558065 290.7184094558065
4097 361.4707 232.73576 530.5538343096449 630.5538343096449 185.9973542961332 285.9973542961332
4114 361.4707 232.73576 537.689062464963 637.689062464963 181.30479645322103 281.304796453221
4131 390.65793 234.14441 545.0388331282979 645.0388331282979 176.95595164869005 276.9559516486901
4149 390.65793 234.14441 553.0363936238961 653.0363936238961 172.73679385759596 272.73679385759596
4165 417.16495 229.71912 560.3153796987771 660.3153796987771 169.32776198864897 269.32776198864894
4182 417.16495 229.71912 568.2077684862486 668.2077684862486 166.06558799499004 266.06558799499004
4200 439.9888 220.68138 576.7229970015156 676.7229970015156 163.02368896976233 263.02368896976236
4216 463.58478 214.2272 584.4119892185008 684.4119892185008 160.68178050678887 260.68178050678887
4234 463.58478 214.2272 593.1771405586188 693.1771405586188 158.46043219287566 258.46043219287566
4251 478.1898 197.795 601.547993109811 701.547993109811 156.76915826363768 256.7691582636377
4268 478.1898 197.795 609.9896433324445 709.9896433324445 155.4768264733346 255.4768264733346
4285 501.00745 188.85425 618.4830892855312 718.4830892855312 154.5863458281167 254.5863458281167
4301 501.00745 188.85425 626.507114755926 726.507114755926 154.1171424476271 254.1171424476271
4318 501.00745 188.85425 635.0464617946108 735.0464617946108 154.01163372561214 254.01163372561214
4335 522.3856 186.68279 643.581202299593 743.581202299593 154.31127426047263 254.31127426047263
4353 522.3856 186.68279 652.5916157056257 752.5916157056257 155.06937491294823 255.06937491294823
4370 537.08636 165.49461 661.0564395481568 761.0564395481568 156.20001068650026 256.20001068650026
4386 537.08636 165.49461 668.9659809564164 768.9659809564164 157.6297978289907 257.6297978289907
4404 550.03705 155.02321 677.7777122819134 777.7777122819134 159.65850613580778 259.6585061358078
4422 568.6603 153.30772 686.4764458531516 786.4764458531516 162.12716986412616 262.12716986412613
4437 568.6603 153.30772 693.6232260010909 793.6232260010909 164.5160052712332 264.5160052712332
4454 606.0706 71.01315 701.5938053437343 801.5938053437343 167.58218283949915 267.5821828394992
4471 606.0706 71.01315 709.4099817666976 809.4099817666976 171.0229627020636 271.02296270206364
4488 621.5591 66.434586 717.0541612546845 817.0541612546845 174.83059975054408 274.8305997505441
4505 621.5591 66.434586 724.5091369531456 824.5091369531456 178.99652309031762 278.9965230903176
4523 646.572 32.27137 732.1777732058051 832.1777732058051 183.78758605914797 283.787586059148
4540 646.572 32.27137 739.1908878779227 839.1908878779227 188.66075777100514 288.66075777100514
4556 658.1583 44.639797 745.5733867574248 845.5733867574248 193.54633292803192 293.5463329280319
4574 658.1583 44.639797 752.4847699331881 852.4847699331881 199.3768602579292 299.3768602579292
4590 693.7135 -34.126007 758.3756166338345 858.3756166338345 204.8452294582745 304.8452294582745
4608 693.7135 -34.126007 764.7034286327194 864.7034286327194 211.30441374529323 311.30441374529323
4624 554.9708 -27.300806 770.0496124154753 870.0496124154753 217.30636805391646 317.30636805391646
4642 554.9708 -27.300806 775.7369103211945 875.7369103211945 224.33608418463587 324.33608418463587
4658 554.9708 -27.300806 780.4903217770493 880.4903217770493 230.81761302381858 330.8176130238186
4675 554.9708 -27.300806 785.2183760095571 885.2183760095571 237.9293697063817 337.9293697063817
4693 597.44666 4.4383163 789.8508707295014 889.8508707295014 245.69482262405427 345.69482262405427
4710 597.44666 4.4383163 793.8627475670244 893.8627475670244 253.233816202647 353.233816202647
4726 635.1846 28.993214 797.3080081024611 897.3080081024611 260.4957247950736 360.4957247950736
4744 635.1846 28.993214 800.7919917624882 900.7919917624882 268.8398319494411 368.8398319494411
4760 672.13055 57.092148 803.5336455346032 903.5336455346032 276.3955232583588 376.3955232583588
4777 672.13055 57.092148 806.0739549944915 906.0739549944915 284.5489524624127 384.5489524624127
4795 704.39075 75.756 808.3389522412413 908.3389522412413 293.3029260641045 393.3029260641045
4812 704.39075 75.756 810.0719169040786 910.0719169040786 301.6652471183856 401.6652471183856
4828 731.2572 101.13128 811.3388957607996 911.3388957607996 309.60249482388303 409.60249482388303
4845 731.2572 101.13128 812.2953777692248 912.2953777692248 318.08876150040663 418.08876150040663
4863 755.3778 123.75513 812.8681938134266 912.8681938134266 327.11284860805364 427.11284860805364
4879 755.3778 123.75513 812.9963291668411 912.9963291668411 335.1495592469291 435.1495592469291
4897 777.6622 142.50797 812.7114868280897 912.7114868280897 344.18732065055974 444.18732065055974
4913 777.6622 142.50797 812.0775238609478 912.0775238609478 352.200012303063 452.200012303063
4930 793.2938 157.16678 811.0127280160616 911.0127280160616 360.6733699460652 460.6733699460652
4947 793.2938 157.16678 809.5472300260149 909.5472300260149 369.0866865084376 469.0866865084376
4965 804.5091 170.7721 807.5624555236557 907.5624555236557 377.90841743392417 477.90841743392417
4981 804.5091 170.7721 805.4282173508461 905.4282173508461 385.65762152102405 485.65762152102405
4999 804.5091 170.7721 802.6164664715639 902.6164664715639 394.25159169433493 494.25159169433493
5015 804.5091 170.7721 799.7575521379785 899.7575521379785 401.7636982827043 501.7636982827043
5032 804.5091 170.7721 796.3557627878217 896.3557627878217 409.59692297976756 509.59692297976756
5049 812.1127 203.55368 792.5862637502574 892.5862637502574 417.25998091660404 517.259980916604
5066 820.8622 254.59665 788.4575400722103 888.4575400722103 424.73562274375536 524.7356227437554
5083 820.8622 254.59665 783.9788854061801 883.9788854061801 432.00702098068035 532.0070209806804
5100 824.4826 280.51147 779.1603810904619 879.1603810904619 439.057807893992 539.057807893992
5118 824.4826 280.51147 773.7000770999266 873.7000770999266 446.265258669255 546.265258669255
5134 828.61505 302.8205 768.5479494131282 868.5479494131282 452.4345954942897 552.4345954942896
5151 828.61505 302.8205 762.7779103666112 862.7779103666112 458.73048537096236 558.7304853709624
5168 826.1399 324.1241 756.7157445286122 856.7157445286122 464.7456100820642 564.7456100820642
5185 827.9646 341.6544 750.3750976809954 850.3750976809954 470.46642973411736 570.4664297341174
5202 827.9646 341.6544 743.7702424593289 843.7702424593289 475.8800669068827 575.8800669068827
5219 823.0187 360.40164 736.9160462255444 836.9160462255444 480.9743356401059 580.9743356401059
5236 823.0187 360.40164 729.8279376018812 829.8279376018812 485.73776886380733 585.7377688638073
5253 819.51294 376.48303 722.5218717414465 822.5218717414465 490.15964421036574 590.1596442103657
5270 819.51294 376.48303 715.014294413571 815.014294413571 494.2300081502966 594.2300081502966
5287 819.51294 376.48303 707.3221049847989 807.3221049847989 497.93969839739407 597.9396983973941
5305 814.08435 390.61304 698.995462019195 798.995462019195 501.46521726278866 601.4652172627887
5321 814.08435 390.61304 691.4535261011198 791.4535261011198 504.2444868016163 604.2444868016163
5338 814.08435 390.61304 683.3128564156366 783.3128564156366 506.8253930396211 606.8253930396211
5355 814.08435 390.61304 675.0589337638094 775.0589337638094 509.01727369220305 609.017273692203
5372 814.08435 390.61304 666.710337516615 766.710337516615 510.8151948914908 610.8151948914908
5389 781.35913 428.9847 658.2858601528986 758.2858601528986 512.2151095623715 612.2151095623715
5406 781.35913 428.9847 649.8044649579773 749.8044649579773 513.2138665323532 613.2138665323532
5423 766.55066 436.83405 641.2852433377668 741.2852433377668 513.8092176247758 613.8092176247758
5440 766.55066 436.83405 632.7473718445073 732.7473718445073 513.9998227193989 613.9998227193989
5457 747.03595 449.20938 624.2100690108309 724.2100690108309 513.7852527689789 613.7852527689789
5474 747.03595 449.20938 615.692552089333 715.692552089333 513.1659907650433 613.1659907650433
5492 733.4326 464.57068 606.7168767722527 706.7168767722527 512.0707652406622 612.0707652406622
5509 733.4326 464.57068 598.3003682235171 698.3003682235171 510.6237117563112 610.6237117563112
5525 717.79004 473.39975 590.4499625136663 690.4499625136663 508.8985257511097 608.8985257511097
5542 717.79004 473.39975 582.2022249367301 682.2022249367301 506.68348516468336 606.6834851646834
5559 717.79004 473.39975 574.0688318657412 674.0688318657412 504.079738423869 604.079738423869
5576 699.29004 477.3783 566.0680913626405 666.0680913626405 501.0931464966776 601.0931464966776
5593 681.8402 477.85 558.218012891798 658.218012891798 497.7304321259451 597.7304321259451
5610 681.8402 477.85 550.5362667811617 650.5362667811617 493.99916469660786 593.9991646966079
5627 663.4704 483.0325 543.0401444467964 643.0401444467964 489.90774319720856 589.9077431972086
5644 663.4704 483.0325 535.7465194703461 635.7465194703461 485.4653773139863 585.4653773139863
5661 645.9534 481.0004 528.6718096170268 628.6718096170268 480.6820667001052 580.6820667001052
5679 645.9534 481.0004 521.4372397764029 621.4372397764029 475.25774503117407 575.2577450311741
5696 645.9534 481.0004 514.8627939261758 614.8627939261758 469.80721829516574 569.8072182951657
5712 645.9534 481.0004 508.91774297137306 608.9177429713731 464.3978277836013 564.3978277836013
5729 645.9534 481.0004 502.8724853308397 602.8724853308397 458.36571041097886 558.3657104109789
5747 630.4879 479.83813 496.7911702808618 596.7911702808618 451.6739338449379 551.6739338449379
5763 613.7592 485.16556 491.67365965604995 591.67365965605 445.47585175716756 545.4758517571676
5780 597.6084 488.93536 486.5452998949387 586.5452998949387 438.6471252215585 538.6471252215586
5797 597.6084 488.93536 481.74660595691194 581.7466059569119 431.58284065575424 531.5828406557542
5815 580.7554 488.98645 477.03695216566996 577.03695216567 423.8639399883317 523.8639399883317
5832 580.7554 488.98645 472.9501422903951 572.9501422903951 416.3653024466931 516.365302446693
5848 580.7554 488.98645 469.43268195865755 569.4326819586576 409.1380893339877 509.1380893339877
5865 567.0707 489.00192 466.05289368960894 566.0528936896089 401.295346752855 501.295346752855
5882 567.0707 489.00192 463.04889913133843 563.0488991313384 393.30112404946493 493.30112404946493
5899 554.12244 485.399 460.427460199564 560.4274601995639 385.1734160167848 485.1734160167848
5917 554.12244 485.399 458.07533489037223 558.0753348903722 376.44244969702606 476.44244969702606
5933 539.03467 477.62228 456.35497798067684 556.3549779806768 368.59098431373195 468.59098431373195
5951 527.6349 471.89868 454.8407421273871 554.8407421273871 359.67642565233353 459.67642565233353
5967 527.6349 471.89868 453.8720946157316 553.8720946157316 351.69727415859836 451.69727415859836
5985 517.2384 466.74487 453.2093745722001 553.2093745722001 342.6793437701557 442.6793437701557
6001 517.2384 466.74487 453.0036526131048 553.0036526131048 335.1467028281774 435.1467028281774
