1 653.46204 372.61658 333.00042067616835 433.00042067616835 333.4976002348308 433.4976002348308
17 653.46204 372.61658 333.1215672298508 433.1215672298508 325.460353677165 425.460353677165
34 653.46204 372.61658 333.4861703954607 433.4861703954607 316.92762829531256 416.92762829531256
51 654.96564 372.96213 334.0935140048509 434.0935140048509 308.4087391863609 408.4087391863609
68 656.0848 374.1316 334.94310583748677 434.94310583748677 299.91059046864586 399.91059046864586
85 656.0848 374.1316 336.0342573431978 436.0342573431978 291.44006945149073 391.44006945149073
102 656.0848 374.1316 337.3660842002114 437.3660842002114 283.00404105339845 383.00404105339845
120 656.509 373.90945 339.0373788905013 439.0373788905013 274.11696909446454 374.11696909446454
136 656.509 373.90945 340.74725228130916 440.74725228130916 266.2627764750041 366.2627764750041
153 657.48975 374.01245 342.7938532438116 442.7938532438116 257.9711082224287 357.9711082224287
170 654.06067 368.71173 345.0756512552929 445.0756512552929 249.74105744826687 349.7410574482669
187 654.06067 368.71173 347.59079703666407 447.59079703666407 241.57929418234613 341.57929418234613
204 645.8753 353.44833 350.3372521925565 450.3372521925565 233.4924331110061 333.4924331110061
222 645.8753 353.44833 353.4949060276202 453.4949060276202 225.01879775167134 325.01879775167134
238 644.1567 353.36478 356.51500152904384 456.51500152904384 217.5695674640201 317.5695674640201
255 644.1567 353.36478 359.9412889638151 459.9412889638151 209.74646754616077 309.7464675461608
272 644.4784 351.34756 363.5888763391684 463.5888763391684 202.0240686798987 302.02406867989873
290 644.4784 351.34756 367.68894874217887 467.68894874217887 193.9641257374746 293.9641257374746
306 647.37067 351.76602 371.53594923283765 471.53594923283765 186.90632183391858 286.9063218339186
323 647.37067 351.76602 375.8289940602396 475.8289940602396 179.52322600490484 279.5232260049048
341 648.41327 353.1714 380.6016685145469 480.6016685145469 171.84241533816768 271.8424153381677
358 648.41327 353.1714 385.31984113972976 485.31984113972976 164.72348388819168 264.7234838881917
375 601.81146 321.60822 390.2387457035903 490.2387457035903 157.7417422858324 257.7417422858324
392 601.81146 321.60822 395.3543956887837 495.3543956887837 150.90284887099742 250.90284887099742
408 563.3385 304.92944 400.34514001297055 500.34514001297055 144.601699784777 244.601699784777
425 563.3385 304.92944 405.83073236238414 505.83073236238414 138.05581447516937 238.05581447516937
442 531.1437 290.576 411.50043363562395 511.50043363562395 131.66873177782583 231.66873177782583
460 531.1437 290.576 417.69921012162035 517.6992101216204 125.08477825264669 225.0847782526467
476 508.9607 274.94772 423.3736374701024 523.3736374701024 119.39154692211227 219.39154692211227
493 508.9607 274.94772 429.5675174146769 529.5675174146769 113.51139478609738 213.51139478609738
511 496.14874 263.7383 436.30533797716447 536.3053379771645 107.48022176480373 207.48022176480373
528 496.14874 263.7383 442.83303936531155 542.8330393653116 101.97300354707676 201.97300354707676
544 485.45016 249.38745 449.1176429853873 549.1176429853873 96.96144031244515 196.96144031244515
561 485.45016 249.38745 455.939574763276 555.939574763276 91.82319306962836 191.82319306962836
579 479.74918 239.28236 463.31908475446505 563.319084754465 86.5967118216947 186.5967118216947
596 479.74918 239.28236 470.430298817712 570.430298817712 81.86691558325475 181.86691558325475
612 470.94812 219.9712 477.24366770951156 577.2436677095116 77.60194042970028 177.60194042970028
629 470.94812 219.9712 484.6052797509776 584.6052797509776 73.27215913482809 173.2721591348281
646 469.4166 206.17427 492.08715802621145 592.0871580262115 69.15368424901567 169.15368424901567
664 469.4166 206.17427 500.1334925058843 600.1334925058843 65.02696940712423 165.02696940712423
680 469.4299 193.25932 507.3873660236304 607.3873660236304 61.563830988764266 161.56383098876427
698 469.4299 193.25932 515.6555035702502 615.6555035702502 57.90170381248561 157.9017038124856
714 473.15024 181.70741 523.0947016472838 623.0947016472838 54.85698039535282 154.85698039535282
731 473.15024 181.70741 531.0851801258791 631.0851801258791 51.84158795097835 151.84158795097835
748 480.41586 169.2002 539.158255286693 639.158255286693 49.0548702834833 149.0548702834833
766 480.41586 169.2002 547.7889724557664 647.7889724557664 46.355982532478436 146.35598253247844
782 480.41586 169.2002 555.5259627803556 655.5259627803556 44.176306080939696 144.1763060809397
799 480.41586 169.2002 563.8073299341439 663.8073299341439 42.08841336946284 142.08841336946284
816 480.41586 169.2002 572.1447741627716 672.1447741627716 40.23709987763954 140.23709987763954
834 480.41586 169.2002 581.0262683082123 681.0262683082123 38.53641304886645 138.53641304886645
851 480.41586 169.2002 589.4578444296311 689.4578444296311 37.176684392405264 137.17668439240526
867 480.41586 169.2002 597.4258042831839 697.4258042831839 36.116672841359446 136.11667284135945
884 494.61224 154.98273 605.9196140026227 705.9196140026227 35.2247455122278 135.2247455122278
901 494.61224 154.98273 614.4353709721212 714.4353709721212 34.574960050003085 134.57496005000309
918 507.944 145.0166 622.9661736117806 722.9661736117806 34.167843072143 134.167843072143
935 507.944 145.0166 631.5051081479654 731.5051081479654 34.00372452586896 134.00372452586896
953 519.57947 136.89078 640.5475055449577 740.5475055449577 34.09495642779058 134.09495642779058
969 519.57947 136.89078 648.5796904715623 748.5796904715623 34.40481772096149 134.4048177209615
987 531.27985 129.38406 657.6022422323567 757.6022422323567 35.01048567359351 135.0104856735935
1003 558.18463 110.70502 665.6037768999744 765.6037768999744 35.77693963769889 135.7769396376989
1020 558.18463 110.70502 674.0796299331981 774.0796299331981 36.82586922049978 136.82586922049978
1037 580.1009 98.57614 682.5221900543268 782.5221900543268 38.115643042381976 138.11564304238198
1055 580.1009 98.57614 691.4174796955454 791.4174796955454 39.74263294520472 139.74263294520472
1071 602.5307 86.929756 699.2800950571935 799.2800950571935 41.41334787928315 141.41334787928315
1088 602.5307 86.929756 707.5818585250034 807.5818585250034 43.41860627535635 143.41860627535635
1105 602.5307 86.929756 715.8231772598931 815.8231772598931 45.65936583863811 145.6593658386381
1122 602.5307 86.929756 723.9973720999366 823.9973720999366 48.133810549576026 148.13381054957603
1140 602.5307 86.929756 732.5718778238853 832.5718778238853 51.006287796662775 151.00628779666278
1156 602.5307 86.929756 740.117950819005 840.117950819005 53.77554601295549 153.7755460129555
1173 602.5307 86.929756 748.0512698040402 848.0512698040402 56.93826443105149 156.9382644310515
1190 602.5307 86.929756 755.8913456946693 855.8913456946693 60.32552703375262 160.32552703375262
1207 633.98987 86.83951 763.6318245155068 863.6318245155068 63.93458862018292 163.93458862018292
1224 633.98987 86.83951 771.2664330094331 871.2664330094331 67.76252423287974 167.76252423287974
1242 666.6448 86.01113 779.2278662476037 879.2278662476037 72.05074702783952 172.05074702783952
1258 666.6448 86.01113 786.1933800147626 886.1933800147626 76.06243329120804 176.06243329120804
1275 695.20374 88.936966 793.4736210088488 893.4736210088488 80.52768009049117 180.52768009049117
1293 695.20374 88.936966 801.040231024628 901.040231024628 85.47941582800502 185.47941582800502
1309 695.20374 88.936966 807.638141470708 907.638141470708 90.0706669060545 190.0706669060545
1327 720.30096 90.76477 814.9106963702274 914.9106963702274 95.4449779482751 195.4449779482751
1343 745.0027 93.16188 821.2366359705578 921.2366359705578 100.40426185718263 200.40426185718263
1362 745.0027 93.16188 828.5728068426954 928.5728068426954 106.51092944128112 206.51092944128112
1377 745.0027 93.16188 834.2250299387413 934.2250299387413 111.49497235758312 211.49497235758312
1394 767.4452 97.40523 840.4772028442499 940.4772028442499 117.31310538030687 217.31310538030687
1411 788.0923 101.84633 846.5612262243785 946.5612262243785 123.30685190652298 223.30685190652298
1428 788.0923 101.84633 852.4721692933363 952.4721692933363 129.47135431515434 229.47135431515434
1446 807.03864 96.65122 858.5368418139614 958.5368418139614 136.17903805565956 236.17903805565956
1462 807.03864 96.65122 863.7557966001699 963.7557966001699 142.29250840037312 242.29250840037312
1479 820.69867 92.841835 869.1193360426164 969.1193360426164 148.93876919572267 248.93876919572267
1496 820.69867 92.841835 874.2915129944168 974.2915129944168 155.73501253228335 255.73501253228335
1513 836.17236 98.967285 879.2681356740757 979.2681356740757 162.675730406883 262.67573040688296
1531 836.17236 98.967285 884.3198737571439 984.3198737571439 170.1759448228275 270.1759448228275
1548 853.261 99.68473 888.8813645222324 988.8813645222324 177.39627306401533 277.3962730640153
1565 868.8762 108.55581 893.2354766962846 993.2354766962846 184.74352051365594 284.74352051365594
1581 868.8762 108.55581 897.1408627967578 997.1408627967578 191.76918547310373 291.76918547310373
1598 868.8762 108.55581 901.0824960610505 1001.0824960610505 199.34571931915121 299.3457193191512
1616 887.15 129.48953 905.0191112173986 1005.0191112173986 207.48674720608716 307.48674720608716
1632 887.15 129.48953 908.3109432553329 1008.3109432553329 214.8199491363638 314.8199491363638
1649 898.70447 148.57127 911.5918989033121 1011.5918989033121 222.7051040458423 322.7051040458423
1667 898.70447 148.57127 914.8197010204906 1014.8197010204906 231.15226732338112 331.1522673233811
1683 912.29706 168.82146 917.4739812329851 1017.4739812329851 238.73954649774532 338.7395464977453
1702 912.29706 168.82146 920.3605379219052 1020.3605379219052 247.8378200993427 347.8378200993427
1717 918.6205 187.12231 922.4340447096293 1022.4340447096293 255.08274103198784 355.08274103198784
1735 933.058 206.79878 924.6810775952 1024.6810775952 263.8419714294728 363.8419714294728
1751 933.058 206.79878 926.4560130930984 1026.4560130930984 271.6817171329047 371.6817171329047
1769 938.9446 227.24483 928.2009350518042 1028.2009350518042 280.55462653755245 380.55462653755245
1785 938.9446 227.24483 929.5268506369953 1029.5268506369953 288.4826752619944 388.4826752619944
1803 945.2752 244.31076 930.7640061395116 1030.7640061395116 297.4405053679775 397.4405053679775
1820 945.2752 244.31076 931.6840288345896 1031.6840288345898 305.9313178232743 405.9313178232743
1836 948.75574 260.31342 932.3288155200738 1032.328815520074 313.9435746118702 413.9435746118702
1854 948.75574 260.31342 932.7973209778079 1032.7973209778079 322.97428757271297 422.97428757271297
1870 948.75574 260.31342 932.9851019890048 1032.9851019890048 331.01025341435343 431.01025341435343
1887 958.14075 280.24753 932.9486453909749 1032.948645390975 339.5506871754069 439.5506871754069
1904 958.14075 280.24753 932.6690959534936 1032.6690959534935 348.08662239203596 448.08662239203596
1921 966.1262 299.93015 932.1466802368993 1032.1466802368993 356.6111411309172 456.6111411309172
1938 972.5982 319.27115 931.3818216320687 1031.3818216320687 365.1173347111916 465.1173347111916
1956 972.5982 319.27115 930.3084090841814 1030.3084090841814 374.09625777841393 474.09625777841393
1972 978.6134 333.8097 929.1274512558361 1029.1274512558361 382.04719151753216 482.04719151753216
1989 978.6134 333.8097 927.6397665348454 1027.6397665348454 390.4571339716405 490.4571339716405
2007 983.7083 347.66342 925.8043267523421 1025.8043267523421 399.3117618435425 499.3117618435425
2023 983.7083 347.66342 923.9494255069792 1023.9494255069792 407.13297339202586 507.13297339202586
2040 983.7083 347.66342 921.7497600303433 1021.7497600303433 415.385355454278 515.3853554542779
2058 987.08594 362.05377 919.1656735406054 1019.1656735406054 424.0511370669554 524.0511370669553
2075 987.08594 362.05377 916.4863627748334 1016.4863627748334 432.1604916486035 532.1604916486035
2092 991.01056 376.2155 913.5773009969078 1013.5773009969078 440.19029223658174 540.1902922365817
2108 991.01056 376.2155 910.6315931762647 1010.6315931762647 447.6692503292295 547.6692503292295
2125 994.4099 392.95514 907.2834395119482 1007.2834395119482 455.52610752219204 555.526107522192
2143 993.5519 410.24323 903.4961054216201 1003.4961054216201 463.737646624778 563.737646624778
2160 993.5519 410.24323 899.6934484911064 999.6934484911064 471.3848773771026 571.3848773771026
2176 991.7611 423.84946 895.9169758597092 995.9169758597092 478.4806693117979 578.4806693117979
2193 991.7611 423.84946 891.6977228435584 991.6977228435584 485.90618221638465 585.9061822163847
2211 991.7611 423.84946 887.0018309919924 987.0018309919924 493.63417507762983 593.6341750776298
2228 991.7611 423.84946 882.3548386747549 982.3548386747549 500.79977346953126 600.7997734695313
2245 991.7611 423.84946 877.5057571776003 977.5057571776003 507.8301892854297 607.8301892854297
2261 991.7611 423.84946 872.7608258058228 972.7608258058228 514.3184583144773 614.3184583144773
2279 991.7611 423.84946 867.2172069588121 967.2172069588121 521.4627962141102 621.4627962141102
2295 991.7611 423.84946 862.1107312689596 962.1107312689596 527.6705264551181 627.6705264551181
2312 634.7271 271.26364 856.5049640822481 956.5049640822481 534.1137952031119 634.1137952031119
2329 507.7817 217.01091 850.7180576999276 950.7180576999276 540.394882086187 640.394882086187
2346 507.7817 217.01091 844.754702109853 944.754702109853 546.5086966087915 646.5086966087915
2363 406.22537 173.60873 838.6197303028227 938.6197303028227 552.4502838409564 652.4502838409564
2380 406.22537 173.60873 832.3181143556885 932.3181143556885 558.2148284340103 658.2148284340103
2398 324.98032 138.887 825.4698566711968 925.4698566711968 564.1203039129076 664.1203039129076
2414 324.98032 138.887 819.2355094916655 919.2355094916655 569.1942495138428 669.1942495138428
2431 259.98425 111.1096 812.4651233483269 912.4651233483269 574.4002277485814 674.4002277485814
2449 259.98425 111.1096 805.1380660054275 905.1380660054275 579.6999923319313 679.6999923319313
2466 259.98425 111.1096 798.0743413925139 898.0743413925139 584.5004227817345 684.5004227817345
2482 207.98741 88.88768 791.3038148358737 891.3038148358737 588.8330869577367 688.8330869577367
2499 207.98741 88.88768 783.9857182018081 883.9857182018081 593.2360177503971 693.2360177503971
2517 166.38994 71.110146 776.1038988675523 876.1038988675523 597.6688721273433 697.6688721273433
2533 133.11195 56.88812 768.9884567331254 868.9884567331254 601.4081891703074 701.4081891703074
2550 133.11195 56.88812 761.3214464020558 861.3214464020558 605.1708066759479 705.1708066759479
2567 106.48956 45.510494 753.5504381858558 853.5504381858558 608.7136542896951 708.7136542896951
2584 106.48956 45.510494 745.6817300841386 845.6817300841386 612.0338607170812 712.0338607170812
2602 106.48956 45.510494 737.2507557291436 837.2507557291436 615.3037147460062 715.3037147460062
2618 106.48956 45.510494 729.6767969577133 829.6767969577133 617.9957692114392 717.9957692114392
2635 106.48956 45.510494 721.553543102233 821.553543102233 620.6326394604092 720.6326394604092
2652 106.48956 45.510494 713.3585211872297 813.3585211872297 623.0372088029525 723.0372088029525
2669 106.48956 45.510494 705.0983728534557 805.0983728534557 625.2075284601758 725.2075284601758
2686 106.48956 45.510494 696.7797925232513 796.7797925232513 627.1418395004217 727.1418395004217
2704 431.54843 316.19016 687.9156881752673 787.9156881752673 628.9309532623472 728.9309532623472
2720 431.54843 316.19016 679.9943448795832 779.9943448795832 630.296357637651 730.296357637651
2737 492.68597 351.6282 671.5410813019316 771.5410813019316 631.5140081610913 731.5140081610913
2754 492.68597 351.6282 663.0565821743512 763.0565821743512 632.4905389924386 732.4905389924386
2772 536.30334 402.9245 654.0465913636143 754.0465913636143 633.2608243522246 733.2608243522246
2788 536.30334 402.9245 646.0214019995067 746.0214019995067 633.7172719246712 733.7172719246712
2805 568.357 444.06104 637.4845270833351 737.4845270833351 633.9664798220608 733.9664798220608
2822 568.357 444.06104 628.9440176902656 728.9440176902656 633.9725804261168 733.9725804261168
2840 594.75916 481.77448 619.9048561883765 719.9048561883765 633.714059077236 733.714059077236
2856 594.75916 481.77448 611.8797793711809 711.8797793711809 633.2556370072082 733.2556370072082
2873 607.9871 509.6515 603.3698801263789 703.3698801263789 632.5331740297464 732.5331740297464
2890 607.9871 509.6515 594.8839945588649 694.8839945588649 631.5687653790487 731.5687653790487
2908 618.3938 530.4617 585.9327560156919 685.9327560156919 630.2847862171152 730.2847862171152
2924 626.92346 550.8117 578.0117489028069 678.0117489028069 628.9174329219486 728.9174329219486
2941 626.92346 550.8117 569.6390628953682 669.6390628953682 627.232657883161 727.232657883161
2958 626.92346 550.8117 561.3177276452934 661.3177276452934 625.3102329649023 725.3102329649023
2975 626.1011 564.48016 553.0544871637487 653.0544871637487 623.1517161929854 723.1517161929854
2993 626.1011 564.48016 544.3759367047026 644.3759367047026 620.6108431393186 720.6108431393186
3009 623.2059 577.61505 536.7290257094023 636.7290257094023 618.1335944747455 718.1335944747455
3026 623.2059 577.61505 528.6800356774336 628.6800356774336 615.278056456131 715.278056456131
3043 617.17316 588.3291 520.7155915726703 620.7155915726703 612.1945571432422 712.1945571432422
3060 617.17316 588.3291 512.8421481644934 612.8421481644934 608.8855955525434 708.8855955525434
3078 609.3339 593.4236 504.6118388259649 604.6118388259649 605.1392263586182 705.1392263586182
3094 591.60095 600.16095 497.3937085871838 597.3937085871838 601.6021930576474 701.6021930576474
3112 591.60095 600.16095 489.38993504921393 589.3899350492139 597.3935254421243 697.3935254421243
3129 571.68945 605.6527 481.9505041384623 581.9505041384623 593.1988614943655 693.1988614943655
3145 571.68945 605.6527 475.06040812706976 575.0604081270698 589.058983999804 689.058983999804
3163 548.8711 606.7196 467.4448257527072 567.4448257527072 584.182901653867 684.182901653867
3179 548.8711 606.7196 460.8014873683203 560.8014873683203 579.6576321782761 679.6576321782761
3196 548.8711 606.7196 453.87850203784535 553.8785020378454 574.6563711348483 674.6563711348483
3213 534.4776 606.49915 447.10068540279684 547.1006854027969 569.4600705688548 669.4600705688548
3231 534.4776 606.49915 440.08850519699024 540.0885051969902 563.7502016818883 663.7502016818883
3247 519.2835 608.76733 434.0024083925641 534.0024083925641 558.4993508552757 658.4993508552757
3264 519.2835 608.76733 427.69256349239276 527.6925634923928 552.7438148032415 652.7438148032415
3282 502.9949 610.05896 421.193018823778 521.193018823778 546.4565902131905 646.4565902131905
3298 494.4279 611.16254 415.5770257696452 515.5770257696452 540.7057093474355 640.7057093474355
3315 494.4279 611.16254 409.7811519627961 509.7811519627961 534.4328962045494 634.4328962045494
3333 471.72336 601.51184 403.8416251188419 503.8416251188419 527.6141503656863 627.6141503656863
3349 471.72336 601.51184 398.7366769287074 498.7366769287074 521.4051639192346 621.4051639192346
3366 458.32864 603.0131 393.49702667636814 493.49702667636814 514.6608030789737 614.6608030789737
3383 458.32864 603.0131 388.45148117741576 488.45148117741576 507.7700260162269 607.7700260162269
3400 446.99948 600.6903 383.6041295851123 483.6041295851123 500.7384173488538 600.7384173488538
3417 446.99948 600.6903 378.95890042682595 478.95890042682595 493.5716758314352 593.5716758314352
3434 446.99948 600.6903 374.519558420162 474.519558420162 486.2756097367269 586.2756097367269
3452 435.74954 596.3109 370.04748418581175 470.04748418581175 478.4159770489023 578.4159770489023
3468 423.22748 593.08514 366.2727575118902 466.2727575118902 471.3192561685689 571.3192561685689
3485 423.22748 593.08514 362.4719822152257 462.4719822152257 463.6710900449318 563.6710900449318
3503 411.53336 582.4396 358.68666860027383 458.68666860027383 455.45861935813366 555.4586193581337
3519 411.53336 582.4396 355.5310810978608 455.5310810978608 448.06576630732854 548.0657663073285
3537 401.14795 574.1522 352.2192563482289 452.2192563482289 439.6511902174244 539.6511902174244
3553 401.14795 574.1522 349.4894944740342 449.4894944740342 432.0907399116313 532.0907399116313
3570 391.66977 563.07947 346.8121790087004 446.8121790087004 423.9807263598813 523.9807263598814
3588 391.66977 563.07947 344.23022471939606 444.23022471939606 415.31430922285153 515.3143092228515
3604 383.26483 552.42194 342.155351140146 442.155351140146 407.5485569510936 507.5485569510936
3622 383.26483 552.42194 340.07076873233893 440.07076873233893 398.74925072104793 498.74925072104793
3638 374.34772 540.6724 338.44119032461737 438.44119032461737 390.87800666884965 490.87800666884965
3656 365.27457 529.54193 336.8607362133312 436.8607362133312 381.97433109371923 481.97433109371923
3672 365.27457 529.54193 335.68173466233077 435.68173466233077 374.02310703330426 474.02310703330426
3690 365.27457 529.54193 334.61053131423415 434.61053131423415 365.043920136258 465.043920136258
3706 358.35474 516.1377 333.8859279242903 433.8859279242903 357.03848706593226 457.03848706593226
3723 358.35474 516.1377 333.35133438360816 433.35133438360816 348.5147233633919 448.5147233633919
3741 358.35474 516.1377 333.0499980009779 433.0499980009779 339.4768878742076 439.4768878742076
3758 358.35474 516.1377 453.0329818975829 553.0329818975829 330.55436575878036 430.55436575878036
3775 358.35474 516.1377 453.3989626747057 553.3989626747057 322.0222125716715 422.0222125716715
3791 358.35474 516.1377 454.11274721758974 554.1127472175897 314.01623679178385 414.01623679178385
3808 358.35474 516.1377 455.26193415828243 555.2619341582824 305.553911501838 405.553911501838
3825 358.35474 516.1377 456.81120498653286 556.8112049865329 297.15561763711503 397.15561763711503
3842 358.35474 516.1377 458.7570723329198 558.7570723329197 288.84025954453836 388.84025954453836
3860 349.9773 486.74084 461.2447967163995 561.2447967163995 280.14695788528695 380.14695788528695
3876 349.9773 486.74084 463.8201933182859 563.8201933182859 272.53299249891984 372.53299249891984
3894 343.75403 457.4097 467.1204617306055 567.1204617306055 264.1145309557668 364.1145309557668
3910 343.75403 457.4097 470.40573493989234 570.4057349398923 256.7788567193968 356.7788567193968
3928 343.75403 457.4097 474.4888488204813 574.4888488204813 248.71099161237862 348.7109916123786
3944 343.46387 434.52628 478.4544350159092 578.4544350159092 241.71962102511617 341.71962102511617
3961 343.46387 434.52628 483.0053327319572 583.0053327319572 234.49321736108072 334.4932173610807
3978 340.7316 410.19748 487.893864647575 587.893864647575 227.49080094619188 327.4908009461919
3996 340.7316 410.19748 493.4257256503695 593.4257256503695 220.33812451057264 320.33812451057264
4012 340.9905 388.87366 498.63907999467915 598.6390799946792 214.22043924223226 314.22043924223226
4029 340.9905 388.87366 504.47157621838664 604.4715762183866 207.98236520147657 307.98236520147657
4046 342.1176 370.02496 510.59338667089924 610.5933866708992 202.0279536670738 302.0279536670738
4064 373.56924 350.11212 517.3753216119491 617.3753216119491 196.0473496171248 296.04734961712484
4081 373.56924 350.11212 524.0486998190197 624.0486998190197 190.7184094558065 290.7184094558065
4097 405.98383 330.87454 530.5538343096449 630.5538343096449 185.9973542961332 285.9973542961332
4115 405.98383 330.87454 538.1156224410547 638.1156224410547 181.0393681522872 281.03936815228724
4131 432.46045 314.38977 545.0388331282979 645.0388331282979 176.95595164869005 276.9559516486901
4148 432.46045 314.38977 552.5866021519138 652.5866021519138 172.9606090221234 272.96060902212344
4165 455.02878 300.43048 560.3153796987771 660.3153796987771 169.32776198864897 269.32776198864894
4182 455.02878 300.43048 568.2077684862486 668.2077684862486 166.06558799499004 266.06558799499004
4199 455.02878 300.43048 576.2460029469295 676.2460029469295 163.1814301122385 263.1814301122385
4217 476.4583 286.23404 584.8959282560902 684.8959282560902 160.54684124624086 260.5468412462409
4233 476.4583 286.23404 592.6873458725511 692.6873458725511 158.57226582663537 258.5722658266354
4250 495.25452 272.18427 601.053445290706 701.053445290706 156.85763453593017 256.8576345359302
4268 517.47266 255.3164 609.9896433324445 709.9896433324445 155.4768264733346 255.4768264733346
4284 517.47266 255.3164 617.9823830375866 717.9823830375866 154.6275629290547 254.6275629290547
4302 536.1809 241.35735 627.009212437205 727.009212437205 154.09972077737774 254.09972077737774
4319 536.1809 241.35735 635.5488207000526 735.5488207000526 154.01804670179018 254.01804670179018
4335 536.1809 241.35735 643.581202299593 743.581202299593 154.31127426047263 254.31127426047263
4352 547.4149 214.18286 652.0921247860152 752.0921247860152 155.01538956894865 255.01538956894865
4370 547.4149 214.18286 661.0564395481568 761.0564395481568 156.20001068650026 256.20001068650026
4386 565.96155 208.61502 668.9659809564164 768.9659809564164 157.6297978289907 257.6297978289907
4404 565.96155 208.61502 677.7777122819134 777.7777122819134 159.65850613580778 259.6585061358078
4420 577.5676 185.54462 685.5161853111272 785.5161853111272 161.83133188536496 261.831331885365
4437 577.5676 185.54462 693.6232260010909 793.6232260010909 164.5160052712332 264.5160052712332
4454 594.60803 180.33636 701.5938053437343 801.5938053437343 167.58218283949915 267.5821828394992
4471 611.20844 165.37857 709.4099817666976 809.4099817666976 171.0229627020636 271.02296270206364
4489 611.20844 165.37857 717.4980927560449 817.4980927560449 175.0658239377357 275.0658239377357
4506 632.51263 150.99916 724.9414118764473 824.9414118764473 179.25253868910977 279.25253868910977
4522 632.51263 150.99916 731.7581279004737 831.7581279004737 183.51135533338842 283.51135533338845
4539 648.94684 138.58083 738.7848168015221 838.7848168015221 188.36493370665013 288.36493370665016
4556 648.94684 138.58083 745.5733867574248 845.5733867574248 193.54633292803192 293.5463329280319
4574 665.4229 129.50873 752.4847699331881 852.4847699331881 199.3768602579292 299.3768602579292
4590 665.4229 129.50873 758.3756166338345 858.3756166338345 204.8452294582745 304.8452294582745
4607 683.70386 121.08491 764.3604590589218 864.3604590589218 210.9372932370277 310.9372932370277
4624 683.70386 121.08491 770.0496124154753 870.0496124154753 217.30636805391646 317.30636805391646
4641 700.3864 122.327484 775.4302705632856 875.4302705632856 223.93811728273374 323.93811728273374
4658 722.3381 122.527855 780.4903217770493 880.4903217770493 230.81761302381858 330.8176130238186
4676 722.3381 122.527855 785.4859265519513 885.4859265519513 238.35460176468007 338.35460176468007
4692 722.3381 122.527855 789.6037905304013 889.6037905304013 245.25737894613326 345.25737894613326
4709 740.56995 129.8524 793.6366938824929 893.6366938824929 252.78514557975075 352.78514557975075
4726 740.56995 129.8524 797.3080081024611 897.3080081024611 260.4957247950736 360.4957247950736
4743 757.7444 133.5439 800.6094691549205 900.6094691549205 268.3717602734482 368.3717602734482
4760 757.7444 133.5439 803.5336455346032 903.5336455346032 276.3955232583588 376.3955232583588
4777 770.91797 141.23761 806.0739549944915 906.0739549944915 284.5489524624127 384.5489524624127
4794 770.91797 141.23761 808.2246793622878 908.2246793622878 292.8136947228397 392.8136947228397
4811 786.1582 148.42567 809.980977411876 909.980977411876 301.17114631399613 401.17114631399613
4829 799.28937 157.99097 811.4062971637562 911.4062971637562 310.1003528829921 410.1003528829921
4845 799.28937 157.99097 812.2953777692248 912.2953777692248 318.08876150040663 418.08876150040663
4862 838.5969 117.92999 812.84827042036 912.84827042036 326.6108439720703 426.6108439720703
4879 838.5969 117.92999 812.9963291668411 912.9963291668411 335.1495592469291 435.1495592469291
4897 843.8939 139.00917 812.7114868280897 912.7114868280897 344.18732065055974 444.18732065055974
4913 843.8939 139.00917 812.0775238609478 912.0775238609478 352.200012303063 452.200012303063
4930 843.8939 139.00917 811.0127280160616 911.0127280160616 360.6733699460652 460.6733699460652
4948 902.46796 96.02234 809.4486116349954 909.4486116349954 369.57931213616394 469.57931213616394
4965 902.46796 96.02234 807.5624555236557 907.5624555236557 377.90841743392417 477.90841743392417
4981 887.7298 147.0707 805.4282173508461 905.4282173508461 385.65762152102405 485.65762152102405
4998 887.7298 147.0707 802.7839744590015 902.7839744590015 393.77793921594457 493.77793921594457
5015 919.9952 577.09766 799.7575521379785 899.7575521379785 401.7636982827043 501.7636982827043
5032 735.99615 461.67813 796.3557627878217 896.3557627878217 409.59692297976756 509.59692297976756
5050 735.99615 461.67813 792.3532545820084 892.3532545820084 417.70507902225296 517.7050790222529
5066 588.79694 369.3425 788.4575400722103 888.4575400722103 424.73562274375536 524.7356227437554
5083 588.79694 369.3425 783.9788854061801 883.9788854061801 432.00702098068035 532.0070209806804
5100 588.79694 369.3425 779.1603810904619 879.1603810904619 439.057807893992 539.057807893992
5117 682.1322 302.94345 774.0128734563121 874.0128734563121 445.8721123408068 545.8721123408068
5134 715.51074 319.82773 768.5479494131282 868.5479494131282 452.4345954942897 552.4345954942896
5152 715.51074 319.82773 762.4292686708334 862.4292686708334 459.0922236245453 559.0922236245453
5168 715.51074 319.82773 756.7157445286122 856.7157445286122 464.7456100820642 564.7456100820642
5186 740.5186 341.16202 749.993748013828 849.993748013828 470.79350469111057 570.7935046911106
5203 759.1085 357.779 743.3738084758055 843.3738084758055 476.1886859160961 576.1886859160961
5219 759.1085 357.779 736.9160462255444 836.9160462255444 480.9743356401059 580.9743356401059
5236 773.5708 373.4383 729.8279376018812 829.8279376018812 485.73776886380733 585.7377688638073
5254 773.5708 373.4383 722.0856646883476 822.0856646883476 490.40890111191015 590.4089011119102
5270 780.04034 391.0633 715.014294413571 815.014294413571 494.2300081502966 594.2300081502966
5287 780.04034 391.0633 707.3221049847989 807.3221049847989 497.93969839739407 597.9396983973941
5304 783.8325 406.37286 699.4626183788416 799.4626183788416 501.28036453280606 601.2803645328061
5321 783.8325 406.37286 691.4535261011198 791.4535261011198 504.2444868016163 604.2444868016163
5339 783.8325 406.37286 682.8302861911227 782.8302861911227 506.96514844936485 606.9651484493648
5356 782.81024 416.6063 674.5702779150454 774.5702779150454 509.133982978935 609.133982978935
5372 782.81024 416.6063 666.710337516615 766.710337516615 510.8151948914908 610.8151948914908
5389 782.14703 429.04416 658.2858601528986 758.2858601528986 512.2151095623715 612.2151095623715
5406 782.14703 429.04416 649.8044649579773 749.8044649579773 513.2138665323532 613.2138665323532
5424 779.08386 439.17938 640.7833442119403 740.7833442119403 513.8316422459586 613.8316422459586
5441 779.08386 439.17938 632.2449739756478 732.2449739756478 513.9984164810973 613.9984164810973
5458 779.08386 439.17938 623.7083032838261 723.7083032838261 513.7600188365996 613.7600188365996
5475 779.08386 439.17938 615.1925479661336 715.1925479661336 513.1169859395293 613.1169859395293
5492 779.08386 439.17938 606.7168767722527 706.7168767722527 512.0707652406622 612.0707652406622
5508 779.08386 439.17938 598.7934791480179 698.7934791480179 510.71987418285164 610.7198741828516
5525 752.4065 451.2386 590.4499625136663 690.4499625136663 508.8985257511097 608.8985257511097
5543 730.26855 460.52115 581.7204446332313 681.7204446332313 506.5410304866251 606.5410304866251
5559 730.26855 460.52115 574.0688318657412 674.0688318657412 504.079738423869 604.079738423869
5576 710.0036 461.2703 566.0680913626405 666.0680913626405 501.0931464966776 601.0931464966776
5594 710.0036 461.2703 557.7613149437265 657.7613149437265 497.5210698075416 597.5210698075416
5610 686.5582 469.7077 550.5362667811617 650.5362667811617 493.99916469660786 593.9991646966079
5627 686.5582 469.7077 543.0401444467964 643.0401444467964 489.90774319720856 589.9077431972086
5644 664.30835 471.58447 535.7465194703461 635.7465194703461 485.4653773139863 585.4653773139863
5661 664.30835 471.58447 528.6718096170268 628.6718096170268 480.6820667001052 580.6820667001052
5678 644.5087 477.0931 521.8319398796541 621.8319398796541 475.56857846668925 575.5685784666892
5696 644.5087 477.0931 514.8627939261758 614.8627939261758 469.80721829516574 569.8072182951657
5712 627.5878 473.87073 508.91774297137306 608.9177429713731 464.3978277836013 564.3978277836013
5729 627.5878 473.87073 502.8724853308397 602.8724853308397 458.36571041097886 558.3657104109789
5746 608.7709 463.7386 497.1201414322254 597.1201414322254 452.0536489719888 552.0536489719889
5763 608.7709 463.7386 491.67365965604995 591.67365965605 445.47585175716756 545.4758517571676
5780 587.88916 457.89163 486.5452998949387 586.5452998949387 438.6471252215585 538.6471252215586
5798 587.88916 457.89163 481.47483091410595 581.474830914106 431.16029607556385 531.1602960755638
5815 587.88916 457.89163 477.03695216566996 577.03695216567 423.8639399883317 523.8639399883317
5831 587.88916 457.89163 473.18065612063515 573.1806561206351 416.8116979778178 516.8116979778179
5848 587.88916 457.89163 469.43268195865755 569.4326819586576 409.1380893339877 509.1380893339877
5865 587.88916 457.89163 466.05289368960894 566.0528936896089 401.295346752855 501.295346752855
5882 574.20166 435.2265 463.04889913133843 563.0488991313384 393.30112404946493 493.30112404946493
5899 443.46994 341.14932 460.427460199564 560.4274601995639 385.1734160167848 485.1734160167848
5916 443.46994 341.14932 458.1944776869708 558.1944776869708 376.9305179198789 476.9305179198789
5933 354.77597 272.91946 456.35497798067684 556.3549779806768 368.59098431373195 468.59098431373195
5951 354.77597 272.91946 454.8407421273871 554.8407421273871 359.67642565233353 459.67642565233353
5967 283.82077 218.33557 453.8720946157316 553.8720946157316 351.69727415859836 451.69727415859836
5984 283.82077 218.33557 453.23429986469176 553.2342998646918 343.18112492358273 443.18112492358273
6002 227.05663 174.66846 453.0036526131048 553.0036526131048 335.1467028281774 435.1467028281774
