1 694.83636 365.57922 333.00042067616835 433.00042067616835 333.4976002348308 433.4976002348308
17 694.83636 365.57922 333.1215672298508 433.1215672298508 325.460353677165 425.460353677165
34 694.83636 365.57922 333.4861703954607 433.4861703954607 316.92762829531256 416.92762829531256
52 692.8438 363.28793 334.1367899590455 434.1367899590455 307.9082065772343 407.9082065772343
68 692.90906 362.38962 334.94310583748677 434.94310583748677 299.91059046864586 399.91059046864586
85 692.90906 362.38962 336.0342573431978 436.0342573431978 291.44006945149073 391.44006945149073
102 691.83093 363.35797 337.3660842002114 437.3660842002114 283.00404105339845 383.00404105339845
119 691.83093 363.35797 338.93750703184975 438.93750703184975 274.6093422383909 374.6093422383909
137 688.514 362.84128 340.8610993111701 440.8610993111701 265.7734457537099 365.7734457537099
153 688.514 362.84128 342.7938532438116 442.7938532438116 257.9711082224287 357.9711082224287
171 689.1991 362.10672 345.21716057483684 445.21716057483684 249.25899851671107 349.2589985167111
187 689.1991 362.10672 347.59079703666407 447.59079703666407 241.57929418234613 341.57929418234613
204 691.65186 361.1435 350.3372521925565 450.3372521925565 233.4924331110061 333.4924331110061
221 691.65186 361.1435 353.31279086333535 453.31279086333535 225.48702821623766 325.48702821623766
238 691.0138 348.04276 356.51500152904384 456.51500152904384 217.5695674640201 317.5695674640201
256 691.0138 348.04276 360.14975501321027 460.14975501321027 209.2893596734873 309.2893596734873
272 689.1772 348.2374 363.5888763391684 463.5888763391684 202.0240686798987 302.02406867989873
290 689.1772 348.2374 367.68894874217887 467.68894874217887 193.9641257374746 293.9641257374746
306 688.0416 351.27722 371.53594923283765 471.53594923283765 186.90632183391858 286.9063218339186
323 688.0416 351.27722 375.8289940602396 475.8289940602396 179.52322600490484 279.5232260049048
340 688.229 352.10416 380.3304626662418 480.3304626662418 172.26532559916362 272.2653255991636
358 688.229 352.10416 385.31984113972976 485.31984113972976 164.72348388819168 264.7234838881917
374 686.559 351.9489 389.9439124255555 489.9439124255555 158.14853343516307 258.1485334351631
392 686.559 351.9489 395.3543956887837 495.3543956887837 150.90284887099742 250.90284887099742
408 641.55176 330.0451 400.34514001297055 500.34514001297055 144.601699784777 244.601699784777
425 641.55176 330.0451 405.83073236238414 505.83073236238414 138.05581447516937 238.05581447516937
442 604.0202 310.836 411.50043363562395 511.50043363562395 131.66873177782583 231.66873177782583
459 604.0202 310.836 417.3496488335043 517.3496488335043 125.44562809241546 225.44562809241546
477 577.5805 294.43958 423.73332887425113 523.7333288742511 119.04079373995708 219.04079373995708
493 577.5805 294.43958 429.5675174146769 529.5675174146769 113.51139478609738 213.51139478609738
510 552.56213 277.11926 435.9262688483818 535.9262688483818 107.8099372430793 207.8099372430793
528 552.56213 277.11926 442.83303936531155 542.8330393653116 101.97300354707676 201.97300354707676
544 535.9861 254.61156 449.1176429853873 549.1176429853873 96.96144031244515 196.96144031244515
561 535.9861 254.61156 455.939574763276 555.939574763276 91.82319306962836 191.82319306962836
579 525.7477 238.9601 463.31908475446505 563.319084754465 86.5967118216947 186.5967118216947
596 525.7477 238.9601 470.430298817712 570.430298817712 81.86691558325475 181.86691558325475
613 521.65814 219.4567 477.673267202495 577.673267202495 77.34146014899 177.34146014899
629 521.65814 219.4567 484.6052797509776 584.6052797509776 73.27215913482809 173.2721591348281
647 514.20953 200.44719 492.53088471125693 592.5308847112569 68.91807370173689 168.9180737017369
663 512.022 181.93684 499.6832388604396 599.6832388604396 65.24985358281685 165.24985358281685
681 512.022 181.93684 507.8437817222184 607.8437817222184 61.353853820736504 161.3538538207365
698 512.88135 171.33638 515.6555035702502 615.6555035702502 57.90170381248561 157.9017038124856
714 512.88135 171.33638 523.0947016472838 623.0947016472838 54.85698039535282 154.85698039535282
732 512.88135 171.33638 531.5578441028453 631.5578441028453 51.6713103368038 151.6713103368038
748 513.91986 161.43356 539.158255286693 639.158255286693 49.0548702834833 149.0548702834833
765 513.91986 161.43356 547.3073843205016 647.3073843205016 46.49908588318232 146.49908588318232
783 519.5197 145.74051 556.0114292711773 656.0114292711773 44.04696936032366 144.04696936032366
799 519.5197 145.74051 563.8073299341439 663.8073299341439 42.08841336946284 142.08841336946284
816 526.6139 132.16127 572.1447741627716 672.1447741627716 40.23709987763954 140.23709987763954
833 538.66675 120.11618 580.531538399579 680.531538399579 38.62386599915499 138.623865999155
850 538.66675 120.11618 588.960825606595 688.960825606595 37.25001917650059 137.2500191765006
867 550.68274 108.83113 597.4258042831839 697.4258042831839 36.116672841359446 136.11667284135945
884 550.68274 108.83113 605.9196140026227 705.9196140026227 35.2247455122278 135.2247455122278
901 566.6328 98.8573 614.4353709721212 714.4353709721212 34.574960050003085 134.57496005000309
918 566.6328 98.8573 622.9661736117806 722.9661736117806 34.167843072143 134.167843072143
935 582.1275 83.58158 631.5051081479654 731.5051081479654 34.00372452586896 134.00372452586896
953 582.1275 83.58158 640.5475055449577 740.5475055449577 34.09495642779058 134.09495642779058
969 582.1275 83.58158 648.5796904715623 748.5796904715623 34.40481772096149 134.4048177209615
986 598.6314 75.15999 657.1015001944813 757.1015001944813 34.96970439707047 134.96970439707047
1003 598.6314 75.15999 665.6037768999744 765.6037768999744 35.77693963769889 135.7769396376989
1021 613.45264 71.16707 674.5772397075203 774.5772397075203 36.895080588854285 136.89508058885428
1037 630.45953 63.320213 682.5221900543268 782.5221900543268 38.115643042381976 138.11564304238198
1055 630.45953 63.320213 691.4174796955454 791.4174796955454 39.74263294520472 139.74263294520472
1071 645.49036 58.20153 699.2800950571935 799.2800950571935 41.41334787928315 141.41334787928315
1088 645.49036 58.20153 707.5818585250034 807.5818585250034 43.41860627535635 143.41860627535635
1105 661.9635 49.754444 715.8231772598931 815.8231772598931 45.65936583863811 145.6593658386381
1122 661.9635 49.754444 723.9973720999366 823.9973720999366 48.133810549576026 148.13381054957603
1139 680.1992 46.969154 732.0978182836474 832.0978182836474 50.839934998910564 150.83993499891056
1156 680.1992 46.969154 740.117950819005 840.117950819005 53.77554601295549 153.7755460129555
1173 697.5613 48.258724 748.0512698040402 848.0512698040402 56.93826443105149 156.9382644310515
1190 697.5613 48.258724 755.8913456946693 855.8913456946693 60.32552703375262 160.32552703375262
1208 711.922 48.7174 764.0839106673807 864.0839106673807 64.15373198032523 164.15373198032523
1224 734.4133 49.52078 771.2664330094331 871.2664330094331 67.76252423287974 167.76252423287974
1242 734.4133 49.52078 779.2278662476037 879.2278662476037 72.05074702783952 172.05074702783952
1258 754.91 48.922924 786.1933800147626 886.1933800147626 76.06243329120804 176.06243329120804
1275 754.91 48.922924 793.4736210088488 893.4736210088488 80.52768009049117 180.52768009049117
1292 754.91 48.922924 800.6238064458005 900.6238064458005 85.19835307494287 185.19835307494287
1309 773.3855 49.24488 807.638141470708 907.638141470708 90.0706669060545 190.0706669060545
1327 773.3855 49.24488 814.9106963702274 914.9106963702274 95.4449779482751 195.4449779482751
1343 773.3855 49.24488 821.2366359705578 921.2366359705578 100.40426185718263 200.40426185718263
1361 773.3855 49.24488 828.1915644145411 928.1915644145411 106.18372933127876 206.18372933127876
1378 773.3855 49.24488 834.5973693489477 934.5973693489477 111.83226905874935 211.83226905874935
1394 773.3855 49.24488 840.4772028442499 940.4772028442499 117.31310538030687 217.31310538030687
1412 773.3855 49.24488 846.9137673844003 946.9137673844003 123.66479105149173 223.66479105149173
1429 773.3855 49.24488 852.8143786828404 952.8143786828404 129.83918367062486 229.83918367062486
1445 773.3855 49.24488 858.2052415379586 958.2052415379586 135.80161659632608 235.80161659632608
1462 773.3855 49.24488 863.7557966001699 963.7557966001699 142.29250840037312 242.29250840037312
1480 805.01324 60.673943 869.4289206730178 969.4289206730178 149.33444969515332 249.33444969515332
1496 805.01324 60.673943 874.2915129944168 974.2915129944168 155.73501253228335 255.73501253228335
1513 829.7586 74.09074 879.2681356740757 979.2681356740757 162.675730406883 262.67573040688296
1530 829.7586 74.09074 884.0451707867052 984.0451707867052 169.7552977272204 269.7552977272204
1547 853.6736 88.08213 888.6187467928016 988.6187467928016 176.96797687071094 276.9679768707109
1564 853.6736 88.08213 892.9851570459276 992.9851570459276 184.30792233453255 284.3079223345326
1582 877.6036 101.72969 897.3786814969314 997.3786814969314 192.2117326082863 292.2117326082863
1599 897.67206 119.02227 901.3076210713034 1001.3076210713034 199.79485674886422 299.7948567488642
1615 897.67206 119.02227 904.8068623492258 1004.8068623492258 207.03138348446487 307.03138348446487
1633 897.67206 119.02227 908.5101439647128 1008.5101439647128 215.28117010118746 315.28117010118746
1649 915.5249 131.99593 911.5918989033121 1011.5918989033121 222.7051040458423 322.7051040458423
1666 915.5249 131.99593 914.6470702485676 1014.6470702485676 230.6804577033056 330.6804577033056
1683 932.63556 147.12022 917.4739812329851 1017.4739812329851 238.73954649774532 338.7395464977453
1701 932.63556 147.12022 920.21584210631 1020.21584210631 247.35670803135872 347.3567080313587
1717 947.31726 160.293 922.4340447096293 1022.4340447096293 255.08274103198784 355.08274103198784
1734 947.31726 160.293 924.5631773273444 1024.5631773273444 263.35360145921436 363.35360145921436
1751 961.1504 174.81993 926.4560130930984 1026.4560130930984 271.6817171329047 371.6817171329047
1770 970.9066 191.48691 928.2900242487331 1028.290024248733 281.0490644163614 381.0490644163614
1786 970.9066 191.48691 929.6026611419293 1029.6026611419293 288.97932248926173 388.97932248926173
1803 987.14886 200.00221 930.7640061395116 1030.7640061395116 297.4405053679775 397.4405053679775
1820 987.14886 200.00221 931.6840288345896 1031.6840288345898 305.9313178232743 405.9313178232743
1836 994.1262 215.31123 932.3288155200738 1032.328815520074 313.9435746118702 413.9435746118702
1853 994.1262 215.31123 932.7784362013994 1032.7784362013995 322.4722426880359 422.4722426880359
1870 1011.12756 226.66446 932.9851019890048 1032.9851019890048 331.01025341435343 431.01025341435343
1887 1011.12756 226.66446 932.9486453909749 1032.948645390975 339.5506871754069 439.5506871754069
1904 1022.7504 240.41971 932.6690959534936 1032.6690959534935 348.08662239203596 448.08662239203596
1922 1022.7504 240.41971 932.1083946506541 1032.1083946506542 357.1120801640305 457.1120801640305
1938 1026.8075 256.9843 931.3818216320687 1031.3818216320687 365.1173347111916 465.1173347111916
1955 1026.8075 256.9843 930.3751400172805 1030.3751400172805 373.5983093035911 473.5983093035911
1972 1022.3915 278.8798 929.1274512558361 1029.1274512558361 382.04719151753216 482.04719151753216
1989 1018.0007 298.74658 927.6397665348454 1027.6397665348454 390.4571339716405 490.4571339716405
2006 1018.0007 298.74658 925.9132915457113 1025.9132915457112 398.8213208432003 498.8213208432003
2023 1015.91925 317.73254 923.9494255069792 1023.9494255069792 407.13297339202586 507.13297339202586
2040 1015.91925 317.73254 921.7497600303433 1021.7497600303433 415.385355454278 515.3853554542779
2057 1015.91925 317.73254 919.3160778307275 1019.3160778307275 423.5717789017766 523.5717789017766
2074 1011.4825 333.24014 916.6503512814876 1016.6503512814876 431.68560906238275 531.6856090623828
2092 1011.4825 333.24014 913.5773009969078 1013.5773009969078 440.19029223658174 540.1902922365817
2108 1010.05237 347.5812 910.6315931762647 1010.6315931762647 447.6692503292295 547.6692503292295
2126 1010.05237 347.5812 907.0795392706568 1007.0795392706568 455.98527023040305 555.9852702304031
2142 1018.55524 363.26202 903.7129933280626 1003.7129933280626 463.2844741001809 563.2844741001809
2159 1018.55524 363.26202 899.9231482862865 999.9231482862865 470.9380623089762 570.9380623089762
2176 1027.5718 377.2541 895.9169758597092 995.9169758597092 478.4806693117979 578.4806693117979
2193 1031.9487 388.3267 891.6977228435584 991.6977228435584 485.90618221638465 585.9061822163847
2210 1031.9487 388.3267 887.2688087238421 987.2688087238421 493.20858302917645 593.2085830291765
2227 1034.8586 400.153 882.6338229060326 982.6338229060326 500.38195353258584 600.3819535325858
2244 1034.8586 400.153 877.7965218060378 977.7965218060378 507.42048008140796 607.420480081408
2261 1036.9865 414.45078 872.7608258058228 972.7608258058228 514.3184583144773 614.3184583144773
2278 1036.9865 414.45078 867.5308160761413 967.5308160761413 521.0702977777584 621.0702977777584
2295 1036.3453 434.11304 862.1107312689596 962.1107312689596 527.6705264551181 627.6705264551181
2312 1036.3453 434.11304 856.5049640822481 956.5049640822481 534.1137952031119 634.1137952031119
2329 1036.3453 434.11304 850.7180576999276 950.7180576999276 540.394882086187 640.394882086187
2346 1032.3668 457.87836 844.754702109853 944.754702109853 546.5086966087915 646.5086966087915
2363 1032.3668 457.87836 838.6197303028227 938.6197303028227 552.4502838409564 652.4502838409564
2380 1026.547 474.52835 832.3181143556885 932.3181143556885 558.2148284340103 658.2148284340103
2398 1016.66943 495.49454 825.4698566711968 925.4698566711968 564.1203039129076 664.1203039129076
2414 1016.66943 495.49454 819.2355094916655 919.2355094916655 569.1942495138428 669.1942495138428
2431 1007.6678 510.79663 812.4651233483269 912.4651233483269 574.4002277485814 674.4002277485814
2448 1007.6678 510.79663 805.5492900189863 905.5492900189863 579.4113740517007 679.4113740517007
2465 998.86584 524.6415 798.4936144283101 898.4936144283101 584.2236271487043 684.2236271487043
2482 998.86584 524.6415 791.3038148358737 891.3038148358737 588.8330869577367 688.8330869577367
2499 988.0553 539.08746 783.9857182018081 883.9857182018081 593.2360177503971 693.2360177503971
2517 988.0553 539.08746 776.1038988675523 876.1038988675523 597.6688721273433 697.6688721273433
2533 988.0553 539.08746 768.9884567331254 868.9884567331254 601.4081891703074 701.4081891703074
2551 977.42114 551.9735 760.8671459641587 860.8671459641587 605.3853219740902 705.3853219740902
2567 966.4712 561.353 753.5504381858558 853.5504381858558 608.7136542896951 708.7136542896951
2584 966.4712 561.353 745.6817300841386 845.6817300841386 612.0338607170812 712.0338607170812
2601 966.4712 561.353 737.721699277214 837.721699277214 615.1287351027865 715.1287351027865
2618 966.4712 561.353 729.6767969577133 829.6767969577133 617.9957692114392 717.9957692114392
2635 966.4712 561.353 721.553543102233 821.553543102233 620.6326394604092 720.6326394604092
2652 966.4712 561.353 713.3585211872297 813.3585211872297 623.0372088029525 723.0372088029525
2669 966.4712 561.353 705.0983728534557 805.0983728534557 625.2075284601758 725.2075284601758
2687 795.2108 483.68765 696.2887884500344 796.2887884500344 627.2482382837565 727.2482382837565
2703 809.6904 510.26376 688.4095219750633 788.4095219750633 628.8385742647915 728.8385742647915
2720 809.6904 510.26376 679.9943448795832 779.9943448795832 630.296357637651 730.296357637651
2737 819.17377 532.89856 671.5410813019316 771.5410813019316 631.5140081610913 731.5140081610913
2755 821.36707 549.7187 662.5566681050749 762.5566681050749 632.5404551656717 732.5404551656717
2772 821.36707 549.7187 654.0465913636143 754.0465913636143 633.2608243522246 733.2608243522246
2788 657.0937 439.77496 646.0214019995067 746.0214019995067 633.7172719246712 733.7172719246712
2805 657.0937 439.77496 637.4845270833351 737.4845270833351 633.9664798220608 733.9664798220608
2823 657.0937 439.77496 628.4416695312384 728.4416695312384 633.9653673731979 733.9653673731979
2839 525.675 351.81998 620.4067954607539 720.4067954607539 633.7355687926154 733.7355687926154
2856 525.675 351.81998 611.8797793711809 711.8797793711809 633.2556370072082 733.2556370072082
2873 420.54 281.456 603.3698801263789 703.3698801263789 632.5331740297464 732.5331740297464
2891 420.54 281.456 594.3857197476881 694.3857197476881 631.5045165381459 731.5045165381459
2907 336.432 225.1648 586.4290000393138 686.4290000393138 630.3631926583694 730.3631926583694
2924 336.432 225.1648 578.0117489028069 678.0117489028069 628.9174329219486 728.9174329219486
2941 269.1456 180.13184 569.6390628953682 669.6390628953682 627.232657883161 727.232657883161
2958 269.1456 180.13184 561.3177276452934 661.3177276452934 625.3102329649023 725.3102329649023
2975 269.1456 180.13184 553.0544871637487 653.0544871637487 623.1517161929854 723.1517161929854
2992 269.1456 180.13184 544.8560383791012 644.8560383791012 620.7588569334407 720.7588569334407
3009 269.1456 180.13184 536.7290257094023 636.7290257094023 618.1335944747455 718.1335944747455
3026 269.1456 180.13184 528.6800356774336 628.6800356774336 615.278056456131 715.278056456131
3043 269.1456 180.13184 520.7155915726703 620.7155915726703 612.1945571432422 712.1945571432422
3060 137.80255 92.2275 512.8421481644934 612.8421481644934 608.8855955525434 708.8855955525434
3077 137.80255 92.2275 505.066086470933 605.066086470933 605.3538534259965 705.3538534259965
3094 137.80255 92.2275 497.3937085871838 597.3937085871838 601.6021930576474 701.6021930576474
3111 110.24204 73.782005 489.8312325780845 589.8312325780845 597.6336549738851 697.6336549738851
3128 110.24204 73.782005 482.38478743869564 582.3847874386956 593.4514554692516 693.4514554692516
3145 88.193634 59.025604 475.06040812706976 575.0604081270698 589.058983999804 689.058983999804
3162 70.55491 47.220486 467.8640306732291 567.8640306732291 584.4598004361334 684.4598004361334
3180 70.55491 47.220486 460.39033437862736 560.3903343786274 579.3689127295427 679.3689127295427
3196 56.443928 37.77639 453.87850203784535 553.8785020378454 574.6563711348483 674.6563711348483
3213 56.443928 37.77639 447.10068540279684 547.1006854027969 569.4600705688548 669.4600705688548
3230 45.155144 30.221113 440.47353053246013 540.4735305324601 564.0729418127313 664.0729418127313
3247 45.155144 30.221113 434.0024083925641 534.0024083925641 558.4993508552757 658.4993508552757
3265 36.124115 24.176891 427.3265285815807 527.3265285815808 552.3996867092457 652.3996867092457
3281 36.124115 24.176891 421.54910963438175 521.5491096343817 546.8109982204569 646.8109982204569
3298 28.899292 19.341513 415.5770257696452 515.5770257696452 540.7057093474355 640.7057093474355
3315 28.899292 19.341513 409.7811519627961 509.7811519627961 534.4328962045494 634.4328962045494
3332 28.899292 19.341513 404.1661854693228 504.1661854693228 527.9976425819129 627.9976425819129
3350 28.899292 19.341513 398.4231643908829 498.4231643908829 521.0125883346178 621.0125883346178
3366 28.899292 19.341513 393.49702667636814 493.49702667636814 514.6608030789737 614.6608030789737
3383 28.899292 19.341513 388.45148117741576 488.45148117741576 507.7700260162269 607.7700260162269
3401 28.899292 19.341513 383.3252481623738 483.3252481623738 500.3205287834901 600.3205287834901
3417 484.4024 -153.69243 378.95890042682595 478.95890042682595 493.5716758314352 593.5716758314352
3434 483.87906 120.776436 374.519558420162 474.519558420162 486.2756097367269 586.2756097367269
3451 483.87906 120.776436 370.28970142185455 470.28970142185455 478.85613214835485 578.8561321483548
3468 478.0265 212.10736 366.2727575118902 466.2727575118902 471.3192561685689 571.3192561685689
3486 478.0265 212.10736 362.2552058135661 462.2552058135661 463.2178641711182 563.2178641711182
3502 470.81952 280.43152 358.8904558633554 458.8904558633554 455.9178322199049 555.9178322199049
3519 470.81952 280.43152 355.5310810978608 455.5310810978608 448.06576630732854 548.0657663073285
3536 468.69785 337.21625 352.3965805179704 452.3965805179704 440.1212559998803 540.1212559998803
3553 468.69785 337.21625 349.4894944740342 449.4894944740342 432.0907399116313 532.0907399116313
3570 440.5628 353.90912 346.8121790087004 446.8121790087004 423.9807263598813 523.9807263598814
3587 440.5628 353.90912 344.3668039474663 444.3668039474663 415.79778809050777 515.7977880905078
3604 443.51678 389.49597 342.155351140146 442.155351140146 407.5485569510936 507.5485569510936
3621 443.51678 389.49597 340.17961285468476 440.17961285468476 399.23971851615926 499.23971851615926
3638 422.96677 383.8626 338.44119032461737 438.44119032461737 390.87800666884965 490.87800666884965
3656 422.96677 383.8626 336.8607362133312 436.8607362133312 381.97433109371923 481.97433109371923
3672 421.78354 411.22885 335.68173466233077 435.68173466233077 374.02310703330426 474.02310703330426
3689 421.78354 411.22885 334.66293792598333 434.66293792598333 365.5435792681223 465.5435792681223
3707 411.1501 405.3943 333.8477655898568 433.8477655898568 356.5375386282254 456.5375386282254
3723 407.0784 422.91223 333.35133438360816 433.35133438360816 348.5147233633919 448.5147233633919
3740 407.0784 422.91223 333.05959056430925 433.05959056430925 339.9791962294431 439.9791962294431
3757 404.1023 434.87747 453.02406576024066 553.0240657602407 331.056686471707 431.056686471707
3775 404.1023 434.87747 453.3989626747057 553.3989626747057 322.0222125716715 422.0222125716715
3791 404.1023 434.87747 454.11274721758974 554.1127472175897 314.01623679178385 414.01623679178385
3808 394.75604 432.13577 455.26193415828243 555.2619341582824 305.553911501838 405.553911501838
3825 389.93417 429.9564 456.81120498653286 556.8112049865329 297.15561763711503 397.15561763711503
3842 389.93417 429.9564 458.7570723329198 558.7570723329197 288.84025954453836 388.84025954453836
3859 389.93417 429.9564 461.09515609929747 561.0951560992975 280.62655488470796 380.62655488470796
3877 384.9496 424.98026 463.99241332353733 563.9924133235373 272.0610328969076 372.0610328969076
3893 384.9496 424.98026 466.92605000007745 566.9260500000775 264.5777907912517 364.5777907912517
3910 385.24005 424.07208 470.40573493989234 570.4057349398923 256.7788567193968 356.7788567193968
3928 380.0282 413.38754 474.4888488204813 574.4888488204813 248.71099161237862 348.7109916123786
3945 380.0282 413.38754 478.7126014504479 578.7126014504479 241.28862718732034 341.28862718732034
3961 376.65576 401.216 483.0053327319572 583.0053327319572 234.49321736108072 334.4932173610807
3979 376.65576 401.216 488.19170848039323 588.1917084803932 227.08620899447726 327.08620899447726
3997 377.4098 388.72815 493.7435118245228 593.7435118245228 219.94900043825493 319.9490004382549
4012 377.4098 388.72815 498.63907999467915 598.6390799946792 214.22043924223226 314.22043924223226
4030 401.69208 372.26938 504.82380561963384 604.8238056196338 207.62411941289355 307.62411941289355
4047 401.69208 372.26938 510.9622116294033 610.9622116294033 201.6868177027948 301.68681770279477
4063 425.33826 355.25714 516.9907313118342 616.9907313118342 196.37060786867886 296.37060786867886
4081 425.33826 355.25714 524.0486998190197 624.0486998190197 190.7184094558065 290.7184094558065
4097 442.55655 340.2372 530.5538343096449 630.5538343096449 185.9973542961332 285.9973542961332
4114 442.55655 340.2372 537.689062464963 637.689062464963 181.30479645322103 281.304796453221
4131 460.10654 324.88898 545.0388331282979 645.0388331282979 176.95595164869005 276.9559516486901
4149 460.10654 324.88898 553.0363936238961 653.0363936238961 172.73679385759596 272.73679385759596
4165 478.69006 313.9999 560.3153796987771 660.3153796987771 169.32776198864897 269.32776198864894
4182 478.69006 313.9999 568.2077684862486 668.2077684862486 166.06558799499004 266.06558799499004
4200 495.25735 299.73346 576.7229970015156 676.7229970015156 163.02368896976233 263.02368896976236
4216 495.25735 299.73346 584.4119892185008 684.4119892185008 160.68178050678887 260.68178050678887
4234 513.3959 289.20255 593.1771405586188 693.1771405586188 158.46043219287566 258.46043219287566
4250 513.3959 289.20255 601.053445290706 701.053445290706 156.85763453593017 256.8576345359302
4267 529.4789 280.73038 609.4914555949256 709.4914555949256 155.54174622631027 255.54174622631027
4284 529.4789 280.73038 617.9823830375866 717.9823830375866 154.6275629290547 254.6275629290547
4301 547.2173 271.83417 626.507114755926 726.507114755926 154.1171424476271 254.1171424476271
4318 563.9553 263.31952 635.0464617946108 735.0464617946108 154.01163372561214 254.01163372561214
4335 563.9553 263.31952 643.581202299593 743.581202299593 154.31127426047263 254.31127426047263
4352 563.9553 263.31952 652.0921247860152 752.0921247860152 155.01538956894865 255.01538956894865
4370 586.14233 249.0386 661.0564395481568 761.0564395481568 156.20001068650026 256.20001068650026
4386 586.14233 249.0386 668.9659809564164 768.9659809564164 157.6297978289907 257.6297978289907
4403 605.8528 239.5899 677.2909320172428 777.2909320172428 159.53420581373558 259.5342058137356
4420 605.8528 239.5899 685.5161853111272 785.5161853111272 161.83133188536496 261.831331885365
4437 623.43994 231.53972 693.6232260010909 793.6232260010909 164.5160052712332 264.5160052712332
4454 623.43994 231.53972 701.5938053437343 801.5938053437343 167.58218283949915 267.5821828394992
4471 638.5835 225.2203 709.4099817666976 809.4099817666976 171.0229627020636 271.02296270206364
4488 638.5835 225.2203 717.0541612546845 817.0541612546845 174.83059975054408 274.8305997505441
4505 656.7716 219.66101 724.5091369531456 824.5091369531456 178.99652309031762 278.9965230903176
4523 656.7716 219.66101 732.1777732058051 832.1777732058051 183.78758605914797 283.787586059148
4539 656.7716 219.66101 738.7848168015221 838.7848168015221 188.36493370665013 288.36493370665016
4556 656.7716 219.66101 745.5733867574248 845.5733867574248 193.54633292803192 293.5463329280319
4574 656.7716 219.66101 752.4847699331881 852.4847699331881 199.3768602579292 299.3768602579292
4590 656.7716 219.66101 758.3756166338345 858.3756166338345 204.8452294582745 304.8452294582745
4607 656.7716 219.66101 764.3604590589218 864.3604590589218 210.9372932370277 310.9372932370277
4625 656.7716 219.66101 770.3747830567704 870.3747830567704 217.68934279222185 317.68934279222185
4641 683.7092 218.56696 775.4302705632856 875.4302705632856 223.93811728273374 323.93811728273374
4658 683.7092 218.56696 780.4903217770493 880.4903217770493 230.81761302381858 330.8176130238186
4675 683.7092 218.56696 785.2183760095571 885.2183760095571 237.9293697063817 337.9293697063817
4693 730.8864 219.31068 789.8508707295014 889.8508707295014 245.69482262405427 345.69482262405427
4709 730.8864 219.31068 793.6366938824929 893.6366938824929 252.78514557975075 352.78514557975075
4726 730.8864 219.31068 797.3080081024611 897.3080081024611 260.4957247950736 360.4957247950736
4743 751.893 220.93388 800.6094691549205 900.6094691549205 268.3717602734482 368.3717602734482
4761 751.893 220.93388 803.6937615671286 903.6937615671286 276.8717253711941 376.8717253711941
4777 775.1231 235.86082 806.0739549944915 906.0739549944915 284.5489524624127 384.5489524624127
4795 775.1231 235.86082 808.3389522412413 908.3389522412413 293.3029260641045 393.3029260641045
4811 793.2546 249.6825 809.980977411876 909.980977411876 301.17114631399613 401.17114631399613
4828 793.2546 249.6825 811.3388957607996 911.3388957607996 309.60249482388303 409.60249482388303
4845 810.1725 260.88815 812.2953777692248 912.2953777692248 318.08876150040663 418.08876150040663
4862 810.1725 260.88815 812.84827042036 912.84827042036 326.6108439720703 426.6108439720703
4880 821.8394 274.127 812.9924195110625 912.9924195110625 335.6519438712278 435.6519438712278
4897 835.2169 289.9841 812.7114868280897 912.7114868280897 344.18732065055974 444.18732065055974
4914 835.2169 289.9841 812.0260281368674 912.0260281368674 352.69976602895355 452.69976602895355
4930 835.2169 289.9841 811.0127280160616 911.0127280160616 360.6733699460652 460.6733699460652
4948 845.01227 301.37283 809.4486116349954 909.4486116349954 369.57931213616394 469.57931213616394
4964 852.8782 314.67633 807.6843286896907 907.6843286896907 377.4210238275436 477.4210238275436
4981 852.8782 314.67633 805.4282173508461 905.4282173508461 385.65762152102405 485.65762152102405
4999 852.8782 314.67633 802.6164664715639 902.6164664715639 394.25159169433493 494.25159169433493
5015 860.6124 323.61545 799.7575521379785 899.7575521379785 401.7636982827043 501.7636982827043
5032 860.6124 323.61545 796.3557627878217 896.3557627878217 409.59692297976756 509.59692297976756
5050 870.53986 325.2026 792.3532545820084 892.3532545820084 417.70507902225296 517.7050790222529
5066 870.53986 325.2026 788.4575400722103 888.4575400722103 424.73562274375536 524.7356227437554
5084 872.0636 337.01807 783.7047491910079 883.7047491910079 432.4280375262833 532.4280375262833
5100 870.47876 355.9524 779.1603810904619 879.1603810904619 439.057807893992 539.057807893992
5117 870.47876 355.9524 774.0128734563121 874.0128734563121 445.8721123408068 545.8721123408068
5134 867.8025 373.02185 768.5479494131282 868.5479494131282 452.4345954942897 552.4345954942896
5152 867.8025 373.02185 762.4292686708334 862.4292686708334 459.0922236245453 559.0922236245453
5168 867.8025 373.02185 756.7157445286122 856.7157445286122 464.7456100820642 564.7456100820642
5186 863.1631 389.7434 749.993748013828 849.993748013828 470.79350469111057 570.7935046911106
5203 863.1631 389.7434 743.3738084758055 843.3738084758055 476.1886859160961 576.1886859160961
5220 860.0582 405.7232 736.5054202885274 836.5054202885274 481.26380400796154 581.2638040079615
5237 860.0582 405.7232 729.404044019961 829.404044019961 486.007435004336 586.007435004336
5254 688.0466 324.57858 722.0856646883476 822.0856646883476 490.40890111191015 590.4089011119102
5271 550.43726 259.66287 714.5667557803298 814.5667557803298 494.45829474187997 594.45829474188
5287 550.43726 259.66287 707.3221049847989 807.3221049847989 497.93969839739407 597.9396983973941
5304 440.34982 207.7303 699.4626183788416 799.4626183788416 501.28036453280606 601.2803645328061
5321 440.34982 207.7303 691.4535261011198 791.4535261011198 504.2444868016163 604.2444868016163
5339 440.34982 207.7303 682.8302861911227 782.8302861911227 506.96514844936485 606.9651484493648
5355 440.34982 207.7303 675.0589337638094 775.0589337638094 509.01727369220305 609.017273692203
5372 408.60852 217.1753 666.710337516615 766.710337516615 510.8151948914908 610.8151948914908
5389 408.60852 217.1753 658.2858601528986 758.2858601528986 512.2151095623715 612.2151095623715
5406 326.8868 173.74023 649.8044649579773 749.8044649579773 513.2138665323532 613.2138665323532
5423 326.8868 173.74023 641.2852433377668 741.2852433377668 513.8092176247758 613.8092176247758
5440 326.8868 173.74023 632.7473718445073 732.7473718445073 513.9998227193989 613.9998227193989
5457 414.40387 245.93636 624.2100690108309 724.2100690108309 513.7852527689789 613.7852527689789
5474 331.5231 196.74908 615.692552089333 715.692552089333 513.1659907650433 613.1659907650433
5491 331.5231 196.74908 607.2139937950213 707.2139937950213 512.1434306506889 612.1434306506889
5508 405.83838 265.32532 598.7934791480179 698.7934791480179 510.71987418285164 610.7198741828516
5526 405.83838 265.32532 589.9619676676424 689.9619676676424 508.7790827672435 608.7790827672435
5542 464.6524 317.9183 582.2022249367301 682.2022249367301 506.68348516468336 606.6834851646834
5559 464.6524 317.9183 574.0688318657412 674.0688318657412 504.079738423869 604.079738423869
5576 511.0464 363.32355 566.0680913626405 666.0680913626405 501.0931464966776 601.0931464966776
5593 511.0464 363.32355 558.218012891798 658.218012891798 497.7304321259451 597.7304321259451
5610 547.74774 396.28497 550.5362667811617 650.5362667811617 493.99916469660786 593.9991646966079
5628 547.74774 396.28497 542.6053395844086 642.6053395844086 489.65604828708047 589.6560482870805
5644 569.57513 423.57098 535.7465194703461 635.7465194703461 485.4653773139863 585.4653773139863
5661 586.72095 445.88144 528.6718096170268 628.6718096170268 480.6820667001052 580.6820667001052
5678 586.72095 445.88144 521.8319398796541 621.8319398796541 475.56857846668925 575.5685784666892
5695 593.2845 460.47623 515.2423066318847 615.2423066318847 470.13642294632587 570.1364229463259
5713 593.2845 460.47623 508.5542719367003 608.5542719367003 464.0509929481327 564.0509929481327
5729 602.102 471.58905 502.8724853308397 602.8724853308397 458.36571041097886 558.3657104109789
5746 602.102 471.58905 497.1201414322254 597.1201414322254 452.0536489719888 552.0536489719889
5763 602.102 471.58905 491.67365965604995 591.67365965605 445.47585175716756 545.4758517571676
5781 602.0624 481.67227 486.25378898296606 586.2537889829661 438.23794679551276 538.2379467955127
5797 598.1784 487.09122 481.74660595691194 581.7466059569119 431.58284065575424 531.5828406557542
5814 598.1784 487.09122 477.2883795805666 577.2883795805666 424.29889958551144 524.2988995855114
5832 478.54272 389.67297 472.9501422903951 572.9501422903951 416.3653024466931 516.365302446693
5848 478.54272 389.67297 469.43268195865755 569.4326819586576 409.1380893339877 509.1380893339877
5865 494.00256 410.69925 466.05289368960894 566.0528936896089 401.295346752855 501.295346752855
5882 494.00256 410.69925 463.04889913133843 563.0488991313384 393.30112404946493 493.30112404946493
5900 507.3565 424.4879 460.2853018905736 560.2853018905736 384.6915481808328 484.6915481808328
5916 507.3565 424.4879 458.1944776869708 558.1944776869708 376.9305179198789 476.9305179198789
5933 518.21765 437.0335 456.35497798067684 556.3549779806768 368.59098431373195 468.59098431373195
5950 518.21765 437.0335 454.91310174796206 554.9131017479621 360.1735872774116 460.1735872774116
5967 531.2916 450.06616 453.8720946157316 553.8720946157316 351.69727415859836 451.69727415859836
5985 531.2916 450.06616 453.2093745722001 553.2093745722001 342.6793437701557 442.6793437701557
6002 531.2916 450.06616 453.0036526131048 553.0036526131048 335.1467028281774 435.1467028281774
