1 660.897 473.97617 333.00042067616835 433.00042067616835 333.4976002348308 433.4976002348308
17 660.897 473.97617 333.1215672298508 433.1215672298508 325.460353677165 425.460353677165
35 669.64813 437.29944 333.5151809083458 433.5151809083458 316.4260666429181 416.4260666429181
52 669.64813 437.29944 334.1367899590455 434.1367899590455 307.9082065772343 407.9082065772343
69 673.2246 412.94617 335.00061216007174 435.00061216007174 299.41149255853884 399.41149255853884
85 673.2246 412.94617 336.0342573431978 436.0342573431978 291.44006945149073 391.44006945149073
102 673.2246 412.94617 337.3660842002114 437.3660842002114 283.00404105339845 383.00404105339845
119 673.2246 412.94617 338.93750703184975 438.93750703184975 274.6093422383909 374.6093422383909
137 673.2246 412.94617 340.8610993111701 440.8610993111701 265.7734457537099 365.7734457537099
153 673.2246 412.94617 342.7938532438116 442.7938532438116 257.9711082224287 357.9711082224287
171 673.2246 412.94617 345.21716057483684 445.21716057483684 249.25899851671107 349.2589985167111
187 687.5814 355.97598 347.59079703666407 447.59079703666407 241.57929418234613 341.57929418234613
204 687.5814 355.97598 350.3372521925565 450.3372521925565 233.4924331110061 333.4924331110061
221 687.5814 355.97598 353.31279086333535 453.31279086333535 225.48702821623766 325.48702821623766
239 689.65454 346.12903 356.7103713044251 456.7103713044251 217.10671073469888 317.1067107346989
255 686.9969 322.37744 359.9412889638151 459.9412889638151 209.74646754616077 309.7464675461608
272 686.9969 322.37744 363.5888763391684 463.5888763391684 202.0240686798987 302.02406867989873
289 676.8847 313.00394 367.4548074744846 467.4548074744846 194.40862946948707 294.4086294694871
306 676.8847 313.00394 371.53594923283765 471.53594923283765 186.90632183391858 286.9063218339186
323 672.62933 304.38492 375.8289940602396 475.8289940602396 179.52322600490484 279.5232260049048
341 672.62933 304.38492 380.6016685145469 480.6016685145469 171.84241533816768 271.8424153381677
357 665.814 302.72375 385.0367068437197 485.0367068437197 165.13850276900726 265.13850276900723
375 665.814 302.72375 390.2387457035903 490.2387457035903 157.7417422858324 257.7417422858324
391 663.90015 293.73282 395.0481023758233 495.0481023758233 151.30108260568883 251.30108260568883
409 663.90015 293.73282 400.66264512599264 500.66264512599264 144.21234621253794 244.21234621253794
425 664.7088 293.63745 405.83073236238414 505.83073236238414 138.05581447516937 238.05581447516937
442 664.7088 293.63745 411.50043363562395 511.50043363562395 131.66873177782583 231.66873177782583
460 664.7088 293.63745 417.69921012162035 517.6992101216204 125.08477825264669 225.0847782526467
476 664.7088 293.63745 423.3736374701024 523.3736374701024 119.39154692211227 219.39154692211227
493 664.7088 293.63745 429.5675174146769 529.5675174146769 113.51139478609738 213.51139478609738
510 648.981 277.468 435.9262688483818 535.9262688483818 107.8099372430793 207.8099372430793
527 572.79047 229.35501 442.44473833256984 542.4447383325698 102.29179502905546 202.29179502905546
544 572.79047 229.35501 449.1176429853873 549.1176429853873 96.96144031244515 196.96144031244515
561 549.09296 214.18675 455.939574763276 555.939574763276 91.82319306962836 191.82319306962836
578 549.09296 214.18675 462.90500484391305 562.905004843913 86.88121758382923 186.88121758382923
596 533.62604 206.94478 470.430298817712 570.430298817712 81.86691558325475 181.86691558325475
612 533.62604 206.94478 477.24366770951156 577.2436677095116 77.60194042970028 177.60194042970028
629 524.93994 200.70758 484.6052797509776 584.6052797509776 73.27215913482809 173.2721591348281
646 517.1606 193.59528 492.08715802621145 592.0871580262115 69.15368424901567 169.15368424901567
664 517.1606 193.59528 500.1334925058843 600.1334925058843 65.02696940712423 165.02696940712423
680 517.1606 193.59528 507.3873660236304 607.3873660236304 61.563830988764266 161.56383098876427
697 515.43414 188.10342 515.1932957197998 615.1932957197998 58.09860379723074 158.09860379723074
715 515.43414 188.10342 523.5623270540765 623.5623270540765 54.6733171711283 154.6733171711283
731 514.46655 166.76694 531.0851801258791 631.0851801258791 51.84158795097835 151.84158795097835
748 514.46655 166.76694 539.158255286693 639.158255286693 49.0548702834833 149.0548702834833
765 518.04626 151.65004 547.3073843205016 647.3073843205016 46.49908588318232 146.49908588318232
783 518.04626 151.65004 556.0114292711773 656.0114292711773 44.04696936032366 144.04696936032366
799 522.67737 137.34041 563.8073299341439 663.8073299341439 42.08841336946284 142.08841336946284
816 530.69055 119.11673 572.1447741627716 672.1447741627716 40.23709987763954 140.23709987763954
834 530.69055 119.11673 581.0262683082123 681.0262683082123 38.53641304886645 138.53641304886645
850 539.12994 110.58393 588.960825606595 688.960825606595 37.25001917650059 137.2500191765006
867 539.12994 110.58393 597.4258042831839 697.4258042831839 36.116672841359446 136.11667284135945
884 550.6806 102.536705 605.9196140026227 705.9196140026227 35.2247455122278 135.2247455122278
902 550.6806 102.536705 614.9368339036334 714.9368339036334 34.54429036905128 134.54429036905128
918 562.9406 98.905945 622.9661736117806 722.9661736117806 34.167843072143 134.167843072143
935 562.9406 98.905945 631.5051081479654 731.5051081479654 34.00372452586896 134.00372452586896
952 562.9406 98.905945 640.0452542165596 740.0452542165596 34.08273742076125 134.08273742076125
970 573.91626 95.37842 649.0813904556234 749.0813904556234 34.431328605587055 134.43132860558705
986 573.91626 95.37842 657.1015001944813 757.1015001944813 34.96970439707047 134.96970439707047
1003 587.6246 88.96929 665.6037768999744 765.6037768999744 35.77693963769889 135.7769396376989
1021 604.1334 86.69436 674.5772397075203 774.5772397075203 36.895080588854285 136.89508058885428
1037 604.1334 86.69436 682.5221900543268 782.5221900543268 38.115643042381976 138.11564304238198
1054 617.4413 80.03131 690.9246150057149 790.9246150057149 39.645215808474234 139.64521580847423
1072 617.4413 80.03131 699.7699870000625 799.7699870000625 41.52475517402934 141.52475517402934
1088 632.21497 76.15233 707.5818585250034 807.5818585250034 43.41860627535635 143.41860627535635
1106 632.21497 76.15233 716.3059353437416 816.3059353437416 45.79847131476845 145.79847131476845
1122 647.8552 72.52178 723.9973720999366 823.9973720999366 48.133810549576026 148.13381054957603
1139 647.8552 72.52178 732.0978182836474 832.0978182836474 50.839934998910564 150.83993499891056
1157 663.861 71.70364 740.5870829453671 840.5870829453671 53.95532573657704 153.95532573657704
1173 663.861 71.70364 748.0512698040402 848.0512698040402 56.93826443105149 156.9382644310515
1190 663.861 71.70364 755.8913456946693 855.8913456946693 60.32552703375262 160.32552703375262
1208 679.45685 74.15056 764.0839106673807 864.0839106673807 64.15373198032523 164.15373198032523
1224 697.7496 76.11799 771.2664330094331 871.2664330094331 67.76252423287974 167.76252423287974
1241 697.7496 76.11799 778.788983721744 878.788983721744 71.80623152831976 171.80623152831976
1258 717.40765 77.53869 786.1933800147626 886.1933800147626 76.06243329120804 176.06243329120804
1275 717.40765 77.53869 793.4736210088488 893.4736210088488 80.52768009049117 180.52768009049117
1293 734.39294 79.164154 801.040231024628 901.040231024628 85.47941582800502 185.47941582800502
1309 734.39294 79.164154 807.638141470708 907.638141470708 90.0706669060545 190.0706669060545
1326 752.4431 81.60257 814.5109413283826 914.5109413283826 95.14067282585665 195.14067282585665
1343 752.4431 81.60257 821.2366359705578 921.2366359705578 100.40426185718263 200.40426185718263
1360 773.28296 69.523476 827.809774570124 927.809774570124 105.85716813378187 205.85716813378187
1377 773.28296 69.523476 834.2250299387413 934.2250299387413 111.49497235758312 211.49497235758312
1394 795.46375 59.449284 840.4772028442499 940.4772028442499 117.31310538030687 217.31310538030687
1412 795.46375 59.449284 846.9137673844003 946.9137673844003 123.66479105149173 223.66479105149173
1428 814.1852 52.59777 852.4721692933363 952.4721692933363 129.47135431515434 229.47135431515434
1445 814.1852 52.59777 858.2052415379586 958.2052415379586 135.80161659632608 235.80161659632608
1463 835.3792 51.3117 864.0765190178248 964.0765190178248 142.67921608302754 242.67921608302754
1479 835.3792 51.3117 869.1193360426164 969.1193360426164 148.93876919572267 248.93876919572267
1496 848.30347 74.32798 874.2915129944168 974.2915129944168 155.73501253228335 255.73501253228335
1513 848.30347 74.32798 879.2681356740757 979.2681356740757 162.675730406883 262.67573040688296
1530 859.64734 91.2347 884.0451707867052 984.0451707867052 169.7552977272204 269.7552977272204
1548 859.64734 91.2347 888.8813645222324 988.8813645222324 177.39627306401533 277.3962730640153
1565 878.2975 95.2491 893.2354766962846 993.2354766962846 184.74352051365594 284.74352051365594
1582 878.2975 95.2491 897.3786814969314 997.3786814969314 192.2117326082863 292.2117326082863
1598 893.65985 102.13042 901.0824960610505 1001.0824960610505 199.34571931915121 299.3457193191512
1616 912.6226 108.2045 905.0191112173986 1005.0191112173986 207.48674720608716 307.48674720608716
1632 912.6226 108.2045 908.3109432553329 1008.3109432553329 214.8199491363638 314.8199491363638
1649 912.6226 108.2045 911.5918989033121 1011.5918989033121 222.7051040458423 322.7051040458423
1667 925.1245 118.7492 914.8197010204906 1014.8197010204906 231.15226732338112 331.1522673233811
1684 937.895 130.09666 917.6331117598017 1017.6331117598017 239.21607894831448 339.2160789483145
1701 937.895 130.09666 920.21584210631 1020.21584210631 247.35670803135872 347.3567080313587
1717 937.895 130.09666 922.4340447096293 1022.4340447096293 255.08274103198784 355.08274103198784
1734 952.8391 138.39493 924.5631773273444 1024.5631773273444 263.35360145921436 363.35360145921436
1752 952.8391 138.39493 926.5599638955216 1026.5599638955216 272.17324529251096 372.17324529251096
1768 966.2623 150.64824 928.1110179615537 1028.1110179615537 280.0603385467098 380.0603385467098
1785 966.2623 150.64824 929.5268506369953 1029.5268506369953 288.4826752619944 388.4826752619944
1802 966.2623 150.64824 930.7023636603816 1030.7023636603817 296.94190141113677 396.94190141113677
1819 966.2623 150.64824 931.6366043392997 1031.6366043392995 305.4311612295389 405.4311612295389
1837 821.48145 143.16403 932.361983596427 1032.3619835964269 314.44487849148953 414.44487849148953
1853 865.0709 166.08229 932.7784362013994 1032.7784362013995 322.4722426880359 422.4722426880359
1870 865.0709 166.08229 932.9851019890048 1032.9851019890048 331.01025341435343 431.01025341435343
1887 865.0709 166.08229 932.9486453909749 1032.948645390975 339.5506871754069 439.5506871754069
1904 899.36835 186.32867 932.6690959534936 1032.6690959534935 348.08662239203596 448.08662239203596
1921 899.36835 186.32867 932.1466802368993 1032.1466802368993 356.6111411309172 456.6111411309172
1938 926.2775 202.60327 931.3818216320687 1031.3818216320687 365.1173347111916 465.1173347111916
1956 926.2775 202.60327 930.3084090841814 1030.3084090841814 374.09625777841393 474.09625777841393
1972 948.4407 222.99463 929.1274512558361 1029.1274512558361 382.04719151753216 482.04719151753216
1990 959.7623 259.80878 927.5448065389205 1027.5448065389205 390.9504779694597 490.9504779694597
2006 959.7623 259.80878 925.9132915457113 1025.9132915457112 398.8213208432003 498.8213208432003
2023 970.1084 292.76453 923.9494255069792 1023.9494255069792 407.13297339202586 507.13297339202586
2040 970.1084 292.76453 921.7497600303433 1021.7497600303433 415.385355454278 515.3853554542779
2057 979.32764 325.34436 919.3160778307275 1019.3160778307275 423.5717789017766 523.5717789017766
2074 979.32764 325.34436 916.6503512814876 1016.6503512814876 431.68560906238275 531.6856090623828
2091 986.26245 353.89276 913.7547408159044 1013.7547408159044 439.7202700970553 539.7202700970553
2109 986.26245 353.89276 910.4408458507073 1010.4408458507073 448.13403109346496 548.134031093465
2125 986.26245 353.89276 907.2834395119482 1007.2834395119482 455.52610752219204 555.526107522192
2142 986.26245 353.89276 903.7129933280626 1003.7129933280626 463.2844741001809 563.2844741001809
2159 986.26245 353.89276 899.9231482862865 999.9231482862865 470.9380623089762 570.9380623089762
2177 996.2584 402.16028 895.6746503355766 995.6746503355766 478.92076480298647 578.9207648029865
2193 993.45374 422.14163 891.6977228435584 991.6977228435584 485.90618221638465 585.9061822163847
2211 993.45374 422.14163 887.0018309919924 987.0018309919924 493.63417507762983 593.6341750776298
2227 993.5382 440.18375 882.6338229060326 982.6338229060326 500.38195353258584 600.3819535325858
2245 993.5382 440.18375 877.5057571776003 977.5057571776003 507.8301892854297 607.8301892854297
2261 989.74316 456.03864 872.7608258058228 972.7608258058228 514.3184583144773 614.3184583144773
2278 989.74316 456.03864 867.5308160761413 967.5308160761413 521.0702977777584 621.0702977777584
2296 987.55676 474.80267 861.7860765741736 961.7860765741736 528.0539388051589 628.0539388051589
2312 987.55676 474.80267 856.5049640822481 956.5049640822481 534.1137952031119 634.1137952031119
2329 985.42816 490.4539 850.7180576999276 950.7180576999276 540.394882086187 640.394882086187
2346 985.42816 490.4539 844.754702109853 944.754702109853 546.5086966087915 646.5086966087915
2363 981.53876 505.75333 838.6197303028227 938.6197303028227 552.4502838409564 652.4502838409564
2381 976.0896 520.4329 831.9423499372441 931.9423499372441 558.5483052740481 658.5483052740481
2397 976.0896 520.4329 825.8549614017456 925.8549614017456 563.7976585231695 663.7976585231695
2415 965.66406 529.785 818.8413765564474 918.8413765564474 569.5058019659065 669.5058019659065
2432 965.66406 529.785 812.0622816327669 912.0622816327669 574.7004347658467 674.7004347658467
2448 965.66406 529.785 805.5492900189863 905.5492900189863 579.4113740517007 679.4113740517007
2466 962.84375 540.9904 798.0743413925139 898.0743413925139 584.5004227817345 684.5004227817345
2483 962.84375 540.9904 790.8768325769166 890.8768325769166 589.0978356150445 689.0978356150445
2500 954.3439 552.95776 783.5513727666926 883.5513727666926 593.48850486691 693.48850486691
2516 954.3439 552.95776 776.54525546435 876.54525546435 597.4288511793545 697.4288511793545
2533 944.964 564.8681 768.9884567331254 868.9884567331254 601.4081891703074 701.4081891703074
2550 944.964 564.8681 761.3214464020558 861.3214464020558 605.1708066759479 705.1708066759479
2567 934.82086 574.0564 753.5504381858558 853.5504381858558 608.7136542896951 708.7136542896951
2584 921.64197 583.8255 745.6817300841386 845.6817300841386 612.0338607170812 712.0338607170812
2601 921.64197 583.8255 737.721699277214 837.721699277214 615.1287351027865 715.1287351027865
2618 908.9959 594.9547 729.6767969577133 829.6767969577133 617.9957692114392 717.9957692114392
2635 908.9959 594.9547 721.553543102233 821.553543102233 620.6326394604092 720.6326394604092
2652 908.9959 594.9547 713.3585211872297 813.3585211872297 623.0372088029525 723.0372088029525
2669 898.2551 606.17957 705.0983728534557 805.0983728534557 625.2075284601758 725.2075284601758
2686 898.2551 606.17957 696.7797925232513 796.7797925232513 627.1418395004217 727.1418395004217
2704 874.91406 621.63074 687.9156881752673 787.9156881752673 628.9309532623472 728.9309532623472
2720 874.91406 621.63074 679.9943448795832 779.9943448795832 630.296357637651 730.296357637651
2737 846.9423 628.1525 671.5410813019316 771.5410813019316 631.5140081610913 731.5140081610913
2754 846.9423 628.1525 663.0565821743512 763.0565821743512 632.4905389924386 732.4905389924386
2772 825.6119 637.49396 654.0465913636143 754.0465913636143 633.2608243522246 733.2608243522246
2788 825.6119 637.49396 646.0214019995067 746.0214019995067 633.7172719246712 733.7172719246712
2806 825.6119 637.49396 636.982177164819 736.982177164819 633.9735692774082 733.9735692774082
2822 825.6119 637.49396 628.9440176902656 728.9440176902656 633.9725804261168 733.9725804261168
2839 825.6119 637.49396 620.4067954607539 720.4067954607539 633.7355687926154 733.7355687926154
2856 825.6119 637.49396 611.8797793711809 711.8797793711809 633.2556370072082 733.2556370072082
2873 780.05994 647.12714 603.3698801263789 703.3698801263789 632.5331740297464 732.5331740297464
2890 755.6328 655.1074 594.8839945588649 694.8839945588649 631.5687653790487 731.5687653790487
2907 755.6328 655.1074 586.4290000393138 686.4290000393138 630.3631926583694 730.3631926583694
2924 731.0323 663.0884 578.0117489028069 678.0117489028069 628.9174329219486 728.9174329219486
2942 731.0323 663.0884 569.1480850152877 669.1480850152877 627.1261382967836 727.1261382967836
2959 711.9786 669.1874 560.8299808532626 660.8299808532626 625.189780618001 725.189780618001
2975 711.9786 669.1874 553.0544871637487 653.0544871637487 623.1517161929854 723.1517161929854
2992 690.6274 667.51117 544.8560383791012 644.8560383791012 620.7588569334407 720.7588569334407
3010 690.6274 667.51117 536.2533318686146 636.2533318686146 617.9719743310518 717.9719743310518
3026 671.41125 667.11755 528.6800356774336 628.6800356774336 615.278056456131 715.278056456131
3044 671.41125 667.11755 520.2498660899855 620.2498660899855 612.0061281757542 712.0061281757542
3060 650.74854 667.63904 512.8421481644934 612.8421481644934 608.8855955525434 708.8855955525434
3077 650.74854 667.63904 505.066086470933 605.066086470933 605.3538534259965 705.3538534259965
3094 628.94366 661.0792 497.3937085871838 597.3937085871838 601.6021930576474 701.6021930576474
3111 628.94366 661.0792 489.8312325780845 589.8312325780845 597.6336549738851 697.6336549738851
3129 600.8694 650.1722 481.9505041384623 581.9505041384623 593.1988614943655 693.1988614943655
3145 600.8694 650.1722 475.06040812706976 575.0604081270698 589.058983999804 689.058983999804
3162 600.8694 650.1722 467.8640306732291 567.8640306732291 584.4598004361334 684.4598004361334
3179 600.8694 650.1722 460.8014873683203 560.8014873683203 579.6576321782761 679.6576321782761
3196 600.8694 650.1722 453.87850203784535 553.8785020378454 574.6563711348483 674.6563711348483
3213 581.10394 642.0184 447.10068540279684 547.1006854027969 569.4600705688548 669.4600705688548
3230 557.2179 630.60156 440.47353053246013 540.4735305324601 564.0729418127313 664.0729418127313
3247 557.2179 630.60156 434.0024083925641 534.0024083925641 558.4993508552757 658.4993508552757
3264 531.9285 624.92645 427.69256349239276 527.6925634923928 552.7438148032415 652.7438148032415
3281 531.9285 624.92645 421.54910963438175 521.5491096343817 546.8109982204569 646.8109982204569
3299 514.26215 597.5872 415.2311676524065 515.2311676524065 540.3413086562304 640.3413086562304
3315 514.26215 597.5872 409.7811519627961 509.7811519627961 534.4328962045494 634.4328962045494
3332 501.51416 603.0458 404.1661854693228 504.1661854693228 527.9976425819129 627.9976425819129
3349 489.60553 605.27216 398.7366769287074 498.7366769287074 521.4051639192346 621.4051639192346
3366 489.60553 605.27216 393.49702667636814 493.49702667636814 514.6608030789737 614.6608030789737
3383 450.62582 558.01355 388.45148117741576 488.45148117741576 507.7700260162269 607.7700260162269
3400 450.62582 558.01355 383.6041295851123 483.6041295851123 500.7384173488538 600.7384173488538
3417 405.24646 507.39474 378.95890042682595 478.95890042682595 493.5716758314352 593.5716758314352
3435 405.24646 507.39474 374.2649101067921 474.2649101067921 485.8425278304917 585.8425278304917
3451 405.80746 520.9512 370.28970142185455 470.28970142185455 478.85613214835485 578.8561321483548
3468 405.80746 520.9512 366.2727575118902 466.2727575118902 471.3192561685689 571.3192561685689
3486 405.80746 520.9512 362.2552058135661 462.2552058135661 463.2178641711182 563.2178641711182
3503 402.49506 530.1014 358.68666860027383 458.68666860027383 455.45861935813366 555.4586193581337
3519 402.49506 530.1014 355.5310810978608 455.5310810978608 448.06576630732854 548.0657663073285
3536 400.64874 536.1161 352.3965805179704 452.3965805179704 440.1212559998803 540.1212559998803
3553 393.60413 535.9158 349.4894944740342 449.4894944740342 432.0907399116313 532.0907399116313
3571 393.60413 535.9158 346.66189266404376 446.66189266404376 423.5013312038564 523.5013312038564
3588 387.5976 530.856 344.23022471939606 444.23022471939606 415.31430922285153 515.3143092228515
3604 387.5976 530.856 342.155351140146 442.155351140146 407.5485569510936 507.5485569510936
3622 381.8499 525.4394 340.07076873233893 440.07076873233893 398.74925072104793 498.74925072104793
3639 381.8499 525.4394 338.34635171354296 438.34635171354296 390.3846393220784 490.3846393220784
3655 373.9715 517.3493 336.9414924513526 436.9414924513526 382.4701981434725 482.4701981434725
3673 373.9715 517.3493 335.61512624611004 435.61512624611004 373.52514215512616 473.52514215512616
3689 369.35104 507.5874 334.66293792598333 434.66293792598333 365.5435792681223 465.5435792681223
3707 364.92645 497.87735 333.8477655898568 433.8477655898568 356.5375386282254 456.5375386282254
3724 364.92645 497.87735 333.32744725508564 433.32744725508564 348.0128916126015 448.0128916126015
3741 358.9122 487.2765 333.0499980009779 433.0499980009779 339.4768878742076 439.4768878742076
3757 358.9122 487.2765 453.02406576024066 553.0240657602407 331.056686471707 431.056686471707
3775 358.9122 487.2765 453.3989626747057 553.3989626747057 322.0222125716715 422.0222125716715
3792 355.79056 475.4836 454.16922084104294 554.1692208410429 313.5170210808991 413.5170210808991
3808 355.79056 475.4836 455.26193415828243 555.2619341582824 305.553911501838 405.553911501838
3825 350.92166 460.51868 456.81120498653286 556.8112049865329 297.15561763711503 397.15561763711503
3843 350.92166 460.51868 458.8837967246308 558.8837967246309 288.35410470841526 388.35410470841526
3859 347.85205 444.72083 461.09515609929747 561.0951560992975 280.62655488470796 380.62655488470796
3876 347.85205 444.72083 463.8201933182859 563.8201933182859 272.53299249891984 372.53299249891984
3893 343.4968 429.25186 466.92605000007745 566.9260500000775 264.5777907912517 364.5777907912517
3911 341.97668 414.1501 470.6219007798122 570.6219007798122 256.3253394366035 356.3253394366035
3927 341.97668 414.1501 474.251415455004 574.251415455004 249.15374548655507 349.15374548655507
3944 341.97668 414.1501 478.4544350159092 578.4544350159092 241.71962102511617 341.71962102511617
3961 341.08606 397.58347 483.0053327319572 583.0053327319572 234.49321736108072 334.4932173610807
3978 341.08606 397.58347 487.893864647575 587.893864647575 227.49080094619188 327.4908009461919
3995 342.34512 378.47284 493.109026801152 593.109026801152 220.7281340425647 320.7281340425647
4012 342.34512 378.47284 498.63907999467915 598.6390799946792 214.22043924223226 314.22043924223226
4030 359.93024 360.31418 504.82380561963384 604.8238056196338 207.62411941289355 307.62411941289355
4046 359.93024 360.31418 510.59338667089924 610.5933866708992 202.0279536670738 302.0279536670738
4063 386.6756 339.00385 516.9907313118342 616.9907313118342 196.37060786867886 296.37060786867886
4081 412.89767 323.01294 524.0486998190197 624.0486998190197 190.7184094558065 290.7184094558065
4097 412.89767 323.01294 530.5538343096449 630.5538343096449 185.9973542961332 285.9973542961332
4115 433.91003 308.74866 538.1156224410547 638.1156224410547 181.0393681522872 281.03936815228724
4131 433.91003 308.74866 545.0388331282979 645.0388331282979 176.95595164869005 276.9559516486901
4148 450.88446 292.54868 552.5866021519138 652.5866021519138 172.9606090221234 272.96060902212344
4166 450.88446 292.54868 560.7752807325808 660.7752807325808 169.12553282347662 269.12553282347665
4182 466.46323 278.8777 568.2077684862486 668.2077684862486 166.06558799499004 266.06558799499004
4200 466.46323 278.8777 576.7229970015156 676.7229970015156 163.02368896976233 263.02368896976236
4217 466.46323 278.8777 584.8959282560902 684.8959282560902 160.54684124624086 260.5468412462409
4233 481.78278 267.32996 592.6873458725511 692.6873458725511 158.57226582663537 258.5722658266354
4250 481.78278 267.32996 601.053445290706 701.053445290706 156.85763453593017 256.8576345359302
4267 501.37582 252.53743 609.4914555949256 709.4914555949256 155.54174622631027 255.54174622631027
4284 501.37582 252.53743 617.9823830375866 717.9823830375866 154.6275629290547 254.6275629290547
4301 520.9705 241.29587 626.507114755926 726.507114755926 154.1171424476271 254.1171424476271
4318 538.8774 231.7948 635.0464617946108 735.0464617946108 154.01163372561214 254.01163372561214
4335 538.8774 231.7948 643.581202299593 743.581202299593 154.31127426047263 254.31127426047263
4352 559.74414 223.62727 652.0921247860152 752.0921247860152 155.01538956894865 255.01538956894865
4369 559.74414 223.62727 660.5600713827765 760.5600713827765 156.12239470530233 256.1223947053023
4387 576.4792 219.85315 669.4581090553891 769.4581090553891 157.73086973577773 257.73086973577773
4403 576.4792 219.85315 677.2909320172428 777.2909320172428 159.53420581373558 259.5342058137356
4420 592.3008 216.64008 685.5161853111272 785.5161853111272 161.83133188536496 261.831331885365
4437 592.3008 216.64008 693.6232260010909 793.6232260010909 164.5160052712332 264.5160052712332
4454 592.3008 216.64008 701.5938053437343 801.5938053437343 167.58218283949915 267.5821828394992
4472 610.10626 208.8695 709.8645705675439 809.8645705675439 171.23686599396328 271.2368659939633
4488 630.1959 204.37387 717.0541612546845 817.0541612546845 174.83059975054408 274.8305997505441
4505 630.1959 204.37387 724.5091369531456 824.5091369531456 178.99652309031762 278.9965230903176
4522 645.3405 202.23756 731.7581279004737 831.7581279004737 183.51135533338842 283.51135533338845
4540 645.3405 202.23756 739.1908878779227 839.1908878779227 188.66075777100514 288.66075777100514
4556 660.7598 192.87154 745.5733867574248 845.5733867574248 193.54633292803192 293.5463329280319
4574 660.7598 192.87154 752.4847699331881 852.4847699331881 199.3768602579292 299.3768602579292
4591 675.98895 194.63129 758.735613124305 858.735613124305 205.19566935752866 305.1956693575287
4607 675.98895 194.63129 764.3604590589218 864.3604590589218 210.9372932370277 310.9372932370277
4625 692.13855 197.36539 770.3747830567704 870.3747830567704 217.68934279222185 317.68934279222185
4641 692.13855 197.36539 775.4302705632856 875.4302705632856 223.93811728273374 323.93811728273374
4658 708.58655 198.12038 780.4903217770493 880.4903217770493 230.81761302381858 330.8176130238186
4676 727.09607 203.24966 785.4859265519513 885.4859265519513 238.35460176468007 338.35460176468007
4692 727.09607 203.24966 789.6037905304013 889.6037905304013 245.25737894613326 345.25737894613326
4710 737.403 194.7015 793.8627475670244 893.8627475670244 253.233816202647 353.233816202647
4726 737.403 194.7015 797.3080081024611 897.3080081024611 260.4957247950736 360.4957247950736
4743 737.403 194.7015 800.6094691549205 900.6094691549205 268.3717602734482 368.3717602734482
4760 747.6741 191.75287 803.5336455346032 903.5336455346032 276.3955232583588 376.3955232583588
4777 747.6741 191.75287 806.0739549944915 906.0739549944915 284.5489524624127 384.5489524624127
4795 759.5954 185.73732 808.3389522412413 908.3389522412413 293.3029260641045 393.3029260641045
4811 759.5954 185.73732 809.980977411876 909.980977411876 301.17114631399613 401.17114631399613
4828 765.18726 186.48817 811.3388957607996 911.3388957607996 309.60249482388303 409.60249482388303
4845 765.18726 186.48817 812.2953777692248 912.2953777692248 318.08876150040663 418.08876150040663
4862 776.36053 190.87721 812.84827042036 912.84827042036 326.6108439720703 426.6108439720703
4879 790.876 200.07172 812.9963291668411 912.9963291668411 335.1495592469291 435.1495592469291
4896 790.876 200.07172 812.7392207321774 912.7392207321774 343.68568689301895 443.68568689301895
4914 797.75726 205.16182 812.0260281368674 912.0260281368674 352.69976602895355 452.69976602895355
4930 797.75726 205.16182 811.0127280160616 911.0127280160616 360.6733699460652 460.6733699460652
4947 797.75726 205.16182 809.5472300260149 909.5472300260149 369.0866865084376 469.0866865084376
4965 809.8476 214.71371 807.5624555236557 907.5624555236557 377.90841743392417 477.90841743392417
4981 809.8476 214.71371 805.4282173508461 905.4282173508461 385.65762152102405 485.65762152102405
4998 810.56116 238.44016 802.7839744590015 902.7839744590015 393.77793921594457 493.77793921594457
5015 810.56116 238.44016 799.7575521379785 899.7575521379785 401.7636982827043 501.7636982827043
5033 816.33704 263.45273 796.1441273551981 896.1441273551981 410.05257201114836 510.05257201114836
5049 816.33704 263.45273 792.5862637502574 892.5862637502574 417.25998091660404 517.259980916604
5066 819.22485 283.07938 788.4575400722103 888.4575400722103 424.73562274375536 524.7356227437554
5083 819.22485 283.07938 783.9788854061801 883.9788854061801 432.00702098068035 532.0070209806804
5100 817.93353 302.54285 779.1603810904619 879.1603810904619 439.057807893992 539.057807893992
5118 819.94977 323.9946 773.7000770999266 873.7000770999266 446.265258669255 546.265258669255
5134 819.94977 323.9946 768.5479494131282 868.5479494131282 452.4345954942897 552.4345954942896
5152 815.57556 340.91827 762.4292686708334 862.4292686708334 459.0922236245453 559.0922236245453
5169 815.57556 340.91827 756.3503375862501 856.3503375862501 465.09040474938706 565.0904047493871
5186 815.57556 340.91827 749.993748013828 849.993748013828 470.79350469111057 570.7935046911106
5203 813.6781 358.5692 743.3738084758055 843.3738084758055 476.1886859160961 576.1886859160961
5220 813.6781 358.5692 736.5054202885274 836.5054202885274 481.26380400796154 581.2638040079615
5236 808.1045 372.9526 729.8279376018812 829.8279376018812 485.73776886380733 585.7377688638073
5254 808.1045 372.9526 722.0856646883476 822.0856646883476 490.40890111191015 590.4089011119102
5270 806.92957 386.98654 715.014294413571 815.014294413571 494.2300081502966 594.2300081502966
5287 797.9126 393.77173 707.3221049847989 807.3221049847989 497.93969839739407 597.9396983973941
5304 797.9126 393.77173 699.4626183788416 799.4626183788416 501.28036453280606 601.2803645328061
5321 638.3301 315.0174 691.4535261011198 791.4535261011198 504.2444868016163 604.2444868016163
5339 638.3301 315.0174 682.8302861911227 782.8302861911227 506.96514844936485 606.9651484493648
5355 662.19806 342.6284 675.0589337638094 775.0589337638094 509.01727369220305 609.017273692203
5372 662.19806 342.6284 666.710337516615 766.710337516615 510.8151948914908 610.8151948914908
5390 529.7585 274.10272 657.788344134101 757.788344134101 512.2849909417206 612.2849909417206
5407 529.7585 274.10272 649.3041943374132 749.3041943374132 513.2600715357657 613.2600715357657
5424 423.8068 219.28218 640.7833442119403 740.7833442119403 513.8316422459586 613.8316422459586
5440 423.8068 219.28218 632.7473718445073 732.7473718445073 513.9998227193989 613.9998227193989
5458 339.04544 175.42575 623.7083032838261 723.7083032838261 513.7600188365996 613.7600188365996
5474 339.04544 175.42575 615.692552089333 715.692552089333 513.1659907650433 613.1659907650433
5491 271.23636 140.3406 607.2139937950213 707.2139937950213 512.1434306506889 612.1434306506889
5508 271.23636 140.3406 598.7934791480179 698.7934791480179 510.71987418285164 610.7198741828516
5526 271.23636 140.3406 589.9619676676424 689.9619676676424 508.7790827672435 608.7790827672435
5542 271.23636 140.3406 582.2022249367301 682.2022249367301 506.68348516468336 606.6834851646834
5559 271.23636 140.3406 574.0688318657412 674.0688318657412 504.079738423869 604.079738423869
5576 271.23636 140.3406 566.0680913626405 666.0680913626405 501.0931464966776 601.0931464966776
5593 271.23636 140.3406 558.218012891798 658.218012891798 497.7304321259451 597.7304321259451
5610 347.70636 215.03583 550.5362667811617 650.5362667811617 493.99916469660786 593.9991646966079
5627 222.53209 137.62294 543.0401444467964 643.0401444467964 489.90774319720856 589.9077431972086
5644 222.53209 137.62294 535.7465194703461 635.7465194703461 485.4653773139863 585.4653773139863
5661 178.02568 110.09835 528.6718096170268 628.6718096170268 480.6820667001052 580.6820667001052
5678 142.42055 88.07868 521.8319398796541 621.8319398796541 475.56857846668925 575.5685784666892
5696 142.42055 88.07868 514.8627939261758 614.8627939261758 469.80721829516574 569.8072182951657
5713 113.93644 70.462944 508.5542719367003 608.5542719367003 464.0509929481327 564.0509929481327
5729 113.93644 70.462944 502.8724853308397 602.8724853308397 458.36571041097886 558.3657104109789
5746 113.93644 70.462944 497.1201414322254 597.1201414322254 452.0536489719888 552.0536489719889
5763 91.149155 56.370358 491.67365965604995 591.67365965605 445.47585175716756 545.4758517571676
5780 91.149155 56.370358 486.5452998949387 586.5452998949387 438.6471252215585 538.6471252215586
5797 72.91933 45.096287 481.74660595691194 581.7466059569119 431.58284065575424 531.5828406557542
5815 72.91933 45.096287 477.03695216566996 577.03695216567 423.8639399883317 523.8639399883317
5832 58.33546 36.07703 472.9501422903951 572.9501422903951 416.3653024466931 516.365302446693
5849 46.66837 28.861624 469.2236005938714 569.2236005938714 408.68126269395975 508.68126269395975
5865 46.66837 28.861624 466.05289368960894 566.0528936896089 401.295346752855 501.295346752855
5883 46.66837 28.861624 462.88404530471144 562.8840453047114 392.8265412727159 492.8265412727159
5899 46.66837 28.861624 460.427460199564 560.4274601995639 385.1734160167848 485.1734160167848
5916 46.66837 28.861624 458.1944776869708 558.1944776869708 376.9305179198789 476.9305179198789
5933 46.66837 28.861624 456.35497798067684 556.3549779806768 368.59098431373195 468.59098431373195
5950 46.66837 28.861624 454.91310174796206 554.9131017479621 360.1735872774116 460.1735872774116
5967 37.334698 23.0893 453.8720946157316 553.8720946157316 351.69727415859836 451.69727415859836
5984 23.894207 14.777153 453.23429986469176 553.2342998646918 343.18112492358273 443.18112492358273
6001 23.894207 14.777153 453.0036526131048 553.0036526131048 335.1467028281774 435.1467028281774
