2 734.71045 430.58536 297.6266827034936 468.3766827034936 334.9952018786457 430.9952018786457
17 734.71045 430.58536 297.7465672298508 468.4965672298508 327.460353677165 423.460353677165
34 731.9679 433.65857 298.1111703954607 468.8611703954607 318.92762829531256 414.92762829531256
51 731.9679 433.65857 298.7185140048509 469.4685140048509 310.4087391863609 406.4087391863609
68 730.27783 435.80923 299.56810583748677 470.31810583748677 301.91059046864586 397.91059046864586
85 722.1146 437.94202 300.6592573431978 471.4092573431978 293.44006945149073 389.44006945149073
102 722.1146 437.94202 301.9910842002114 472.7410842002114 285.00404105339845 381.00404105339845
119 718.47986 437.80792 303.56250703184975 474.31250703184975 276.6093422383909 372.6093422383909
136 718.47986 437.80792 305.37225228130916 476.12225228130916 268.2627764750041 364.2627764750041
153 713.4334 438.06113 307.4188532438116 478.1688532438116 259.9711082224287 355.9711082224287
171 713.4334 438.06113 309.84216057483684 480.59216057483684 251.25899851671107 347.2589985167111
187 716.3947 437.9323 312.21579703666407 482.96579703666407 243.57929418234613 339.57929418234613
205 716.3947 437.9323 315.13096515083794 485.88096515083794 235.0192083877314 331.0192083877314
221 710.8349 438.45834 317.93779086333535 488.68779086333535 227.48702821623766 323.48702821623766
239 710.8349 438.45834 321.3353713044251 492.0853713044251 219.10671073469888 315.1067107346989
255 715.5487 441.4253 324.5662889638151 495.3162889638151 211.74646754616077 307.7464675461608
272 719.7814 445.58914 328.2138763391684 498.9638763391684 204.0240686798987 300.02406867989873
290 719.7814 445.58914 332.31394874217887 503.06394874217887 195.9641257374746 291.9641257374746
306 719.7814 445.58914 336.16094923283765 506.91094923283765 188.90632183391858 284.9063218339186
323 718.56506 448.31012 340.4539940602396 511.2039940602396 181.52322600490484 277.5232260049048
340 718.56506 448.31012 344.9554626662418 515.7054626662418 174.26532559916362 270.2653255991636
357 718.66187 446.92838 349.6617068437197 520.4117068437197 167.13850276900726 263.13850276900723
374 718.66187 446.92838 354.5689124255555 525.3189124255555 160.14853343516307 256.1485334351631
391 724.6246 445.83353 359.6731023758233 530.4231023758233 153.30108260568883 249.30108260568883
409 724.6246 445.83353 365.28764512599264 536.0376451259926 146.21234621253794 242.21234621253794
425 730.44415 446.0362 370.45573236238414 541.2057323623842 140.05581447516937 236.05581447516937
442 730.44415 446.0362 376.12543363562395 546.875433635624 133.66873177782583 229.66873177782583
459 730.6624 448.41864 381.9746488335043 552.7246488335043 127.44562809241546 223.44562809241546
476 729.93134 453.42517 387.9986374701024 558.7486374701024 121.39154692211227 217.39154692211227
494 729.93134 453.42517 394.5620474236076 565.3120474236076 115.17102252884061 211.1710225288406
511 730.584 452.10657 400.93033797716447 571.6803379771645 109.48022176480373 205.48022176480373
527 730.584 452.10657 407.06973833256984 577.8197383325698 104.29179502905546 200.29179502905546
544 730.584 452.10657 413.7426429853873 584.4926429853873 98.96144031244515 194.96144031244515
561 733.2989 450.2777 420.564574763276 591.314574763276 93.82319306962836 189.82319306962836
578 733.2989 450.2777 427.53000484391305 598.280004843913 88.88121758382923 184.88121758382923
595 731.76764 452.64203 434.6332881070341 605.3832881070341 84.13951907017963 180.13951907017963
612 731.76764 452.64203 441.86866770951156 612.6186677095116 79.60194042970028 175.60194042970028
629 732.57513 454.87576 449.2302797509776 619.9802797509776 75.27215913482809 171.2721591348281
646 728.472 455.2344 456.71215802621145 627.4621580262115 71.15368424901567 167.15368424901567
663 728.472 455.2344 464.3082388604396 635.0582388604396 67.24985358281685 163.24985358281685
680 728.54895 453.94434 472.0123660236304 642.7623660236304 63.563830988764266 159.56383098876427
698 728.54895 453.94434 480.2805035702502 651.0305035702502 59.90170381248561 155.9017038124856
715 724.38245 451.8054 488.1873270540765 658.9373270540765 56.6733171711283 152.6733171711283
732 724.38245 451.8054 496.18284410284525 666.9328441028453 53.6713103368038 149.6713103368038
748 724.895 453.0464 503.783255286693 674.533255286693 51.0548702834833 147.0548702834833
766 724.895 453.0464 512.4139724557664 683.1639724557664 48.355982532478436 144.35598253247844
782 722.7762 454.64627 520.1509627803556 690.9009627803556 46.176306080939696 142.1763060809397
799 722.7762 454.64627 528.4323299341439 699.1823299341439 44.08841336946284 140.08841336946284
816 722.7762 454.64627 536.7697741627716 707.5197741627716 42.23709987763954 138.23709987763954
833 716.3508 453.6273 545.156538399579 715.906538399579 40.62386599915499 136.623865999155
850 716.3508 453.6273 553.585825606595 724.335825606595 39.25001917650059 135.2500191765006
867 712.37103 453.88745 562.0508042831839 732.8008042831839 38.116672841359446 134.11667284135945
884 717.3766 454.1352 570.5446140026227 741.2946140026227 37.2247455122278 133.2247455122278
901 717.3766 454.1352 579.0603709721212 749.8103709721212 36.574960050003085 132.57496005000309
918 713.34625 452.5014 587.5911736117806 758.3411736117806 36.167843072143 132.167843072143
935 713.34625 452.5014 596.1301081479654 766.8801081479654 36.00372452586896 132.00372452586896
952 715.17865 457.02045 604.6702542165596 775.4202542165596 36.08273742076125 132.08273742076125
970 715.17865 457.02045 613.7063904556234 784.4563904556234 36.431328605587055 132.43132860558705
986 717.80865 457.93 621.7265001944813 792.4765001944813 36.96970439707047 132.96970439707047
1003 717.80865 457.93 630.2287768999744 800.9787768999744 37.77693963769889 133.7769396376989
1020 717.39197 457.05038 638.7046299331981 809.4546299331981 38.82586922049978 134.82586922049978
1037 717.39197 457.05038 647.1471900543268 817.8971900543268 40.115643042381976 136.11564304238198
1054 718.2513 458.2243 655.5496150057149 826.2996150057149 41.645215808474234 137.64521580847423
1071 718.2513 458.2243 663.9050950571935 834.6550950571935 43.41334787928315 139.41334787928315
1088 715.03644 458.22833 672.2068585250034 842.9568585250034 45.41860627535635 141.41860627535635
1105 715.03644 458.22833 680.4481772598931 851.1981772598931 47.65936583863811 143.6593658386381
1122 713.47595 457.88718 688.6223720999366 859.3723720999366 50.133810549576026 146.13381054957603
1139 713.47595 457.88718 696.7228182836474 867.4728182836474 52.839934998910564 148.83993499891056
1156 721.7705 455.37225 704.742950819005 875.492950819005 55.77554601295549 151.7755460129555
1173 721.7705 455.37225 712.6762698040402 883.4262698040402 58.93826443105149 154.9382644310515
1190 726.8141 454.48276 720.5163456946693 891.2663456946693 62.32552703375262 158.32552703375262
1207 726.8141 454.48276 728.2568245155068 899.0068245155068 65.93458862018292 161.93458862018292
1224 728.1551 454.52075 735.8914330094331 906.6414330094331 69.76252423287974 165.76252423287974
1241 729.2339 452.78064 743.413983721744 914.163983721744 73.80623152831976 169.80623152831976
1258 729.2339 452.78064 750.8183800147626 921.5683800147626 78.06243329120804 174.06243329120804
1275 729.673 454.012 758.0986210088488 928.8486210088488 82.52768009049117 178.52768009049117
1292 729.673 454.012 765.2488064458005 935.9988064458005 87.19835307494287 183.19835307494287
1309 729.673 454.012 772.263141470708 943.013141470708 92.0706669060545 188.0706669060545
1326 725.43774 451.08093 779.1359413283826 949.8859413283826 97.14067282585665 193.14067282585665
1344 725.43774 451.08093 786.2525668282935 957.0025668282935 102.71982289007568 198.71982289007568
1360 731.1871 450.30573 792.434774570124 963.184774570124 107.85716813378187 203.85716813378187
1377 731.1871 450.30573 798.8500299387413 969.6000299387413 113.49497235758312 209.49497235758312
1394 737.85443 449.59955 805.1022028442499 975.8522028442499 119.31310538030687 215.31310538030687
1411 737.85443 449.59955 811.1862262243785 981.9362262243785 125.30685190652298 221.30685190652298
1429 736.8538 451.24637 817.4393786828404 988.1893786828404 131.83918367062486 227.83918367062486
1445 728.4922 451.8304 822.8302415379586 993.5802415379586 137.80161659632608 233.80161659632608
1462 728.4922 451.8304 828.3807966001699 999.1307966001699 144.29250840037312 240.29250840037312
1479 719.3396 448.3129 833.7443360426164 1004.4943360426164 150.93876919572267 246.93876919572267
1496 719.3396 448.3129 838.9165129944168 1009.6665129944168 157.73501253228335 253.73501253228335
1513 717.56665 448.7247 843.8931356740757 1014.6431356740757 164.675730406883 260.67573040688296
1530 717.56665 448.7247 848.6701707867052 1019.4201707867052 171.7552977272204 267.7552977272204
1548 713.5789 445.39145 853.5063645222324 1024.2563645222324 179.39627306401533 275.3962730640153
1564 713.5789 445.39145 857.6101570459276 1028.3601570459277 186.30792233453255 282.3079223345326
1581 713.5789 445.39145 861.7658627967578 1032.5158627967578 193.76918547310373 289.76918547310373
1599 711.8166 445.87842 865.9326210713034 1036.6826210713034 201.79485674886422 297.7948567488642
1615 711.55304 446.297 869.4318623492258 1040.1818623492259 209.03138348446487 305.03138348446487
1632 711.55304 446.297 872.9359432553329 1043.6859432553329 216.8199491363638 312.8199491363638
1650 721.8719 446.2907 876.4028900120431 1047.1528900120431 225.17180845816728 321.1718084581673
1666 721.8719 446.2907 879.2720702485676 1050.0220702485676 232.6804577033056 328.6804577033056
1683 727.1365 444.81732 882.0989812329851 1052.8489812329851 240.73954649774532 336.7395464977453
1700 727.1365 444.81732 884.6953407916484 1055.4453407916485 248.87583895516212 344.8758389551621
1717 731.92334 446.30057 887.0590447096293 1057.8090447096292 257.08274103198784 353.08274103198784
1734 731.92334 446.30057 889.1881773273444 1059.9381773273444 265.35360145921436 361.35360145921436
1751 734.8451 445.78094 891.0810130930984 1061.8310130930984 273.6817171329047 369.6817171329047
1768 734.8451 445.78094 892.7360179615537 1063.4860179615537 282.0603385467098 378.0603385467098
1785 738.42224 448.93903 894.1518506369953 1064.9018506369953 290.4826752619944 386.4826752619944
1802 738.42224 448.93903 895.3273636603816 1066.0773636603817 298.94190141113677 394.94190141113677
1819 737.96936 451.00143 896.2616043392997 1067.0116043392995 307.4311612295389 403.4311612295389
1836 737.96936 451.00143 896.9538155200738 1067.703815520074 315.9435746118702 411.9435746118702
1853 732.6438 448.92783 897.4034362013994 1068.1534362013995 324.4722426880359 420.4722426880359
1870 732.6438 448.92783 897.6101019890048 1068.3601019890048 333.01025341435343 429.01025341435343
1887 731.2548 448.59177 897.5736453909749 1068.323645390975 341.5506871754069 437.5506871754069
1904 731.2548 448.59177 897.2940959534936 1068.0440959534935 350.08662239203596 446.08662239203596
1921 729.2396 450.2295 896.7716802368993 1067.5216802368993 358.6111411309172 454.6111411309172
1938 729.2396 450.2295 896.0068216320687 1066.7568216320687 367.1173347111916 463.1173347111916
1955 733.2371 449.36084 895.0001400172805 1065.7501400172805 375.5983093035911 471.5983093035911
1972 733.2371 449.36084 893.7524512558361 1064.5024512558361 384.04719151753216 480.04719151753216
1989 728.5797 449.13083 892.2647665348454 1063.0147665348454 392.4571339716405 488.4571339716405
2006 726.1036 446.06537 890.5382915457113 1061.2882915457112 400.8213208432003 496.8213208432003
2024 726.1036 446.06537 888.4515442264865 1059.2015442264865 409.6201139178652 505.6201139178652
2040 726.1036 446.06537 886.3747600303433 1057.1247600303432 417.385355454278 513.3853554542779
2057 730.1855 449.39737 883.9410778307275 1054.6910778307274 425.5717789017766 521.5717789017766
2074 730.1855 449.39737 881.2753512814876 1052.0253512814875 433.68560906238275 529.6856090623828
2091 723.1281 449.38208 878.3797408159044 1049.1297408159044 441.7202700970553 537.7202700970553
2108 723.1281 449.38208 875.2565931762647 1046.0065931762647 449.6692503292295 545.6692503292295
2125 726.5784 454.3932 871.9084395119482 1042.6584395119482 457.52610752219204 553.526107522192
2142 726.5784 454.3932 868.3379933280626 1039.0879933280626 465.2844741001809 561.2844741001809
2159 734.559 454.9414 864.5481482862865 1035.2981482862865 472.9380623089762 568.9380623089762
2176 734.559 454.9414 860.5419758597092 1031.291975859709 480.4806693117979 576.4806693117979
2193 734.0559 454.36496 856.3227228435584 1027.0727228435585 487.90618221638465 583.9061822163847
2210 731.0958 456.28647 851.8938087238421 1022.6438087238421 495.20858302917645 591.2085830291765
2227 731.0958 456.28647 847.2588229060326 1018.0088229060326 502.38195353258584 598.3819535325858
2244 734.9094 457.44714 842.4215218060378 1013.1715218060378 509.42048008140796 605.420480081408
2261 734.9094 457.44714 837.3858258058228 1008.1358258058228 516.3184583144773 612.3184583144773
2278 739.8364 453.61896 832.1558160761413 1002.9058160761413 523.0702977777584 619.0702977777584
2295 739.8364 453.61896 826.7357312689596 997.4857312689596 529.6705264551181 625.6705264551181
2312 739.8364 453.61896 821.1299640822481 991.8799640822481 536.1137952031119 632.1137952031119
2329 737.3164 453.05444 815.3430576999276 986.0930576999276 542.394882086187 638.394882086187
2346 737.3164 453.05444 809.379702109853 980.129702109853 548.5086966087915 644.5086966087915
2363 738.5877 450.82184 803.2447303028227 973.9947303028227 554.4502838409564 650.4502838409564
2380 740.13403 450.77502 796.9431143556885 967.6931143556885 560.2148284340103 656.2148284340103
2398 740.13403 450.77502 790.0948566711968 960.8448566711968 566.1203039129076 662.1203039129076
2414 732.04846 453.4067 783.8605094916655 954.6105094916655 571.1942495138428 667.1942495138428
2431 732.04846 453.4067 777.0901233483269 947.8401233483269 576.4002277485814 672.4002277485814
2448 734.6477 455.04846 770.1742900189863 940.9242900189863 581.4113740517007 677.4113740517007
2465 734.6477 455.04846 763.1186144283101 933.8686144283101 586.2236271487043 682.2236271487043
2482 731.87445 455.94656 755.9288148358737 926.6788148358737 590.8330869577367 686.8330869577367
2499 731.87445 455.94656 748.6107182018081 919.3607182018081 595.2360177503971 691.2360177503971
2516 726.1862 459.0068 741.17025546435 911.92025546435 599.4288511793545 695.4288511793545
2533 726.1862 459.0068 733.6134567331254 904.3634567331254 603.4081891703074 699.4081891703074
2550 719.3426 460.3275 725.9464464020558 896.6964464020558 607.1708066759479 703.1708066759479
2567 719.3426 460.3275 718.1754381858558 888.9254381858558 610.7136542896951 706.7136542896951
2584 719.3426 460.3275 710.3067300841386 881.0567300841386 614.0338607170812 710.0338607170812
2601 715.24634 462.1463 702.346699277214 873.096699277214 617.1287351027865 713.1287351027865
2618 713.68 462.8026 694.3017969577133 865.0517969577133 619.9957692114392 715.9957692114392
2635 713.68 462.8026 686.178543102233 856.928543102233 622.6326394604092 718.6326394604092
2652 718.2763 461.61548 677.9835211872297 848.7335211872297 625.0372088029525 721.0372088029525
2669 718.2763 461.61548 669.7233728534557 840.4733728534557 627.2075284601758 723.2075284601758
2686 722.92426 462.4523 661.4047925232513 832.1547925232513 629.1418395004217 725.1418395004217
2703 722.92426 462.4523 653.0345219750633 823.7845219750633 630.8385742647915 726.8385742647915
2720 720.01355 461.35248 644.6193448795832 815.3693448795832 632.296357637651 728.296357637651
2737 720.01355 461.35248 636.1660813019316 806.9160813019316 633.5140081610913 729.5140081610913
2755 716.6199 458.80423 627.1816681050749 797.9316681050749 634.5404551656717 730.5404551656717
2772 715.54407 455.48724 618.6715913636143 789.4215913636143 635.2608243522246 731.2608243522246
2788 715.54407 455.48724 610.6464019995067 781.3964019995067 635.7172719246712 731.7172719246712
2805 715.54407 455.48724 602.1095270833351 772.8595270833351 635.9664798220608 731.9664798220608
2822 715.2432 451.7476 593.5690176902656 764.3190176902656 635.9725804261168 731.9725804261168
2839 715.2432 451.7476 585.0317954607539 755.7817954607539 635.7355687926154 731.7355687926154
2856 713.0959 450.38556 576.5047793711809 747.2547793711809 635.2556370072082 731.2556370072082
2874 713.0959 450.38556 567.4949783535706 738.2449783535706 634.4831348595524 730.4831348595524
2890 713.0362 449.22437 559.5089945588649 730.2589945588649 633.5687653790487 729.5687653790487
2907 713.0362 449.22437 551.0540000393138 721.8040000393138 632.3631926583694 728.3631926583694
2924 712.652 448.36984 542.6367489028069 713.3867489028069 630.9174329219486 726.9174329219486
2942 712.652 448.36984 533.7730850152877 704.5230850152877 629.1261382967836 725.1261382967836
2958 706.41376 449.19696 525.9427276452934 696.6927276452934 627.3102329649023 723.3102329649023
2975 707.1777 450.2311 517.6794871637487 688.4294871637487 625.1517161929854 721.1517161929854
2992 707.1777 450.2311 509.48103837910116 680.2310383791012 622.7588569334407 718.7588569334407
3009 707.2589 451.03464 501.3540257094023 672.1040257094023 620.1335944747455 716.1335944747455
3026 707.2589 451.03464 493.3050356774336 664.0550356774336 617.278056456131 713.278056456131
3044 707.8637 451.74866 484.8748660899855 655.6248660899855 614.0061281757542 710.0061281757542
3060 707.8637 451.74866 477.46714816449344 648.2171481644934 610.8855955525434 706.8855955525434
3078 707.8637 451.74866 469.2368388259649 639.9868388259649 607.1392263586182 703.1392263586182
3095 707.95325 452.73492 461.57075447846444 632.3207544784644 603.3747225815591 699.3747225815591
3111 707.95325 452.73492 454.4562325780845 625.2062325780845 599.6336549738851 695.6336549738851
3128 710.6277 450.9937 447.00978743869564 617.7597874386956 595.4514554692516 691.4514554692516
3145 710.6277 450.9937 439.68540812706976 610.4354081270698 591.058983999804 687.058983999804
3162 707.9971 449.25458 432.4890306732291 603.2390306732291 586.4598004361334 682.4598004361334
3179 706.6326 447.29407 425.4264873683203 596.1764873683203 581.6576321782761 677.6576321782761
3196 706.6326 447.29407 418.50350203784535 589.2535020378454 576.6563711348483 672.6563711348483
3213 704.1627 447.03345 411.72568540279684 582.4756854027969 571.4600705688548 667.4600705688548
3230 704.1627 447.03345 405.09853053246013 575.8485305324601 566.0729418127313 662.0729418127313
3247 705.5431 446.63992 398.6274083925641 569.3774083925641 560.4993508552757 656.4993508552757
3265 705.5431 446.63992 391.9515285815807 562.7015285815808 554.3996867092457 650.3996867092457
3281 706.66345 447.17114 386.17410963438175 556.9241096343817 548.8109982204569 644.8109982204569
3298 706.66345 447.17114 380.2020257696452 550.9520257696452 542.7057093474355 638.7057093474355
3315 706.66345 447.17114 374.4061519627961 545.1561519627961 536.4328962045494 632.4328962045494
3332 707.4627 445.8161 368.7911854693228 539.5411854693227 529.9976425819129 625.9976425819129
3349 707.4627 445.8161 363.3616769287074 534.1116769287074 523.4051639192346 619.4051639192346
3366 708.4703 447.0692 358.12202667636814 528.8720266763681 516.6608030789737 612.6608030789737
3383 716.069 447.90555 353.07648117741576 523.8264811774158 509.7700260162269 605.7700260162269
3400 716.069 447.90555 348.2291295851123 518.9791295851123 502.7384173488538 598.7384173488538
3417 713.56793 449.00717 343.58390042682595 514.333900426826 495.5716758314352 591.5716758314352
3435 713.56793 449.00717 338.8899101067921 509.6399101067921 487.8425278304917 583.8425278304917
3451 713.8178 448.42255 334.91470142185455 505.66470142185455 480.85613214835485 576.8561321483548
3468 713.8178 448.42255 330.8977575118902 501.6477575118902 473.3192561685689 569.3192561685689
3485 713.3177 449.6153 327.0969822152257 497.8469822152257 465.6710900449318 561.6710900449318
3502 713.3177 449.6153 323.5154558633554 494.2654558633554 457.9178322199049 553.9178322199049
3519 718.0112 453.11453 320.1560810978608 490.9060810978608 450.06576630732854 546.0657663073285
3536 718.0112 453.11453 317.0215805179704 487.7715805179704 442.1212559998803 538.1212559998803
3554 719.52374 452.42908 313.9506228120883 484.7006228120883 433.61581699217805 529.615816992178
3570 719.52374 452.42908 311.4371790087004 482.1871790087004 425.9807263598813 521.9807263598814
3587 718.2975 451.83044 308.9918039474663 479.7418039474663 417.79778809050777 513.7977880905078
3604 718.2975 451.83044 306.780351140146 477.530351140146 409.5485569510936 505.5485569510936
3621 722.28467 452.63098 304.80461285468476 475.55461285468476 401.23971851615926 497.23971851615926
3638 722.28467 452.63098 303.06619032461737 473.81619032461737 392.87800666884965 488.87800666884965
3655 720.42255 453.1502 301.5664924513526 472.3164924513526 384.4701981434725 480.4701981434725
3672 720.42255 453.1502 300.30673466233077 471.05673466233077 376.02310703330426 472.02310703330426
3689 721.8955 455.04282 299.28793792598333 470.03793792598333 367.5435792681223 463.5435792681223
3706 721.8955 455.04282 298.5109279242903 469.2609279242903 359.03848706593226 455.03848706593226
3724 718.84186 453.56354 297.95244725508564 468.70244725508564 350.0128916126015 446.0128916126015
3740 715.0813 453.71967 297.68459056430925 468.43459056430925 341.9791962294431 437.9791962294431
3757 715.0813 453.71967 417.64906576024066 588.3990657602407 333.056686471707 429.056686471707
3774 711.027 455.6584 417.99123095517183 588.7412309551719 324.5235450269113 420.5235450269113
3791 711.027 455.6584 418.73774721758974 589.4877472175897 316.01623679178385 412.01623679178385
3809 713.56287 454.72815 419.96702256495803 590.717022564958 307.0579362572376 403.0579362572376
3825 713.56287 454.72815 421.43620498653286 592.1862049865329 299.15561763711503 395.15561763711503
3842 713.56287 454.72815 423.3820723329198 594.1320723329197 290.84025954453836 386.84025954453836
3859 712.9783 453.3445 425.72015609929747 596.4701560992975 282.62655488470796 378.62655488470796
3876 712.9783 453.3445 428.4451933182859 599.1951933182859 274.53299249891984 370.53299249891984
3894 713.7043 455.0269 431.7454617306055 602.4954617306055 266.1145309557668 362.1145309557668
3910 713.7043 455.0269 435.03073493989234 605.7807349398923 258.7788567193968 354.7788567193968
3927 712.0214 453.34552 438.876415455004 609.626415455004 251.15374548655507 347.15374548655507
3944 711.55707 451.41843 443.0794350159092 613.8294350159092 243.71962102511617 339.71962102511617
3962 711.55707 451.41843 447.9086511094473 618.6586511094473 236.07495371588607 332.07495371588607
3978 709.01044 451.2134 452.518864647575 623.268864647575 229.49080094619188 325.4908009461919
3995 709.01044 451.2134 457.734026801152 628.484026801152 222.7281340425647 318.7281340425647
4012 710.0551 452.31482 463.26407999467915 634.0140799946792 216.22043924223226 312.22043924223226
4030 710.0551 452.31482 469.44880561963384 640.1988056196338 209.62411941289355 305.62411941289355
4046 712.00104 453.82565 475.21838667089924 645.9683866708992 204.0279536670738 300.0279536670738
4063 712.00104 453.82565 481.6157313118342 652.3657313118342 198.37060786867886 294.37060786867886
4080 712.00104 453.82565 488.27420988032543 659.0242098803254 193.0230623484931 289.0230623484931
4097 712.60657 451.30478 495.1788343096449 665.9288343096449 187.9973542961332 283.9973542961332
4114 712.60657 451.30478 502.31406246496294 673.064062464963 183.30479645322103 279.304796453221
4131 714.3002 449.56305 509.66383312829794 680.4138331282979 178.95595164869005 274.9559516486901
4148 716.532 451.26093 517.2116021519138 687.9616021519138 174.9606090221234 270.96060902212344
4165 716.532 451.26093 524.9403796987771 695.6903796987771 171.32776198864897 267.32776198864894
4183 724.16296 450.0834 533.3017438562879 704.0517438562879 167.88540004190477 263.88540004190475
4199 724.16296 450.0834 540.8710029469295 711.6210029469295 165.1814301122385 261.1814301122385
4216 720.44574 451.80768 549.0369892185008 719.7869892185008 162.68178050678887 258.68178050678887
4233 720.44574 451.80768 557.3123458725511 728.0623458725511 160.57226582663537 256.5722658266354
4250 719.1708 451.92926 565.678445290706 736.428445290706 158.85763453593017 254.85763453593017
4267 719.1708 451.92926 574.1164555949256 744.8664555949256 157.54174622631027 253.54174622631027
4284 724.1004 458.0771 582.6073830375866 753.3573830375866 156.6275629290547 252.6275629290547
4301 724.1004 458.0771 591.132114755926 761.882114755926 156.1171424476271 252.1171424476271
4318 720.8307 458.53165 599.6714617946108 770.4214617946108 156.01163372561214 252.01163372561214
4335 720.8307 458.53165 608.206202299593 778.956202299593 156.31127426047263 252.31127426047263
4352 721.37805 460.1305 616.7171247860152 787.4671247860152 157.01538956894865 253.01538956894865
4369 721.37805 460.1305 625.1850713827765 795.9350713827765 158.12239470530233 254.12239470530233
4386 718.031 457.5077 633.5909809564164 804.3409809564164 159.6297978289907 255.6297978289907
4403 718.031 457.5077 641.9159320172428 812.6659320172428 161.53420581373558 257.5342058137356
4420 714.25757 455.37027 650.1411853111272 820.8911853111272 163.83133188536496 259.831331885365
4437 714.25757 455.37027 658.2482260010909 828.9982260010909 166.5160052712332 262.5160052712332
4455 713.31995 455.58316 666.6830281761817 837.4330281761817 169.77428374521077 265.77428374521077
4471 713.31995 455.58316 674.0349817666976 844.7849817666976 173.0229627020636 269.02296270206364
4488 707.1332 454.78986 681.6791612546845 852.4291612546845 176.83059975054408 272.8305997505441
4505 707.1332 454.78986 689.1341369531456 859.8841369531456 180.99652309031762 276.9965230903176
4522 706.0272 454.63605 696.3831279004737 867.1331279004737 185.51135533338842 281.51135533338845
4539 706.1112 453.8683 703.4098168015221 874.1598168015221 190.36493370665013 286.36493370665016
4557 706.1112 453.8683 710.5899695491788 881.3399695491788 195.86108443850046 291.8610844385005
4573 710.1914 450.92667 716.733556869033 887.483556869033 201.0438897990301 297.0438897990301
4590 710.1914 450.92667 723.0006166338345 893.7506166338345 206.8452294582745 302.8452294582745
4607 710.1914 450.92667 728.9854590589218 899.7354590589218 212.9372932370277 308.9372932370277
4624 709.5091 452.51544 734.6746124154753 905.4246124154753 219.30636805391646 315.30636805391646
4641 709.5091 452.51544 740.0552705632856 910.8052705632856 225.93811728273374 321.93811728273374
4658 709.2701 451.33502 745.1153217770493 915.8653217770493 232.81761302381858 328.8176130238186
4675 709.2701 451.33502 749.8433760095571 920.5933760095571 239.9293697063817 335.9293697063817
4692 710.716 449.56958 754.2287905304013 924.9787905304013 247.25737894613326 343.25737894613326
4709 714.5224 446.47943 758.2616938824929 929.0116938824929 254.78514557975075 350.78514557975075
4726 714.5224 446.47943 761.9330081024611 932.6830081024611 262.4957247950736 358.4957247950736
4743 713.7352 442.48645 765.2344691549205 935.9844691549205 270.3717602734482 366.3717602734482
4760 713.7352 442.48645 768.1586455346032 938.9086455346032 278.3955232583588 374.3955232583588
4778 711.238 443.29742 770.8363040348377 941.5863040348377 287.032213093187 383.032213093187
4794 711.238 443.29742 772.8496793622878 943.5996793622878 294.8136947228397 390.8136947228397
4811 709.75085 443.25165 774.605977411876 945.355977411876 303.17114631399613 399.17114631399613
4828 709.75085 443.25165 775.9638957607996 946.7138957607996 311.60249482388303 407.60249482388303
4845 707.7593 445.26303 776.9203777692248 947.6703777692248 320.08876150040663 416.08876150040663
4862 707.7593 445.26303 777.47327042036 948.22327042036 328.6108439720703 424.6108439720703
4880 707.7593 445.26303 777.6174195110625 948.3674195110625 337.6519438712278 433.6519438712278
4896 709.51855 444.72882 777.3642207321774 948.1142207321774 345.68568689301895 441.68568689301895
4913 708.1714 445.17325 776.7025238609478 947.4525238609478 354.200012303063 450.200012303063
4930 708.1714 445.17325 775.6377280160616 946.3877280160616 362.6733699460652 458.6733699460652
4947 705.3701 443.45062 774.1722300260149 944.9222300260149 371.0866865084376 467.0866865084376
4964 705.3701 443.45062 772.3093286896907 943.0593286896907 379.4210238275436 475.4210238275436
4981 702.3898 443.61304 770.0532173508461 940.8032173508461 387.65762152102405 483.65762152102405
4998 702.3898 443.61304 767.4089744590015 938.1589744590015 395.77793921594457 491.77793921594457
5015 704.2185 445.85724 764.3825521379785 935.1325521379785 403.7636982827043 499.7636982827043
5032 704.2185 445.85724 760.9807627878217 931.7307627878217 411.59692297976756 507.59692297976756
5049 704.9 445.448 757.2112637502574 927.9612637502574 419.25998091660404 515.259980916604
5066 704.9 445.448 753.0825400722103 923.8325400722103 426.73562274375536 522.7356227437554
5083 704.5529 446.117 748.6038854061801 919.3538854061801 434.00702098068035 530.0070209806804
5101 705.4744 444.4811 743.4915841399335 914.2415841399335 441.4653480122629 537.4653480122629
5117 705.4744 444.4811 738.6378734563121 909.3878734563121 447.8721123408068 543.8721123408068
5134 705.4744 444.4811 733.1729494131282 903.9229494131282 454.4345954942897 550.4345954942896
5151 704.9384 444.14008 727.4029103666112 898.1529103666112 460.73048537096236 556.7304853709624
5168 704.9384 444.14008 721.3407445286122 892.0907445286122 466.7456100820642 562.7456100820642
5185 702.8538 448.36166 715.0000976809954 885.7500976809954 472.46642973411736 568.4664297341174
5202 702.8538 448.36166 708.3952424593289 879.1452424593289 477.8800669068827 573.8800669068827
5219 700.3966 448.07504 701.5410462255444 872.2910462255444 482.9743356401059 578.9743356401059
5236 700.3966 448.07504 694.4529376018812 865.2029376018812 487.73776886380733 583.7377688638073
5253 697.9723 448.25476 687.1468717414465 857.8968717414465 492.15964421036574 588.1596442103657
5271 697.9723 448.25476 679.1917557803298 849.9417557803298 496.45829474187997 592.45829474188
5287 700.5771 451.49997 671.9471049847989 842.6971049847989 499.93969839739407 595.9396983973941
5304 700.53125 449.60428 664.0876183788416 834.8376183788416 503.28036453280606 599.2803645328061
5321 700.53125 449.60428 656.0785261011198 826.8285261011198 506.2444868016163 602.2444868016163
5338 698.7544 449.66727 647.9378564156366 818.6878564156366 508.8253930396211 604.8253930396211
5355 698.7544 449.66727 639.6839337638094 810.4339337638094 511.01727369220305 607.017273692203
5372 698.7544 449.66727 631.335337516615 802.085337516615 512.8151948914908 608.8151948914908
5389 701.9248 449.85727 622.9108601528986 793.6608601528986 514.2151095623715 610.2151095623715
5406 701.9248 449.85727 614.4294649579773 785.1794649579773 515.2138665323532 611.2138665323532
5423 703.404 447.7122 605.9102433377668 776.6602433377668 515.8092176247758 611.8092176247758
5440 703.404 447.7122 597.3723718445073 768.1223718445073 515.9998227193989 611.9998227193989
5457 699.48 450.78247 588.8350690108309 759.5850690108309 515.7852527689789 611.7852527689789
5474 697.8521 451.95633 580.317552089333 751.067552089333 515.1659907650433 611.1659907650433
5491 697.8521 451.95633 571.8389937950213 742.5889937950213 514.1434306506889 610.1434306506889
5508 697.2423 455.40198 563.4184791480179 734.1684791480179 512.7198741828516 608.7198741828516
5525 697.2423 455.40198 555.0749625136663 725.8249625136663 510.8985257511097 606.8985257511097
5542 693.5093 455.57202 546.8272249367301 717.5772249367301 508.68348516468336 604.6834851646834
5559 693.5093 455.57202 538.6938318657412 709.4438318657412 506.079738423869 602.079738423869
5576 691.5749 457.17593 530.6930913626405 701.4430913626405 503.0931464966776 599.0931464966776
5593 691.5749 457.17593 522.843012891798 693.593012891798 499.7304321259451 595.7304321259451
5610 692.3165 456.3871 515.1612667811617 685.9112667811617 495.99916469660786 591.9991646966079
5627 692.3165 456.3871 507.6651444467964 678.4151444467964 491.90774319720856 587.9077431972086
5645 688.0964 457.96796 499.9491421383856 670.6991421383856 487.19334241625086 583.1933424162509
5661 688.0964 457.96796 493.29680961702684 664.0468096170268 482.6820667001052 578.6820667001052
5678 685.0091 457.53168 486.4569398796541 657.2069398796541 477.56857846668925 573.5685784666892
5695 685.0091 457.53168 479.86730663188473 650.6173066318847 472.13642294632587 568.1364229463259
5712 685.51263 456.4502 473.54274297137306 644.2927429713731 466.3978277836013 562.3978277836013
5729 685.51263 456.4502 467.4974853308397 638.2474853308397 460.36571041097886 556.3657104109789
5746 684.9805 457.5704 461.7451414322254 632.4951414322254 454.0536489719888 550.0536489719889
5763 684.9805 457.5704 456.29865965604995 627.04865965605 447.47585175716756 543.4758517571676
5780 685.41956 458.7719 451.1702998949387 621.9202998949387 440.6471252215585 536.6471252215586
5797 685.41956 458.7719 446.37160595691194 617.1216059569119 433.58284065575424 529.5828406557542
5814 682.7223 463.9726 441.9133795805666 612.6633795805666 426.29889958551144 522.2988995855114
5831 682.7223 463.9726 437.80565612063515 608.5556561206351 418.8116979778178 514.8116979778179
5848 681.7752 466.6875 434.05768195865755 604.8076819586576 411.1380893339877 507.1380893339877
5865 681.7752 466.6875 430.67789368960894 601.4278936896089 403.295346752855 499.295346752855
5882 677.8766 465.6406 427.67389913133843 598.4238991313384 395.30112404946493 491.30112404946493
5899 677.8766 465.6406 425.052460199564 595.8024601995639 387.1734160167848 483.1734160167848
5916 676.30676 466.97443 422.8194776869708 593.5694776869708 378.9305179198789 474.9305179198789
5933 676.30676 466.97443 420.97997798067684 591.7299779806768 370.59098431373195 466.59098431373195
5950 680.2731 464.59576 419.53810174796206 590.2881017479621 362.1735872774116 458.1735872774116
5967 680.2731 464.59576 418.4970946157316 589.2470946157316 353.69727415859836 449.69727415859836
5984 684.8023 461.6342 417.85929986469176 588.6092998646918 345.18112492358273 441.18112492358273
6001 684.8023 461.6342 417.6286526131048 588.3786526131048 337.1467028281774 433.1467028281774
