0 500.24155 341.6646 297.625 468.375 336.0 432.0
17 500.24155 341.6646 297.7465672298508 468.4965672298508 327.460353677165 423.460353677165
34 544.7401 365.3476 298.1111703954607 468.8611703954607 318.92762829531256 414.92762829531256
52 544.7401 365.3476 298.7617899590455 469.5117899590455 309.9082065772343 405.9082065772343
68 544.7401 365.3476 299.56810583748677 470.31810583748677 301.91059046864586 397.91059046864586
85 581.23975 384.68616 300.6592573431978 471.4092573431978 293.44006945149073 389.44006945149073
102 581.23975 384.68616 301.9910842002114 472.7410842002114 285.00404105339845 381.00404105339845
120 605.6226 397.3168 303.6623788905013 474.4123788905013 276.11696909446454 372.11696909446454
136 632.24994 411.18167 305.37225228130916 476.12225228130916 268.2627764750041 364.2627764750041
178 650.64136 422.12302 310.85530180021544 481.60530180021544 247.89131601025645 343.89131601025645
178 650.64136 422.12302 310.85530180021544 481.60530180021544 247.89131601025645 343.89131601025645
188 650.64136 422.12302 312.370971055829 483.120971055829 243.10145872448777 339.10145872448777
204 666.97064 432.25873 314.9622521925565 485.7122521925565 235.4924331110061 331.4924331110061
221 666.97064 432.25873 317.93779086333535 488.68779086333535 227.48702821623766 323.48702821623766
238 685.5281 439.792 321.14000152904384 491.89000152904384 219.5695674640201 315.5695674640201
256 685.5281 439.792 324.77475501321027 495.52475501321027 211.2893596734873 307.2893596734873
273 699.82007 439.989 328.4352697116431 499.1852697116431 203.57308012612515 299.57308012612515
289 699.82007 439.989 332.0798074744846 502.8298074744846 196.40862946948707 292.4086294694871
306 708.3996 450.6124 336.16094923283765 506.91094923283765 188.90632183391858 284.9063218339186
324 708.3996 450.6124 340.7130516625483 511.4630516625483 181.0927671105879 277.09276711058794
340 712.6583 453.85992 344.9554626662418 515.7054626662418 174.26532559916362 270.2653255991636
357 712.6583 453.85992 349.6617068437197 520.4117068437197 167.13850276900726 263.13850276900723
374 717.0542 448.351 354.5689124255555 525.3189124255555 160.14853343516307 256.1485334351631
391 717.0542 448.351 359.6731023758233 530.4231023758233 153.30108260568883 249.30108260568883
408 675.7191 438.24792 364.97014001297055 535.7201400129705 146.601699784777 242.601699784777
426 675.7191 438.24792 370.78419195402086 541.5341919540208 139.675656616284 235.675656616284
443 634.81305 429.67596 376.4645815063909 547.2145815063909 133.2980777305462 229.2980777305462
459 634.81305 429.67596 381.9746488335043 552.7246488335043 127.44562809241546 223.44562809241546
477 611.04224 426.1336 388.35832887425113 559.1083288742511 121.04079373995708 217.04079373995708
493 611.04224 426.1336 394.1925174146769 564.9425174146769 115.51139478609738 211.51139478609738
510 599.4193 422.6421 400.5512688483818 571.3012688483818 109.8099372430793 205.8099372430793
527 582.57385 418.84225 407.06973833256984 577.8197383325698 104.29179502905546 200.29179502905546
544 582.57385 418.84225 413.7426429853873 584.4926429853873 98.96144031244515 194.96144031244515
562 582.57385 418.84225 420.97038828338435 591.7203882833844 93.52701560946679 189.5270156094668
578 569.5105 394.6821 427.53000484391305 598.280004843913 88.88121758382923 184.88121758382923
595 569.5105 394.6821 434.6332881070341 605.3832881070341 84.13951907017963 180.13951907017963
612 558.7119 373.4537 441.86866770951156 612.6186677095116 79.60194042970028 175.60194042970028
629 558.7119 373.4537 449.2302797509776 619.9802797509776 75.27215913482809 171.2721591348281
647 552.5419 344.42535 457.15588471125693 627.9058847112569 70.91807370173689 166.9180737017369
663 552.5419 344.42535 464.3082388604396 635.0582388604396 67.24985358281685 163.24985358281685
680 559.57196 332.85126 472.0123660236304 642.7623660236304 63.563830988764266 159.56383098876427
697 563.7618 313.29538 479.81829571979983 650.5682957197998 60.09860379723074 156.09860379723074
714 563.7618 313.29538 487.71970164728384 658.4697016472838 56.85698039535282 152.85698039535282
732 569.4382 292.30408 496.18284410284525 666.9328441028453 53.6713103368038 149.6713103368038
749 569.4382 292.30408 504.26057476416406 675.0105747641641 50.89811628054434 146.89811628054434
765 574.8538 280.00363 511.93238432050157 682.6823843205016 48.49908588318232 144.49908588318232
782 574.8538 280.00363 520.1509627803556 690.9009627803556 46.176306080939696 142.1763060809397
799 580.29663 263.6437 528.4323299341439 699.1823299341439 44.08841336946284 140.08841336946284
816 580.29663 263.6437 536.7697741627716 707.5197741627716 42.23709987763954 138.23709987763954
834 580.29663 263.6437 545.6512683082123 716.4012683082123 40.53641304886645 136.53641304886645
850 589.5328 256.62845 553.585825606595 724.335825606595 39.25001917650059 135.2500191765006
867 589.5328 256.62845 562.0508042831839 732.8008042831839 38.116672841359446 134.11667284135945
884 596.7817 249.25497 570.5446140026227 741.2946140026227 37.2247455122278 133.2247455122278
901 608.5219 260.962 579.0603709721212 749.8103709721212 36.574960050003085 132.57496005000309
918 608.5219 260.962 587.5911736117806 758.3411736117806 36.167843072143 132.167843072143
935 626.08594 311.78455 596.1301081479654 766.8801081479654 36.00372452586896 132.00372452586896
953 626.08594 311.78455 605.1725055449577 775.9225055449577 36.09495642779058 132.09495642779058
969 645.84375 356.14508 613.2046904715623 783.9546904715623 36.40481772096149 132.4048177209615
986 645.84375 356.14508 621.7265001944813 792.4765001944813 36.96970439707047 132.96970439707047
1003 657.1405 392.5703 630.2287768999744 800.9787768999744 37.77693963769889 133.7769396376989
1020 657.1405 392.5703 638.7046299331981 809.4546299331981 38.82586922049978 134.82586922049978
1037 670.0136 420.07645 647.1471900543268 817.8971900543268 40.115643042381976 136.11564304238198
1055 670.0136 420.07645 656.0424796955454 826.7924796955454 41.74263294520472 137.74263294520472
1071 684.0552 436.91736 663.9050950571935 834.6550950571935 43.41334787928315 139.41334787928315
1088 684.0552 436.91736 672.2068585250034 842.9568585250034 45.41860627535635 141.41860627535635
1105 696.93164 445.25726 680.4481772598931 851.1981772598931 47.65936583863811 143.6593658386381
1122 696.93164 445.25726 688.6223720999366 859.3723720999366 50.133810549576026 146.13381054957603
1139 703.9605 451.8267 696.7228182836474 867.4728182836474 52.839934998910564 148.83993499891056
1156 703.9605 451.8267 704.742950819005 875.492950819005 55.77554601295549 151.7755460129555
1173 712.03204 466.36536 712.6762698040402 883.4262698040402 58.93826443105149 154.9382644310515
1191 712.03204 466.36536 720.9744866729714 891.7244866729714 62.53171273890922 158.53171273890922
1207 718.1332 472.0382 728.2568245155068 899.0068245155068 65.93458862018292 161.93458862018292
1224 718.1332 472.0382 735.8914330094331 906.6414330094331 69.76252423287974 165.76252423287974
1241 722.78455 478.77145 743.413983721744 914.163983721744 73.80623152831976 169.80623152831976
1258 722.78455 478.77145 750.8183800147626 921.5683800147626 78.06243329120804 174.06243329120804
1275 725.3281 482.42902 758.0986210088488 928.8486210088488 82.52768009049117 178.52768009049117
1292 730.5687 467.85022 765.2488064458005 935.9988064458005 87.19835307494287 183.19835307494287
1309 730.5687 467.85022 772.263141470708 943.013141470708 92.0706669060545 188.0706669060545
1326 730.5687 467.85022 779.1359413283826 949.8859413283826 97.14067282585665 193.14067282585665
1343 725.83856 463.39526 785.8616359705578 956.6116359705578 102.40426185718263 198.40426185718263
1360 725.83856 463.39526 792.434774570124 963.184774570124 107.85716813378187 203.85716813378187
1377 729.70337 474.9098 798.8500299387413 969.6000299387413 113.49497235758312 209.49497235758312
1394 729.70337 474.9098 805.1022028442499 975.8522028442499 119.31310538030687 215.31310538030687
1411 727.2634 472.43915 811.1862262243785 981.9362262243785 125.30685190652298 221.30685190652298
1428 727.2634 472.43915 817.0971692933363 987.8471692933363 131.47135431515434 227.47135431515434
1445 725.6484 466.9312 822.8302415379586 993.5802415379586 137.80161659632608 233.80161659632608
1462 735.88275 469.25723 828.3807966001699 999.1307966001699 144.29250840037312 240.29250840037312
1480 735.88275 469.25723 834.0539206730178 1004.8039206730178 151.33444969515332 247.33444969515332
1496 737.0355 477.093 838.9165129944168 1009.6665129944168 157.73501253228335 253.73501253228335
1514 737.0355 477.093 844.1797012529947 1014.9297012529947 165.08838749211185 261.08838749211185
1531 734.3324 481.7572 848.9448737571439 1019.6948737571439 172.1759448228275 268.1759448228275
1547 734.3324 481.7572 853.2437467928016 1023.9937467928016 178.96797687071094 274.9679768707109
1564 738.9606 479.40393 857.6101570459276 1028.3601570459277 186.30792233453255 282.3079223345326
1582 738.9606 479.40393 862.0036814969314 1032.7536814969314 194.2117326082863 290.2117326082863
1598 738.9606 479.40393 865.7074960610505 1036.4574960610505 201.34571931915121 297.3457193191512
1615 741.37537 478.5871 869.4318623492258 1040.1818623492259 209.03138348446487 305.03138348446487
1632 741.37537 478.5871 872.9359432553329 1043.6859432553329 216.8199491363638 312.8199491363638
1649 743.2279 478.62708 876.2168989033121 1046.966898903312 224.7051040458423 320.7051040458423
1666 745.186 473.31152 879.2720702485676 1050.0220702485676 232.6804577033056 328.6804577033056
1683 745.186 473.31152 882.0989812329851 1052.8489812329851 240.73954649774532 336.7395464977453
1700 741.36865 476.13843 884.6953407916484 1055.4453407916485 248.87583895516212 344.8758389551621
1717 741.36865 476.13843 887.0590447096293 1057.8090447096292 257.08274103198784 353.08274103198784
1734 744.8517 466.2105 889.1881773273444 1059.9381773273444 265.35360145921436 361.35360145921436
1751 744.8517 466.2105 891.0810130930984 1061.8310130930984 273.6817171329047 369.6817171329047
1768 744.7628 460.9777 892.7360179615537 1063.4860179615537 282.0603385467098 378.0603385467098
1785 744.7628 460.9777 894.1518506369953 1064.9018506369953 290.4826752619944 386.4826752619944
1802 741.3053 465.9202 895.3273636603816 1066.0773636603817 298.94190141113677 394.94190141113677
1819 741.3053 465.9202 896.2616043392997 1067.0116043392995 307.4311612295389 403.4311612295389
1836 741.3053 465.9202 896.9538155200738 1067.703815520074 315.9435746118702 411.9435746118702
1854 742.4978 477.96442 897.4223209778079 1068.1723209778079 324.97428757271297 420.97428757271297
1870 741.1621 482.49664 897.6101019890048 1068.3601019890048 333.01025341435343 429.01025341435343
1887 741.1621 482.49664 897.5736453909749 1068.323645390975 341.5506871754069 437.5506871754069
1905 739.2842 486.5397 897.2700853553974 1068.0200853553974 350.5884482504665 446.5884482504665
1922 739.2842 486.5397 896.7333946506541 1067.4833946506542 359.1120801640305 455.1120801640305
1938 737.371 479.63492 896.0068216320687 1066.7568216320687 367.1173347111916 463.1173347111916
1955 737.371 479.63492 895.0001400172805 1065.7501400172805 375.5983093035911 471.5983093035911
1972 734.22485 475.82922 893.7524512558361 1064.5024512558361 384.04719151753216 480.04719151753216
1990 734.22485 475.82922 892.1698065389205 1062.9198065389205 392.9504779694597 488.9504779694597
2006 731.74646 480.3393 890.5382915457113 1061.2882915457112 400.8213208432003 496.8213208432003
2023 731.74646 480.3393 888.5744255069792 1059.3244255069792 409.13297339202586 505.13297339202586
2040 731.792 479.01447 886.3747600303433 1057.1247600303432 417.385355454278 513.3853554542779
2057 735.0014 483.84067 883.9410778307275 1054.6910778307274 425.5717789017766 521.5717789017766
2074 735.0014 483.84067 881.2753512814876 1052.0253512814875 433.68560906238275 529.6856090623828
2091 735.0014 483.84067 878.3797408159044 1049.1297408159044 441.7202700970553 537.7202700970553
2108 735.7585 484.81775 875.2565931762647 1046.0065931762647 449.6692503292295 545.6692503292295
2125 735.7585 484.81775 871.9084395119482 1042.6584395119482 457.52610752219204 553.526107522192
2142 735.21173 486.0948 868.3379933280626 1039.0879933280626 465.2844741001809 561.2844741001809
2160 735.21173 486.0948 864.3184484911064 1035.0684484911064 473.3848773771026 569.3848773771026
2176 733.3666 494.18195 860.5419758597092 1031.291975859709 480.4806693117979 576.4806693117979
2194 733.3666 494.18195 856.0679679827582 1026.817967982758 488.339201456037 584.339201456037
2210 731.1932 496.97626 851.8938087238421 1022.6438087238421 495.20858302917645 591.2085830291765
2227 731.1932 496.97626 847.2588229060326 1018.0088229060326 502.38195353258584 598.3819535325858
2244 729.8662 496.48727 842.4215218060378 1013.1715218060378 509.42048008140796 605.420480081408
2261 728.34375 499.85147 837.3858258058228 1008.1358258058228 516.3184583144773 612.3184583144773
2278 728.34375 499.85147 832.1558160761413 1002.9058160761413 523.0702977777584 619.0702977777584
2295 725.99243 514.0614 826.7357312689596 997.4857312689596 529.6705264551181 625.6705264551181
2312 725.99243 514.0614 821.1299640822481 991.8799640822481 536.1137952031119 632.1137952031119
2329 725.99243 514.0614 815.3430576999276 986.0930576999276 542.394882086187 638.394882086187
2346 722.7095 500.10626 809.379702109853 980.129702109853 548.5086966087915 644.5086966087915
2363 722.7095 500.10626 803.2447303028227 973.9947303028227 554.4502838409564 650.4502838409564
2380 721.2374 502.5236 796.9431143556885 967.6931143556885 560.2148284340103 656.2148284340103
2397 721.2374 502.5236 790.4799614017456 961.2299614017456 565.7976585231695 661.7976585231695
2415 718.0912 493.28442 783.4663765564474 954.2163765564474 571.5058019659065 667.5058019659065
2431 721.58075 491.34653 777.0901233483269 947.8401233483269 576.4002277485814 672.4002277485814
2448 721.58075 491.34653 770.1742900189863 940.9242900189863 581.4113740517007 677.4113740517007
2465 717.24835 497.14316 763.1186144283101 933.8686144283101 586.2236271487043 682.2236271487043
2482 717.24835 497.14316 755.9288148358737 926.6788148358737 590.8330869577367 686.8330869577367
2500 714.5381 488.83957 748.1763727666926 918.9263727666926 595.48850486691 691.48850486691
2516 714.5381 488.83957 741.17025546435 911.92025546435 599.4288511793545 695.4288511793545
2534 720.16254 494.08456 733.1654466713042 903.9154466713042 603.6355494252274 699.6355494252274
2550 720.16254 494.08456 725.9464464020558 896.6964464020558 607.1708066759479 703.1708066759479
2567 720.16254 494.08456 718.1754381858558 888.9254381858558 610.7136542896951 706.7136542896951
2584 717.437 485.27167 710.3067300841386 881.0567300841386 614.0338607170812 710.0338607170812
2601 717.437 485.27167 702.346699277214 873.096699277214 617.1287351027865 713.1287351027865
2618 714.99414 493.10144 694.3017969577133 865.0517969577133 619.9957692114392 715.9957692114392
2635 714.99414 493.10144 686.178543102233 856.928543102233 622.6326394604092 718.6326394604092
2652 718.3612 494.37164 677.9835211872297 848.7335211872297 625.0372088029525 721.0372088029525
2669 717.0542 511.25 669.7233728534557 840.4733728534557 627.2075284601758 723.2075284601758
2686 717.0542 511.25 661.4047925232513 832.1547925232513 629.1418395004217 725.1418395004217
2703 717.2151 522.91876 653.0345219750633 823.7845219750633 630.8385742647915 726.8385742647915
2720 717.2151 522.91876 644.6193448795832 815.3693448795832 632.296357637651 728.296357637651
2737 721.2733 525.9049 636.1660813019316 806.9160813019316 633.5140081610913 729.5140081610913
2754 721.2733 525.9049 627.6815821743512 798.4315821743512 634.4905389924386 730.4905389924386
2771 716.3013 524.47253 619.1727237438794 789.9227237438794 635.2251587040392 731.2251587040392
2788 716.3013 524.47253 610.6464019995067 781.3964019995067 635.7172719246712 731.7172719246712
2805 712.5447 518.5125 602.1095270833351 772.8595270833351 635.9664798220608 731.9664798220608
2822 712.5447 518.5125 593.5690176902656 764.3190176902656 635.9725804261168 731.9725804261168
2839 705.5272 514.6378 585.0317954607539 755.7817954607539 635.7355687926154 731.7355687926154
2856 705.5272 514.6378 576.5047793711809 747.2547793711809 635.2556370072082 731.2556370072082
2874 703.72253 508.55508 567.4949783535706 738.2449783535706 634.4831348595524 730.4831348595524
2891 703.72253 508.55508 559.0107197476881 729.7607197476881 633.5045165381459 729.5045165381459
2907 704.2009 510.9201 551.0540000393138 721.8040000393138 632.3631926583694 728.3631926583694
2924 704.2009 510.9201 542.6367489028069 713.3867489028069 630.9174329219486 726.9174329219486
2941 700.15466 510.20453 534.2640628953682 705.0140628953682 629.232657883161 725.232657883161
2958 700.15466 510.20453 525.9427276452934 696.6927276452934 627.3102329649023 723.3102329649023
2975 702.79596 512.1622 517.6794871637487 688.4294871637487 625.1517161929854 721.1517161929854
2992 702.79596 512.1622 509.48103837910116 680.2310383791012 622.7588569334407 718.7588569334407
3009 701.5874 515.18677 501.3540257094023 672.1040257094023 620.1335944747455 716.1335944747455
3026 701.5874 515.18677 493.3050356774336 664.0550356774336 617.278056456131 713.278056456131
3043 698.17114 496.1245 485.3405915726703 656.0905915726703 614.1945571432422 710.1945571432422
3060 698.0084 493.37277 477.46714816449344 648.2171481644934 610.8855955525434 706.8855955525434
3077 698.0084 493.37277 469.691086470933 640.441086470933 607.3538534259965 703.3538534259965
3094 700.0574 502.31235 462.0187085871838 632.7687085871838 603.6021930576474 699.6021930576474
3111 700.0574 502.31235 454.4562325780845 625.2062325780845 599.6336549738851 695.6336549738851
3128 700.0574 502.31235 447.00978743869564 617.7597874386956 595.4514554692516 691.4514554692516
3145 696.8872 511.29965 439.68540812706976 610.4354081270698 591.058983999804 687.058983999804
3162 696.8872 511.29965 432.4890306732291 603.2390306732291 586.4598004361334 682.4598004361334
3179 700.5166 514.83374 425.4264873683203 596.1764873683203 581.6576321782761 677.6576321782761
3197 702.24817 508.46057 418.1007341971813 588.8507341971813 576.3560650118047 672.3560650118047
3213 702.24817 508.46057 411.72568540279684 582.4756854027969 571.4600705688548 667.4600705688548
3230 705.77136 498.36624 405.09853053246013 575.8485305324601 566.0729418127313 662.0729418127313
3247 705.77136 498.36624 398.6274083925641 569.3774083925641 560.4993508552757 656.4993508552757
3264 705.0543 495.43698 392.31756349239276 563.0675634923928 554.7438148032415 650.7438148032415
3282 705.0543 495.43698 385.818018823778 556.568018823778 548.4565902131905 644.4565902131905
3298 709.3136 492.66614 380.2020257696452 550.9520257696452 542.7057093474355 638.7057093474355
3315 709.3136 492.66614 374.4061519627961 545.1561519627961 536.4328962045494 632.4328962045494
3332 710.16815 481.5654 368.7911854693228 539.5411854693227 529.9976425819129 625.9976425819129
3349 710.16815 481.5654 363.3616769287074 534.1116769287074 523.4051639192346 619.4051639192346
3366 710.16815 481.5654 358.12202667636814 528.8720266763681 516.6608030789737 612.6608030789737
3383 709.7537 483.95932 353.07648117741576 523.8264811774158 509.7700260162269 605.7700260162269
3401 711.11017 492.10144 347.9502481623738 518.7002481623738 502.3205287834901 598.3205287834901
3417 711.11017 492.10144 343.58390042682595 514.333900426826 495.5716758314352 591.5716758314352
3435 710.018 492.92468 338.8899101067921 509.6399101067921 487.8425278304917 583.8425278304917
3451 710.018 492.92468 334.91470142185455 505.66470142185455 480.85613214835485 576.8561321483548
3468 716.49915 497.72903 330.8977575118902 501.6477575118902 473.3192561685689 569.3192561685689
3485 716.49915 497.72903 327.0969822152257 497.8469822152257 465.6710900449318 561.6710900449318
3502 717.24316 503.2874 323.5154558633554 494.2654558633554 457.9178322199049 553.9178322199049
3519 717.24316 503.2874 320.1560810978608 490.9060810978608 450.06576630732854 546.0657663073285
3536 713.8682 500.07544 317.0215805179704 487.7715805179704 442.1212559998803 538.1212559998803
3553 713.8682 500.07544 314.1144944740342 484.8644944740342 434.0907399116313 530.0907399116313
3570 717.2036 497.30127 311.4371790087004 482.1871790087004 425.9807263598813 521.9807263598814
3587 717.2036 497.30127 308.9918039474663 479.7418039474663 417.79778809050777 513.7977880905078
3605 714.3302 494.22562 306.65758971905177 477.40758971905177 409.06138620638365 505.06138620638365
3621 714.3302 494.22562 304.80461285468476 475.55461285468476 401.23971851615926 497.23971851615926
3638 711.8122 486.6271 303.06619032461737 473.81619032461737 392.87800666884965 488.87800666884965
3656 711.8122 486.6271 301.4857362133312 472.2357362133312 383.97433109371923 479.97433109371923
3672 709.15076 497.34335 300.30673466233077 471.05673466233077 376.02310703330426 472.02310703330426
3689 709.15076 497.34335 299.28793792598333 470.03793792598333 367.5435792681223 463.5435792681223
3707 705.27136 492.34836 298.4727655898568 469.2227655898568 358.5375386282254 454.5375386282254
3723 705.27136 492.34836 297.97633438360816 468.72633438360816 350.5147233633919 446.5147233633919
3740 703.3418 496.66824 297.68459056430925 468.43459056430925 341.9791962294431 437.9791962294431
3757 703.3418 496.66824 417.64906576024066 588.3990657602407 333.056686471707 429.056686471707
3774 702.07056 492.1446 417.99123095517183 588.7412309551719 324.5235450269113 420.5235450269113
3792 710.2071 498.62653 418.79422084104294 589.5442208410429 315.5170210808991 411.5170210808991
3808 710.2071 498.62653 419.88693415828243 590.6369341582824 307.553911501838 403.553911501838
3826 710.2071 498.62653 421.53972789945465 592.2897278994546 298.66399928652106 394.66399928652106
3842 709.14185 508.70142 423.3820723329198 594.1320723329197 290.84025954453836 386.84025954453836
3860 709.14185 508.70142 425.8697967163995 596.6197967163995 282.14695788528695 378.14695788528695
3876 706.1511 512.0686 428.4451933182859 599.1951933182859 274.53299249891984 370.53299249891984
3894 706.1511 512.0686 431.7454617306055 602.4954617306055 266.1145309557668 362.1145309557668
3910 705.5691 516.17975 435.03073493989234 605.7807349398923 258.7788567193968 354.7788567193968
3927 705.5691 516.17975 438.876415455004 609.626415455004 251.15374548655507 347.15374548655507
3945 708.6532 516.70953 443.3376014504479 614.0876014504479 243.28862718732034 339.28862718732034
3961 705.08795 517.27325 447.6303327319572 618.3803327319572 236.49321736108072 332.4932173610807
3978 705.08795 517.27325 452.518864647575 623.268864647575 229.49080094619188 325.4908009461919
3996 705.2142 515.9166 458.0507256503695 628.8007256503695 222.33812451057264 318.33812451057264
4013 705.2142 515.9166 463.5989209792019 634.3489209792019 215.84589003154827 311.84589003154827
4029 703.87286 507.9062 469.09657621838664 639.8465762183866 209.98236520147657 305.98236520147657
4046 703.87286 507.9062 475.21838667089924 645.9683866708992 204.0279536670738 300.0279536670738
4063 702.21075 506.18845 481.6157313118342 652.3657313118342 198.37060786867886 294.37060786867886
4080 702.21075 506.18845 488.27420988032543 659.0242098803254 193.0230623484931 289.0230623484931
4097 702.21075 506.18845 495.1788343096449 665.9288343096449 187.9973542961332 283.9973542961332
4114 696.4772 500.8964 502.31406246496294 673.064062464963 183.30479645322103 279.304796453221
4131 696.4772 500.8964 509.66383312829794 680.4138331282979 178.95595164869005 274.9559516486901
4148 694.5178 492.13696 517.2116021519138 687.9616021519138 174.9606090221234 270.96060902212344
4165 694.5178 492.13696 524.9403796987771 695.6903796987771 171.32776198864897 267.32776198864894
4182 695.5132 496.71695 532.8327684862486 703.5827684862486 168.06558799499004 264.06558799499004
4199 696.46533 494.60583 540.8710029469295 711.6210029469295 165.1814301122385 261.1814301122385
4217 696.46533 494.60583 549.5209282560902 720.2709282560902 162.54684124624086 258.5468412462409
4233 696.7296 500.0592 557.3123458725511 728.0623458725511 160.57226582663537 256.5722658266354
4251 696.7296 500.0592 566.172993109811 736.922993109811 158.76915826363768 254.76915826363768
4268 700.63257 501.70126 574.6146433324445 745.3646433324445 157.4768264733346 253.4768264733346
4284 700.63257 501.70126 582.6073830375866 753.3573830375866 156.6275629290547 252.6275629290547
4302 701.3044 509.88538 591.634212437205 762.384212437205 156.09972077737774 252.09972077737774
4319 701.3044 509.88538 600.1738207000526 770.9238207000526 156.01804670179018 252.01804670179018
4335 697.4372 512.93036 608.206202299593 778.956202299593 156.31127426047263 252.31127426047263
4353 697.4372 512.93036 617.2166157056257 787.9666157056257 157.06937491294823 253.06937491294823
4369 698.0924 510.23837 625.1850713827765 795.9350713827765 158.12239470530233 254.12239470530233
4387 698.0924 510.23837 634.0831090553891 804.8331090553891 159.73086973577773 255.73086973577773
4403 694.18066 510.7359 641.9159320172428 812.6659320172428 161.53420581373558 257.5342058137356
4420 694.18066 510.7359 650.1411853111272 820.8911853111272 163.83133188536496 259.831331885365
4437 696.2866 519.18085 658.2482260010909 828.9982260010909 166.5160052712332 262.5160052712332
4454 696.2866 519.18085 666.2188053437343 836.9688053437343 169.58218283949915 265.5821828394992
4471 699.59393 523.59143 674.0349817666976 844.7849817666976 173.0229627020636 269.02296270206364
4488 699.59393 523.59143 681.6791612546845 852.4291612546845 176.83059975054408 272.8305997505441
4505 702.5412 526.5854 689.1341369531456 859.8841369531456 180.99652309031762 276.9965230903176
4522 702.5412 526.5854 696.3831279004737 867.1331279004737 185.51135533338842 281.51135533338845
4540 698.7488 528.94476 703.8158878779227 874.5658878779227 190.66075777100514 286.66075777100514
4557 699.3791 532.3995 710.5899695491788 881.3399695491788 195.86108443850046 291.8610844385005
4573 699.3791 532.3995 716.733556869033 887.483556869033 201.0438897990301 297.0438897990301
4590 699.3791 532.3995 723.0006166338345 893.7506166338345 206.8452294582745 302.8452294582745
4607 701.23553 527.25665 728.9854590589218 899.7354590589218 212.9372932370277 308.9372932370277
4624 701.23553 527.25665 734.6746124154753 905.4246124154753 219.30636805391646 315.30636805391646
4641 700.0571 528.6979 740.0552705632856 910.8052705632856 225.93811728273374 321.93811728273374
4658 700.0571 528.6979 745.1153217770493 915.8653217770493 232.81761302381858 328.8176130238186
4675 699.375 526.48627 749.8433760095571 920.5933760095571 239.9293697063817 335.9293697063817
4692 699.375 526.48627 754.2287905304013 924.9787905304013 247.25737894613326 343.25737894613326
4709 698.1723 530.72516 758.2616938824929 929.0116938824929 254.78514557975075 350.78514557975075
4726 698.1723 530.72516 761.9330081024611 932.6830081024611 262.4957247950736 358.4957247950736
4743 700.6218 527.53864 765.2344691549205 935.9844691549205 270.3717602734482 366.3717602734482
4761 700.56793 524.4032 768.3187615671286 939.0687615671286 278.8717253711941 374.8717253711941
4777 700.56793 524.4032 770.6989549944915 941.4489549944915 286.5489524624127 382.5489524624127
4795 697.8084 525.37634 772.9639522412413 943.7139522412413 295.3029260641045 391.3029260641045
4811 697.8084 525.37634 774.605977411876 945.355977411876 303.17114631399613 399.17114631399613
4829 698.7391 528.39624 776.0312971637562 946.7812971637562 312.1003528829921 408.1003528829921
4846 698.7391 528.39624 776.9640893640834 947.7140893640834 320.5892561483454 416.5892561483454
4862 698.7391 528.39624 777.47327042036 948.22327042036 328.6108439720703 424.6108439720703
4879 699.83484 535.9443 777.6213291668411 948.3713291668411 337.1495592469291 433.1495592469291
4896 699.83484 535.9443 777.3642207321774 948.1142207321774 345.68568689301895 441.68568689301895
4913 701.97327 528.7984 776.7025238609478 947.4525238609478 354.200012303063 450.200012303063
4931 707.606 530.1782 775.5625863875596 946.3125863875596 363.1701187073185 459.1701187073185
4947 707.606 530.1782 774.1722300260149 944.9222300260149 371.0866865084376 467.0866865084376
4964 702.93616 531.16437 772.3093286896907 943.0593286896907 379.4210238275436 475.4210238275436
4981 702.93616 531.16437 770.0532173508461 940.8032173508461 387.65762152102405 483.65762152102405
4998 704.5982 535.9103 767.4089744590015 938.1589744590015 395.77793921594457 491.77793921594457
5016 704.5982 535.9103 764.1927668269823 934.9427668269823 404.2288725853804 500.2288725853804
5032 701.9446 539.4241 760.9807627878217 931.7307627878217 411.59692297976756 507.59692297976756
5049 701.9446 539.4241 757.2112637502574 927.9612637502574 419.25998091660404 515.259980916604
5066 701.79553 531.647 753.0825400722103 923.8325400722103 426.73562274375536 522.7356227437554
5083 701.79553 531.647 748.6038854061801 919.3538854061801 434.00702098068035 530.0070209806804
5100 701.35376 530.67194 743.7853810904619 914.5353810904619 441.057807893992 537.057807893992
5117 701.35376 530.67194 738.6378734563121 909.3878734563121 447.8721123408068 543.8721123408068
5134 697.56305 532.9818 733.1729494131282 903.9229494131282 454.4345954942897 550.4345954942896
5151 697.56305 532.9818 727.4029103666112 898.1529103666112 460.73048537096236 556.7304853709624
5169 693.4236 532.66846 720.9753375862501 891.7253375862501 467.09040474938706 563.0904047493871
5185 693.4236 532.66846 715.0000976809954 885.7500976809954 472.46642973411736 568.4664297341174
5202 694.57275 529.31635 708.3952424593289 879.1452424593289 477.8800669068827 573.8800669068827
5219 694.57275 529.31635 701.5410462255444 872.2910462255444 482.9743356401059 578.9743356401059
5236 698.2997 530.9994 694.4529376018812 865.2029376018812 487.73776886380733 583.7377688638073
5253 698.2997 530.9994 687.1468717414465 857.8968717414465 492.15964421036574 588.1596442103657
5270 694.6136 523.9086 679.639294413571 850.389294413571 496.2300081502966 592.2300081502966
5287 694.6136 523.9086 671.9471049847989 842.6971049847989 499.93969839739407 595.9396983973941
5304 696.49744 521.626 664.0876183788416 834.8376183788416 503.28036453280606 599.2803645328061
5322 698.5191 517.4373 655.6031277542164 826.3531277542164 506.40697374848173 602.4069737484817
5338 698.5191 517.4373 647.9378564156366 818.6878564156366 508.8253930396211 604.8253930396211
5355 698.5191 517.4373 639.6839337638094 810.4339337638094 511.01727369220305 607.017273692203
5372 698.6262 516.09973 631.335337516615 802.085337516615 512.8151948914908 608.8151948914908
5389 698.6262 516.09973 622.9108601528986 793.6608601528986 514.2151095623715 610.2151095623715
5406 703.139 521.2437 614.4294649579773 785.1794649579773 515.2138665323532 611.2138665323532
5423 703.139 521.2437 605.9102433377668 776.6602433377668 515.8092176247758 611.8092176247758
5441 699.219 516.6786 596.8699739756478 767.6199739756478 515.9984164810973 611.9984164810973
5457 699.219 516.6786 588.8350690108309 759.5850690108309 515.7852527689789 611.7852527689789
5475 702.6787 518.10236 579.8175479661336 750.5675479661336 515.1169859395293 611.1169859395293
5491 702.6787 518.10236 571.8389937950213 742.5889937950213 514.1434306506889 610.1434306506889
5508 700.8426 521.1139 563.4184791480179 734.1684791480179 512.7198741828516 608.7198741828516
5525 700.0695 520.6463 555.0749625136663 725.8249625136663 510.8985257511097 606.8985257511097
5542 700.0695 520.6463 546.8272249367301 717.5772249367301 508.68348516468336 604.6834851646834
5560 702.77594 521.50085 538.2193505800357 708.9693505800357 505.9145927134932 601.9145927134932
5576 702.77594 521.50085 530.6930913626405 701.4430913626405 503.0931464966776 599.0931464966776
5593 702.77594 521.50085 522.843012891798 693.593012891798 499.7304321259451 595.7304321259451
5610 707.2021 525.5631 515.1612667811617 685.9112667811617 495.99916469660786 591.9991646966079
5628 707.2021 525.5631 507.2303395844086 677.9803395844086 491.65604828708047 587.6560482870805
5644 706.15906 528.4627 500.37151947034613 671.1215194703461 487.4653773139863 583.4653773139863
5661 706.15906 528.4627 493.29680961702684 664.0468096170268 482.6820667001052 578.6820667001052
5679 703.8732 521.7298 486.06223977640286 656.8122397764029 477.25774503117407 573.2577450311741
5696 704.2099 514.4803 479.48779392617575 650.2377939261758 471.80721829516574 567.8072182951657
5712 704.2099 514.4803 473.54274297137306 644.2927429713731 466.3978277836013 562.3978277836013
5729 707.3527 513.3019 467.4974853308397 638.2474853308397 460.36571041097886 556.3657104109789
5747 707.3527 513.3019 461.4161702808618 632.1661702808618 453.6739338449379 549.6739338449379
5764 709.3403 512.3506 455.98806905859533 626.7380690585953 447.0809605355471 543.0809605355471
5780 709.3403 512.3506 451.1702998949387 621.9202998949387 440.6471252215585 536.6471252215586
5797 711.3079 513.44275 446.37160595691194 617.1216059569119 433.58284065575424 529.5828406557542
5814 711.3079 513.44275 441.9133795805666 612.6633795805666 426.29889958551144 522.2988995855114
5831 708.3965 514.7135 437.80565612063515 608.5556561206351 418.8116979778178 514.8116979778179
5848 708.3965 514.7135 434.05768195865755 604.8076819586576 411.1380893339877 507.1380893339877
5865 708.3965 514.7135 430.67789368960894 601.4278936896089 403.295346752855 499.295346752855
5882 700.25806 512.7176 427.67389913133843 598.4238991313384 395.30112404946493 491.30112404946493
5899 700.25806 512.7176 425.052460199564 595.8024601995639 387.1734160167848 483.1734160167848
5917 697.5432 509.3824 422.70033489037223 593.4503348903722 378.44244969702606 474.44244969702606
5934 701.3666 510.44873 420.8841188838897 591.6341188838896 370.0978143331939 466.0978143331939
5950 701.3666 510.44873 419.53810174796206 590.2881017479621 362.1735872774116 458.1735872774116
5967 701.1565 514.93945 418.4970946157316 589.2470946157316 353.69727415859836 449.69727415859836
5984 701.1565 514.93945 417.85929986469176 588.6092998646918 345.18112492358273 441.18112492358273
6001 701.6549 514.42285 417.6286526131048 588.3786526131048 337.1467028281774 433.1467028281774
