1 693.1098 528.52795 297.62542067616835 468.37542067616835 335.4976002348308 431.4976002348308
17 691.46265 534.80634 297.7465672298508 468.4965672298508 327.460353677165 423.460353677165
34 691.46265 534.80634 298.1111703954607 468.8611703954607 318.92762829531256 414.92762829531256
51 693.34973 527.8804 298.7185140048509 469.4685140048509 310.4087391863609 406.4087391863609
68 693.34973 527.8804 299.56810583748677 470.31810583748677 301.91059046864586 397.91059046864586
85 694.5394 528.2483 300.6592573431978 471.4092573431978 293.44006945149073 389.44006945149073
102 695.4183 521.60425 301.9910842002114 472.7410842002114 285.00404105339845 381.00404105339845
119 695.4183 521.60425 303.56250703184975 474.31250703184975 276.6093422383909 372.6093422383909
136 700.5057 518.973 305.37225228130916 476.12225228130916 268.2627764750041 364.2627764750041
153 700.5057 518.973 307.4188532438116 478.1688532438116 259.9711082224287 355.9711082224287
171 700.5057 518.973 309.84216057483684 480.59216057483684 251.25899851671107 347.2589985167111
188 696.53235 514.1675 312.370971055829 483.120971055829 243.10145872448777 339.10145872448777
204 696.53235 514.1675 314.9622521925565 485.7122521925565 235.4924331110061 331.4924331110061
222 698.01086 521.19855 318.1199060276202 488.8699060276202 227.01879775167134 323.01879775167134
238 698.01086 521.19855 321.14000152904384 491.89000152904384 219.5695674640201 315.5695674640201
255 696.3249 523.358 324.5662889638151 495.3162889638151 211.74646754616077 307.7464675461608
272 696.3249 523.358 328.2138763391684 498.9638763391684 204.0240686798987 300.02406867989873
289 697.0228 516.20087 332.0798074744846 502.8298074744846 196.40862946948707 292.4086294694871
307 658.15717 512.2954 336.4076486363828 507.1576486363828 188.46866317091627 284.4686631709163
324 658.15717 512.2954 340.7130516625483 511.4630516625483 181.0927671105879 277.09276711058794
340 632.6129 507.62033 344.9554626662418 515.7054626662418 174.26532559916362 270.2653255991636
357 632.6129 507.62033 349.6617068437197 520.4117068437197 167.13850276900726 263.13850276900723
374 602.9905 503.27853 354.5689124255555 525.3189124255555 160.14853343516307 256.1485334351631
391 602.9905 503.27853 359.6731023758233 530.4231023758233 153.30108260568883 249.30108260568883
408 584.3816 501.00052 364.97014001297055 535.7201400129705 146.601699784777 242.601699784777
425 584.3816 501.00052 370.45573236238414 541.2057323623842 140.05581447516937 236.05581447516937
443 584.3816 501.00052 376.4645815063909 547.2145815063909 133.2980777305462 229.2980777305462
459 571.8699 494.78146 381.9746488335043 552.7246488335043 127.44562809241546 223.44562809241546
476 551.4253 462.38477 387.9986374701024 558.7486374701024 121.39154692211227 217.39154692211227
493 551.4253 462.38477 394.1925174146769 564.9425174146769 115.51139478609738 211.51139478609738
510 541.0437 446.49188 400.5512688483818 571.3012688483818 109.8099372430793 205.8099372430793
527 541.0437 446.49188 407.06973833256984 577.8197383325698 104.29179502905546 200.29179502905546
545 528.7488 424.65466 414.13986122421545 584.8898612242155 98.65383119074559 194.6538311907456
561 528.7488 424.65466 420.564574763276 591.314574763276 93.82319306962836 189.82319306962836
578 522.5175 404.19995 427.53000484391305 598.280004843913 88.88121758382923 184.88121758382923
595 522.5175 404.19995 434.6332881070341 605.3832881070341 84.13951907017963 180.13951907017963
612 526.19855 378.65796 441.86866770951156 612.6186677095116 79.60194042970028 175.60194042970028
630 526.19855 378.65796 449.6671198581312 620.4171198581312 75.02401316610684 171.02401316610684
646 526.19855 378.65796 456.71215802621145 627.4621580262115 71.15368424901567 167.15368424901567
663 522.8634 353.3217 464.3082388604396 635.0582388604396 67.24985358281685 163.24985358281685
680 525.01965 333.29962 472.0123660236304 642.7623660236304 63.563830988764266 159.56383098876427
697 525.01965 333.29962 479.81829571979983 650.5682957197998 60.09860379723074 156.09860379723074
714 528.78265 317.84854 487.71970164728384 658.4697016472838 56.85698039535282 152.85698039535282
731 528.78265 317.84854 495.7101801258791 666.4601801258791 53.84158795097835 149.84158795097835
748 539.50195 303.63812 503.783255286693 674.533255286693 51.0548702834833 147.0548702834833
765 539.50195 303.63812 511.93238432050157 682.6823843205016 48.49908588318232 144.49908588318232
782 546.7789 292.8893 520.1509627803556 690.9009627803556 46.176306080939696 142.1763060809397
799 546.7789 292.8893 528.4323299341439 699.1823299341439 44.08841336946284 140.08841336946284
816 549.4689 283.70645 536.7697741627716 707.5197741627716 42.23709987763954 138.23709987763954
833 549.4689 283.70645 545.156538399579 715.906538399579 40.62386599915499 136.623865999155
850 559.81714 274.97913 553.585825606595 724.335825606595 39.25001917650059 135.2500191765006
868 569.7897 263.697 562.5497092126128 733.2997092126128 38.05751565750103 134.05751565750103
884 569.7897 263.697 570.5446140026227 741.2946140026227 37.2247455122278 133.2247455122278
901 569.7897 263.697 579.0603709721212 749.8103709721212 36.574960050003085 132.57496005000309
919 578.91547 253.49905 588.0933063658551 758.8433063658551 36.151460206215404 132.1514602062154
935 578.91547 253.49905 596.1301081479654 766.8801081479654 36.00372452586896 132.00372452586896
952 591.1278 245.96703 604.6702542165596 775.4202542165596 36.08273742076125 132.08273742076125
969 591.1278 245.96703 613.2046904715623 783.9546904715623 36.40481772096149 132.4048177209615
986 604.42554 236.29465 621.7265001944813 792.4765001944813 36.96970439707047 132.96970439707047
1004 604.42554 236.29465 630.7281551661815 801.4781551661815 37.831958255007294 133.8319582550073
1020 616.1133 230.84708 638.7046299331981 809.4546299331981 38.82586922049978 134.82586922049978
1037 616.1133 230.84708 647.1471900543268 817.8971900543268 40.115643042381976 136.11564304238198
1054 632.24146 226.86702 655.5496150057149 826.2996150057149 41.645215808474234 137.64521580847423
1071 646.4954 230.4917 663.9050950571935 834.6550950571935 43.41334787928315 139.41334787928315
1088 646.4954 230.4917 672.2068585250034 842.9568585250034 45.41860627535635 141.41860627535635
1105 663.572 228.31927 680.4481772598931 851.1981772598931 47.65936583863811 143.6593658386381
1122 663.572 228.31927 688.6223720999366 859.3723720999366 50.133810549576026 146.13381054957603
1139 676.0325 265.6306 696.7228182836474 867.4728182836474 52.839934998910564 148.83993499891056
1156 676.0325 265.6306 704.742950819005 875.492950819005 55.77554601295549 151.7755460129555
1173 676.0325 265.6306 712.6762698040402 883.4262698040402 58.93826443105149 154.9382644310515
1190 677.2306 316.42084 720.5163456946693 891.2663456946693 62.32552703375262 158.32552703375262
1207 677.2306 316.42084 728.2568245155068 899.0068245155068 65.93458862018292 161.93458862018292
1224 677.921 350.1097 735.8914330094331 906.6414330094331 69.76252423287974 165.76252423287974
1241 683.93805 380.67426 743.413983721744 914.163983721744 73.80623152831976 169.80623152831976
1258 683.93805 380.67426 750.8183800147626 921.5683800147626 78.06243329120804 174.06243329120804
1275 690.2859 408.77606 758.0986210088488 928.8486210088488 82.52768009049117 178.52768009049117
1293 690.2859 408.77606 765.665231024628 936.415231024628 87.47941582800502 183.47941582800502
1309 691.8622 436.4128 772.263141470708 943.013141470708 92.0706669060545 188.0706669060545
1326 691.8622 436.4128 779.1359413283826 949.8859413283826 97.14067282585665 193.14067282585665
1343 553.48975 349.13025 785.8616359705578 956.6116359705578 102.40426185718263 198.40426185718263
1360 553.48975 349.13025 792.434774570124 963.184774570124 107.85716813378187 203.85716813378187
1377 442.7918 279.3042 798.8500299387413 969.6000299387413 113.49497235758312 209.49497235758312
1395 442.7918 279.3042 805.4647900584413 976.2147900584413 119.66086422363836 215.66086422363836
1411 354.23346 223.44336 811.1862262243785 981.9362262243785 125.30685190652298 221.30685190652298
1428 354.23346 223.44336 817.0971692933363 987.8471692933363 131.47135431515434 227.47135431515434
1445 354.23346 223.44336 822.8302415379586 993.5802415379586 137.80161659632608 233.80161659632608
1463 283.38678 178.75468 828.7015190178248 999.4515190178248 144.67921608302754 240.67921608302754
1479 226.70943 143.00375 833.7443360426164 1004.4943360426164 150.93876919572267 246.93876919572267
1496 226.70943 143.00375 838.9165129944168 1009.6665129944168 157.73501253228335 253.73501253228335
1513 181.36754 114.40301 843.8931356740757 1014.6431356740757 164.675730406883 260.67573040688296
1531 181.36754 114.40301 848.9448737571439 1019.6948737571439 172.1759448228275 268.1759448228275
1547 145.09404 91.52241 853.2437467928016 1023.9937467928016 178.96797687071094 274.9679768707109
1564 145.09404 91.52241 857.6101570459276 1028.3601570459277 186.30792233453255 282.3079223345326
1581 116.07523 73.217926 861.7658627967578 1032.5158627967578 193.76918547310373 289.76918547310373
1598 116.07523 73.217926 865.7074960610505 1036.4574960610505 201.34571931915121 297.3457193191512
1615 92.86019 58.57434 869.4318623492258 1040.1818623492259 209.03138348446487 305.03138348446487
1632 92.86019 58.57434 872.9359432553329 1043.6859432553329 216.8199491363638 312.8199491363638
1649 212.13797 145.07593 876.2168989033121 1046.966898903312 224.7051040458423 320.7051040458423
1666 212.13797 145.07593 879.2720702485676 1050.0220702485676 232.6804577033056 328.6804577033056
1683 310.83405 219.5126 882.0989812329851 1052.8489812329851 240.73954649774532 336.7395464977453
1700 310.83405 219.5126 884.6953407916484 1055.4453407916485 248.87583895516212 344.8758389551621
1717 383.74954 277.29016 887.0590447096293 1057.8090447096292 257.08274103198784 353.08274103198784
1734 383.74954 277.29016 889.1881773273444 1059.9381773273444 265.35360145921436 361.35360145921436
1751 444.65314 329.01752 891.0810130930984 1061.8310130930984 273.6817171329047 369.6817171329047
1768 444.65314 329.01752 892.7360179615537 1063.4860179615537 282.0603385467098 378.0603385467098
1786 493.57678 355.43103 894.2276611419293 1064.9776611419293 290.97932248926173 386.97932248926173
1802 493.57678 355.43103 895.3273636603816 1066.0773636603817 298.94190141113677 394.94190141113677
1819 531.39124 394.32693 896.2616043392997 1067.0116043392995 307.4311612295389 403.4311612295389
1837 562.2793 417.76123 896.986983596427 1067.7369835964269 316.44487849148953 412.44487849148953
1853 562.2793 417.76123 897.4034362013994 1068.1534362013995 324.4722426880359 420.4722426880359
1870 586.2129 439.3233 897.6101019890048 1068.3601019890048 333.01025341435343 429.01025341435343
1887 586.2129 439.3233 897.5736453909749 1068.323645390975 341.5506871754069 437.5506871754069
1904 608.9552 453.35208 897.2940959534936 1068.0440959534935 350.08662239203596 446.08662239203596
1921 608.9552 453.35208 896.7716802368993 1067.5216802368993 358.6111411309172 454.6111411309172
1938 608.9552 453.35208 896.0068216320687 1066.7568216320687 367.1173347111916 463.1173347111916
1955 623.5055 463.46744 895.0001400172805 1065.7501400172805 375.5983093035911 471.5983093035911
1972 623.5055 463.46744 893.7524512558361 1064.5024512558361 384.04719151753216 480.04719151753216
1989 642.1754 479.40472 892.2647665348454 1063.0147665348454 392.4571339716405 488.4571339716405
2006 642.1754 479.40472 890.5382915457113 1061.2882915457112 400.8213208432003 496.8213208432003
2023 657.6241 487.2866 888.5744255069792 1059.3244255069792 409.13297339202586 505.13297339202586
2041 657.4921 493.3351 886.2380618516396 1056.9880618516395 417.86880070345273 513.8688007034527
2058 657.4921 493.3351 883.7906735406054 1054.5406735406054 426.0511370669554 522.0511370669553
2075 660.904 494.63037 881.1113627748334 1051.8613627748334 434.1604916486035 530.1604916486035
2091 660.904 494.63037 878.3797408159044 1049.1297408159044 441.7202700970553 537.7202700970553
2109 667.1589 490.01572 875.0658458507073 1045.8158458507073 450.13403109346496 546.134031093465
2125 667.1589 490.01572 871.9084395119482 1042.6584395119482 457.52610752219204 553.526107522192
2142 667.1589 490.01572 868.3379933280626 1039.0879933280626 465.2844741001809 561.2844741001809
2159 667.8628 486.7184 864.5481482862865 1035.2981482862865 472.9380623089762 568.9380623089762
2176 667.8628 486.7184 860.5419758597092 1031.291975859709 480.4806693117979 576.4806693117979
2193 669.54456 480.48495 856.3227228435584 1027.0727228435585 487.90618221638465 583.9061822163847
2210 673.623 482.94714 851.8938087238421 1022.6438087238421 495.20858302917645 591.2085830291765
2227 673.623 482.94714 847.2588229060326 1018.0088229060326 502.38195353258584 598.3819535325858
2244 673.79974 491.0777 842.4215218060378 1013.1715218060378 509.42048008140796 605.420480081408
2261 673.79974 491.0777 837.3858258058228 1008.1358258058228 516.3184583144773 612.3184583144773
2278 681.5746 491.61664 832.1558160761413 1002.9058160761413 523.0702977777584 619.0702977777584
2296 681.5746 491.61664 826.4110765741736 997.1610765741736 530.0539388051589 626.0539388051589
2312 677.38727 492.62323 821.1299640822481 991.8799640822481 536.1137952031119 632.1137952031119
2329 677.38727 492.62323 815.3430576999276 986.0930576999276 542.394882086187 638.394882086187
2347 677.38727 492.62323 809.023524111755 979.773524111755 548.8630169930223 644.8630169930223
2363 677.38727 492.62323 803.2447303028227 973.9947303028227 554.4502838409564 650.4502838409564
2380 677.38727 492.62323 796.9431143556885 967.6931143556885 560.2148284340103 656.2148284340103
2397 677.38727 492.62323 790.4799614017456 961.2299614017456 565.7976585231695 661.7976585231695
2414 683.3261 491.9992 783.8605094916655 954.6105094916655 571.1942495138428 667.1942495138428
2431 693.188 485.53662 777.0901233483269 947.8401233483269 576.4002277485814 672.4002277485814
2448 693.188 485.53662 770.1742900189863 940.9242900189863 581.4113740517007 677.4113740517007
2465 693.188 485.53662 763.1186144283101 933.8686144283101 586.2236271487043 682.2236271487043
2482 694.71204 483.50055 755.9288148358737 926.6788148358737 590.8330869577367 686.8330869577367
2499 694.71204 483.50055 748.6107182018081 919.3607182018081 595.2360177503971 691.2360177503971
2516 698.3189 485.62497 741.17025546435 911.92025546435 599.4288511793545 695.4288511793545
2534 698.3189 485.62497 733.1654466713042 903.9154466713042 603.6355494252274 699.6355494252274
2550 700.8605 485.861 725.9464464020558 896.6964464020558 607.1708066759479 703.1708066759479
2568 700.8605 485.861 717.7152155588545 888.4652155588545 610.9151507775223 706.9151507775223
2584 703.0531 482.93793 710.3067300841386 881.0567300841386 614.0338607170812 710.0338607170812
2601 703.0531 482.93793 702.346699277214 873.096699277214 617.1287351027865 713.1287351027865
2618 705.052 479.86053 694.3017969577133 865.0517969577133 619.9957692114392 715.9957692114392
2636 702.3473 475.82492 685.6984050251664 856.4484050251664 622.7805351262059 718.7805351262059
2652 702.3473 475.82492 677.9835211872297 848.7335211872297 625.0372088029525 721.0372088029525
2670 703.2375 467.93475 669.2355964401853 839.9855964401853 627.327860798587 723.327860798587
2686 703.2375 467.93475 661.4047925232513 832.1547925232513 629.1418395004217 725.1418395004217
2703 703.2375 467.93475 653.0345219750633 823.7845219750633 630.8385742647915 726.8385742647915
2720 703.82825 472.66223 644.6193448795832 815.3693448795832 632.296357637651 728.296357637651
2737 703.82825 472.66223 636.1660813019316 806.9160813019316 633.5140081610913 729.5140081610913
2754 703.84875 472.698 627.6815821743512 798.4315821743512 634.4905389924386 730.4905389924386
2772 703.84875 472.698 618.6715913636143 789.4215913636143 635.2608243522246 731.2608243522246
2788 707.69135 474.00388 610.6464019995067 781.3964019995067 635.7172719246712 731.7172719246712
2806 704.0626 476.1332 601.607177164819 772.357177164819 635.9735692774082 731.9735692774082
2822 704.0626 476.1332 593.5690176902656 764.3190176902656 635.9725804261168 731.9725804261168
2839 697.6607 478.62537 585.0317954607539 755.7817954607539 635.7355687926154 731.7355687926154
2856 697.6607 478.62537 576.5047793711809 747.2547793711809 635.2556370072082 731.2556370072082
2873 700.0393 486.35895 567.9948801263789 738.7448801263789 634.5331740297464 730.5331740297464
2890 700.0393 486.35895 559.5089945588649 730.2589945588649 633.5687653790487 729.5687653790487
2907 698.3048 485.5039 551.0540000393138 721.8040000393138 632.3631926583694 728.3631926583694
2924 698.3048 485.5039 542.6367489028069 713.3867489028069 630.9174329219486 726.9174329219486
2941 702.7025 489.91165 534.2640628953682 705.0140628953682 629.232657883161 725.232657883161
2958 702.7025 489.91165 525.9427276452934 696.6927276452934 627.3102329649023 723.3102329649023
2975 702.7025 489.91165 517.6794871637487 688.4294871637487 625.1517161929854 721.1517161929854
2992 702.9645 488.08456 509.48103837910116 680.2310383791012 622.7588569334407 718.7588569334407
3010 701.7127 485.43246 500.8783318686146 671.6283318686146 619.9719743310518 715.9719743310518
3027 701.7127 485.43246 492.83413519547366 663.5841351954737 617.1029609476205 713.1029609476205
3043 703.99927 484.17615 485.3405915726703 656.0905915726703 614.1945571432422 710.1945571432422
3060 703.99927 484.17615 477.46714816449344 648.2171481644934 610.8855955525434 706.8855955525434
3077 702.6081 490.42365 469.691086470933 640.441086470933 607.3538534259965 703.3538534259965
3094 702.6081 490.42365 462.0187085871838 632.7687085871838 603.6021930576474 699.6021930576474
3111 705.6264 492.73285 454.4562325780845 625.2062325780845 599.6336549738851 695.6336549738851
3129 705.6264 492.73285 446.5755041384623 617.3255041384623 595.1988614943655 691.1988614943655
3145 709.17456 508.7905 439.68540812706976 610.4354081270698 591.058983999804 687.058983999804
3162 709.17456 508.7905 432.4890306732291 603.2390306732291 586.4598004361334 682.4598004361334
3179 702.8154 509.32666 425.4264873683203 596.1764873683203 581.6576321782761 677.6576321782761
3196 703.0508 513.3257 418.50350203784535 589.2535020378454 576.6563711348483 672.6563711348483
3213 703.0508 513.3257 411.72568540279684 582.4756854027969 571.4600705688548 667.4600705688548
3230 703.0508 513.3257 405.09853053246013 575.8485305324601 566.0729418127313 662.0729418127313
3247 703.09296 511.45047 398.6274083925641 569.3774083925641 560.4993508552757 656.4993508552757
3264 703.09296 511.45047 392.31756349239276 563.0675634923928 554.7438148032415 650.7438148032415
3282 704.94147 508.44452 385.818018823778 556.568018823778 548.4565902131905 644.4565902131905
3299 704.94147 508.44452 379.8561676524065 550.6061676524065 542.3413086562304 638.3413086562304
3315 703.48755 507.70575 374.4061519627961 545.1561519627961 536.4328962045494 632.4328962045494
3332 703.48755 507.70575 368.7911854693228 539.5411854693227 529.9976425819129 625.9976425819129
3349 705.62494 511.27106 363.3616769287074 534.1116769287074 523.4051639192346 619.4051639192346
3367 708.4479 508.36496 357.81981603687143 528.5698160368714 516.259462288142 612.259462288142
3383 708.4479 508.36496 353.07648117741576 523.8264811774158 509.7700260162269 605.7700260162269
3400 705.525 515.30383 348.2291295851123 518.9791295851123 502.7384173488538 598.7384173488538
3418 705.525 515.30383 343.31702741539596 514.067027415396 495.1460181088685 591.1460181088685
3434 703.79626 520.3835 339.144558420162 509.894558420162 488.2756097367269 584.2756097367269
3451 703.79626 520.3835 334.91470142185455 505.66470142185455 480.85613214835485 576.8561321483548
3468 703.79626 520.3835 330.8977575118902 501.6477575118902 473.3192561685689 569.3192561685689
3485 706.3153 523.26843 327.0969822152257 497.8469822152257 465.6710900449318 561.6710900449318
3502 706.3153 523.26843 323.5154558633554 494.2654558633554 457.9178322199049 553.9178322199049
3519 702.25183 521.6835 320.1560810978608 490.9060810978608 450.06576630732854 546.0657663073285
3536 702.25183 521.6835 317.0215805179704 487.7715805179704 442.1212559998803 538.1212559998803
3553 705.50415 517.25946 314.1144944740342 484.8644944740342 434.0907399116313 530.0907399116313
3570 705.50415 517.25946 311.4371790087004 482.1871790087004 425.9807263598813 521.9807263598814
3587 709.0708 514.00037 308.9918039474663 479.7418039474663 417.79778809050777 513.7977880905078
3604 703.8494 511.92575 306.780351140146 477.530351140146 409.5485569510936 505.5485569510936
3621 703.8494 511.92575 304.80461285468476 475.55461285468476 401.23971851615926 497.23971851615926
3639 706.319 511.0829 302.97135171354296 473.72135171354296 392.3846393220784 488.3846393220784
3655 706.319 511.0829 301.5664924513526 472.3164924513526 384.4701981434725 480.4701981434725
3672 710.881 514.45593 300.30673466233077 471.05673466233077 376.02310703330426 472.02310703330426
3689 710.881 514.45593 299.28793792598333 470.03793792598333 367.5435792681223 463.5435792681223
3707 711.6934 511.07007 298.4727655898568 469.2227655898568 358.5375386282254 454.5375386282254
3723 711.6934 511.07007 297.97633438360816 468.72633438360816 350.5147233633919 446.5147233633919
3740 711.6934 511.07007 297.68459056430925 468.43459056430925 341.9791962294431 437.9791962294431
3757 711.8982 510.2522 417.64906576024066 588.3990657602407 333.056686471707 429.056686471707
3774 714.9403 509.488 417.99123095517183 588.7412309551719 324.5235450269113 420.5235450269113
3791 714.9403 509.488 418.73774721758974 589.4877472175897 316.01623679178385 412.01623679178385
3808 711.9436 515.10474 419.88693415828243 590.6369341582824 307.553911501838 403.553911501838
3825 711.9436 515.10474 421.43620498653286 592.1862049865329 299.15561763711503 395.15561763711503
3842 714.1591 513.87756 423.3820723329198 594.1320723329197 290.84025954453836 386.84025954453836
3859 714.1591 513.87756 425.72015609929747 596.4701560992975 282.62655488470796 378.62655488470796
3877 711.47217 517.7361 428.61741332353733 599.3674133235373 274.0610328969076 370.0610328969076
3894 711.47217 517.7361 431.7454617306055 602.4954617306055 266.1145309557668 362.1145309557668
3911 712.05133 519.2074 435.2469007798122 605.9969007798122 258.3253394366035 354.3253394366035
3927 712.05133 519.2074 438.876415455004 609.626415455004 251.15374548655507 347.15374548655507
3944 712.18555 519.3751 443.0794350159092 613.8294350159092 243.71962102511617 339.71962102511617
3962 711.67126 516.8511 447.9086511094473 618.6586511094473 236.07495371588607 332.07495371588607
3978 711.67126 516.8511 452.518864647575 623.268864647575 229.49080094619188 325.4908009461919
3995 711.67126 516.8511 457.734026801152 628.484026801152 222.7281340425647 318.7281340425647
4013 711.8787 515.75684 463.5989209792019 634.3489209792019 215.84589003154827 311.84589003154827
4029 711.8787 515.75684 469.09657621838664 639.8465762183866 209.98236520147657 305.98236520147657
4046 713.32495 510.08698 475.21838667089924 645.9683866708992 204.0279536670738 300.0279536670738
4063 713.32495 510.08698 481.6157313118342 652.3657313118342 198.37060786867886 294.37060786867886
4081 713.3862 506.13052 488.6736998190197 659.4236998190197 192.7184094558065 288.7184094558065
4097 713.3862 506.13052 495.1788343096449 665.9288343096449 187.9973542961332 283.9973542961332
4114 712.0449 511.90433 502.31406246496294 673.064062464963 183.30479645322103 279.304796453221
4131 712.0449 511.90433 509.66383312829794 680.4138331282979 178.95595164869005 274.9559516486901
4148 710.2856 511.43283 517.2116021519138 687.9616021519138 174.9606090221234 270.96060902212344
4165 713.8396 518.27655 524.9403796987771 695.6903796987771 171.32776198864897 267.32776198864894
4182 713.8396 518.27655 532.8327684862486 703.5827684862486 168.06558799499004 264.06558799499004
4199 712.9015 523.4342 540.8710029469295 711.6210029469295 165.1814301122385 261.1814301122385
4216 712.9015 523.4342 549.0369892185008 719.7869892185008 162.68178050678887 258.68178050678887
4233 712.9015 523.4342 557.3123458725511 728.0623458725511 160.57226582663537 256.5722658266354
4250 710.8813 516.1661 565.678445290706 736.428445290706 158.85763453593017 254.85763453593017
4268 710.8813 516.1661 574.6146433324445 745.3646433324445 157.4768264733346 253.4768264733346
4284 709.3845 513.2891 582.6073830375866 753.3573830375866 156.6275629290547 252.6275629290547
4301 709.3845 513.2891 591.132114755926 761.882114755926 156.1171424476271 252.1171424476271
4318 714.97327 512.6113 599.6714617946108 770.4214617946108 156.01163372561214 252.01163372561214
4335 714.97327 512.6113 608.206202299593 778.956202299593 156.31127426047263 252.31127426047263
4352 713.5827 512.47473 616.7171247860152 787.4671247860152 157.01538956894865 253.01538956894865
4369 715.9603 505.97723 625.1850713827765 795.9350713827765 158.12239470530233 254.12239470530233
4386 715.9603 505.97723 633.5909809564164 804.3409809564164 159.6297978289907 255.6297978289907
4403 715.1064 499.3034 641.9159320172428 812.6659320172428 161.53420581373558 257.5342058137356
4421 715.1064 499.3034 650.6215220114407 821.3715220114407 163.97858082584344 259.97858082584344
4438 718.91534 498.076 658.7210379112927 829.4710379112927 166.68587137647998 262.68587137648
4454 718.91534 498.076 666.2188053437343 836.9688053437343 169.58218283949915 265.5821828394992
4471 718.3027 505.72287 674.0349817666976 844.7849817666976 173.0229627020636 269.02296270206364
4488 718.3027 505.72287 681.6791612546845 852.4291612546845 176.83059975054408 272.8305997505441
4505 718.3027 505.72287 689.1341369531456 859.8841369531456 180.99652309031762 276.9965230903176
4523 715.9164 512.1012 696.8027732058051 867.5527732058051 185.78758605914797 281.787586059148
4540 710.2125 506.62515 703.8158878779227 874.5658878779227 190.66075777100514 286.66075777100514
4556 710.2125 506.62515 710.1983867574248 880.9483867574248 195.54633292803192 291.5463329280319
4574 712.50934 503.2582 717.1097699331881 887.8597699331881 201.3768602579292 297.3768602579292
4590 712.50934 503.2582 723.0006166338345 893.7506166338345 206.8452294582745 302.8452294582745
4607 714.3983 505.81055 728.9854590589218 899.7354590589218 212.9372932370277 308.9372932370277
4624 714.3983 505.81055 734.6746124154753 905.4246124154753 219.30636805391646 315.30636805391646
4641 716.2989 508.22403 740.0552705632856 910.8052705632856 225.93811728273374 321.93811728273374
4658 716.2989 508.22403 745.1153217770493 915.8653217770493 232.81761302381858 328.8176130238186
4675 715.7552 503.56494 749.8433760095571 920.5933760095571 239.9293697063817 335.9293697063817
4692 715.7552 503.56494 754.2287905304013 924.9787905304013 247.25737894613326 343.25737894613326
4709 711.04376 498.97018 758.2616938824929 929.0116938824929 254.78514557975075 350.78514557975075
4726 711.04376 498.97018 761.9330081024611 932.6830081024611 262.4957247950736 358.4957247950736
4743 710.6132 503.96106 765.2344691549205 935.9844691549205 270.3717602734482 366.3717602734482
4760 710.6132 503.96106 768.1586455346032 938.9086455346032 278.3955232583588 374.3955232583588
4777 705.12354 501.47803 770.6989549944915 941.4489549944915 286.5489524624127 382.5489524624127
4795 705.12354 501.47803 772.9639522412413 943.7139522412413 295.3029260641045 391.3029260641045
4812 706.6139 498.76257 774.6969169040786 945.4469169040786 303.6652471183856 399.6652471183856
4828 706.6139 498.76257 775.9638957607996 946.7138957607996 311.60249482388303 407.60249482388303
4845 707.9856 503.09863 776.9203777692248 947.6703777692248 320.08876150040663 416.08876150040663
4862 707.9856 503.09863 777.47327042036 948.22327042036 328.6108439720703 424.6108439720703
4879 704.9608 502.49393 777.6213291668411 948.3713291668411 337.1495592469291 433.1495592469291
4897 704.9608 502.49393 777.3364868280897 948.0864868280897 346.18732065055974 442.18732065055974
4913 704.2844 510.05038 776.7025238609478 947.4525238609478 354.200012303063 450.200012303063
4930 704.0923 512.1009 775.6377280160616 946.3877280160616 362.6733699460652 458.6733699460652
4947 704.0923 512.1009 774.1722300260149 944.9222300260149 371.0866865084376 467.0866865084376
4964 707.8763 515.14343 772.3093286896907 943.0593286896907 379.4210238275436 475.4210238275436
4981 707.8763 515.14343 770.0532173508461 940.8032173508461 387.65762152102405 483.65762152102405
4998 707.8763 515.14343 767.4089744590015 938.1589744590015 395.77793921594457 491.77793921594457
5015 711.8972 515.04596 764.3825521379785 935.1325521379785 403.7636982827043 499.7636982827043
5033 711.8972 515.04596 760.7691273551981 931.5191273551981 412.05257201114836 508.05257201114836
5049 711.8768 521.8041 757.2112637502574 927.9612637502574 419.25998091660404 515.259980916604
5066 711.8768 521.8041 753.0825400722103 923.8325400722103 426.73562274375536 522.7356227437554
5083 711.379 522.7777 748.6038854061801 919.3538854061801 434.00702098068035 530.0070209806804
5100 711.379 522.7777 743.7853810904619 914.5353810904619 441.057807893992 537.057807893992
5117 711.79626 522.47565 738.6378734563121 909.3878734563121 447.8721123408068 543.8721123408068
5134 711.0436 513.2183 733.1729494131282 903.9229494131282 454.4345954942897 550.4345954942896
5151 711.0436 513.2183 727.4029103666112 898.1529103666112 460.73048537096236 556.7304853709624
5169 712.2745 519.3949 720.9753375862501 891.7253375862501 467.09040474938706 563.0904047493871
5186 712.2745 519.3949 714.618748013828 885.368748013828 472.79350469111057 568.7935046911106
5202 713.4132 518.6536 708.3952424593289 879.1452424593289 477.8800669068827 573.8800669068827
5219 713.4132 518.6536 701.5410462255444 872.2910462255444 482.9743356401059 578.9743356401059
5236 713.4132 518.6536 694.4529376018812 865.2029376018812 487.73776886380733 583.7377688638073
5253 712.5788 515.1651 687.1468717414465 857.8968717414465 492.15964421036574 588.1596442103657
5271 712.5788 515.1651 679.1917557803298 849.9417557803298 496.45829474187997 592.45829474188
5287 712.8638 528.65094 671.9471049847989 842.6971049847989 499.93969839739407 595.9396983973941
5304 712.8638 528.65094 664.0876183788416 834.8376183788416 503.28036453280606 599.2803645328061
5322 713.81165 532.86786 655.6031277542164 826.3531277542164 506.40697374848173 602.4069737484817
5339 714.54553 535.12836 647.4552861911227 818.2052861911227 508.96514844936485 604.9651484493648
5355 714.54553 535.12836 639.6839337638094 810.4339337638094 511.01727369220305 607.017273692203
5373 712.83563 530.0903 630.8416959955493 801.5916959955493 512.9085953455605 608.9085953455605
5389 712.83563 530.0903 622.9108601528986 793.6608601528986 514.2151095623715 610.2151095623715
5406 704.7712 530.5938 614.4294649579773 785.1794649579773 515.2138665323532 611.2138665323532
5424 704.7712 530.5938 605.4083442119403 776.1583442119403 515.8316422459586 611.8316422459586
5441 707.22864 538.32214 596.8699739756478 767.6199739756478 515.9984164810973 611.9984164810973
5458 707.22864 538.32214 588.3333032838261 759.0833032838261 515.7600188365996 611.7600188365996
5474 709.1642 534.3946 580.317552089333 751.067552089333 515.1659907650433 611.1659907650433
5491 709.1642 534.3946 571.8389937950213 742.5889937950213 514.1434306506889 610.1434306506889
5508 708.0411 541.5332 563.4184791480179 734.1684791480179 512.7198741828516 608.7198741828516
5526 708.0411 541.5332 554.5869676676424 725.3369676676424 510.7790827672435 606.7790827672435
5542 709.3206 546.2627 546.8272249367301 717.5772249367301 508.68348516468336 604.6834851646834
5559 709.3206 546.2627 538.6938318657412 709.4438318657412 506.079738423869 602.079738423869
5577 707.46533 541.62317 530.2269771400934 700.9769771400934 502.9056814927985 598.9056814927985
5594 707.46533 541.62317 522.3863149437265 693.1363149437265 499.5210698075416 595.5210698075416
5610 711.11975 532.5016 515.1612667811617 685.9112667811617 495.99916469660786 591.9991646966079
5627 711.11975 532.5016 507.6651444467964 678.4151444467964 491.90774319720856 587.9077431972086
5645 707.63995 527.5267 499.9491421383856 670.6991421383856 487.19334241625086 583.1933424162509
5661 707.63995 527.5267 493.29680961702684 664.0468096170268 482.6820667001052 578.6820667001052
5679 706.28485 526.7111 486.06223977640286 656.8122397764029 477.25774503117407 573.2577450311741
5695 700.49713 531.79083 479.86730663188473 650.6173066318847 472.13642294632587 568.1364229463259
5712 700.49713 531.79083 473.54274297137306 644.2927429713731 466.3978277836013 562.3978277836013
5729 698.2796 521.9489 467.4974853308397 638.2474853308397 460.36571041097886 556.3657104109789
5747 698.2796 521.9489 461.4161702808618 632.1661702808618 453.6739338449379 549.6739338449379
5764 698.2796 521.9489 455.98806905859533 626.7380690585953 447.0809605355471 543.0809605355471
5780 699.752 518.0989 451.1702998949387 621.9202998949387 440.6471252215585 536.6471252215586
5798 699.752 518.0989 446.09983091410595 616.849830914106 433.16029607556385 529.1602960755638
5814 700.9935 526.6805 441.9133795805666 612.6633795805666 426.29889958551144 522.2988995855114
5831 700.9935 526.6805 437.80565612063515 608.5556561206351 418.8116979778178 514.8116979778179
5848 698.80176 526.52045 434.05768195865755 604.8076819586576 411.1380893339877 507.1380893339877
5866 698.80176 526.52045 430.4907154271366 601.2407154271366 402.8291173091274 498.8291173091274
5882 699.59766 519.7458 427.67389913133843 598.4238991313384 395.30112404946493 491.30112404946493
5899 698.9735 519.22064 425.052460199564 595.8024601995639 387.1734160167848 483.1734160167848
5916 698.9735 519.22064 422.8194776869708 593.5694776869708 378.9305179198789 474.9305179198789
5933 702.76764 522.74084 420.97997798067684 591.7299779806768 370.59098431373195 466.59098431373195
5950 702.76764 522.74084 419.53810174796206 590.2881017479621 362.1735872774116 458.1735872774116
5967 702.4708 529.1055 418.4970946157316 589.2470946157316 353.69727415859836 449.69727415859836
5984 702.4708 529.1055 417.85929986469176 588.6092998646918 345.18112492358273 441.18112492358273
6001 702.4708 529.1055 417.6286526131048 588.3786526131048 337.1467028281774 433.1467028281774
