17 672.29913 438.86188
17 672.29913 438.86188
35 672.9476 436.37805
51 672.9476 436.37805
68 674.3047 439.38913
85 674.3047 439.38913
102 671.6303 440.7807
119 671.35785 439.44275
136 671.35785 439.44275
153 671.35785 439.44275
170 669.8223 441.31384
188 669.8223 441.31384
204 668.4688 443.4954
221 668.4688 443.4954
238 667.09045 445.16568
255 667.09045 445.16568
272 667.3658 444.2418
289 667.3658 444.2418
306 666.3315 443.88025
323 668.8105 444.40643
340 668.8105 444.40643
358 668.30566 445.07886
374 668.30566 445.07886
391 668.2056 445.21048
408 668.2056 445.21048
425 668.2056 445.21048
442 666.8226 444.511
459 666.8226 444.511
476 670.2884 444.8469
493 670.51227 445.9091
510 670.51227 445.9091
527 670.65314 441.17102
545 670.65314 441.17102
575 667.77655 442.38837
578 667.77655 442.38837
596 669.5292 445.1854
612 669.5292 445.1854
629 672.957 447.99582
646 672.957 447.99582
663 671.3824 446.01282
680 671.3824 446.01282
697 674.84753 449.16394
714 674.84753 449.16394
731 678.2123 448.67062
748 678.2123 448.67062
765 679.14484 451.1922
783 679.14484 451.1922
799 682.6341 453.97504
816 682.6341 453.97504
833 682.2745 458.2769
850 682.2745 458.2769
867 679.97864 458.6264
884 680.2388 456.3595
901 680.2388 456.3595
918 680.2388 456.3595
935 678.6688 455.22083
952 678.6688 455.22083
969 682.3299 456.6084
986 682.3299 456.6084
1003 682.2574 459.3753
1020 682.2574 459.3753
1037 682.48816 461.63733
1054 682.48816 461.63733
1072 658.4155 464.51526
1088 640.5219 464.0962
1105 640.5219 464.0962
1126 628.27313 465.11148
1139 628.27313 465.11148
1156 618.9505 465.00024
1173 618.9505 465.00024
1190 618.9505 465.00024
1207 608.0995 463.2857
1224 608.0995 463.2857
1241 602.76306 459.43457
1259 595.01733 462.42422
1275 595.01733 462.42422
1292 586.963 468.19327
1309 586.963 468.19327
1326 581.8862 469.1156
1343 581.8862 469.1156
1360 577.82733 469.00867
1377 577.82733 469.00867
1394 574.7877 469.78754
1412 574.7877 469.78754
1428 574.7877 469.78754
1446 572.5387 468.08023
1462 569.00446 471.60245
1480 569.00446 471.60245
1496 567.6456 472.4441
1513 567.6456 472.4441
1530 566.92236 474.65305
1547 566.92236 474.65305
1564 564.6246 477.60052
1581 564.6246 477.60052
1599 564.19995 482.16385
1615 564.19995 482.16385
1632 563.0015 481.19025
1649 563.0015 481.19025
1666 565.0954 481.81714
1683 565.0954 481.81714
1701 565.00696 481.6339
1717 565.00696 481.6339
1734 571.34296 476.24384
1751 571.34296 476.24384
1769 574.4679 471.18774
1785 574.4679 471.18774
1802 579.61066 467.88562
1819 579.61066 467.88562
1836 581.6992 465.3676
1853 585.77655 463.22382
1870 585.77655 463.22382
1887 586.61414 458.52203
1904 586.61414 458.52203
1921 587.1768 460.3177
1938 587.1768 460.3177
1955 587.1768 460.3177
1972 588.7186 458.97855
1989 588.7186 458.97855
2006 590.656 460.0711
2023 553.8199 445.92487
2040 553.8199 445.92487
2057 524.5642 433.24966
2074 524.5642 433.24966
2091 499.3542 422.97772
2109 499.3542 422.97772
2125 481.0412 417.61432
2142 481.0412 417.61432
2159 469.45767 415.56534
2176 469.45767 415.56534
2193 469.45767 415.56534
2210 460.449 409.30856
2227 454.60397 404.11646
2244 454.60397 404.11646
2261 449.4719 399.85706
2279 449.4719 399.85706
2295 447.66937 396.84912
2312 447.66937 396.84912
2329 445.52875 396.48303
2346 445.52875 396.48303
2363 445.38327 394.48996
2380 445.38327 394.48996
2397 448.41052 392.25827
2414 448.41052 392.25827
2431 449.7672 392.1292
2448 449.7672 392.1292
2465 455.09332 393.9549
2483 455.09332 393.9549
2499 460.32208 394.6571
2516 460.32208 394.6571
2533 465.13556 392.83185
2550 465.13556 392.83185
2567 471.176 392.16687
2584 471.176 392.16687
2601 478.54126 389.30215
2618 486.2906 393.52344
2635 486.2906 393.52344
2652 493.73676 394.72952
2669 493.73676 394.72952
2686 493.73676 394.72952
2703 497.99365 390.82632
2720 497.99365 390.82632
2737 500.17755 387.64587
2754 500.17755 387.64587
2771 504.71268 383.94476
2789 504.71268 383.94476
2805 509.49423 379.96738
2822 516.9344 378.28668
2839 516.9344 378.28668
2857 521.056 381.9741
2873 521.056 381.9741
2890 515.6342 387.55026
2907 515.6342 387.55026
2924 508.8038 390.1048
2941 508.8038 390.1048
2959 508.8038 390.1048
2975 506.61902 394.65472
2992 506.61902 394.65472
3009 508.18713 402.1231
3026 507.23755 408.774
3043 507.23755 408.774
3060 540.24255 469.5888
3077 540.24255 469.5888
3094 567.64154 520.7271
3111 567.64154 520.7271
3128 589.8958 561.1583
3145 589.8958 561.1583
3162 609.44415 595.9243
3179 609.44415 595.9243
3196 624.23285 624.04974
3213 624.23285 624.04974
3230 634.0328 644.5795
3247 634.0328 644.5795
3264 642.34296 662.00964
3281 642.34296 662.00964
3298 648.35803 679.3192
3315 648.35803 679.3192
3332 620.29663 628.43195
3349 620.29663 628.43195
3366 596.7106 585.77454
3383 576.80927 551.48926
3400 576.80927 551.48926
3418 560.09265 524.897
3434 560.09265 524.897
3451 560.09265 524.897
3468 549.7915 504.885
3485 549.7915 504.885
3502 540.5588 484.12564
3519 540.5588 484.12564
3536 530.3292 465.21225
3553 530.3292 465.21225
3570 522.251 455.26932
3587 522.9281 446.33667
3605 522.9281 446.33667
3621 518.8074 437.10794
3638 518.8074 437.10794
3655 513.83887 428.93103
3672 513.83887 428.93103
3689 511.42706 423.4351
3706 511.42706 423.4351
3723 511.42706 423.4351
3740 512.1906 420.66095
3757 512.1906 420.66095
3774 511.6753 416.4529
3792 515.26776 412.30023
3808 515.26776 412.30023
3825 517.6772 411.56747
3842 517.6772 411.56747
3859 522.2571 411.54797
3876 522.2571 411.54797
3893 526.256 413.4484
3910 526.256 413.4484
3927 527.3332 415.50085
3944 527.3332 415.50085
3961 529.8938 417.63306
3978 529.8938 417.63306
3995 532.7459 416.17706
4012 532.7459 416.17706
4029 535.3981 421.25586
4046 535.3981 421.25586
4063 534.76794 423.45142
4080 534.76794 423.45142
4097 533.09454 422.5058
4114 533.09454 422.5058
4131 536.54315 425.3357
4148 536.54315 425.3357
4166 536.87036 424.71042
4182 537.02386 423.33975
4199 537.02386 423.33975
4216 537.02386 423.33975
4234 535.86664 424.53537
4250 535.86664 424.53537
4267 536.3881 425.00204
4284 536.3881 425.00204
4301 537.9427 426.04187
4318 537.9427 426.04187
4335 546.0245 428.29495
4352 572.4636 419.07367
4369 572.4636 419.07367
4387 594.3138 411.88724
4403 594.3138 411.88724
4420 610.9919 408.0205
4438 610.9919 408.0205
4454 625.82654 399.8037
4471 625.82654 399.8037
4488 625.82654 399.8037
4505 635.8889 395.5755
4522 635.8889 395.5755
4539 643.6296 391.0417
4556 652.76013 387.44376
4573 652.76013 387.44376
4590 661.0258 385.51923
4607 661.0258 385.51923
4625 667.88873 382.18173
4641 667.88873 382.18173
4658 671.88855 381.7799
4675 671.88855 381.7799
4692 677.5992 381.90356
4709 677.5992 381.90356
4726 677.5992 381.90356
4743 682.53516 378.1712
4760 685.67505 373.7719
4777 685.67505 373.7719
4794 689.8064 370.89484
4812 689.8064 370.89484
4828 691.47925 365.1339
4845 691.47925 365.1339
4862 692.92847 365.98526
4879 692.92847 365.98526
4896 696.75214 366.38873
4913 696.75214 366.38873
4930 699.586 366.42645
4947 699.1225 366.3248
4964 699.1225 366.3248
4981 699.1225 366.3248
4998 699.4056 361.80603
5015 699.4056 361.80603
5032 701.6613 362.90958
5049 701.6613 362.90958
5066 700.324 363.0924
5083 700.324 363.0924
5100 697.21295 359.9371
5117 694.8353 364.89273
5134 694.8353 364.89273
5151 695.6649 367.50113
5168 695.6649 367.50113
5186 697.20154 368.45523
5202 697.20154 368.45523
5219 696.5588 368.47046
5236 696.5588 368.47046
5253 696.5588 368.47046
5270 697.3682 371.4768
5287 697.3682 371.4768
5304 694.3472 372.08017
5321 692.082 370.28714
5339 692.082 370.28714
5355 692.0988 371.17697
5372 692.0988 371.17697
5389 688.7355 372.1256
5406 688.7355 372.1256
5424 688.5813 372.52905
5440 688.5813 372.52905
5457 685.49615 368.85217
5474 685.49615 368.85217
5491 685.49615 368.85217
5508 685.0134 366.27087
5525 684.4149 366.81738
5543 684.4149 366.81738
5559 685.92303 368.28802
5576 685.92303 368.28802
5593 684.0313 366.4188
5610 684.0313 366.4188
5627 680.4828 364.48322
5644 680.4828 364.48322
5661 674.8401 363.25067
5678 674.8401 363.25067
5695 673.2252 361.85175
5713 674.86414 363.1801
5729 674.86414 363.1801
5746 674.86414 363.1801
5763 673.8163 362.42673
5780 673.8163 362.42673
5797 670.33704 362.29846
5814 670.33704 362.29846
5831 667.7388 364.117
5848 667.7388 364.117
5865 666.9186 361.04764
5882 666.9186 361.04764
5899 665.2154 362.693
5917 665.09033 357.73846
5933 665.09033 357.73846
5950 664.5204 357.318
5967 664.5204 357.318
5984 664.5204 357.318
6001 664.5741 356.3545
6018 664.5741 356.3545
6035 662.754 356.62506
6052 662.754 356.62506
6069 660.22864 356.3259
6086 662.1473 356.32208
6104 662.1473 356.32208
6120 662.88257 357.09497
6137 662.88257 357.09497
6154 663.8237 358.4327
6171 663.8237 358.4327
6188 663.53705 360.32233
6205 663.53705 360.32233
6222 668.474 360.74374
6239 668.474 360.74374
6256 668.474 360.74374
6273 670.2152 360.5354
6291 674.8556 358.69458
6307 674.8556 358.69458
6324 676.7929 358.07907
6341 676.7929 358.07907
6358 679.9074 355.42035
6375 679.9074 355.42035
6392 679.15796 352.95532
6409 679.15796 352.95532
6427 679.2141 354.3585
6443 679.2141 354.3585
6461 682.066 354.91995
6477 682.066 354.91995
6494 684.08765 357.6082
6511 684.08765 357.6082
6528 685.77893 354.65994
6545 685.77893 354.65994
6562 691.0275 353.61743
6580 691.0275 353.61743
6596 691.95087 353.73325
6613 691.95087 353.73325
6630 693.77496 354.5247
6647 693.77496 354.5247
6664 697.22253 355.92133
6681 697.5516 356.67798
6698 697.5516 356.67798
6715 697.5516 356.67798
6732 702.0237 358.41693
6749 702.0237 358.41693
6767 703.81537 358.52136
6783 703.81537 358.52136
6800 710.6208 359.097
6817 710.6208 359.097
6834 712.35486 356.3055
6851 712.35486 356.3055
6868 715.3911 355.49304
6885 720.60626 355.5976
6902 720.60626 355.5976
6919 725.4424 354.30197
6936 725.4424 354.30197
6954 731.2062 357.27417
6970 731.2062 357.27417
6987 734.63446 359.3338
7004 734.63446 359.3338
7021 734.63446 359.3338
7039 735.5611 360.1457
7055 735.5611 360.1457
7072 734.9884 359.77676
7089 732.32324 361.22552
7106 732.32324 361.22552
7123 727.3107 358.09387
7141 727.3107 358.09387
7157 725.9016 354.84637
7174 725.9016 354.84637
7191 726.246 352.2841
7208 726.246 352.2841
7225 724.1599 348.68936
7242 724.1599 348.68936
7259 725.235 350.68036
7276 725.235 350.68036
7293 723.3005 349.8475
7310 723.3005 349.8475
7328 720.593 348.90283
7344 720.593 348.90283
7361 719.26514 348.30157
7378 719.26514 348.30157
7395 715.67267 346.87503
7412 715.67267 346.87503
7429 712.658 347.62274
7446 711.6646 348.3524
7463 711.6646 348.3524
7480 709.5368 349.64838
7497 709.5368 349.64838
7514 709.5368 349.64838
7532 708.21265 348.76355
7548 708.21265 348.76355
7565 706.8441 351.36603
7582 706.8441 351.36603
7599 706.61774 353.47266
7616 706.61774 353.47266
7633 704.20605 353.24945
7650 705.2151 352.28107
7667 705.2151 352.28107
7684 705.663 352.1876
7701 705.663 352.1876
7719 706.45703 354.59888
7735 706.45703 354.59888
7752 706.45703 354.59888
7769 708.5521 351.65057
7786 708.5521 351.65057
7803 705.1051 348.0759
7820 705.1051 348.0759
7837 705.74615 349.16095
7854 703.7896 349.25363
7871 703.7896 349.25363
7888 702.61145 350.5385
7905 702.61145 350.5385
7922 700.977 348.03403
7939 700.977 348.03403
7956 701.6205 344.26923
7973 701.6205 344.26923
7990 699.2168 344.6082
8007 699.2168 344.6082
8024 698.7997 352.4669
8041 698.7997 352.4669
8058 699.0427 351.2496
8075 699.0427 351.2496
8093 697.44336 350.37122
8109 697.44336 350.37122
8126 697.2136 351.0011
8143 697.2136 351.0011
8160 698.62244 352.0714
8177 698.62244 352.0714
8194 702.15283 352.86847
8211 702.15283 352.86847
8228 702.49475 354.61066
8245 702.7433 354.81625
8262 702.7433 354.81625
8279 702.7433 354.81625
8296 704.881 356.235
8313 704.881 356.235
8330 707.98364 354.3186
8347 707.98364 354.3186
8376 710.87524 356.92197
8381 710.87524 356.92197
8398 714.49396 353.77875
8415 726.03906 348.1108
8432 726.03906 348.1108
8449 730.8213 343.84198
8466 730.8213 343.84198
8483 734.26105 344.05234
8500 734.26105 344.05234
8517 734.26105 344.05234
8535 737.0272 343.61926
8551 737.0272 343.61926
8568 739.0497 344.04108
8585 739.0497 344.04108
8602 740.89874 342.26434
8619 745.18524 342.56146
8636 745.18524 342.56146
8654 748.43286 338.235
8670 748.43286 338.235
8687 751.4905 338.214
8704 751.4905 338.214
8722 755.2654 338.42404
8738 755.2654 338.42404
8755 757.85675 337.92752
8772 757.85675 337.92752
8789 757.85675 337.92752
8806 764.0502 337.6891
8823 767.0915 337.99554
8841 767.0915 337.99554
8857 769.613 340.4821
8874 769.613 340.4821
8891 769.2333 337.9192
8908 769.2333 337.9192
8925 768.531 334.93707
8942 768.531 334.93707
8959 769.6971 333.8811
8976 769.6971 333.8811
8993 770.666 338.0935
9010 770.666 338.0935
9028 770.2431 337.1563
9044 770.2431 337.1563
9061 766.81433 338.70215
9078 766.81433 338.70215
9095 722.55774 348.90375
9112 722.55774 348.90375
9129 688.69904 358.75467
9146 688.69904 358.75467
9163 659.1701 365.42087
9180 636.1775 370.8228
9197 636.1775 370.8228
9214 616.5205 374.59045
9231 616.5205 374.59045
9248 601.5695 376.34702
9265 601.5695 376.34702
9282 601.5695 376.34702
9300 590.1063 379.31506
9316 590.1063 379.31506
9333 586.72266 381.9423
9350 586.72266 381.9423
9367 584.24835 387.5166
9384 582.0106 387.221
9401 582.0106 387.221
9418 582.886 390.09018
9436 582.886 390.09018
9452 584.20856 391.66
9469 584.20856 391.66
9486 585.1354 393.7803
9503 585.1354 393.7803
9520 585.1354 393.7803
9537 584.80676 392.5328
9554 584.80676 392.5328
9571 586.8893 394.0548
9588 587.88525 393.3813
9606 587.88525 393.3813
9622 583.84106 394.6459
9639 583.84106 394.6459
9656 581.50653 396.56494
9673 581.50653 396.56494
9690 579.0317 392.16882
9707 579.0317 392.16882
9724 578.26746 393.58646
9741 578.26746 393.58646
9759 581.472 392.43594
9775 465.17758 313.94876
9792 465.17758 313.94876
9809 465.17758 313.94876
9826 372.14206 251.15901
9843 372.14206 251.15901
9860 297.71365 200.92722
9877 297.71365 200.92722
9894 561.18854 289.75763
9911 561.18854 289.75763
9928 448.95084 231.8061
9945 359.16068 185.44489
9962 359.16068 185.44489
9980 359.16068 185.44489
9996 287.32855 148.35591
10013 229.86284 118.68473
10030 229.86284 118.68473
10047 229.86284 118.68473
10064 330.8567 160.49007
10081 330.8567 160.49007
10098 410.8843 195.48553
10115 410.8843 195.48553
10132 471.72003 223.25818
10150 519.1843 241.62416
10166 519.1843 241.62416
10183 558.4966 260.11313
10200 558.4966 260.11313
10217 588.3461 273.0667
10234 588.3461 273.0667
10251 611.34607 284.15854
10268 611.34607 284.15854
10285 629.66504 296.41663
10302 629.66504 296.41663
10319 629.66504 296.41663
10336 646.47766 304.9037
10353 658.974 312.38205
10370 658.974 312.38205
10388 670.6002 317.01273
10404 670.6002 317.01273
10421 680.63275 323.41327
10438 680.63275 323.41327
10455 689.44635 327.06143
10472 689.44635 327.06143
10489 695.7303 330.63345
10506 695.7303 330.63345
10523 701.3583 335.6358
10540 701.3583 335.6358
10557 706.958 338.3128
10575 706.958 338.3128
10591 712.11115 342.7331
10608 712.11115 342.7331
10625 712.6953 347.6417
10642 712.6953 347.6417
10659 685.86127 364.12347
10676 685.86127 364.12347
10693 660.1874 377.60965
10710 660.1874 377.60965
10727 638.42004 391.81613
10744 621.41003 398.44714
10762 621.41003 398.44714
10778 610.0781 406.2172
10795 610.0781 406.2172
10812 610.0781 406.2172
10829 595.2345 413.466
10846 595.2345 413.466
10863 584.6978 423.14838
10880 584.6978 423.14838
10897 576.86835 424.97678
10914 570.06274 425.9701
10931 570.06274 425.9701
10949 564.9138 430.76117
10965 564.9138 430.76117
10983 561.3623 431.09357
10999 561.3623 431.09357
11016 556.1161 434.71054
11033 556.1161 434.71054
11050 556.1161 434.71054
11067 554.826 435.8767
11084 554.826 435.8767
11101 552.3862 434.3862
11118 550.6009 436.19238
11135 550.6009 436.19238
11153 546.1394 434.6654
11169 546.1394 434.6654
11186 547.59375 436.0094
11203 547.59375 436.0094
11220 545.657 434.84372
11237 545.657 434.84372
11254 544.026 436.15546
11271 544.026 436.15546
11288 541.7878 436.91702
11305 541.7878 436.91702
11322 540.50806 437.02155
11339 540.50806 437.02155
11356 568.9064 430.71564
11373 568.9064 430.71564
11391 610.79224 423.22296
11407 610.79224 423.22296
11424 645.70746 410.62915
11441 645.70746 410.62915
11458 676.0595 402.79834
11475 676.0595 402.79834
11492 693.4295 398.6762
11509 693.4295 398.6762
11526 712.0744 392.34125
11543 712.0744 392.34125
11560 724.58203 384.73233
11577 724.58203 384.73233
11595 736.03296 380.01935
11611 736.03296 380.01935
11628 747.2559 380.83005
11645 747.2559 380.83005
11662 752.93744 377.02567
11679 752.93744 377.02567
11696 755.8493 375.5559
11713 758.23975 373.5632
11730 758.23975 373.5632
11748 759.77026 371.5654
11764 759.77026 371.5654
11781 761.77313 373.03168
11798 761.77313 373.03168
11815 761.77313 373.03168
11832 762.0836 371.42413
11849 762.0836 371.42413
11866 762.4934 371.2854
11883 762.4934 371.2854
11900 763.9381 372.7337
11917 763.59753 374.83603
11934 763.59753 374.83603
11951 763.33105 375.29413
11968 763.33105 375.29413
11985 764.0924 376.299
12002 764.0924 376.299
12019 763.4005 378.48352
12036 763.4005 378.48352
12053 763.4005 378.48352
12070 765.177 378.34503
12087 766.2196 376.214
12104 766.2196 376.214
12121 764.4823 374.366
12139 764.4823 374.366
12155 766.32684 370.37375
12172 766.32684 370.37375
12189 766.79663 370.12628
12206 766.79663 370.12628
12223 763.553 368.49454
12240 763.553 368.49454
12258 765.6377 366.99692
12274 765.6377 366.99692
12291 765.2884 361.73322
12308 765.2884 361.73322
12325 767.08234 357.77338
12342 767.08234 357.77338
12359 770.1032 355.1359
12376 770.1032 355.1359
12393 769.9592 352.58
12410 769.9592 352.58
12427 771.58746 353.9717
12445 771.58746 353.9717
12461 771.8016 353.82138
12478 772.44696 352.61856
12495 772.44696 352.61856
12512 769.6701 355.07388
12529 769.6701 355.07388
12546 770.4718 354.02203
12563 770.4718 354.02203
12580 770.4718 354.02203
12597 771.04803 351.439
12614 771.04803 351.439
12632 771.50696 351.73608
12648 771.50696 351.73608
12665 769.42096 356.55896
12682 772.0108 357.7013
12699 772.0108 357.7013
12716 773.4827 360.36157
12733 773.4827 360.36157
12750 770.8488 362.5085
12767 770.8488 362.5085
12784 770.8821 362.8866
12801 770.8821 362.8866
12818 770.8821 362.8866
12835 773.7754 363.72986
12852 774.6339 361.27313
12869 774.6339 361.27313
12886 776.93396 359.87985
12903 776.93396 359.87985
12920 781.46625 362.16183
12937 781.46625 362.16183
12954 794.07666 364.77258
12971 794.07666 364.77258
12988 798.5697 362.91217
13006 798.5697 362.91217
13022 805.0601 360.07294
13039 805.0601 360.07294
13056 806.80145 360.19727
13073 806.80145 360.19727
13090 812.57214 361.22766
13107 812.57214 361.22766
13124 816.43945 360.25693
13141 816.43945 360.25693
13158 817.3627 362.72217
13175 817.3627 362.72217
13192 817.64325 363.2814
13209 817.64325 363.2814
13226 819.8212 360.82352
13243 799.00916 321.95264
13260 799.00916 321.95264
13277 779.7669 290.0819
13294 779.7669 290.0819
13311 765.3374 267.2374
13328 765.3374 267.2374
13345 765.3374 267.2374
13362 754.7985 248.07516
13380 754.7985 248.07516
13396 747.032 231.1029
13413 747.032 231.1029
13430 735.2246 216.24997
13447 726.78156 203.42694
13464 726.78156 203.42694
13481 721.7022 192.18059
13498 721.7022 192.18059
13515 716.07336 183.79007
13532 716.07336 183.79007
13549 707.8768 177.67136
13567 707.8768 177.67136
13583 707.8768 177.67136
13600 699.6489 175.75366
13617 699.6489 175.75366
13634 697.40985 172.4332
13651 695.15137 164.97404
13668 695.15137 164.97404
13685 691.7101 159.88435
13702 691.7101 159.88435
13720 688.0039 158.48941
13736 688.0039 158.48941
13753 681.9312 152.83911
13770 681.9312 152.83911
13787 680.04224 158.51215
13805 680.04224 158.51215
13821 683.21576 191.06577
13838 683.21576 191.06577
13855 686.83093 224.1933
13872 686.83093 224.1933
13889 690.06854 250.73575
13906 690.06854 250.73575
13923 695.10956 274.09552
13940 695.10956 274.09552
13957 695.9172 290.37503
13974 695.9172 290.37503
13991 697.56647 301.04922
14009 698.5082 309.81485
14025 698.5082 309.81485
14042 700.287 318.74506
14059 700.287 318.74506
14076 700.287 318.74506
14093 700.3346 323.5338
14110 700.3346 323.5338
14127 716.1061 330.89697
14144 716.1061 330.89697
14161 728.9799 338.4103
14178 728.9799 338.4103
14196 738.1184 343.89993
14212 746.19836 349.2222
14229 746.19836 349.2222
14247 754.2889 355.293
14263 754.2889 355.293
14280 758.70685 360.02472
14297 758.70685 360.02472
14314 765.24194 364.81372
14331 765.24194 364.81372
14348 765.24194 364.81372
14365 767.466 366.44043
14382 767.466 366.44043
14399 735.244 383.48135
14416 708.97894 394.39035
14433 708.97894 394.39035
14450 686.59076 405.7236
14468 686.59076 405.7236
14484 669.02484 411.74017
14501 669.02484 411.74017
14518 650.18604 419.94702
14536 650.18604 419.94702
14552 636.6757 427.86578
14569 636.6757 427.86578
14586 628.6907 434.78522
14603 628.6907 434.78522
14620 625.04004 440.78122
14637 625.04004 440.78122
14654 618.7612 446.5976
14671 618.7612 446.5976
14688 613.41956 452.02673
14705 613.41956 452.02673
14722 606.3771 452.6788
14739 606.3771 452.6788
14756 602.0352 455.13785
14773 602.0352 455.13785
14790 597.6398 459.1699
14807 593.11176 460.52087
14824 593.11176 460.52087
14841 593.11176 460.52087
14858 590.16504 459.95035
14875 590.16504 459.95035
14892 586.59717 459.82727
14909 586.59717 459.82727
14926 583.1839 456.7265
14943 583.1839 456.7265
14960 577.0616 453.9824
14977 574.3556 452.5223
14994 574.3556 452.5223
15011 570.20996 452.94128
15028 570.20996 452.94128
15045 567.10626 454.31674
15062 567.10626 454.31674
15079 566.26355 451.14957
15097 566.26355 451.14957
15113 566.26355 451.14957
15130 567.0358 448.9823
15147 567.0358 448.9823
15164 567.1557 446.62216
15181 565.6803 445.1183
15198 565.6803 445.1183
15215 566.39935 443.82117
15232 566.39935 443.82117
15249 566.3554 440.40964
15266 566.3554 440.40964
15284 566.9031 441.19733
15300 566.9031 441.19733
15317 568.13586 440.85962
15334 568.13586 440.85962
15351 568.7157 441.07016
15368 568.7157 441.07016
15385 566.2209 439.79083
15402 566.2209 439.79083
15419 564.5359 437.71484
15436 564.5359 437.71484
15453 564.17645 435.1734
15471 564.17645 435.1734
15487 565.7771 431.95294
15504 565.7771 431.95294
15521 571.65247 431.03308
15538 571.65247 431.03308
15555 619.0606 414.50235
15572 655.89087 394.1904
15590 655.89087 394.1904
15606 655.89087 394.1904
15623 685.72284 384.52502
15641 685.72284 384.52502
15657 708.51825 374.7904
15674 708.51825 374.7904
15691 725.0142 366.43155
15708 725.0142 366.43155
15725 739.6161 358.13104
15742 739.6161 358.13104
15759 745.447 347.0187
15776 749.1911 339.86337
15793 749.1911 339.86337
15810 752.2726 338.12915
15827 752.2726 338.12915
15844 754.5415 336.57153
15861 754.5415 336.57153
15878 754.5415 336.57153
15895 754.5941 334.3652
15912 754.5941 334.3652
15929 757.2658 332.7649
15947 759.08704 332.8709
15963 759.08704 332.8709
15980 757.95337 333.43607
15997 757.95337 333.43607
16014 756.2769 336.7487
16031 756.2769 336.7487
16048 756.79034 337.10547
16065 756.79034 337.10547
16082 755.8299 339.91895
16099 755.8299 339.91895
16116 755.8299 339.91895
16134 751.29724 340.39578
16150 749.24146 338.18365
16168 749.24146 338.18365
16184 748.4284 336.61545
16201 748.4284 336.61545
16218 745.3028 340.94882
16235 745.3028 340.94882
16252 744.07434 340.86795
16269 744.07434 340.86795
16287 740.8573 343.87036
16303 740.8573 343.87036
16320 740.6936 343.3193
16337 742.19226 346.15485
16354 742.19226 346.15485
16371 742.19226 346.15485
16388 741.49774 347.95053
16405 741.49774 347.95053
16422 738.3214 353.24054
16439 738.3214 353.24054
16457 735.48804 357.3673
16473 735.48804 357.3673
16490 735.55096 356.1637
16507 735.55096 356.1637
16524 733.6437 359.5848
16542 736.63995 358.78992
16558 736.63995 358.78992
16575 737.2313 359.0965
16592 737.2313 359.0965
16609 738.0604 361.0268
16626 738.0604 361.0268
16643 738.0604 361.0268
16661 738.5582 363.40662
16677 738.5582 363.40662
16695 740.58997 365.43988
16711 744.2174 369.49142
16728 744.2174 369.49142
16745 747.35657 374.75067
16762 747.35657 374.75067
16779 748.4481 377.59402
16796 748.4481 377.59402
16813 750.08105 378.91248
16830 750.08105 378.91248
16847 752.8211 377.6425
16864 752.8211 377.6425
16881 752.8211 377.6425
16898 753.1112 376.81036
16915 754.9813 376.4405
16932 754.9813 376.4405
16950 758.2838 373.87
16966 758.2838 373.87
16983 763.8817 371.07333
17000 763.8817 371.07333
17017 764.5797 370.75385
17034 764.5797 370.75385
17051 766.7232 367.88995
17068 766.7232 367.88995
17085 767.58105 366.77313
17102 770.27856 366.5005
17119 770.27856 366.5005
17137 770.27856 366.5005
17153 770.1372 364.96265
17170 770.1372 364.96265
17187 769.67114 366.65735
17204 769.67114 366.65735
17221 769.17535 365.76096
17238 769.17535 365.76096
17255 767.41223 364.50476
17272 767.41223 364.50476
17289 764.1466 363.06638
17306 760.1619 363.4752
17323 760.1619 363.4752
17340 758.86676 366.37262
17357 758.86676 366.37262
17374 758.86676 366.37262
17391 755.5873 367.06766
17408 755.5873 367.06766
17425 751.84814 367.37253
17442 751.84814 367.37253
17459 742.384 371.11108
17476 742.384 371.11108
17494 733.8329 371.82208
17511 728.86285 372.3614
17527 728.86285 372.3614
17544 722.4253 372.92212
17561 722.4253 372.92212
17578 713.41766 371.1685
17595 713.41766 371.1685
17612 707.9026 372.28137
17629 707.9026 372.28137
17646 707.9026 372.28137
17663 701.54065 372.58618
17680 701.54065 372.58618
17697 696.9022 372.02786
17714 691.89294 375.21005
17731 691.89294 375.21005
17748 686.4225 375.9524
17765 686.4225 375.9524
17782 679.4429 374.73773
17799 679.4429 374.73773
17816 675.2064 374.5832
17833 675.2064 374.5832
17850 670.7783 373.66348
17867 670.7783 373.66348
17884 667.31714 373.1267
17902 667.31714 373.1267
17998 650.2803 378.99905
17999 650.2803 378.99905
17999 650.2803 378.99905
17999 650.2803 378.99905
17999 650.2803 378.99905
18003 650.2803 378.99905
18020 646.17426 380.99966
18037 646.17426 380.99966
18054 658.4707 425.66055
18071 658.4707 425.66055
18088 663.34644 474.51758
18105 668.6502 515.4535
18122 668.6502 515.4535
18139 668.6502 515.4535
18156 674.259 549.13885
18173 674.259 549.13885
18190 678.42566 576.3424
18207 678.42566 576.3424
18224 680.8994 595.1403
18241 680.8994 595.1403
18258 681.3537 614.2654
18276 682.20386 625.53125
18292 682.20386 625.53125
18309 666.81903 577.29834
18326 666.81903 577.29834
18343 602.0062 523.4533
18360 602.0062 523.4533
18377 602.0062 523.4533
18394 481.60498 418.76266
18411 481.60498 418.76266
18428 385.284 335.01013
18445 385.284 335.01013
18463 308.2272 268.00812
18479 246.58177 214.4065
18496 246.58177 214.4065
18513 197.26543 171.52519
18530 197.26543 171.52519
18547 283.19098 205.04836
18564 283.19098 205.04836
18581 352.377 229.96724
18598 352.377 229.96724
18615 352.377 229.96724
18632 405.43356 251.31729
18649 448.1712 272.3391
18666 448.1712 272.3391
18683 482.63126 287.42743
18700 482.63126 287.42743
18717 513.28906 301.98163
18735 513.28906 301.98163
18751 538.54034 313.54333
18768 538.54034 313.54333
18785 570.89056 316.97046
18802 570.89056 316.97046
18819 592.9638 317.84796
18837 592.9638 317.84796
18853 613.1517 318.77716
18870 631.2534 321.94604
18887 631.2534 321.94604
18904 631.2534 321.94604
18921 646.7561 323.8933
18938 646.7561 323.8933
18955 659.53955 324.70715
18972 659.53955 324.70715
18989 670.8458 323.99493
19006 670.8458 323.99493
19024 676.6463 323.88318
19040 683.5119 323.47025
19057 683.5119 323.47025
19074 692.22614 320.91245
19091 692.22614 320.91245
19108 697.75464 323.48776
19125 697.75464 323.48776
19142 697.75464 323.48776
19159 704.91626 322.8573
19176 704.91626 322.8573
19193 706.652 325.1135
19210 706.652 325.1135
19227 710.1017 327.19498
19244 712.4477 330.34274
19261 712.4477 330.34274
19278 712.729 331.1002
19295 712.729 331.1002
19312 712.24506 328.7455
19329 712.24506 328.7455
19346 712.3256 326.32184
19363 712.3256 326.32184
19381 714.5903 326.6784
19398 714.5903 326.6784
19414 714.5903 326.6784
19431 719.0805 328.9242
19448 718.42896 329.55096
19465 718.42896 329.55096
19482 718.3059 333.4597
19499 718.3059 333.4597
19516 717.37695 329.89014
19533 717.37695 329.89014
19551 718.1269 329.9917
19567 718.1269 329.9917
19584 717.0174 332.07248
19601 717.0174 332.07248
19618 716.71265 331.5361
19635 716.71265 331.5361
19652 714.89935 331.03622
19670 714.89935 331.03622
19686 714.79626 328.47473
19703 714.79626 328.47473
19720 714.3401 331.91946
19737 714.3401 331.91946
19754 712.1762 332.75348
19771 712.1762 332.75348
19788 712.54236 333.87448
19805 711.66034 334.8494
19822 711.66034 334.8494
19839 709.006 336.5175
19856 709.006 336.5175
19873 710.13226 336.55533
19891 710.13226 336.55533
19907 710.77783 340.45584
19924 710.77783 340.45584
19941 710.77783 340.45584
19958 714.0592 344.00946
19975 714.0592 344.00946
19992 714.89417 341.4491
20009 718.14166 340.97025
20026 718.14166 340.97025
20043 727.52045 340.7324
20060 727.52045 340.7324
20078 739.0802 339.85092
20094 739.0802 339.85092
20111 745.1448 342.4707
20128 745.1448 342.4707
20145 750.6725 342.53802
20162 750.6725 342.53802
20180 750.6725 342.53802
20196 753.64685 340.70657
20213 757.44165 340.17758
20230 757.44165 340.17758
20247 760.5993 341.42993
20264 760.5993 341.42993
20281 762.25806 340.18958
20298 762.25806 340.18958
20315 763.07196 341.14584
20332 763.07196 341.14584
20349 759.8349 341.4582
20367 759.8349 341.4582
20383 760.5663 341.46057
20400 760.5663 341.46057
20417 759.4216 340.3684
20434 759.4216 340.3684
20452 757.98987 342.13397
20468 757.98987 342.13397
20485 757.2659 341.7523
20502 757.2659 341.7523
20520 757.15094 342.48846
20536 757.15094 342.48846
20553 754.3135 345.23102
20570 754.3135 345.23102
20587 752.5427 346.15915
20604 748.9156 348.0784
20621 748.9156 348.0784
20638 748.1349 346.5122
20655 748.1349 346.5122
20672 743.83936 347.71848
20689 743.83936 347.71848
20707 743.83936 347.71848
20723 741.60126 349.21213
20740 741.60126 349.21213
20758 738.75964 350.9595
20774 739.6465 348.51654
20791 739.6465 348.51654
20808 737.06885 346.6778
20825 737.06885 346.6778
20842 736.39636 344.8239
20859 736.39636 344.8239
20876 738.68396 346.06073
20893 738.68396 346.06073
20910 738.16125 346.21564
20928 738.16125 346.21564
20944 738.16125 346.21564
20961 740.6211 347.8721
20978 743.98175 346.97333
20995 743.98175 346.97333
21012 745.6548 347.88293
21029 745.6548 347.88293
21046 746.74475 346.59882
21064 746.74475 346.59882
21080 748.8662 345.6778
21097 748.8662 345.6778
21115 748.0295 347.0264
21131 748.0295 347.0264
21148 745.68164 346.8369
21165 745.68164 346.8369
21182 745.9299 347.25476
21199 745.9299 347.25476
21216 747.3538 345.27728
21233 747.3538 345.27728
21250 748.94336 342.5489
21267 748.94336 342.5489
21285 750.07855 338.62506
21301 750.07855 338.62506
21318 750.8346 333.96066
21335 750.8346 333.96066
21352 750.95984 333.67224
21369 752.53015 330.8902
21386 752.53015 330.8902
21403 752.53015 330.8902
21420 750.04175 331.19263
21437 750.04175 331.19263
21454 750.9795 329.14267
21471 750.9795 329.14267
21489 750.48035 329.81766
21505 750.48035 329.81766
21522 749.41516 332.39807
21539 750.9519 331.3512
21556 750.9519 331.3512
21573 751.3071 333.77197
21590 751.3071 333.77197
21607 749.97437 334.26013
21624 749.97437 334.26013
21641 749.699 336.6151
21658 749.699 336.6151
21676 749.699 336.6151
21692 744.5628 337.81027
21709 744.5628 337.81027
21726 743.11066 334.29675
21744 740.825 328.48184
21760 740.825 328.48184
21777 738.5093 327.08395
21794 738.5093 327.08395
21811 734.5498 328.5449
21828 734.5498 328.5449
21845 734.3209 326.92438
21862 734.3209 326.92438
21879 730.0931 325.98682
21896 730.0931 325.98682
21913 725.18286 326.7251
21930 725.18286 326.7251
21947 727.6094 332.1639
21964 727.6094 332.1639
21981 723.33 329.6971
21998 723.33 329.6971
22015 722.63904 331.823
22032 722.63904 331.823
22050 732.1578 332.43832
22066 732.1578 332.43832
22083 734.26025 335.91934
22100 734.26025 335.91934
22117 738.3452 333.02924
22135 741.76904 331.00766
22151 741.76904 331.00766
22168 743.9009 329.69504
22185 743.9009 329.69504
22202 743.9009 329.69504
22219 740.88965 331.0092
22237 740.88965 331.0092
22253 740.0416 331.39447
22270 740.0416 331.39447
22287 741.7616 331.5278
22304 741.7616 331.5278
22321 741.9395 330.9281
22338 740.78156 329.88727
22355 740.78156 329.88727
22372 739.4265 329.53912
22389 739.4265 329.53912
22406 738.51074 328.50644
22424 738.51074 328.50644
22440 739.30884 327.42432
22457 739.30884 327.42432
22474 739.30884 327.42432
22491 739.76 326.13025
22508 739.76 326.13025
22525 738.1348 332.8446
22542 736.66016 335.19882
22559 736.66016 335.19882
22576 736.78253 336.6605
22593 736.78253 336.6605
22610 734.87897 340.76382
22627 734.87897 340.76382
22644 732.90753 340.05844
22661 732.90753 340.05844
22679 732.90753 340.05844
22695 730.37616 342.2404
22712 728.888 342.7508
22729 728.888 342.7508
22746 729.00757 342.61365
22763 729.00757 342.61365
22780 720.21875 327.06952
22797 720.21875 327.06952
22814 715.3528 279.9433
22831 715.3528 279.9433
22848 710.3108 242.20181
22865 710.3108 242.20181
22882 706.49475 215.58109
22899 702.2798 195.24094
22916 702.2798 195.24094
22933 702.2798 195.24094
22950 696.6301 180.09453
22968 696.6301 180.09453
22984 691.855 156.64235
23001 691.855 156.64235
23018 688.094 137.90813
23035 688.094 137.90813
23052 682.3091 127.78874
23069 682.3091 127.78874
23086 679.7468 118.27244
23103 676.2621 109.34575
23120 676.2621 109.34575
23137 704.95795 156.10406
23155 704.95795 156.10406
23171 725.3619 193.59549
23188 725.3619 193.59549
23205 725.3619 193.59549
23222 740.0651 225.11475
23239 740.0651 225.11475
23256 749.52734 252.53656
23273 749.52734 252.53656
23290 759.8063 268.559
23307 769.62933 282.64462
23324 769.62933 282.64462
23341 769.7851 292.24927
23358 769.7851 292.24927
23376 770.0099 298.7105
23392 770.0099 298.7105
23409 767.0148 303.97922
23426 767.0148 303.97922
23443 767.0148 303.97922
23460 766.38885 306.61945
23477 766.38885 306.61945
23494 763.0681 311.99188
23511 761.7745 316.80472
23528 761.7745 316.80472
23545 759.72296 318.41156
23562 759.72296 318.41156
23580 760.7258 324.21155
23596 760.7258 324.21155
23613 759.4581 329.01175
23630 759.4581 329.01175
23647 759.79706 333.40564
23664 759.79706 333.40564
23681 758.31635 338.9278
23698 758.31635 338.9278
23715 756.79047 341.93982
23732 756.79047 341.93982
23750 757.037 346.775
23766 757.037 346.775
23783 757.7249 349.58777
23800 757.7249 349.58777
23817 758.51776 352.34167
23834 758.51776 352.34167
23851 756.84766 355.4209
23868 752.8888 357.78616
23885 752.8888 357.78616
23902 752.3369 360.27252
23919 752.3369 360.27252
23936 750.2381 360.20755
23953 750.2381 360.20755
23970 750.2381 360.20755
23987 747.171 355.82138
24004 747.171 355.82138
24021 746.8704 351.86652
24038 746.8704 351.86652
24055 747.9907 350.96985
24072 753.6772 353.28152
24089 753.6772 353.28152
24106 757.01337 350.53836
24124 757.01337 350.53836
24141 758.88855 348.6671
24157 758.88855 348.6671
24174 757.4861 350.2102
24191 757.4861 350.2102
24208 757.4861 350.2102
24225 760.0794 348.24036
24242 761.3259 346.5119
24259 761.3259 346.5119
24276 763.9872 346.61444
24294 763.9872 346.61444
24311 763.76886 345.77893
24327 763.76886 345.77893
24344 767.35583 345.03604
24361 767.35583 345.03604
24378 770.85175 342.3532
24395 770.85175 342.3532
24412 773.00696 344.57764
24429 773.00696 344.57764
24446 774.1842 344.5694
24463 774.1842 344.5694
24480 776.5373 349.04706
24497 776.5373 349.04706
24514 777.61566 353.83258
24531 777.61566 353.83258
24548 778.70465 354.71136
24566 778.70465 354.71136
24582 777.08716 359.96313
24600 777.08716 359.96313
24616 776.78796 361.22336
24633 776.78796 361.22336
24650 776.7897 363.90335
24667 776.6937 365.58493
24684 776.6937 365.58493
24701 776.6937 365.58493
24718 778.06903 365.98593
24735 778.06903 365.98593
24752 779.76526 368.14798
24769 779.76526 368.14798
24786 781.37286 367.77505
24803 781.37286 367.77505
24820 782.9717 371.6036
24837 782.9717 371.6036
24854 786.8811 369.29773
24871 790.6889 370.04425
24888 790.6889 370.04425
24905 807.7366 363.96265
24922 807.7366 363.96265
24940 810.5187 360.19174
24956 810.5187 360.19174
24973 810.5187 360.19174
24990 815.29504 361.8345
25007 815.29504 361.8345
25024 816.496 360.06796
25041 819.84656 361.85663
25058 819.84656 361.85663
25075 822.9846 362.68832
25092 822.9846 362.68832
25109 825.98206 361.18948
25126 825.98206 361.18948
25143 828.6028 362.2179
25160 828.6028 362.2179
25177 831.0895 360.5661
25195 831.0895 360.5661
25211 830.72766 360.22968
25228 830.72766 360.22968
25245 833.1945 358.60855
25262 833.1945 358.60855
25279 832.24054 359.10916
25297 832.24054 359.10916
25313 836.42773 360.89572
25330 836.42773 360.89572
25347 835.87823 359.24652
25364 835.87823 359.24652
25381 836.54395 357.86823
25398 836.54395 357.86823
25415 836.3998 356.3451
25432 837.28436 355.41623
25449 837.28436 355.41623
25466 837.28436 355.41623
25483 839.77057 355.34485
25501 839.77057 355.34485
25517 842.708 354.8927
25534 842.708 354.8927
25551 839.7875 355.66107
25568 839.7875 355.66107
25585 841.1512 360.0489
25602 839.94446 361.89774
25619 839.94446 361.89774
25636 840.79126 360.92316
25653 840.79126 360.92316
25670 842.0874 358.10815
25687 842.0874 358.10815
25705 843.2351 354.96722
25721 843.2351 354.96722
25738 843.2351 354.96722
25755 843.29535 351.88837
25772 843.29535 351.88837
25789 844.06506 354.06427
25806 844.35925 354.96353
25823 844.35925 354.96353
25840 842.1544 355.6567
25857 842.1544 355.6567
25874 842.7396 352.14905
25891 842.7396 352.14905
25909 840.6789 349.61816
25925 840.6789 349.61816
25942 839.85565 348.997
25960 839.85565 348.997
25976 837.7488 350.73755
25993 837.7488 350.73755
26010 837.3865 350.71735
26027 837.3865 350.71735
26044 837.147 349.0135
26061 837.147 349.0135
26078 836.4497 346.37152
26095 836.4497 346.37152
26113 846.1128 342.0643
26129 846.1128 342.0643
26146 848.5269 340.16946
26163 848.5269 340.16946
26180 855.15894 335.07892
26197 859.4491 332.75293
26214 859.4491 332.75293
26231 859.4491 332.75293
26248 861.0256 332.51068
26265 861.0256 332.51068
26282 867.7154 329.10223
26299 867.7154 329.10223
26316 868.6513 330.20126
26334 868.6513 330.20126
26350 866.78784 332.04953
26367 866.78784 332.04953
26384 866.47614 330.48138
26401 867.5587 330.80872
26418 867.5587 330.80872
26435 868.7414 328.02585
26452 868.7414 328.02585
26469 869.1244 328.72815
26486 869.1244 328.72815
26504 869.1244 328.72815
26520 871.482 328.44415
26538 871.482 328.44415
26554 875.044 327.5179
26571 877.41266 326.92725
26588 877.41266 326.92725
26605 881.9519 322.81628
26622 881.9519 322.81628
26639 888.5435 319.69305
26656 888.5435 319.69305
26673 896.3037 316.6695
26690 896.3037 316.6695
26707 898.54236 312.47626
26724 898.54236 312.47626
26741 898.54236 312.47626
26758 904.1935 307.46017
26775 906.54913 306.0117
26792 906.54913 306.0117
26809 908.6011 302.96652
26826 908.6011 302.96652
26843 911.93176 301.09253
26860 911.93176 301.09253
26878 914.5991 302.0342
26894 914.5991 302.0342
26911 916.1961 297.22598
26928 916.1961 297.22598
26945 917.3913 299.11234
26962 918.0841 300.72217
26979 918.0841 300.72217
26996 918.0841 300.72217
27013 921.56177 300.04187
27030 921.56177 300.04187
27047 924.6624 301.00925
27064 924.6624 301.00925
27081 924.84607 299.0542
27098 924.84607 299.0542
27115 929.981 298.3583
27132 929.981 298.3583
27149 934.15936 300.79968
27167 937.10535 304.07364
27183 937.10535 304.07364
27200 941.6927 305.15103
27217 941.6927 305.15103
27234 943.24023 308.02563
27251 943.24023 308.02563
27268 943.24023 308.02563
27285 946.25006 312.23764
27302 946.25006 312.23764
27319 949.29504 313.46613
27336 952.84265 313.76294
27354 952.84265 313.76294
27370 955.17456 319.2671
27387 955.17456 319.2671
27404 957.27246 322.05576
27421 957.27246 322.05576
27438 955.4734 321.8361
27455 955.4734 321.8361
27472 970.57886 315.1067
27489 970.57886 315.1067
27506 970.57886 315.1067
27523 974.3212 312.20682
27540 977.0169 307.85468
27557 977.0169 307.85468
27575 979.57935 305.52213
27591 979.57935 305.52213
27608 983.1251 305.4094
27625 983.1251 305.4094
27642 985.7632 305.93777
27659 985.7632 305.93777
27676 986.7406 304.89664
27693 986.7406 304.89664
27710 988.095 306.27206
27727 988.52295 304.3068
27744 988.52295 304.3068
27761 988.52295 304.3068
27778 957.9057 278.8881
27795 957.9057 278.8881
27812 918.1603 252.87561
27829 918.1603 252.87561
27846 885.02875 230.07027
27863 885.02875 230.07027
27880 857.50653 210.9923
27897 857.50653 210.9923
27915 835.7793 197.8943
27931 818.3351 184.77423
27948 818.3351 184.77423
27965 803.4674 173.09763
27982 803.4674 173.09763
27999 803.4674 173.09763
28016 793.731 160.30122
28033 793.731 160.30122
28050 785.4189 156.0199
28067 785.4189 156.0199
28084 796.2414 162.62766
28101 796.2414 162.62766
28119 826.2416 191.11273
28135 852.90686 215.13513
28152 852.90686 215.13513
28169 873.63513 232.5422
28186 873.63513 232.5422
28203 887.69574 247.37524
28220 887.69574 247.37524
28237 901.03156 258.04352
28254 901.03156 258.04352
28271 901.03156 258.04352
28288 908.5398 264.5784
28305 917.2776 273.12302
28322 917.2776 273.12302
28339 924.0511 280.5305
28356 924.0511 280.5305
28373 926.43823 284.37448
28390 926.43823 284.37448
28408 929.3826 292.50034
28424 929.3826 292.50034
28441 930.76227 301.28998
28458 930.76227 301.28998
28475 928.9867 305.19522
28492 928.9867 305.19522
28509 923.3083 306.1537
28526 923.3083 306.1537
28543 912.84064 306.08206
28560 912.84064 306.08206
28577 908.3798 304.6663
28594 908.3798 304.6663
28611 905.4745 304.0235
28629 905.4745 304.0235
28645 900.588 304.85672
28663 900.588 304.85672
28679 898.7465 306.31625
28696 898.7465 306.31625
28713 893.81793 305.95087
28730 891.11566 307.5426
28747 891.11566 307.5426
28764 891.11566 307.5426
28781 892.79395 308.20483
28798 892.79395 308.20483
28815 888.05896 307.94797
28832 888.05896 307.94797
28850 884.6826 306.58844
28866 884.6826 306.58844
28883 884.0431 308.43176
28900 882.43756 309.54388
28917 882.43756 309.54388
28934 886.484 307.99893
28951 886.484 307.99893
28968 888.6165 308.91864
28985 888.6165 308.91864
29002 890.8666 308.77585
29019 890.8666 308.77585
29036 890.8666 308.77585
29053 891.70844 311.24054
29071 891.70844 311.24054
29087 891.5689 314.03207
29104 888.558 316.9502
29121 888.558 316.9502
29138 889.12006 315.44083
29155 889.12006 315.44083
29172 888.10535 314.69788
29189 888.10535 314.69788
29206 884.8537 315.6241
29224 884.8537 315.6241
29240 883.7717 316.31314
29257 883.7717 316.31314
29274 883.7717 316.31314
29291 884.83 319.3438
29308 882.1933 320.76242
29325 882.1933 320.76242
29342 881.1395 324.67654
29359 881.1395 324.67654
29376 878.3208 325.47595
29393 878.3208 325.47595
29410 878.6153 326.6897
29427 878.6153 326.6897
29444 875.977 325.88477
29461 875.977 325.88477
29478 875.23755 324.9252
29496 860.30176 328.25455
29512 860.30176 328.25455
29529 860.30176 328.25455
29546 837.7467 328.35052
29563 837.7467 328.35052
29580 670.1974 262.68042
29597 670.1974 262.68042
29614 536.1579 210.14433
29631 536.1579 210.14433
29648 428.92633 168.11546
29665 343.14108 134.49237
29683 343.14108 134.49237
29699 411.95874 142.39459
29716 411.95874 142.39459
29733 411.95874 142.39459
29750 452.0444 183.84663
29767 452.0444 183.84663
29784 483.34018 214.01395
29801 483.34018 214.01395
29818 501.70007 245.9844
29835 501.70007 245.9844
29852 519.3864 276.92325
29869 534.4209 307.7122
29886 534.4209 307.7122
29904 545.1947 330.30414
29920 545.1947 330.30414
29937 555.1459 352.48865
29955 555.1459 352.48865
29972 561.7931 370.53503
29988 561.7931 370.53503
