10 660.36975 341.4622 297.6670666435174 468.4170666435174 330.9762348275475 426.9762348275475
17 656.627 339.33496 297.7465672298508 468.4965672298508 327.460353677165 423.460353677165
34 656.627 339.33496 298.1111703954607 468.8611703954607 318.92762829531256 414.92762829531256
51 647.1269 340.26202 298.7185140048509 469.4685140048509 310.4087391863609 406.4087391863609
68 647.1269 340.26202 299.56810583748677 470.31810583748677 301.91059046864586 397.91059046864586
86 652.702 339.4927 300.7309474282776 471.4809474282776 292.9428107334055 388.9428107334055
102 652.702 339.4927 301.9910842002114 472.7410842002114 285.00404105339845 381.00404105339845
119 654.47516 338.8288 303.56250703184975 474.31250703184975 276.6093422383909 372.6093422383909
136 654.47516 338.8288 305.37225228130916 476.12225228130916 268.2627764750041 364.2627764750041
154 658.0703 336.26202 307.54658317776153 478.29658317776153 259.4852165009684 355.4852165009684
170 658.0703 336.26202 309.7006512552929 480.4506512552929 251.74105744826687 347.7410574482669
187 660.1912 332.93964 312.21579703666407 482.96579703666407 243.57929418234613 339.57929418234613
204 660.1912 332.93964 314.9622521925565 485.7122521925565 235.4924331110061 331.4924331110061
221 662.1652 329.50897 317.93779086333535 488.68779086333535 227.48702821623766 323.48702821623766
238 662.1652 329.50897 321.14000152904384 491.89000152904384 219.5695674640201 315.5695674640201
255 665.4199 329.84445 324.5662889638151 495.3162889638151 211.74646754616077 307.7464675461608
273 665.4199 329.84445 328.4352697116431 499.1852697116431 203.57308012612515 299.57308012612515
289 665.36676 328.91797 332.0798074744846 502.8298074744846 196.40862946948707 292.4086294694871
306 665.36676 328.91797 336.16094923283765 506.91094923283765 188.90632183391858 284.9063218339186
324 664.81525 327.3454 340.7130516625483 511.4630516625483 181.0927671105879 277.09276711058794
340 662.98364 328.93356 344.9554626662418 515.7054626662418 174.26532559916362 270.2653255991636
358 662.98364 328.93356 349.94484113972976 520.6948411397298 166.72348388819168 262.7234838881917
374 663.5965 327.9903 354.5689124255555 525.3189124255555 160.14853343516307 256.1485334351631
391 663.5965 327.9903 359.6731023758233 530.4231023758233 153.30108260568883 249.30108260568883
409 662.9814 328.0651 365.28764512599264 536.0376451259926 146.21234621253794 242.21234621253794
425 662.9814 328.0651 370.45573236238414 541.2057323623842 140.05581447516937 236.05581447516937
443 662.9814 328.0651 376.4645815063909 547.2145815063909 133.2980777305462 229.2980777305462
460 606.0455 331.96298 382.32421012162035 553.0742101216204 127.08477825264669 223.0847782526467
477 606.0455 331.96298 388.35832887425113 559.1083288742511 121.04079373995708 217.04079373995708
493 623.1643 329.32288 394.1925174146769 564.9425174146769 115.51139478609738 211.51139478609738
511 623.1643 329.32288 400.93033797716447 571.6803379771645 109.48022176480373 205.48022176480373
527 634.6838 329.9284 407.06973833256984 577.8197383325698 104.29179502905546 200.29179502905546
544 634.6838 329.9284 413.7426429853873 584.4926429853873 98.96144031244515 194.96144031244515
562 581.4763 335.21695 420.97038828338435 591.7203882833844 93.52701560946679 189.5270156094668
578 595.69635 340.04242 427.53000484391305 598.280004843913 88.88121758382923 184.88121758382923
595 595.69635 340.04242 434.6332881070341 605.3832881070341 84.13951907017963 180.13951907017963
612 612.36206 339.6752 441.86866770951156 612.6186677095116 79.60194042970028 175.60194042970028
629 612.36206 339.6752 449.2302797509776 619.9802797509776 75.27215913482809 171.2721591348281
646 628.6782 340.0723 456.71215802621145 627.4621580262115 71.15368424901567 167.15368424901567
663 628.6782 340.0723 464.3082388604396 635.0582388604396 67.24985358281685 163.24985358281685
680 628.6782 340.0723 472.0123660236304 642.7623660236304 63.563830988764266 159.56383098876427
698 637.7163 340.01602 480.2805035702502 651.0305035702502 59.90170381248561 155.9017038124856
714 637.7163 340.01602 487.71970164728384 658.4697016472838 56.85698039535282 152.85698039535282
732 644.1858 337.57382 496.18284410284525 666.9328441028453 53.6713103368038 149.6713103368038
748 637.6214 342.30133 503.783255286693 674.533255286693 51.0548702834833 147.0548702834833
765 637.6214 342.30133 511.93238432050157 682.6823843205016 48.49908588318232 144.49908588318232
782 641.8575 340.52454 520.1509627803556 690.9009627803556 46.176306080939696 142.1763060809397
799 641.8575 340.52454 528.4323299341439 699.1823299341439 44.08841336946284 140.08841336946284
817 650.05066 339.53424 537.2618142040386 708.0118142040386 42.13559963724384 138.13559963724384
833 650.05066 339.53424 545.156538399579 715.906538399579 40.62386599915499 136.623865999155
850 641.0679 342.22888 553.585825606595 724.335825606595 39.25001917650059 135.2500191765006
867 641.0679 342.22888 562.0508042831839 732.8008042831839 38.116672841359446 134.11667284135945
884 647.168 338.54773 570.5446140026227 741.2946140026227 37.2247455122278 133.2247455122278
901 647.168 338.54773 579.0603709721212 749.8103709721212 36.574960050003085 132.57496005000309
918 647.168 338.54773 587.5911736117806 758.3411736117806 36.167843072143 132.167843072143
936 652.42236 335.82208 596.6325037720162 767.3825037720162 36.00164175242986 132.00164175242986
952 590.0786 335.46518 604.6702542165596 775.4202542165596 36.08273742076125 132.08273742076125
969 590.0786 335.46518 613.2046904715623 783.9546904715623 36.40481772096149 132.4048177209615
986 596.3979 330.74994 621.7265001944813 792.4765001944813 36.96970439707047 132.96970439707047
1003 596.3979 330.74994 630.2287768999744 800.9787768999744 37.77693963769889 133.7769396376989
1020 593.8718 326.00208 638.7046299331981 809.4546299331981 38.82586922049978 134.82586922049978
1038 593.8718 326.00208 647.6426280498187 818.3926280498187 40.19899106955364 136.19899106955364
1054 607.83246 324.8279 655.5496150057149 826.2996150057149 41.645215808474234 137.64521580847423
1071 607.83246 324.8279 663.9050950571935 834.6550950571935 43.41334787928315 139.41334787928315
1089 615.5055 323.27744 672.6933806888678 843.4433806888678 45.54391343827683 141.54391343827683
1106 622.51245 320.17218 680.9309353437416 851.6809353437416 47.79847131476845 143.79847131476845
1122 622.51245 320.17218 688.6223720999366 859.3723720999366 50.133810549576026 146.13381054957603
1139 566.90015 325.3728 696.7228182836474 867.4728182836474 52.839934998910564 148.83993499891056
1156 566.90015 325.3728 704.742950819005 875.492950819005 55.77554601295549 151.7755460129555
1173 566.90015 325.3728 712.6762698040402 883.4262698040402 58.93826443105149 154.9382644310515
1191 522.05066 328.2348 720.9744866729714 891.7244866729714 62.53171273890922 158.53171273890922
1207 522.05066 328.2348 728.2568245155068 899.0068245155068 65.93458862018292 161.93458862018292
1224 547.057 324.29575 735.8914330094331 906.6414330094331 69.76252423287974 165.76252423287974
1241 547.057 324.29575 743.413983721744 914.163983721744 73.80623152831976 169.80623152831976
1258 569.8654 323.46863 750.8183800147626 921.5683800147626 78.06243329120804 174.06243329120804
1275 569.8654 323.46863 758.0986210088488 928.8486210088488 82.52768009049117 178.52768009049117
1293 589.56995 326.9726 765.665231024628 936.415231024628 87.47941582800502 183.47941582800502
1309 589.56995 326.9726 772.263141470708 943.013141470708 92.0706669060545 188.0706669060545
1326 597.74146 323.9684 779.1359413283826 949.8859413283826 97.14067282585665 193.14067282585665
1343 609.44 325.69724 785.8616359705578 956.6116359705578 102.40426185718263 198.40426185718263
1360 609.44 325.69724 792.434774570124 963.184774570124 107.85716813378187 203.85716813378187
1377 621.2346 325.40674 798.8500299387413 969.6000299387413 113.49497235758312 209.49497235758312
1394 621.2346 325.40674 805.1022028442499 975.8522028442499 119.31310538030687 215.31310538030687
1412 621.2346 325.40674 811.5387673844003 982.2887673844003 125.66479105149173 221.66479105149173
1428 620.5464 325.8096 817.0971692933363 987.8471692933363 131.47135431515434 227.47135431515434
1446 620.5464 325.8096 823.1618418139614 993.9118418139614 138.17903805565956 234.17903805565956
1462 628.18945 324.84183 828.3807966001699 999.1307966001699 144.29250840037312 240.29250840037312
1479 628.18945 324.84183 833.7443360426164 1004.4943360426164 150.93876919572267 246.93876919572267
1497 569.8972 325.11932 839.2147089352587 1009.9647089352587 158.13934516994212 254.13934516994212
1513 584.14777 324.76453 843.8931356740757 1014.6431356740757 164.675730406883 260.67573040688296
1530 584.14777 324.76453 848.6701707867052 1019.4201707867052 171.7552977272204 267.7552977272204
1547 582.7652 326.43292 853.2437467928016 1023.9937467928016 178.96797687071094 274.9679768707109
1565 582.7652 326.43292 857.8604766962846 1028.6104766962846 186.74352051365594 282.74352051365594
1581 597.71155 327.15277 861.7658627967578 1032.5158627967578 193.76918547310373 289.76918547310373
1598 597.71155 327.15277 865.7074960610505 1036.4574960610505 201.34571931915121 297.3457193191512
1615 607.22125 324.7558 869.4318623492258 1040.1818623492259 209.03138348446487 305.03138348446487
1632 607.22125 324.7558 872.9359432553329 1043.6859432553329 216.8199491363638 312.8199491363638
1649 617.3434 325.36435 876.2168989033121 1046.966898903312 224.7051040458423 320.7051040458423
1666 617.3434 325.36435 879.2720702485676 1050.0220702485676 232.6804577033056 328.6804577033056
1683 617.3434 325.36435 882.0989812329851 1052.8489812329851 240.73954649774532 336.7395464977453
1700 622.8462 324.5912 884.6953407916484 1055.4453407916485 248.87583895516212 344.8758389551621
1717 631.7838 323.98517 887.0590447096293 1057.8090447096292 257.08274103198784 353.08274103198784
1734 631.7838 323.98517 889.1881773273444 1059.9381773273444 265.35360145921436 361.35360145921436
1751 637.6233 322.64185 891.0810130930984 1061.8310130930984 273.6817171329047 369.6817171329047
1768 637.6233 322.64185 892.7360179615537 1063.4860179615537 282.0603385467098 378.0603385467098
1785 578.25104 326.87225 894.1518506369953 1064.9018506369953 290.4826752619944 386.4826752619944
1802 578.25104 326.87225 895.3273636603816 1066.0773636603817 298.94190141113677 394.94190141113677
1819 530.7622 327.0067 896.2616043392997 1067.0116043392995 307.4311612295389 403.4311612295389
1836 530.7622 327.0067 896.9538155200738 1067.703815520074 315.9435746118702 411.9435746118702
1853 549.3313 326.65918 897.4034362013994 1068.1534362013995 324.4722426880359 420.4722426880359
1870 549.3313 326.65918 897.6101019890048 1068.3601019890048 333.01025341435343 429.01025341435343
1888 571.23596 327.12164 897.5639292403739 1068.313929240374 342.0529931552917 438.0529931552917
1904 584.7484 325.24088 897.2940959534936 1068.0440959534935 350.08662239203596 446.08662239203596
1921 584.7484 325.24088 896.7716802368993 1067.5216802368993 358.6111411309172 454.6111411309172
1939 584.7484 325.24088 895.9542920861586 1066.7042920861586 367.61698093385 463.61698093385
1955 596.23773 323.02167 895.0001400172805 1065.7501400172805 375.5983093035911 471.5983093035911
1972 596.23773 323.02167 893.7524512558361 1064.5024512558361 384.04719151753216 480.04719151753216
1989 607.678 324.26813 892.2647665348454 1063.0147665348454 392.4571339716405 488.4571339716405
2006 607.678 324.26813 890.5382915457113 1061.2882915457112 400.8213208432003 496.8213208432003
2023 618.1811 323.97488 888.5744255069792 1059.3244255069792 409.13297339202586 505.13297339202586
2040 618.1811 323.97488 886.3747600303433 1057.1247600303432 417.385355454278 513.3853554542779
2058 622.77136 324.16272 883.7906735406054 1054.5406735406054 426.0511370669554 522.0511370669553
2074 622.77136 324.16272 881.2753512814876 1052.0253512814875 433.68560906238275 529.6856090623828
2092 630.4344 326.55908 878.2023009969078 1048.9523009969078 442.19029223658174 538.1902922365817
2109 635.86945 326.15427 875.0658458507073 1045.8158458507073 450.13403109346496 546.134031093465
2125 635.86945 326.15427 871.9084395119482 1042.6584395119482 457.52610752219204 553.526107522192
2142 643.38617 324.36703 868.3379933280626 1039.0879933280626 465.2844741001809 561.2844741001809
2160 643.38617 324.36703 864.3184484911064 1035.0684484911064 473.3848773771026 569.3848773771026
2176 643.38617 324.36703 860.5419758597092 1031.291975859709 480.4806693117979 576.4806693117979
2193 642.5517 323.6954 856.3227228435584 1027.0727228435585 487.90618221638465 583.9061822163847
2210 642.5517 323.6954 851.8938087238421 1022.6438087238421 495.20858302917645 591.2085830291765
2228 644.65356 324.55228 846.9798386747549 1017.7298386747549 502.79977346953126 598.7997734695313
2244 644.65356 324.55228 842.4215218060378 1013.1715218060378 509.42048008140796 605.420480081408
2261 644.75555 324.10983 837.3858258058228 1008.1358258058228 516.3184583144773 612.3184583144773
2280 644.47797 319.86688 831.5279409775018 1002.2779409775018 523.8547689095897 619.8547689095897
2296 644.47797 319.86688 826.4110765741736 997.1610765741736 530.0539388051589 626.0539388051589
2312 646.97833 321.28915 821.1299640822481 991.8799640822481 536.1137952031119 632.1137952031119
2330 646.97833 321.28915 814.9971099362925 985.7471099362925 542.7591976716982 638.7591976716982
2346 644.6653 321.41327 809.379702109853 980.129702109853 548.5086966087915 644.5086966087915
2363 644.6653 321.41327 803.2447303028227 973.9947303028227 554.4502838409564 650.4502838409564
2380 642.1486 319.58298 796.9431143556885 967.6931143556885 560.2148284340103 656.2148284340103
2397 642.1486 319.58298 790.4799614017456 961.2299614017456 565.7976585231695 661.7976585231695
2414 642.05475 320.11456 783.8605094916655 954.6105094916655 571.1942495138428 667.1942495138428
2431 642.05475 320.11456 777.0901233483269 947.8401233483269 576.4002277485814 672.4002277485814
2448 645.8439 321.70273 770.1742900189863 940.9242900189863 581.4113740517007 677.4113740517007
2465 645.8439 321.70273 763.1186144283101 933.8686144283101 586.2236271487043 682.2236271487043
2482 649.4488 326.0659 755.9288148358737 926.6788148358737 590.8330869577367 686.8330869577367
2499 649.4488 326.0659 748.6107182018081 919.3607182018081 595.2360177503971 691.2360177503971
2516 651.6166 326.47244 741.17025546435 911.92025546435 599.4288511793545 695.4288511793545
2533 651.6166 326.47244 733.6134567331254 904.3634567331254 603.4081891703074 699.4081891703074
2550 653.9588 329.40955 725.9464464020558 896.6964464020558 607.1708066759479 703.1708066759479
2567 653.9588 329.40955 718.1754381858558 888.9254381858558 610.7136542896951 706.7136542896951
2584 650.40094 330.21307 710.3067300841386 881.0567300841386 614.0338607170812 710.0338607170812
2601 650.40094 330.21307 702.346699277214 873.096699277214 617.1287351027865 713.1287351027865
2618 646.7215 333.35742 694.3017969577133 865.0517969577133 619.9957692114392 715.9957692114392
2636 646.7215 333.35742 685.6984050251664 856.4484050251664 622.7805351262059 718.7805351262059
2653 588.0697 337.08264 677.4993677514212 848.2493677514212 625.1713771733134 721.1713771733134
2669 588.0697 337.08264 669.7233728534557 840.4733728534557 627.2075284601758 723.2075284601758
2686 600.07874 337.24783 661.4047925232513 832.1547925232513 629.1418395004217 725.1418395004217
2703 600.07874 337.24783 653.0345219750633 823.7845219750633 630.8385742647915 726.8385742647915
2720 615.0027 332.23016 644.6193448795832 815.3693448795832 632.296357637651 728.296357637651
2738 615.0027 332.23016 635.6677906981013 806.4177906981013 633.5781344048996 729.5781344048996
2754 562.3608 333.9817 627.6815821743512 798.4315821743512 634.4905389924386 730.4905389924386
2771 562.3608 333.9817 619.1727237438794 789.9227237438794 635.2251587040392 731.2251587040392
2789 576.52295 332.07336 610.1444574500881 780.8944574500881 635.7386581426483 731.7386581426483
2805 576.52295 332.07336 602.1095270833351 772.8595270833351 635.9664798220608 731.9664798220608
2822 596.51117 329.67477 593.5690176902656 764.3190176902656 635.9725804261168 731.9725804261168
2839 596.51117 329.67477 585.0317954607539 755.7817954607539 635.7355687926154 731.7355687926154
2856 612.73895 330.9083 576.5047793711809 747.2547793711809 635.2556370072082 731.2556370072082
2873 617.3078 329.96365 567.9948801263789 738.7448801263789 634.5331740297464 730.5331740297464
2890 617.3078 329.96365 559.5089945588649 730.2589945588649 633.5687653790487 729.5687653790487
2907 629.7241 330.35413 551.0540000393138 721.8040000393138 632.3631926583694 728.3631926583694
2924 629.7241 330.35413 542.6367489028069 713.3867489028069 630.9174329219486 726.9174329219486
2941 629.7241 330.35413 534.2640628953682 705.0140628953682 629.232657883161 725.232657883161
2958 639.4204 329.87848 525.9427276452934 696.6927276452934 627.3102329649023 723.3102329649023
2976 639.4204 329.87848 517.1953667532769 687.9453667532769 625.0174287059479 721.0174287059479
2992 647.89905 330.79907 509.48103837910116 680.2310383791012 622.7588569334407 718.7588569334407
3010 647.89905 330.79907 500.8783318686146 671.6283318686146 619.9719743310518 715.9719743310518
3027 653.83765 334.06772 492.83413519547366 663.5841351954737 617.1029609476205 713.1029609476205
3044 653.83765 334.06772 484.8748660899855 655.6248660899855 614.0061281757542 710.0061281757542
3060 661.6771 334.79623 477.46714816449344 648.2171481644934 610.8855955525434 706.8855955525434
3078 660.30023 335.85565 469.2368388259649 639.9868388259649 607.1392263586182 703.1392263586182
3094 660.30023 335.85565 462.0187085871838 632.7687085871838 603.6021930576474 699.6021930576474
3111 663.03546 337.5953 454.4562325780845 625.2062325780845 599.6336549738851 695.6336549738851
3128 663.03546 337.5953 447.00978743869564 617.7597874386956 595.4514554692516 691.4514554692516
3145 660.6397 335.2727 439.68540812706976 610.4354081270698 591.058983999804 687.058983999804
3162 660.6397 335.2727 432.4890306732291 603.2390306732291 586.4598004361334 682.4598004361334
3179 658.096 332.3069 425.4264873683203 596.1764873683203 581.6576321782761 677.6576321782761
3197 658.096 332.3069 418.1007341971813 588.8507341971813 576.3560650118047 672.3560650118047
3213 657.86926 331.22244 411.72568540279684 582.4756854027969 571.4600705688548 667.4600705688548
3230 657.86926 331.22244 405.09853053246013 575.8485305324601 566.0729418127313 662.0729418127313
3247 656.7083 330.0517 398.6274083925641 569.3774083925641 560.4993508552757 656.4993508552757
3264 656.7083 330.0517 392.31756349239276 563.0675634923928 554.7438148032415 650.7438148032415
3281 653.72864 326.14474 386.17410963438175 556.9241096343817 548.8109982204569 644.8109982204569
3298 653.72864 326.14474 380.2020257696452 550.9520257696452 542.7057093474355 638.7057093474355
3315 648.66394 324.84485 374.4061519627961 545.1561519627961 536.4328962045494 632.4328962045494
3332 648.66394 324.84485 368.7911854693228 539.5411854693227 529.9976425819129 625.9976425819129
3349 649.82416 324.37805 363.3616769287074 534.1116769287074 523.4051639192346 619.4051639192346
3367 649.82416 324.37805 357.81981603687143 528.5698160368714 516.259462288142 612.259462288142
3383 646.1939 324.5137 353.07648117741576 523.8264811774158 509.7700260162269 605.7700260162269
3401 646.1939 324.5137 347.9502481623738 518.7002481623738 502.3205287834901 598.3205287834901
3417 646.5907 322.71725 343.58390042682595 514.333900426826 495.5716758314352 591.5716758314352
3434 646.5907 322.71725 339.144558420162 509.894558420162 488.2756097367269 584.2756097367269
3451 647.43884 324.82825 334.91470142185455 505.66470142185455 480.85613214835485 576.8561321483548
3468 647.7125 323.96445 330.8977575118902 501.6477575118902 473.3192561685689 569.3192561685689
3485 647.7125 323.96445 327.0969822152257 497.8469822152257 465.6710900449318 561.6710900449318
3502 647.7125 323.96445 323.5154558633554 494.2654558633554 457.9178322199049 553.9178322199049
3519 649.2946 323.05743 320.1560810978608 490.9060810978608 450.06576630732854 546.0657663073285
3536 649.2946 323.05743 317.0215805179704 487.7715805179704 442.1212559998803 538.1212559998803
3553 655.3814 322.69147 314.1144944740342 484.8644944740342 434.0907399116313 530.0907399116313
3570 655.3814 322.69147 311.4371790087004 482.1871790087004 425.9807263598813 521.9807263598814
3587 654.0282 320.77548 308.9918039474663 479.7418039474663 417.79778809050777 513.7977880905078
3604 654.0282 320.77548 306.780351140146 477.530351140146 409.5485569510936 505.5485569510936
3622 657.5831 322.30475 304.69576873233893 475.44576873233893 400.74925072104793 496.74925072104793
3638 661.5274 317.55862 303.06619032461737 473.81619032461737 392.87800666884965 488.87800666884965
3655 661.5274 317.55862 301.5664924513526 472.3164924513526 384.4701981434725 480.4701981434725
3672 661.8565 316.27475 300.30673466233077 471.05673466233077 376.02310703330426 472.02310703330426
3689 661.8565 316.27475 299.28793792598333 470.03793792598333 367.5435792681223 463.5435792681223
3707 661.8565 316.27475 298.4727655898568 469.2227655898568 358.5375386282254 454.5375386282254
3723 663.41846 315.6364 297.97633438360816 468.72633438360816 350.5147233633919 446.5147233633919
3741 663.41846 315.6364 297.6749980009779 468.4249980009779 341.4768878742076 437.4768878742076
3757 660.357 312.96902 417.64906576024066 588.3990657602407 333.056686471707 429.056686471707
3774 660.357 312.96902 417.99123095517183 588.7412309551719 324.5235450269113 420.5235450269113
3792 642.2913 314.97845 418.79422084104294 589.5442208410429 315.5170210808991 411.5170210808991
3808 642.2913 314.97845 419.88693415828243 590.6369341582824 307.553911501838 403.553911501838
3826 645.259 312.2539 421.53972789945465 592.2897278994546 298.66399928652106 394.66399928652106
3842 645.13043 310.10205 423.3820723329198 594.1320723329197 290.84025954453836 386.84025954453836
3859 645.13043 310.10205 425.72015609929747 596.4701560992975 282.62655488470796 378.62655488470796
3876 648.1162 305.03595 428.4451933182859 599.1951933182859 274.53299249891984 370.53299249891984
3893 648.1162 305.03595 431.55105000007745 602.3010500000775 266.5777907912517 362.5777907912517
3910 649.28436 302.17572 435.03073493989234 605.7807349398923 258.7788567193968 354.7788567193968
3927 649.28436 302.17572 438.876415455004 609.626415455004 251.15374548655507 347.15374548655507
3945 657.20056 299.90244 443.3376014504479 614.0876014504479 243.28862718732034 339.28862718732034
3961 657.20056 299.90244 447.6303327319572 618.3803327319572 236.49321736108072 332.4932173610807
3978 660.8865 297.77365 452.518864647575 623.268864647575 229.49080094619188 325.4908009461919
3995 660.8865 297.77365 457.734026801152 628.484026801152 222.7281340425647 318.7281340425647
4013 661.90326 296.81302 463.5989209792019 634.3489209792019 215.84589003154827 311.84589003154827
4030 661.90326 296.81302 469.44880561963384 640.1988056196338 209.62411941289355 305.62411941289355
4046 666.5895 297.8214 475.21838667089924 645.9683866708992 204.0279536670738 300.0279536670738
4063 666.5895 297.8214 481.6157313118342 652.3657313118342 198.37060786867886 294.37060786867886
4080 667.4076 295.92743 488.27420988032543 659.0242098803254 193.0230623484931 289.0230623484931
4097 667.4076 295.92743 495.1788343096449 665.9288343096449 187.9973542961332 283.9973542961332
4114 670.8031 297.7566 502.31406246496294 673.064062464963 183.30479645322103 279.304796453221
4131 670.8031 297.7566 509.66383312829794 680.4138331282979 178.95595164869005 274.9559516486901
4148 676.7427 298.62653 517.2116021519138 687.9616021519138 174.9606090221234 270.96060902212344
4165 676.7427 298.62653 524.9403796987771 695.6903796987771 171.32776198864897 267.32776198864894
4182 676.8935 295.85187 532.8327684862486 703.5827684862486 168.06558799499004 264.06558799499004
4199 676.8935 295.85187 540.8710029469295 711.6210029469295 165.1814301122385 261.1814301122385
4216 679.0171 293.06287 549.0369892185008 719.7869892185008 162.68178050678887 258.68178050678887
4233 679.0171 293.06287 557.3123458725511 728.0623458725511 160.57226582663537 256.5722658266354
4250 676.3854 296.18665 565.678445290706 736.428445290706 158.85763453593017 254.85763453593017
4267 676.3854 296.18665 574.1164555949256 744.8664555949256 157.54174622631027 253.54174622631027
4284 670.5291 297.62598 582.6073830375866 753.3573830375866 156.6275629290547 252.6275629290547
4301 670.5291 297.62598 591.132114755926 761.882114755926 156.1171424476271 252.1171424476271
4319 669.0737 296.8101 600.1738207000526 770.9238207000526 156.01804670179018 252.01804670179018
4336 669.0737 296.8101 608.7076916320163 779.4576916320163 156.341507447631 252.341507447631
4353 668.7066 296.2713 617.2166157056257 787.9666157056257 157.06937491294823 253.06937491294823
4369 668.7066 296.2713 625.1850713827765 795.9350713827765 158.12239470530233 254.12239470530233
4386 607.5934 300.90088 633.5909809564164 804.3409809564164 159.6297978289907 255.6297978289907
4403 618.07043 301.19342 641.9159320172428 812.6659320172428 161.53420581373558 257.5342058137356
4420 618.07043 301.19342 650.1411853111272 820.8911853111272 163.83133188536496 259.831331885365
4437 572.0626 295.32803 658.2482260010909 828.9982260010909 166.5160052712332 262.5160052712332
4455 572.0626 295.32803 666.6830281761817 837.4330281761817 169.77428374521077 265.77428374521077
4472 592.3431 298.06543 674.4895705675439 845.2395705675439 173.23686599396328 269.2368659939633
4488 592.3431 298.06543 681.6791612546845 852.4291612546845 176.83059975054408 272.8305997505441
4505 592.3431 298.06543 689.1341369531456 859.8841369531456 180.99652309031762 276.9965230903176
4522 607.1674 297.32596 696.3831279004737 867.1331279004737 185.51135533338842 281.51135533338845
4539 607.1674 297.32596 703.4098168015221 874.1598168015221 190.36493370665013 286.36493370665016
4556 623.08484 299.50665 710.1983867574248 880.9483867574248 195.54633292803192 291.5463329280319
4573 623.08484 299.50665 716.733556869033 887.483556869033 201.0438897990301 297.0438897990301
4590 616.71844 299.9005 723.0006166338345 893.7506166338345 206.8452294582745 302.8452294582745
4608 632.79144 298.66684 729.3284286327194 900.0784286327194 213.30441374529323 309.30441374529323
4624 632.79144 298.66684 734.6746124154753 905.4246124154753 219.30636805391646 315.30636805391646
4641 636.87146 297.75662 740.0552705632856 910.8052705632856 225.93811728273374 321.93811728273374
4660 636.87146 297.75662 745.6890078170617 916.4390078170617 233.64254013923028 329.6425401392303
4675 648.72314 297.64154 749.8433760095571 920.5933760095571 239.9293697063817 335.9293697063817
4692 648.72314 297.64154 754.2287905304013 924.9787905304013 247.25737894613326 343.25737894613326
4710 653.09155 293.4372 758.4877475670244 929.2377475670244 255.233816202647 351.233816202647
4727 653.09155 293.4372 762.1375264313018 932.8875264313018 262.95461241672945 358.95461241672945
4743 653.09155 293.4372 765.2344691549205 935.9844691549205 270.3717602734482 366.3717602734482
4760 605.7867 290.36124 768.1586455346032 938.9086455346032 278.3955232583588 374.3955232583588
4777 605.7867 290.36124 770.6989549944915 941.4489549944915 286.5489524624127 382.5489524624127
4795 619.89026 290.36298 772.9639522412413 943.7139522412413 295.3029260641045 391.3029260641045
4811 632.2894 288.97812 774.605977411876 945.355977411876 303.17114631399613 399.17114631399613
4829 632.2894 288.97812 776.0312971637562 946.7812971637562 312.1003528829921 408.1003528829921
4845 640.9541 291.3182 776.9203777692248 947.6703777692248 320.08876150040663 416.08876150040663
4862 640.9541 291.3182 777.47327042036 948.22327042036 328.6108439720703 424.6108439720703
4879 587.7544 297.2368 777.6213291668411 948.3713291668411 337.1495592469291 433.1495592469291
4896 587.7544 297.2368 777.3642207321774 948.1142207321774 345.68568689301895 441.68568689301895
4913 593.1867 300.16797 776.7025238609478 947.4525238609478 354.200012303063 450.200012303063
4930 593.1867 300.16797 775.6377280160616 946.3877280160616 362.6733699460652 458.6733699460652
4947 611.4703 300.08975 774.1722300260149 944.9222300260149 371.0866865084376 467.0866865084376
4964 611.4703 300.08975 772.3093286896907 943.0593286896907 379.4210238275436 475.4210238275436
4981 625.20776 301.49323 770.0532173508461 940.8032173508461 387.65762152102405 483.65762152102405
4998 625.20776 301.49323 767.4089744590015 938.1589744590015 395.77793921594457 491.77793921594457
5015 638.2892 301.64523 764.3825521379785 935.1325521379785 403.7636982827043 499.7636982827043
5032 638.2892 301.64523 760.9807627878217 931.7307627878217 411.59692297976756 507.59692297976756
5049 649.38837 303.37204 757.2112637502574 927.9612637502574 419.25998091660404 515.259980916604
5067 649.38837 303.37204 752.8286816660764 923.5786816660764 427.1691680191018 523.1691680191018
5083 659.01434 303.34467 748.6038854061801 919.3538854061801 434.00702098068035 530.0070209806804
5100 659.01434 303.34467 743.7853810904619 914.5353810904619 441.057807893992 537.057807893992
5117 663.23047 303.1384 738.6378734563121 909.3878734563121 447.8721123408068 543.8721123408068
5134 663.23047 303.1384 733.1729494131282 903.9229494131282 454.4345954942897 550.4345954942896
5151 662.9395 300.81854 727.4029103666112 898.1529103666112 460.73048537096236 556.7304853709624
5168 662.9395 300.81854 721.3407445286122 892.0907445286122 466.7456100820642 562.7456100820642
5185 656.7835 300.7324 715.0000976809954 885.7500976809954 472.46642973411736 568.4664297341174
5203 658.3375 297.6735 707.9988084758055 878.7488084758055 478.1886859160961 574.1886859160961
5219 658.3375 297.6735 701.5410462255444 872.2910462255444 482.9743356401059 578.9743356401059
5236 658.3375 297.6735 694.4529376018812 865.2029376018812 487.73776886380733 583.7377688638073
5253 644.90295 303.19348 687.1468717414465 857.8968717414465 492.15964421036574 588.1596442103657
5270 644.90295 303.19348 679.639294413571 850.389294413571 496.2300081502966 592.2300081502966
5288 646.90704 302.09476 671.489242169551 842.239242169551 500.14650081167713 596.1465008116771
5304 646.90704 302.09476 664.0876183788416 834.8376183788416 503.28036453280606 599.2803645328061
5322 654.27466 299.71014 655.6031277542164 826.3531277542164 506.40697374848173 602.4069737484817
5338 654.27466 299.71014 647.9378564156366 818.6878564156366 508.8253930396211 604.8253930396211
5355 655.9395 300.67426 639.6839337638094 810.4339337638094 511.01727369220305 607.017273692203
5372 661.0056 299.6547 631.335337516615 802.085337516615 512.8151948914908 608.8151948914908
5389 661.0056 299.6547 622.9108601528986 793.6608601528986 514.2151095623715 610.2151095623715
5407 657.4324 299.26154 613.9291943374132 784.6791943374132 515.2600715357657 611.2600715357657
5423 657.4324 299.26154 605.9102433377668 776.6602433377668 515.8092176247758 611.8092176247758
5441 661.43604 298.84198 596.8699739756478 767.6199739756478 515.9984164810973 611.9984164810973
5458 661.43604 298.84198 588.3333032838261 759.0833032838261 515.7600188365996 611.7600188365996
5474 663.18646 301.49594 580.317552089333 751.067552089333 515.1659907650433 611.1659907650433
5491 663.18646 301.49594 571.8389937950213 742.5889937950213 514.1434306506889 610.1434306506889
5509 663.18646 301.49594 562.9253682235171 733.6753682235171 512.6237117563112 608.6237117563112
5525 665.9727 300.85623 555.0749625136663 725.8249625136663 510.8985257511097 606.8985257511097
5542 665.9727 300.85623 546.8272249367301 717.5772249367301 508.68348516468336 604.6834851646834
5559 667.76697 301.89233 538.6938318657412 709.4438318657412 506.079738423869 602.079738423869
5577 668.6052 300.5629 530.2269771400934 700.9769771400934 502.9056814927985 598.9056814927985
5593 668.6052 300.5629 522.843012891798 693.593012891798 499.7304321259451 595.7304321259451
5610 667.9851 298.69098 515.1612667811617 685.9112667811617 495.99916469660786 591.9991646966079
5627 667.9851 298.69098 507.6651444467964 678.4151444467964 491.90774319720856 587.9077431972086
5644 667.60535 295.62314 500.37151947034613 671.1215194703461 487.4653773139863 583.4653773139863
5662 667.60535 295.62314 492.88781057617666 663.6378105761767 482.3903041584317 578.3903041584317
5678 668.64307 294.17316 486.4569398796541 657.2069398796541 477.56857846668925 573.5685784666892
5696 668.64307 294.17316 479.48779392617575 650.2377939261758 471.80721829516574 567.8072182951657
5712 665.127 292.1858 473.54274297137306 644.2927429713731 466.3978277836013 562.3978277836013
5729 665.127 292.1858 467.4974853308397 638.2474853308397 460.36571041097886 556.3657104109789
5746 665.127 292.1858 461.7451414322254 632.4951414322254 454.0536489719888 550.0536489719889
5763 663.5432 294.58438 456.29865965604995 627.04865965605 447.47585175716756 543.4758517571676
5780 661.4166 290.83673 451.1702998949387 621.9202998949387 440.6471252215585 536.6471252215586
5797 661.4166 290.83673 446.37160595691194 617.1216059569119 433.58284065575424 529.5828406557542
5814 664.11005 292.39624 441.9133795805666 612.6633795805666 426.29889958551144 522.2988995855114
5832 664.11005 292.39624 437.5751422903951 608.3251422903951 418.3653024466931 514.365302446693
5848 651.6166 296.83554 434.05768195865755 604.8076819586576 411.1380893339877 507.1380893339877
5865 651.6166 296.83554 430.67789368960894 601.4278936896089 403.295346752855 499.295346752855
5882 655.424 297.49457 427.67389913133843 598.4238991313384 395.30112404946493 491.30112404946493
5900 655.424 297.49457 424.9103018905736 595.6603018905736 386.6915481808328 482.6915481808328
5916 660.9529 296.71976 422.8194776869708 593.5694776869708 378.9305179198789 474.9305179198789
5933 660.9529 296.71976 420.97997798067684 591.7299779806768 370.59098431373195 466.59098431373195
5950 661.15 297.09 419.53810174796206 590.2881017479621 362.1735872774116 458.1735872774116
5968 658.45325 295.21335 418.4483973510431 589.1983973510431 353.19723998721406 449.19723998721406
5984 658.45325 295.21335 417.85929986469176 588.6092998646918 345.18112492358273 441.18112492358273
6001 658.45325 295.21335 417.6286526131048 588.3786526131048 337.1467028281774 433.1467028281774
