7 732.18427 513.5269 297.6456129010114 468.3956129010114 332.4832805464248 428.4832805464248
17 733.33826 515.5794 297.7465672298508 468.4965672298508 327.460353677165 423.460353677165
34 733.33826 515.5794 298.1111703954607 468.8611703954607 318.92762829531256 414.92762829531256
51 736.3334 516.5429 298.7185140048509 469.4685140048509 310.4087391863609 406.4087391863609
68 736.3334 516.5429 299.56810583748677 470.31810583748677 301.91059046864586 397.91059046864586
85 736.87225 516.67334 300.6592573431978 471.4092573431978 293.44006945149073 389.44006945149073
103 736.87225 516.67334 302.0768999466856 472.8268999466856 284.5090245297676 380.5090245297676
119 735.88855 516.63885 303.56250703184975 474.31250703184975 276.6093422383909 372.6093422383909
136 735.88855 516.63885 305.37225228130916 476.12225228130916 268.2627764750041 364.2627764750041
153 734.5699 517.9482 307.4188532438116 478.1688532438116 259.9711082224287 355.9711082224287
171 734.5699 517.9482 309.84216057483684 480.59216057483684 251.25899851671107 347.2589985167111
187 733.6061 511.84872 312.21579703666407 482.96579703666407 243.57929418234613 339.57929418234613
204 733.6061 511.84872 314.9622521925565 485.7122521925565 235.4924331110061 331.4924331110061
221 729.1136 512.4888 317.93779086333535 488.68779086333535 227.48702821623766 323.48702821623766
238 729.1136 512.4888 321.14000152904384 491.89000152904384 219.5695674640201 315.5695674640201
255 728.29114 505.10486 324.5662889638151 495.3162889638151 211.74646754616077 307.7464675461608
272 728.29114 505.10486 328.2138763391684 498.9638763391684 204.0240686798987 300.02406867989873
289 728.2418 503.24237 332.0798074744846 502.8298074744846 196.40862946948707 292.4086294694871
306 730.8199 496.42377 336.16094923283765 506.91094923283765 188.90632183391858 284.9063218339186
323 730.8199 496.42377 340.4539940602396 511.2039940602396 181.52322600490484 277.5232260049048
340 728.66 496.0432 344.9554626662418 515.7054626662418 174.26532559916362 270.2653255991636
358 728.66 496.0432 349.94484113972976 520.6948411397298 166.72348388819168 262.7234838881917
375 728.66 496.0432 354.8637457035903 525.6137457035903 159.7417422858324 255.7417422858324
392 725.7209 497.89325 359.9793956887837 530.7293956887837 152.90284887099742 248.90284887099742
409 725.7209 497.89325 365.28764512599264 536.0376451259926 146.21234621253794 242.21234621253794
425 724.5691 498.89532 370.45573236238414 541.2057323623842 140.05581447516937 236.05581447516937
442 724.5691 498.89532 376.12543363562395 546.875433635624 133.66873177782583 229.66873177782583
459 723.2471 498.96686 381.9746488335043 552.7246488335043 127.44562809241546 223.44562809241546
476 723.2471 498.96686 387.9986374701024 558.7486374701024 121.39154692211227 217.39154692211227
493 723.3775 498.16327 394.1925174146769 564.9425174146769 115.51139478609738 211.51139478609738
510 723.7865 498.8394 400.5512688483818 571.3012688483818 109.8099372430793 205.8099372430793
527 723.7865 498.8394 407.06973833256984 577.8197383325698 104.29179502905546 200.29179502905546
544 723.55743 498.71967 413.7426429853873 584.4926429853873 98.96144031244515 194.96144031244515
561 723.55743 498.71967 420.564574763276 591.314574763276 93.82319306962836 189.82319306962836
579 720.3965 502.81393 427.94408475446505 598.694084754465 88.5967118216947 184.5967118216947
595 720.3965 502.81393 434.6332881070341 605.3832881070341 84.13951907017963 180.13951907017963
612 722.80096 498.00748 441.86866770951156 612.6186677095116 79.60194042970028 175.60194042970028
629 722.80096 498.00748 449.2302797509776 619.9802797509776 75.27215913482809 171.2721591348281
646 722.80096 498.00748 456.71215802621145 627.4621580262115 71.15368424901567 167.15368424901567
663 722.6398 502.02625 464.3082388604396 635.0582388604396 67.24985358281685 163.24985358281685
680 724.5639 502.67612 472.0123660236304 642.7623660236304 63.563830988764266 159.56383098876427
697 724.5639 502.67612 479.81829571979983 650.5682957197998 60.09860379723074 156.09860379723074
714 727.0857 499.53604 487.71970164728384 658.4697016472838 56.85698039535282 152.85698039535282
732 727.0857 499.53604 496.18284410284525 666.9328441028453 53.6713103368038 149.6713103368038
748 726.1468 495.1239 503.783255286693 674.533255286693 51.0548702834833 147.0548702834833
766 726.1468 495.1239 512.4139724557664 683.1639724557664 48.355982532478436 144.35598253247844
782 725.79016 498.56122 520.1509627803556 690.9009627803556 46.176306080939696 142.1763060809397
800 725.79016 498.56122 528.9212813350795 699.6712813350795 43.972948099647 139.972948099647
816 725.8805 499.91107 536.7697741627716 707.5197741627716 42.23709987763954 138.23709987763954
833 725.8805 499.91107 545.156538399579 715.906538399579 40.62386599915499 136.623865999155
850 729.93695 501.1705 553.585825606595 724.335825606595 39.25001917650059 135.2500191765006
868 729.93695 501.1705 562.5497092126128 733.2997092126128 38.05751565750103 134.05751565750103
884 731.1646 505.1065 570.5446140026227 741.2946140026227 37.2247455122278 133.2247455122278
901 731.1646 505.1065 579.0603709721212 749.8103709721212 36.574960050003085 132.57496005000309
918 732.419 505.55792 587.5911736117806 758.3411736117806 36.167843072143 132.167843072143
936 732.419 505.55792 596.6325037720162 767.3825037720162 36.00164175242986 132.00164175242986
952 734.78296 504.06842 604.6702542165596 775.4202542165596 36.08273742076125 132.08273742076125
969 734.78296 504.06842 613.2046904715623 783.9546904715623 36.40481772096149 132.4048177209615
987 734.9855 503.7126 622.2272422323567 792.9772422323567 37.01048567359351 133.0104856735935
1003 734.9855 503.7126 630.2287768999744 800.9787768999744 37.77693963769889 133.7769396376989
1020 737.148 507.42218 638.7046299331981 809.4546299331981 38.82586922049978 134.82586922049978
1037 737.148 507.42218 647.1471900543268 817.8971900543268 40.115643042381976 136.11564304238198
1054 737.5612 508.5822 655.5496150057149 826.2996150057149 41.645215808474234 137.64521580847423
1071 737.386 510.78745 663.9050950571935 834.6550950571935 43.41334787928315 139.41334787928315
1088 737.386 510.78745 672.2068585250034 842.9568585250034 45.41860627535635 141.41860627535635
1105 739.56116 507.4947 680.4481772598931 851.1981772598931 47.65936583863811 143.6593658386381
1123 739.56116 507.4947 689.1009748533495 859.8509748533495 50.286601601133555 146.28660160113355
1139 739.56116 507.4947 696.7228182836474 867.4728182836474 52.839934998910564 148.83993499891056
1156 740.54205 510.79944 704.742950819005 875.492950819005 55.77554601295549 151.7755460129555
1173 740.54205 510.79944 712.6762698040402 883.4262698040402 58.93826443105149 154.9382644310515
1190 739.9136 514.0071 720.5163456946693 891.2663456946693 62.32552703375262 158.32552703375262
1207 739.9136 514.0071 728.2568245155068 899.0068245155068 65.93458862018292 161.93458862018292
1224 738.1041 514.74 735.8914330094331 906.6414330094331 69.76252423287974 165.76252423287974
1241 738.1041 514.74 743.413983721744 914.163983721744 73.80623152831976 169.80623152831976
1258 737.6281 515.5788 750.8183800147626 921.5683800147626 78.06243329120804 174.06243329120804
1275 736.7006 516.86786 758.0986210088488 928.8486210088488 82.52768009049117 178.52768009049117
1292 736.7006 516.86786 765.2488064458005 935.9988064458005 87.19835307494287 183.19835307494287
1309 737.5922 516.80206 772.263141470708 943.013141470708 92.0706669060545 188.0706669060545
1327 737.5922 516.80206 779.5356963702274 950.2856963702274 97.4449779482751 193.4449779482751
1343 736.6158 519.1957 785.8616359705578 956.6116359705578 102.40426185718263 198.40426185718263
1360 736.6158 519.1957 792.434774570124 963.184774570124 107.85716813378187 203.85716813378187
1377 736.6158 519.1957 798.8500299387413 969.6000299387413 113.49497235758312 209.49497235758312
1394 736.82715 519.2683 805.1022028442499 975.8522028442499 119.31310538030687 215.31310538030687
1411 736.82715 519.2683 811.1862262243785 981.9362262243785 125.30685190652298 221.30685190652298
1429 737.6823 520.8932 817.4393786828404 988.1893786828404 131.83918367062486 227.83918367062486
1446 738.02966 521.0739 823.1618418139614 993.9118418139614 138.17903805565956 234.17903805565956
1462 738.02966 521.0739 828.3807966001699 999.1307966001699 144.29250840037312 240.29250840037312
1479 737.9811 522.4441 833.7443360426164 1004.4943360426164 150.93876919572267 246.93876919572267
1497 737.9811 522.4441 839.2147089352587 1009.9647089352587 158.13934516994212 254.13934516994212
1513 737.5454 521.5718 843.8931356740757 1014.6431356740757 164.675730406883 260.67573040688296
1530 737.5454 521.5718 848.6701707867052 1019.4201707867052 171.7552977272204 267.7552977272204
1547 737.7861 523.8992 853.2437467928016 1023.9937467928016 178.96797687071094 274.9679768707109
1565 737.7861 523.8992 857.8604766962846 1028.6104766962846 186.74352051365594 282.74352051365594
1581 734.6505 524.65265 861.7658627967578 1032.5158627967578 193.76918547310373 289.76918547310373
1598 734.6505 524.65265 865.7074960610505 1036.4574960610505 201.34571931915121 297.3457193191512
1615 733.86224 524.01373 869.4318623492258 1040.1818623492259 209.03138348446487 305.03138348446487
1632 733.86224 524.01373 872.9359432553329 1043.6859432553329 216.8199491363638 312.8199491363638
1649 733.86224 524.01373 876.2168989033121 1046.966898903312 224.7051040458423 320.7051040458423
1666 734.01263 524.11884 879.2720702485676 1050.0220702485676 232.6804577033056 328.6804577033056
1683 736.86945 528.5553 882.0989812329851 1052.8489812329851 240.73954649774532 336.7395464977453
1700 736.86945 528.5553 884.6953407916484 1055.4453407916485 248.87583895516212 344.8758389551621
1717 738.36536 531.427 887.0590447096293 1057.8090447096292 257.08274103198784 353.08274103198784
1734 738.36536 531.427 889.1881773273444 1059.9381773273444 265.35360145921436 361.35360145921436
1751 740.7305 532.3374 891.0810130930984 1061.8310130930984 273.6817171329047 369.6817171329047
1768 740.7305 532.3374 892.7360179615537 1063.4860179615537 282.0603385467098 378.0603385467098
1785 742.62115 531.6611 894.1518506369953 1064.9018506369953 290.4826752619944 386.4826752619944
1803 742.62115 531.6611 895.3890061395116 1066.1390061395116 299.4405053679775 395.4405053679775
1820 744.82855 532.9548 896.3090288345896 1067.0590288345898 307.9313178232743 403.9313178232743
1836 744.82855 532.9548 896.9538155200738 1067.703815520074 315.9435746118702 411.9435746118702
1854 747.1379 529.99725 897.4223209778079 1068.1723209778079 324.97428757271297 420.97428757271297
1870 747.1379 529.99725 897.6101019890048 1068.3601019890048 333.01025341435343 429.01025341435343
1887 748.743 528.09796 897.5736453909749 1068.323645390975 341.5506871754069 437.5506871754069
1905 748.743 528.09796 897.2700853553974 1068.0200853553974 350.5884482504665 446.5884482504665
1921 747.80035 529.45404 896.7716802368993 1067.5216802368993 358.6111411309172 454.6111411309172
1938 747.80035 529.45404 896.0068216320687 1066.7568216320687 367.1173347111916 463.1173347111916
1955 746.63696 530.9892 895.0001400172805 1065.7501400172805 375.5983093035911 471.5983093035911
1972 746.63696 530.9892 893.7524512558361 1064.5024512558361 384.04719151753216 480.04719151753216
1989 745.86316 532.2316 892.2647665348454 1063.0147665348454 392.4571339716405 488.4571339716405
2006 745.86316 532.2316 890.5382915457113 1061.2882915457112 400.8213208432003 496.8213208432003
2023 745.53973 530.62225 888.5744255069792 1059.3244255069792 409.13297339202586 505.13297339202586
2040 744.4176 531.18604 886.3747600303433 1057.1247600303432 417.385355454278 513.3853554542779
2057 744.4176 531.18604 883.9410778307275 1054.6910778307274 425.5717789017766 521.5717789017766
2074 744.49506 530.3618 881.2753512814876 1052.0253512814875 433.68560906238275 529.6856090623828
2091 744.49506 530.3618 878.3797408159044 1049.1297408159044 441.7202700970553 537.7202700970553
2108 744.3643 528.1505 875.2565931762647 1046.0065931762647 449.6692503292295 545.6692503292295
2125 744.3643 528.1505 871.9084395119482 1042.6584395119482 457.52610752219204 553.526107522192
2142 744.3643 528.1505 868.3379933280626 1039.0879933280626 465.2844741001809 561.2844741001809
2159 744.1079 528.53564 864.5481482862865 1035.2981482862865 472.9380623089762 568.9380623089762
2177 744.1079 528.53564 860.2996503355766 1031.0496503355766 480.92076480298647 576.9207648029865
2193 742.59125 528.9883 856.3227228435584 1027.0727228435585 487.90618221638465 583.9061822163847
2210 742.59125 528.9883 851.8938087238421 1022.6438087238421 495.20858302917645 591.2085830291765
2227 741.1172 528.79443 847.2588229060326 1018.0088229060326 502.38195353258584 598.3819535325858
2244 741.1433 532.1186 842.4215218060378 1013.1715218060378 509.42048008140796 605.420480081408
2261 741.1433 532.1186 837.3858258058228 1008.1358258058228 516.3184583144773 612.3184583144773
2278 742.2166 531.3694 832.1558160761413 1002.9058160761413 523.0702977777584 619.0702977777584
2295 742.2166 531.3694 826.7357312689596 997.4857312689596 529.6705264551181 625.6705264551181
2312 741.6743 530.06244 821.1299640822481 991.8799640822481 536.1137952031119 632.1137952031119
2330 741.6743 530.06244 814.9971099362925 985.7471099362925 542.7591976716982 638.7591976716982
2346 742.38794 531.3154 809.379702109853 980.129702109853 548.5086966087915 644.5086966087915
2363 742.38794 531.3154 803.2447303028227 973.9947303028227 554.4502838409564 650.4502838409564
2381 736.63306 533.40924 796.5673499372441 967.3173499372441 560.5483052740481 656.5483052740481
2397 736.63306 533.40924 790.4799614017456 961.2299614017456 565.7976585231695 661.7976585231695
2414 732.7461 530.92267 783.8605094916655 954.6105094916655 571.1942495138428 667.1942495138428
2432 732.7461 530.92267 776.6872816327669 947.4372816327669 576.7004347658467 672.7004347658467
2448 729.66644 529.8607 770.1742900189863 940.9242900189863 581.4113740517007 677.4113740517007
2465 729.66644 529.8607 763.1186144283101 933.8686144283101 586.2236271487043 682.2236271487043
2482 725.40137 527.24634 755.9288148358737 926.6788148358737 590.8330869577367 686.8330869577367
2499 725.40137 527.24634 748.6107182018081 919.3607182018081 595.2360177503971 691.2360177503971
2516 721.5548 527.83044 741.17025546435 911.92025546435 599.4288511793545 695.4288511793545
2534 721.5548 527.83044 733.1654466713042 903.9154466713042 603.6355494252274 699.6355494252274
2550 720.85266 525.24036 725.9464464020558 896.6964464020558 607.1708066759479 703.1708066759479
2567 720.85266 525.24036 718.1754381858558 888.9254381858558 610.7136542896951 706.7136542896951
2584 716.1547 525.98035 710.3067300841386 881.0567300841386 614.0338607170812 710.0338607170812
2601 716.1547 525.98035 702.346699277214 873.096699277214 617.1287351027865 713.1287351027865
2618 715.20776 524.9972 694.3017969577133 865.0517969577133 619.9957692114392 715.9957692114392
2635 715.20776 524.9972 686.178543102233 856.928543102233 622.6326394604092 718.6326394604092
2652 713.74 525.972 677.9835211872297 848.7335211872297 625.0372088029525 721.0372088029525
2669 713.74 525.972 669.7233728534557 840.4733728534557 627.2075284601758 723.2075284601758
2686 714.5206 522.49927 661.4047925232513 832.1547925232513 629.1418395004217 725.1418395004217
2704 714.5206 522.49927 652.5406881752673 823.2906881752673 630.9309532623472 726.9309532623472
2720 713.05396 521.34814 644.6193448795832 815.3693448795832 632.296357637651 728.296357637651
2737 713.05396 521.34814 636.1660813019316 806.9160813019316 633.5140081610913 729.5140081610913
2755 714.10425 524.07935 627.1816681050749 797.9316681050749 634.5404551656717 730.5404551656717
2771 714.10425 524.07935 619.1727237438794 789.9227237438794 635.2251587040392 731.2251587040392
2788 712.16956 525.2293 610.6464019995067 781.3964019995067 635.7172719246712 731.7172719246712
2805 712.16956 525.2293 602.1095270833351 772.8595270833351 635.9664798220608 731.9664798220608
2823 714.3985 526.2474 593.0666695312384 763.8166695312384 635.9653673731979 731.9653673731979
2839 712.3105 526.1209 585.0317954607539 755.7817954607539 635.7355687926154 731.7355687926154
2856 712.3105 526.1209 576.5047793711809 747.2547793711809 635.2556370072082 731.2556370072082
2873 712.1927 526.48267 567.9948801263789 738.7448801263789 634.5331740297464 730.5331740297464
2890 712.1927 526.48267 559.5089945588649 730.2589945588649 633.5687653790487 729.5687653790487
2907 712.1927 526.48267 551.0540000393138 721.8040000393138 632.3631926583694 728.3631926583694
2924 710.16907 527.5467 542.6367489028069 713.3867489028069 630.9174329219486 726.9174329219486
2941 710.16907 527.5467 534.2640628953682 705.0140628953682 629.232657883161 725.232657883161
2958 708.93085 528.3888 525.9427276452934 696.6927276452934 627.3102329649023 723.3102329649023
2976 708.93085 528.3888 517.1953667532769 687.9453667532769 625.0174287059479 721.0174287059479
2992 716.70294 524.895 509.48103837910116 680.2310383791012 622.7588569334407 718.7588569334407
3010 722.39 523.87115 500.8783318686146 671.6283318686146 619.9719743310518 715.9719743310518
3026 722.39 523.87115 493.3050356774336 664.0550356774336 617.278056456131 713.278056456131
3043 726.41254 523.4578 485.3405915726703 656.0905915726703 614.1945571432422 710.1945571432422
3060 726.41254 523.4578 477.46714816449344 648.2171481644934 610.8855955525434 706.8855955525434
3077 732.20355 516.4157 469.691086470933 640.441086470933 607.3538534259965 703.3538534259965
3094 732.20355 516.4157 462.0187085871838 632.7687085871838 603.6021930576474 699.6021930576474
3112 732.26843 517.3924 454.01493504921393 624.7649350492139 599.3935254421243 695.3935254421243
3128 732.26843 517.3924 447.00978743869564 617.7597874386956 595.4514554692516 691.4514554692516
3145 733.7231 518.0787 439.68540812706976 610.4354081270698 591.058983999804 687.058983999804
3162 733.7231 518.0787 432.4890306732291 603.2390306732291 586.4598004361334 682.4598004361334
3179 733.7231 518.0787 425.4264873683203 596.1764873683203 581.6576321782761 677.6576321782761
3196 734.29376 520.23834 418.50350203784535 589.2535020378454 576.6563711348483 672.6563711348483
3213 734.4249 520.9429 411.72568540279684 582.4756854027969 571.4600705688548 667.4600705688548
3231 734.4249 520.9429 404.71350519699024 575.4635051969902 565.7502016818883 661.7502016818883
3247 734.33026 523.8451 398.6274083925641 569.3774083925641 560.4993508552757 656.4993508552757
3264 734.33026 523.8451 392.31756349239276 563.0675634923928 554.7438148032415 650.7438148032415
3281 734.0065 524.04395 386.17410963438175 556.9241096343817 548.8109982204569 644.8109982204569
3299 734.0065 524.04395 379.8561676524065 550.6061676524065 542.3413086562304 638.3413086562304
3315 733.8878 522.5141 374.4061519627961 545.1561519627961 536.4328962045494 632.4328962045494
3332 733.8878 522.5141 368.7911854693228 539.5411854693227 529.9976425819129 625.9976425819129
3349 733.21375 521.99493 363.3616769287074 534.1116769287074 523.4051639192346 619.4051639192346
3366 733.21375 521.99493 358.12202667636814 528.8720266763681 516.6608030789737 612.6608030789737
3383 735.3959 520.57404 353.07648117741576 523.8264811774158 509.7700260162269 605.7700260162269
3401 735.3959 520.57404 347.9502481623738 518.7002481623738 502.3205287834901 598.3205287834901
3418 735.78284 521.41895 343.31702741539596 514.067027415396 495.1460181088685 591.1460181088685
3434 735.78284 521.41895 339.144558420162 509.894558420162 488.2756097367269 584.2756097367269
3451 733.8951 524.15405 334.91470142185455 505.66470142185455 480.85613214835485 576.8561321483548
3468 733.8951 524.15405 330.8977575118902 501.6477575118902 473.3192561685689 569.3192561685689
3485 734.4183 521.6956 327.0969822152257 497.8469822152257 465.6710900449318 561.6710900449318
3502 734.4183 521.6956 323.5154558633554 494.2654558633554 457.9178322199049 553.9178322199049
3519 736.14764 520.3399 320.1560810978608 490.9060810978608 450.06576630732854 546.0657663073285
3537 736.14764 520.3399 316.8442563482289 487.5942563482289 441.6511902174244 537.6511902174244
3553 731.85815 520.14 314.1144944740342 484.8644944740342 434.0907399116313 530.0907399116313
3570 731.85815 520.14 311.4371790087004 482.1871790087004 425.9807263598813 521.9807263598814
3588 726.9884 517.572 308.85522471939606 479.60522471939606 417.31430922285153 513.3143092228515
3604 724.8408 514.304 306.780351140146 477.530351140146 409.5485569510936 505.5485569510936
3621 724.8408 514.304 304.80461285468476 475.55461285468476 401.23971851615926 497.23971851615926
3638 721.181 513.2944 303.06619032461737 473.81619032461737 392.87800666884965 488.87800666884965
3655 721.181 513.2944 301.5664924513526 472.3164924513526 384.4701981434725 480.4701981434725
3672 721.181 513.2944 300.30673466233077 471.05673466233077 376.02310703330426 472.02310703330426
3689 718.9647 514.1719 299.28793792598333 470.03793792598333 367.5435792681223 463.5435792681223
3706 718.9647 514.1719 298.5109279242903 469.2609279242903 359.03848706593226 455.03848706593226
3723 719.1526 515.277 297.97633438360816 468.72633438360816 350.5147233633919 446.5147233633919
3740 719.1526 515.277 297.68459056430925 468.43459056430925 341.9791962294431 437.9791962294431
3757 717.8171 516.0859 417.64906576024066 588.3990657602407 333.056686471707 429.056686471707
3774 716.84106 516.7246 417.99123095517183 588.7412309551719 324.5235450269113 420.5235450269113
3792 716.84106 516.7246 418.79422084104294 589.5442208410429 315.5170210808991 411.5170210808991
3808 713.53253 517.50446 419.88693415828243 590.6369341582824 307.553911501838 403.553911501838
3825 713.53253 517.50446 421.43620498653286 592.1862049865329 299.15561763711503 395.15561763711503
3844 712.1168 519.5655 423.6368775331346 594.3868775331346 289.86830546733563 385.86830546733563
3859 712.1168 519.5655 425.72015609929747 596.4701560992975 282.62655488470796 378.62655488470796
3876 711.6529 515.55615 428.4451933182859 599.1951933182859 274.53299249891984 370.53299249891984
3893 711.6529 515.55615 431.55105000007745 602.3010500000775 266.5777907912517 362.5777907912517
3910 711.6529 515.55615 435.03073493989234 605.7807349398923 258.7788567193968 354.7788567193968
3927 709.25055 517.2616 438.876415455004 609.626415455004 251.15374548655507 347.15374548655507
3944 709.25055 517.2616 443.0794350159092 613.8294350159092 243.71962102511617 339.71962102511617
3961 711.7277 516.1966 447.6303327319572 618.3803327319572 236.49321736108072 332.4932173610807
3979 713.00183 515.4376 452.81670848039323 623.5667084803932 229.08620899447726 325.08620899447726
3995 713.00183 515.4376 457.734026801152 628.484026801152 222.7281340425647 318.7281340425647
4012 712.8132 514.6524 463.26407999467915 634.0140799946792 216.22043924223226 312.22043924223226
4030 712.8132 514.6524 469.44880561963384 640.1988056196338 209.62411941289355 305.62411941289355
4046 713.0719 513.9315 475.21838667089924 645.9683866708992 204.0279536670738 300.0279536670738
4063 713.0719 513.9315 481.6157313118342 652.3657313118342 198.37060786867886 294.37060786867886
4080 713.2308 515.9248 488.27420988032543 659.0242098803254 193.0230623484931 289.0230623484931
4098 713.2308 515.9248 495.5923246451781 666.3423246451781 187.71199252826437 283.7119925282644
4114 714.63007 514.77014 502.31406246496294 673.064062464963 183.30479645322103 279.304796453221
4131 714.63007 514.77014 509.66383312829794 680.4138331282979 178.95595164869005 274.9559516486901
4148 711.9097 515.9641 517.2116021519138 687.9616021519138 174.9606090221234 270.96060902212344
4165 711.9097 515.9641 524.9403796987771 695.6903796987771 171.32776198864897 267.32776198864894
4182 713.71906 514.3992 532.8327684862486 703.5827684862486 168.06558799499004 264.06558799499004
4200 713.71906 514.3992 541.3479970015156 712.0979970015156 165.02368896976233 261.02368896976236
4216 715.74536 514.8735 549.0369892185008 719.7869892185008 162.68178050678887 258.68178050678887
4233 715.74536 514.8735 557.3123458725511 728.0623458725511 160.57226582663537 256.5722658266354
4250 719.99115 515.54535 565.678445290706 736.428445290706 158.85763453593017 254.85763453593017
4267 719.99115 515.54535 574.1164555949256 744.8664555949256 157.54174622631027 253.54174622631027
4284 721.6661 515.368 582.6073830375866 753.3573830375866 156.6275629290547 252.6275629290547
4301 721.6661 515.368 591.132114755926 761.882114755926 156.1171424476271 252.1171424476271
4319 725.28204 514.80786 600.1738207000526 770.9238207000526 156.01804670179018 252.01804670179018
4335 725.28204 514.80786 608.206202299593 778.956202299593 156.31127426047263 252.31127426047263
4352 727.0223 515.08234 616.7171247860152 787.4671247860152 157.01538956894865 253.01538956894865
4369 728.2859 514.93005 625.1850713827765 795.9350713827765 158.12239470530233 254.12239470530233
4386 728.2859 514.93005 633.5909809564164 804.3409809564164 159.6297978289907 255.6297978289907
4404 728.2859 514.93005 642.4027122819134 813.1527122819134 161.65850613580778 257.6585061358078
4420 730.92584 516.1657 650.1411853111272 820.8911853111272 163.83133188536496 259.831331885365
4438 730.92584 516.1657 658.7210379112927 829.4710379112927 166.68587137647998 262.68587137648
4454 732.2473 514.7093 666.2188053437343 836.9688053437343 169.58218283949915 265.5821828394992
4471 732.2473 514.7093 674.0349817666976 844.7849817666976 173.0229627020636 269.02296270206364
4488 732.71796 516.4759 681.6791612546845 852.4291612546845 176.83059975054408 272.8305997505441
4505 732.71796 516.4759 689.1341369531456 859.8841369531456 180.99652309031762 276.9965230903176
4522 735.02435 517.1321 696.3831279004737 867.1331279004737 185.51135533338842 281.51135533338845
4539 735.02435 517.1321 703.4098168015221 874.1598168015221 190.36493370665013 286.36493370665016
4556 735.187 515.73346 710.1983867574248 880.9483867574248 195.54633292803192 291.5463329280319
4573 732.04816 516.6428 716.733556869033 887.483556869033 201.0438897990301 297.0438897990301
4590 732.04816 516.6428 723.0006166338345 893.7506166338345 206.8452294582745 302.8452294582745
4607 732.47205 516.19257 728.9854590589218 899.7354590589218 212.9372932370277 308.9372932370277
4624 732.47205 516.19257 734.6746124154753 905.4246124154753 219.30636805391646 315.30636805391646
4641 732.61755 515.8538 740.0552705632856 910.8052705632856 225.93811728273374 321.93811728273374
4658 732.61755 515.8538 745.1153217770493 915.8653217770493 232.81761302381858 328.8176130238186
4675 732.61755 515.8538 749.8433760095571 920.5933760095571 239.9293697063817 335.9293697063817
4692 730.5791 515.6461 754.2287905304013 924.9787905304013 247.25737894613326 343.25737894613326
4709 730.5791 515.6461 758.2616938824929 929.0116938824929 254.78514557975075 350.78514557975075
4726 729.7352 517.0256 761.9330081024611 932.6830081024611 262.4957247950736 358.4957247950736
4743 729.434 516.5309 765.2344691549205 935.9844691549205 270.3717602734482 366.3717602734482
4760 729.434 516.5309 768.1586455346032 938.9086455346032 278.3955232583588 374.3955232583588
4778 728.4403 516.2772 770.8363040348377 941.5863040348377 287.032213093187 383.032213093187
4795 728.4403 516.2772 772.9639522412413 943.7139522412413 295.3029260641045 391.3029260641045
4811 728.1272 517.87506 774.605977411876 945.355977411876 303.17114631399613 399.17114631399613
4828 728.1272 517.87506 775.9638957607996 946.7138957607996 311.60249482388303 407.60249482388303
4846 728.9737 518.43665 776.9640893640834 947.7140893640834 320.5892561483454 416.5892561483454
4862 728.9737 518.43665 777.47327042036 948.22327042036 328.6108439720703 424.6108439720703
4879 725.85706 521.08167 777.6213291668411 948.3713291668411 337.1495592469291 433.1495592469291
4896 725.85706 521.08167 777.3642207321774 948.1142207321774 345.68568689301895 441.68568689301895
4913 729.33905 523.3046 776.7025238609478 947.4525238609478 354.200012303063 450.200012303063
4930 729.33905 523.3046 775.6377280160616 946.3877280160616 362.6733699460652 458.6733699460652
4947 731.2732 525.2394 774.1722300260149 944.9222300260149 371.0866865084376 467.0866865084376
4964 731.2732 525.2394 772.3093286896907 943.0593286896907 379.4210238275436 475.4210238275436
4981 733.9077 525.70435 770.0532173508461 940.8032173508461 387.65762152102405 483.65762152102405
4998 733.9077 525.70435 767.4089744590015 938.1589744590015 395.77793921594457 491.77793921594457
5015 736.3314 525.1757 764.3825521379785 935.1325521379785 403.7636982827043 499.7636982827043
5032 736.3314 525.1757 760.9807627878217 931.7307627878217 411.59692297976756 507.59692297976756
5049 738.02747 524.5012 757.2112637502574 927.9612637502574 419.25998091660404 515.259980916604
5066 738.02747 524.5012 753.0825400722103 923.8325400722103 426.73562274375536 522.7356227437554
5083 739.39014 525.7605 748.6038854061801 919.3538854061801 434.00702098068035 530.0070209806804
5100 739.39014 525.7605 743.7853810904619 914.5353810904619 441.057807893992 537.057807893992
5118 739.2859 526.4076 738.3250770999266 909.0750770999266 448.265258669255 544.265258669255
5134 740.11755 526.65497 733.1729494131282 903.9229494131282 454.4345954942897 550.4345954942896
5151 740.11755 526.65497 727.4029103666112 898.1529103666112 460.73048537096236 556.7304853709624
5168 738.8189 527.20905 721.3407445286122 892.0907445286122 466.7456100820642 562.7456100820642
5186 738.8189 527.20905 714.618748013828 885.368748013828 472.79350469111057 568.7935046911106
5202 738.8189 527.20905 708.3952424593289 879.1452424593289 477.8800669068827 573.8800669068827
5219 738.29 527.516 701.5410462255444 872.2910462255444 482.9743356401059 578.9743356401059
5236 738.29 527.516 694.4529376018812 865.2029376018812 487.73776886380733 583.7377688638073
5253 741.02686 526.73553 687.1468717414465 857.8968717414465 492.15964421036574 588.1596442103657
5270 741.02686 526.73553 679.639294413571 850.389294413571 496.2300081502966 592.2300081502966
5287 743.05 523.9857 671.9471049847989 842.6971049847989 499.93969839739407 595.9396983973941
5304 743.05 523.9857 664.0876183788416 834.8376183788416 503.28036453280606 599.2803645328061
5321 740.79285 524.3575 656.0785261011198 826.8285261011198 506.2444868016163 602.2444868016163
5338 741.70496 523.12427 647.9378564156366 818.6878564156366 508.8253930396211 604.8253930396211
5355 741.70496 523.12427 639.6839337638094 810.4339337638094 511.01727369220305 607.017273692203
5372 731.7596 527.8485 631.335337516615 802.085337516615 512.8151948914908 608.8151948914908
5389 731.7596 527.8485 622.9108601528986 793.6608601528986 514.2151095623715 610.2151095623715
5406 725.34326 530.87885 614.4294649579773 785.1794649579773 515.2138665323532 611.2138665323532
5423 725.34326 530.87885 605.9102433377668 776.6602433377668 515.8092176247758 611.8092176247758
5440 725.34326 530.87885 597.3723718445073 768.1223718445073 515.9998227193989 611.9998227193989
5458 719.31366 532.449 588.3333032838261 759.0833032838261 515.7600188365996 611.7600188365996
5474 719.31366 532.449 580.317552089333 751.067552089333 515.1659907650433 611.1659907650433
5491 714.47125 532.42035 571.8389937950213 742.5889937950213 514.1434306506889 610.1434306506889
5508 714.47125 532.42035 563.4184791480179 734.1684791480179 512.7198741828516 608.7198741828516
5525 706.4488 536.3845 555.0749625136663 725.8249625136663 510.8985257511097 606.8985257511097
5542 701.4936 537.5407 546.8272249367301 717.5772249367301 508.68348516468336 604.6834851646834
5559 701.4936 537.5407 538.6938318657412 709.4438318657412 506.079738423869 602.079738423869
5576 699.4032 539.6846 530.6930913626405 701.4430913626405 503.0931464966776 599.0931464966776
5594 699.4032 539.6846 522.3863149437265 693.1363149437265 499.5210698075416 595.5210698075416
5610 696.53406 542.4978 515.1612667811617 685.9112667811617 495.99916469660786 591.9991646966079
5627 696.53406 542.4978 507.6651444467964 678.4151444467964 491.90774319720856 587.9077431972086
5644 696.1694 541.369 500.37151947034613 671.1215194703461 487.4653773139863 583.4653773139863
5662 696.1694 541.369 492.88781057617666 663.6378105761767 482.3903041584317 578.3903041584317
5678 698.10187 536.84467 486.4569398796541 657.2069398796541 477.56857846668925 573.5685784666892
5695 698.10187 536.84467 479.86730663188473 650.6173066318847 472.13642294632587 568.1364229463259
5712 697.2817 532.6522 473.54274297137306 644.2927429713731 466.3978277836013 562.3978277836013
5729 697.2817 532.6522 467.4974853308397 638.2474853308397 460.36571041097886 556.3657104109789
5746 700.13434 527.7203 461.7451414322254 632.4951414322254 454.0536489719888 550.0536489719889
5764 700.13434 527.7203 455.98806905859533 626.7380690585953 447.0809605355471 543.0809605355471
5780 702.10864 526.7609 451.1702998949387 621.9202998949387 440.6471252215585 536.6471252215586
5797 702.10864 526.7609 446.37160595691194 617.1216059569119 433.58284065575424 529.5828406557542
5814 703.11145 527.5716 441.9133795805666 612.6633795805666 426.29889958551144 522.2988995855114
5832 703.11145 527.5716 437.5751422903951 608.3251422903951 418.3653024466931 514.365302446693
5849 705.07446 522.69745 433.8486005938714 604.5986005938714 410.68126269395975 506.68126269395975
5865 705.07446 522.69745 430.67789368960894 601.4278936896089 403.295346752855 499.295346752855
5882 706.13684 521.54175 427.67389913133843 598.4238991313384 395.30112404946493 491.30112404946493
5900 710.2515 512.41144 424.9103018905736 595.6603018905736 386.6915481808328 482.6915481808328
5916 710.2515 512.41144 422.8194776869708 593.5694776869708 378.9305179198789 474.9305179198789
5933 710.2515 512.41144 420.97997798067684 591.7299779806768 370.59098431373195 466.59098431373195
5950 710.8379 512.9847 419.53810174796206 590.2881017479621 362.1735872774116 458.1735872774116
5967 710.8379 512.9847 418.4970946157316 589.2470946157316 353.69727415859836 449.69727415859836
5984 710.38806 516.09784 417.85929986469176 588.6092998646918 345.18112492358273 441.18112492358273
6001 710.38806 516.09784 417.6286526131048 588.3786526131048 337.1467028281774 433.1467028281774
