0 772.746 535.4375 297.625 468.375 336.0 432.0
17 772.746 535.4375 297.7465672298508 468.4965672298508 327.460353677165 423.460353677165
34 772.746 535.4375 298.1111703954607 468.8611703954607 318.92762829531256 414.92762829531256
51 773.235 537.48535 298.7185140048509 469.4685140048509 310.4087391863609 406.4087391863609
68 773.85785 541.8725 299.56810583748677 470.31810583748677 301.91059046864586 397.91059046864586
85 773.85785 541.8725 300.6592573431978 471.4092573431978 293.44006945149073 389.44006945149073
102 771.7144 544.5226 301.9910842002114 472.7410842002114 285.00404105339845 381.00404105339845
119 771.7144 544.5226 303.56250703184975 474.31250703184975 276.6093422383909 372.6093422383909
137 768.95526 547.9646 305.4860993111701 476.2360993111701 267.7734457537099 363.7734457537099
193 768.3657 554.5816 313.15883232660883 483.90883232660883 240.71621623164776 336.71621623164776
193 768.3657 554.5816 313.15883232660883 483.90883232660883 240.71621623164776 336.71621623164776
193 768.3657 554.5816 313.15883232660883 483.90883232660883 240.71621623164776 336.71621623164776
205 768.3657 554.5816 315.13096515083794 485.88096515083794 235.0192083877314 331.0192083877314
221 768.3657 554.5816 317.93779086333535 488.68779086333535 227.48702821623766 323.48702821623766
238 770.4153 553.2021 321.14000152904384 491.89000152904384 219.5695674640201 315.5695674640201
255 770.4153 553.2021 324.5662889638151 495.3162889638151 211.74646754616077 307.7464675461608
272 770.4153 553.2021 328.2138763391684 498.9638763391684 204.0240686798987 300.02406867989873
289 770.4153 553.2021 332.0798074744846 502.8298074744846 196.40862946948707 292.4086294694871
306 616.3322 442.56168 336.16094923283765 506.91094923283765 188.90632183391858 284.9063218339186
323 645.3404 465.05313 340.4539940602396 511.2039940602396 181.52322600490484 277.5232260049048
340 670.8824 484.6567 344.9554626662418 515.7054626662418 174.26532559916362 270.2653255991636
357 670.8824 484.6567 349.6617068437197 520.4117068437197 167.13850276900726 263.13850276900723
374 690.7182 500.00812 354.5689124255555 525.3189124255555 160.14853343516307 256.1485334351631
391 690.7182 500.00812 359.6731023758233 530.4231023758233 153.30108260568883 249.30108260568883
408 701.48553 511.87766 364.97014001297055 535.7201400129705 146.601699784777 242.601699784777
425 701.48553 511.87766 370.45573236238414 541.2057323623842 140.05581447516937 236.05581447516937
442 704.7727 521.1221 376.12543363562395 546.875433635624 133.66873177782583 229.66873177782583
459 708.1952 528.13525 381.9746488335043 552.7246488335043 127.44562809241546 223.44562809241546
476 708.1952 528.13525 387.9986374701024 558.7486374701024 121.39154692211227 217.39154692211227
494 712.17194 532.7496 394.5620474236076 565.3120474236076 115.17102252884061 211.1710225288406
511 712.17194 532.7496 400.93033797716447 571.6803379771645 109.48022176480373 205.48022176480373
527 712.17194 532.7496 407.06973833256984 577.8197383325698 104.29179502905546 200.29179502905546
544 711.93256 537.8856 413.7426429853873 584.4926429853873 98.96144031244515 194.96144031244515
562 711.93256 537.8856 420.97038828338435 591.7203882833844 93.52701560946679 189.5270156094668
578 710.0865 543.5398 427.53000484391305 598.280004843913 88.88121758382923 184.88121758382923
595 710.0865 543.5398 434.6332881070341 605.3832881070341 84.13951907017963 180.13951907017963
612 710.0865 543.5398 441.86866770951156 612.6186677095116 79.60194042970028 175.60194042970028
629 710.0865 543.5398 449.2302797509776 619.9802797509776 75.27215913482809 171.2721591348281
646 687.4217 520.58276 456.71215802621145 627.4621580262115 71.15368424901567 167.15368424901567
663 691.907 509.40363 464.3082388604396 635.0582388604396 67.24985358281685 163.24985358281685
680 691.907 509.40363 472.0123660236304 642.7623660236304 63.563830988764266 159.56383098876427
697 694.18225 500.46185 479.81829571979983 650.5682957197998 60.09860379723074 156.09860379723074
714 694.18225 500.46185 487.71970164728384 658.4697016472838 56.85698039535282 152.85698039535282
731 697.745 500.04285 495.7101801258791 666.4601801258791 53.84158795097835 149.84158795097835
748 697.745 500.04285 503.783255286693 674.533255286693 51.0548702834833 147.0548702834833
766 702.534 491.14142 512.4139724557664 683.1639724557664 48.355982532478436 144.35598253247844
783 702.534 491.14142 520.6364292711773 691.3864292711773 46.04696936032366 142.04696936032366
799 704.0908 485.5332 528.4323299341439 699.1823299341439 44.08841336946284 140.08841336946284
816 704.0908 485.5332 536.7697741627716 707.5197741627716 42.23709987763954 138.23709987763954
833 706.8646 480.80676 545.156538399579 715.906538399579 40.62386599915499 136.623865999155
851 706.8646 480.80676 554.0828444296311 724.8328444296311 39.176684392405264 135.17668439240526
867 709.0385 478.6785 562.0508042831839 732.8008042831839 38.116672841359446 134.11667284135945
885 709.0385 478.6785 571.0450007018427 741.7950007018427 37.17981387243941 133.1798138724394
902 708.8557 477.92834 579.5618339036334 750.3118339036334 36.54429036905128 132.54429036905128
918 708.8557 477.92834 587.5911736117806 758.3411736117806 36.167843072143 132.167843072143
935 710.0446 476.38495 596.1301081479654 766.8801081479654 36.00372452586896 132.00372452586896
952 710.0446 476.38495 604.6702542165596 775.4202542165596 36.08273742076125 132.08273742076125
969 710.4867 476.83258 613.2046904715623 783.9546904715623 36.40481772096149 132.4048177209615
986 710.4867 476.83258 621.7265001944813 792.4765001944813 36.96970439707047 132.96970439707047
1003 711.22394 477.41965 630.2287768999744 800.9787768999744 37.77693963769889 133.7769396376989
1020 711.22394 477.41965 638.7046299331981 809.4546299331981 38.82586922049978 134.82586922049978
1037 709.1135 481.9094 647.1471900543268 817.8971900543268 40.115643042381976 136.11564304238198
1054 709.1135 481.9094 655.5496150057149 826.2996150057149 41.645215808474234 137.64521580847423
1071 708.80066 479.76065 663.9050950571935 834.6550950571935 43.41334787928315 139.41334787928315
1088 708.80066 479.76065 672.2068585250034 842.9568585250034 45.41860627535635 141.41860627535635
1105 710.9502 476.66595 680.4481772598931 851.1981772598931 47.65936583863811 143.6593658386381
1123 710.9502 476.66595 689.1009748533495 859.8509748533495 50.286601601133555 146.28660160113355
1139 708.40826 474.98682 696.7228182836474 867.4728182836474 52.839934998910564 148.83993499891056
1157 708.40826 474.98682 705.2120829453671 875.9620829453671 55.95532573657704 151.95532573657704
1173 708.24036 474.71832 712.6762698040402 883.4262698040402 58.93826443105149 154.9382644310515
1190 708.24036 474.71832 720.5163456946693 891.2663456946693 62.32552703375262 158.32552703375262
1208 708.0763 476.81543 728.7089106673807 899.4589106673807 66.15373198032523 162.15373198032523
1224 708.6947 478.3612 735.8914330094331 906.6414330094331 69.76252423287974 165.76252423287974
1241 708.6947 478.3612 743.413983721744 914.163983721744 73.80623152831976 169.80623152831976
1258 708.6891 478.55893 750.8183800147626 921.5683800147626 78.06243329120804 174.06243329120804
1275 708.6891 478.55893 758.0986210088488 928.8486210088488 82.52768009049117 178.52768009049117
1292 708.76324 476.2205 765.2488064458005 935.9988064458005 87.19835307494287 183.19835307494287
1309 708.76324 476.2205 772.263141470708 943.013141470708 92.0706669060545 188.0706669060545
1326 708.76324 476.2205 779.1359413283826 949.8859413283826 97.14067282585665 193.14067282585665
1344 709.848 476.78058 786.2525668282935 957.0025668282935 102.71982289007568 198.71982289007568
1360 709.848 476.78058 792.434774570124 963.184774570124 107.85716813378187 203.85716813378187
1377 710.82904 477.84076 798.8500299387413 969.6000299387413 113.49497235758312 209.49497235758312
1394 710.82904 477.84076 805.1022028442499 975.8522028442499 119.31310538030687 215.31310538030687
1412 711.3682 479.40207 811.5387673844003 982.2887673844003 125.66479105149173 221.66479105149173
1428 711.6456 478.70966 817.0971692933363 987.8471692933363 131.47135431515434 227.47135431515434
1445 711.6456 478.70966 822.8302415379586 993.5802415379586 137.80161659632608 233.80161659632608
1462 710.0188 485.0074 828.3807966001699 999.1307966001699 144.29250840037312 240.29250840037312
1479 710.0188 485.0074 833.7443360426164 1004.4943360426164 150.93876919572267 246.93876919572267
1496 708.1241 487.9066 838.9165129944168 1009.6665129944168 157.73501253228335 253.73501253228335
1513 708.1241 487.9066 843.8931356740757 1014.6431356740757 164.675730406883 260.67573040688296
1531 709.562 488.65222 848.9448737571439 1019.6948737571439 172.1759448228275 268.1759448228275
1548 709.562 488.65222 853.5063645222324 1024.2563645222324 179.39627306401533 275.3962730640153
1564 709.562 488.65222 857.6101570459276 1028.3601570459277 186.30792233453255 282.3079223345326
1581 707.7174 492.76016 861.7658627967578 1032.5158627967578 193.76918547310373 289.76918547310373
1598 707.7174 492.76016 865.7074960610505 1036.4574960610505 201.34571931915121 297.3457193191512
1615 710.8363 489.9398 869.4318623492258 1040.1818623492259 209.03138348446487 305.03138348446487
1632 707.1616 492.9591 872.9359432553329 1043.6859432553329 216.8199491363638 312.8199491363638
1649 707.1616 492.9591 876.2168989033121 1046.966898903312 224.7051040458423 320.7051040458423
1666 707.49524 488.69342 879.2720702485676 1050.0220702485676 232.6804577033056 328.6804577033056
1684 707.49524 488.69342 882.2581117598017 1053.0081117598017 241.21607894831448 337.2160789483145
1700 706.43536 494.1009 884.6953407916484 1055.4453407916485 248.87583895516212 344.8758389551621
1717 706.43536 494.1009 887.0590447096293 1057.8090447096292 257.08274103198784 353.08274103198784
1734 707.555 491.5949 889.1881773273444 1059.9381773273444 265.35360145921436 361.35360145921436
1752 707.555 491.5949 891.1849638955216 1061.9349638955216 274.17324529251096 370.17324529251096
1768 707.6497 489.79172 892.7360179615537 1063.4860179615537 282.0603385467098 378.0603385467098
1785 707.6497 489.79172 894.1518506369953 1064.9018506369953 290.4826752619944 386.4826752619944
1803 705.9065 490.89282 895.3890061395116 1066.1390061395116 299.4405053679775 395.4405053679775
1819 704.85803 491.9425 896.2616043392997 1067.0116043392995 307.4311612295389 403.4311612295389
1837 704.85803 491.9425 896.986983596427 1067.7369835964269 316.44487849148953 412.44487849148953
1853 704.85803 491.9425 897.4034362013994 1068.1534362013995 324.4722426880359 420.4722426880359
1871 705.4762 489.6325 897.6146881603357 1068.3646881603358 333.5126324227158 429.5126324227158
1887 705.4762 489.6325 897.5736453909749 1068.323645390975 341.5506871754069 437.5506871754069
1904 703.18744 491.8758 897.2940959534936 1068.0440959534935 350.08662239203596 446.08662239203596
1921 703.18744 491.8758 896.7716802368993 1067.5216802368993 358.6111411309172 454.6111411309172
1938 701.75525 494.55884 896.0068216320687 1066.7568216320687 367.1173347111916 463.1173347111916
1955 701.75525 494.55884 895.0001400172805 1065.7501400172805 375.5983093035911 471.5983093035911
1972 701.0152 498.03635 893.7524512558361 1064.5024512558361 384.04719151753216 480.04719151753216
1989 700.299 499.6622 892.2647665348454 1063.0147665348454 392.4571339716405 488.4571339716405
2006 700.299 499.6622 890.5382915457113 1061.2882915457112 400.8213208432003 496.8213208432003
2023 704.0239 497.08173 888.5744255069792 1059.3244255069792 409.13297339202586 505.13297339202586
2040 704.0239 497.08173 886.3747600303433 1057.1247600303432 417.385355454278 513.3853554542779
2057 703.954 496.76587 883.9410778307275 1054.6910778307274 425.5717789017766 521.5717789017766
2074 703.954 496.76587 881.2753512814876 1052.0253512814875 433.68560906238275 529.6856090623828
2091 703.954 496.76587 878.3797408159044 1049.1297408159044 441.7202700970553 537.7202700970553
2108 702.7833 497.3321 875.2565931762647 1046.0065931762647 449.6692503292295 545.6692503292295
2125 702.7833 497.3321 871.9084395119482 1042.6584395119482 457.52610752219204 553.526107522192
2143 700.88556 497.99066 868.1211054216201 1038.87110542162 465.737646624778 561.737646624778
2160 700.88556 497.99066 864.3184484911064 1035.0684484911064 473.3848773771026 569.3848773771026
2176 697.84406 501.39435 860.5419758597092 1031.291975859709 480.4806693117979 576.4806693117979
2194 696.4979 504.0823 856.0679679827582 1026.817967982758 488.339201456037 584.339201456037
2210 696.4979 504.0823 851.8938087238421 1022.6438087238421 495.20858302917645 591.2085830291765
2227 697.0791 503.7006 847.2588229060326 1018.0088229060326 502.38195353258584 598.3819535325858
2245 697.0791 503.7006 842.1307571776003 1012.8807571776003 509.8301892854297 605.8301892854297
2261 695.9253 505.09796 837.3858258058228 1008.1358258058228 516.3184583144773 612.3184583144773
2278 695.9253 505.09796 832.1558160761413 1002.9058160761413 523.0702977777584 619.0702977777584
2295 692.2659 507.5462 826.7357312689596 997.4857312689596 529.6705264551181 625.6705264551181
2312 692.2659 507.5462 821.1299640822481 991.8799640822481 536.1137952031119 632.1137952031119
2329 692.2659 507.5462 815.3430576999276 986.0930576999276 542.394882086187 638.394882086187
2346 691.2925 508.6654 809.379702109853 980.129702109853 548.5086966087915 644.5086966087915
2363 691.2925 508.6654 803.2447303028227 973.9947303028227 554.4502838409564 650.4502838409564
2380 692.74365 508.12894 796.9431143556885 967.6931143556885 560.2148284340103 656.2148284340103
2397 693.8479 505.71375 790.4799614017456 961.2299614017456 565.7976585231695 661.7976585231695
2414 693.8479 505.71375 783.8605094916655 954.6105094916655 571.1942495138428 667.1942495138428
2431 694.0687 506.5202 777.0901233483269 947.8401233483269 576.4002277485814 672.4002277485814
2448 694.0687 506.5202 770.1742900189863 940.9242900189863 581.4113740517007 677.4113740517007
2465 695.3512 510.1559 763.1186144283101 933.8686144283101 586.2236271487043 682.2236271487043
2483 695.3512 510.1559 755.5018325769166 926.2518325769166 591.0978356150445 687.0978356150445
2499 694.22485 510.0147 748.6107182018081 919.3607182018081 595.2360177503971 691.2360177503971
2517 694.22485 510.0147 740.7288988675523 911.4788988675523 599.6688721273433 695.6688721273433
2533 694.7338 510.235 733.6134567331254 904.3634567331254 603.4081891703074 699.4081891703074
2551 694.7338 510.235 725.4921459641587 896.2421459641587 607.3853219740902 703.3853219740902
2567 693.6716 509.94864 718.1754381858558 888.9254381858558 610.7136542896951 706.7136542896951
2585 693.6716 509.94864 709.8409582546325 880.5909582546325 614.2221750921277 710.2221750921277
2601 692.01624 509.5563 702.346699277214 873.096699277214 617.1287351027865 713.1287351027865
2618 692.01624 509.5563 694.3017969577133 865.0517969577133 619.9957692114392 715.9957692114392
2635 693.06854 518.04614 686.178543102233 856.928543102233 622.6326394604092 718.6326394604092
2653 693.06854 518.04614 677.4993677514212 848.2493677514212 625.1713771733134 721.1713771733134
2669 677.11127 577.51624 669.7233728534557 840.4733728534557 627.2075284601758 723.2075284601758
2686 677.11127 577.51624 661.4047925232513 832.1547925232513 629.1418395004217 725.1418395004217
2703 682.10675 579.6535 653.0345219750633 823.7845219750633 630.8385742647915 726.8385742647915
2720 682.10675 579.6535 644.6193448795832 815.3693448795832 632.296357637651 728.296357637651
2737 679.6655 566.1707 636.1660813019316 806.9160813019316 633.5140081610913 729.5140081610913
2755 677.66614 557.24445 627.1816681050749 797.9316681050749 634.5404551656717 730.5404551656717
2771 677.66614 557.24445 619.1727237438794 789.9227237438794 635.2251587040392 731.2251587040392
2788 674.98315 549.27423 610.6464019995067 781.3964019995067 635.7172719246712 731.7172719246712
2806 674.98315 549.27423 601.607177164819 772.357177164819 635.9735692774082 731.9735692774082
2823 674.98315 549.27423 593.0666695312384 763.8166695312384 635.9653673731979 731.9653673731979
2839 672.739 545.5232 585.0317954607539 755.7817954607539 635.7355687926154 731.7355687926154
2856 672.739 545.5232 576.5047793711809 747.2547793711809 635.2556370072082 731.2556370072082
2874 671.9598 534.7981 567.4949783535706 738.2449783535706 634.4831348595524 730.4831348595524
2890 671.9598 534.7981 559.5089945588649 730.2589945588649 633.5687653790487 729.5687653790487
2908 667.58606 529.90674 550.5577560156919 721.3077560156919 632.2847862171152 728.2847862171152
2925 667.58606 529.90674 542.1429378468152 712.8929378468152 630.8249324247021 726.8249324247021
2941 665.56525 529.5265 534.2640628953682 705.0140628953682 629.232657883161 725.232657883161
2958 665.56525 529.5265 525.9427276452934 696.6927276452934 627.3102329649023 723.3102329649023
2976 663.3013 528.3652 517.1953667532769 687.9453667532769 625.0174287059479 721.0174287059479
2992 662.1127 527.0736 509.48103837910116 680.2310383791012 622.7588569334407 718.7588569334407
3009 662.1127 527.0736 501.3540257094023 672.1040257094023 620.1335944747455 716.1335944747455
3026 661.24133 524.2381 493.3050356774336 664.0550356774336 617.278056456131 713.278056456131
3044 661.24133 524.2381 484.8748660899855 655.6248660899855 614.0061281757542 710.0061281757542
3060 660.4991 521.4813 477.46714816449344 648.2171481644934 610.8855955525434 706.8855955525434
3077 660.4991 521.4813 469.691086470933 640.441086470933 607.3538534259965 703.3538534259965
3094 660.1998 521.045 462.0187085871838 632.7687085871838 603.6021930576474 699.6021930576474
3111 660.1998 521.045 454.4562325780845 625.2062325780845 599.6336549738851 695.6336549738851
3128 660.1998 521.045 447.00978743869564 617.7597874386956 595.4514554692516 691.4514554692516
3145 663.741 517.8594 439.68540812706976 610.4354081270698 591.058983999804 687.058983999804
3162 663.55396 514.6625 432.4890306732291 603.2390306732291 586.4598004361334 682.4598004361334
3179 663.55396 514.6625 425.4264873683203 596.1764873683203 581.6576321782761 677.6576321782761
3197 676.40094 515.36304 418.1007341971813 588.8507341971813 576.3560650118047 672.3560650118047
3213 676.40094 515.36304 411.72568540279684 582.4756854027969 571.4600705688548 667.4600705688548
3230 679.1175 517.81006 405.09853053246013 575.8485305324601 566.0729418127313 662.0729418127313
3247 679.1175 517.81006 398.6274083925641 569.3774083925641 560.4993508552757 656.4993508552757
3264 671.33636 512.6765 392.31756349239276 563.0675634923928 554.7438148032415 650.7438148032415
3281 671.33636 512.6765 386.17410963438175 556.9241096343817 548.8109982204569 644.8109982204569
3298 663.9529 513.09314 380.2020257696452 550.9520257696452 542.7057093474355 638.7057093474355
3315 663.9529 513.09314 374.4061519627961 545.1561519627961 536.4328962045494 632.4328962045494
3332 658.8778 512.7664 368.7911854693228 539.5411854693227 529.9976425819129 625.9976425819129
3350 658.8778 512.7664 363.0481643908829 533.7981643908829 523.0125883346178 619.0125883346178
3366 654.3684 510.9221 358.12202667636814 528.8720266763681 516.6608030789737 612.6608030789737
3383 654.3684 510.9221 353.07648117741576 523.8264811774158 509.7700260162269 605.7700260162269
3400 650.47144 511.92896 348.2291295851123 518.9791295851123 502.7384173488538 598.7384173488538
3417 650.47144 511.92896 343.58390042682595 514.333900426826 495.5716758314352 591.5716758314352
3435 659.59607 512.25415 338.8899101067921 509.6399101067921 487.8425278304917 583.8425278304917
3452 659.59607 512.25415 334.67248418581175 505.42248418581175 480.4159770489023 576.4159770489023
3468 666.43713 513.25183 330.8977575118902 501.6477575118902 473.3192561685689 569.3192561685689
3485 666.43713 513.25183 327.0969822152257 497.8469822152257 465.6710900449318 561.6710900449318
3502 670.62897 513.9308 323.5154558633554 494.2654558633554 457.9178322199049 553.9178322199049
3519 670.62897 513.9308 320.1560810978608 490.9060810978608 450.06576630732854 546.0657663073285
3536 674.9539 514.1495 317.0215805179704 487.7715805179704 442.1212559998803 538.1212559998803
3553 675.4624 516.7871 314.1144944740342 484.8644944740342 434.0907399116313 530.0907399116313
3571 675.4624 516.7871 311.28689266404376 482.03689266404376 425.5013312038564 521.5013312038564
3588 675.4624 516.7871 308.85522471939606 479.60522471939606 417.31430922285153 513.3143092228515
3604 678.03033 517.2 306.780351140146 477.530351140146 409.5485569510936 505.5485569510936
3622 678.03033 517.2 304.69576873233893 475.44576873233893 400.74925072104793 496.74925072104793
3638 680.0702 517.26227 303.06619032461737 473.81619032461737 392.87800666884965 488.87800666884965
3655 680.0702 517.26227 301.5664924513526 472.3164924513526 384.4701981434725 480.4701981434725
3672 681.34344 515.9785 300.30673466233077 471.05673466233077 376.02310703330426 472.02310703330426
3689 681.34344 515.9785 299.28793792598333 470.03793792598333 367.5435792681223 463.5435792681223
3706 692.33 513.6848 298.5109279242903 469.2609279242903 359.03848706593226 455.03848706593226
3724 702.68097 512.6062 297.95244725508564 468.70244725508564 350.0128916126015 446.0128916126015
3741 702.68097 512.6062 297.6749980009779 468.4249980009779 341.4768878742076 437.4768878742076
3757 707.63165 514.41205 417.64906576024066 588.3990657602407 333.056686471707 429.056686471707
3774 707.63165 514.41205 417.99123095517183 588.7412309551719 324.5235450269113 420.5235450269113
3791 713.7588 513.73413 418.73774721758974 589.4877472175897 316.01623679178385 412.01623679178385
3808 713.7588 513.73413 419.88693415828243 590.6369341582824 307.553911501838 403.553911501838
3825 717.49396 515.1948 421.43620498653286 592.1862049865329 299.15561763711503 395.15561763711503
3842 717.49396 515.1948 423.3820723329198 594.1320723329197 290.84025954453836 386.84025954453836
3859 717.49396 515.1948 425.72015609929747 596.4701560992975 282.62655488470796 378.62655488470796
3876 722.33295 515.4761 428.4451933182859 599.1951933182859 274.53299249891984 370.53299249891984
3894 722.33295 515.4761 431.7454617306055 602.4954617306055 266.1145309557668 362.1145309557668
3910 721.57275 507.87027 435.03073493989234 605.7807349398923 258.7788567193968 354.7788567193968
3927 719.2483 506.7094 438.876415455004 609.626415455004 251.15374548655507 347.15374548655507
3945 719.2483 506.7094 443.3376014504479 614.0876014504479 243.28862718732034 339.28862718732034
3961 717.9177 508.3945 447.6303327319572 618.3803327319572 236.49321736108072 332.4932173610807
3978 717.9177 508.3945 452.518864647575 623.268864647575 229.49080094619188 325.4908009461919
3995 717.04297 509.0325 457.734026801152 628.484026801152 222.7281340425647 318.7281340425647
4012 717.04297 509.0325 463.26407999467915 634.0140799946792 216.22043924223226 312.22043924223226
4029 717.8206 508.12506 469.09657621838664 639.8465762183866 209.98236520147657 305.98236520147657
4046 717.8206 508.12506 475.21838667089924 645.9683866708992 204.0279536670738 300.0279536670738
4063 719.7694 507.24442 481.6157313118342 652.3657313118342 198.37060786867886 294.37060786867886
4080 719.7694 507.24442 488.27420988032543 659.0242098803254 193.0230623484931 289.0230623484931
4097 719.7694 507.24442 495.1788343096449 665.9288343096449 187.9973542961332 283.9973542961332
4115 719.5307 505.53772 502.7406224410547 673.4906224410547 183.0393681522872 279.03936815228724
4131 719.5307 505.53772 509.66383312829794 680.4138331282979 178.95595164869005 274.9559516486901
4148 719.23834 504.92297 517.2116021519138 687.9616021519138 174.9606090221234 270.96060902212344
4165 721.9217 497.80652 524.9403796987771 695.6903796987771 171.32776198864897 267.32776198864894
4182 721.9217 497.80652 532.8327684862486 703.5827684862486 168.06558799499004 264.06558799499004
4200 719.2369 500.46283 541.3479970015156 712.0979970015156 165.02368896976233 261.02368896976236
4217 719.2369 500.46283 549.5209282560902 720.2709282560902 162.54684124624086 258.5468412462409
4234 716.8782 502.23462 557.8021405586188 728.5521405586188 160.46043219287566 256.46043219287566
4251 716.8782 502.23462 566.172993109811 736.922993109811 158.76915826363768 254.76915826363768
4268 714.35284 504.16043 574.6146433324445 745.3646433324445 157.4768264733346 253.4768264733346
4284 714.35284 504.16043 582.6073830375866 753.3573830375866 156.6275629290547 252.6275629290547
4301 710.9763 507.55933 591.132114755926 761.882114755926 156.1171424476271 252.1171424476271
4318 705.5882 512.9904 599.6714617946108 770.4214617946108 156.01163372561214 252.01163372561214
4335 705.5882 512.9904 608.206202299593 778.956202299593 156.31127426047263 252.31127426047263
4352 705.5882 512.9904 616.7171247860152 787.4671247860152 157.01538956894865 253.01538956894865
4369 709.40826 514.9742 625.1850713827765 795.9350713827765 158.12239470530233 254.12239470530233
4386 709.40826 514.9742 633.5909809564164 804.3409809564164 159.6297978289907 255.6297978289907
4403 714.8905 515.4094 641.9159320172428 812.6659320172428 161.53420581373558 257.5342058137356
4420 714.8905 515.4094 650.1411853111272 820.8911853111272 163.83133188536496 259.831331885365
4438 708.2508 514.779 658.7210379112927 829.4710379112927 166.68587137647998 262.68587137648
4455 708.2508 514.779 666.6830281761817 837.4330281761817 169.77428374521077 265.77428374521077
4471 704.79755 516.2523 674.0349817666976 844.7849817666976 173.0229627020636 269.02296270206364
4488 704.79755 516.2523 681.6791612546845 852.4291612546845 176.83059975054408 272.8305997505441
4505 702.3714 516.9938 689.1341369531456 859.8841369531456 180.99652309031762 276.9965230903176
4523 701.40295 517.1648 696.8027732058051 867.5527732058051 185.78758605914797 281.787586059148
4539 701.40295 517.1648 703.4098168015221 874.1598168015221 190.36493370665013 286.36493370665016
4556 699.6086 518.54694 710.1983867574248 880.9483867574248 195.54633292803192 291.5463329280319
4573 699.6086 518.54694 716.733556869033 887.483556869033 201.0438897990301 297.0438897990301
4590 699.6086 518.54694 723.0006166338345 893.7506166338345 206.8452294582745 302.8452294582745
4608 700.5558 517.99146 729.3284286327194 900.0784286327194 213.30441374529323 309.30441374529323
4624 700.5558 517.99146 734.6746124154753 905.4246124154753 219.30636805391646 315.30636805391646
4642 711.76263 514.91785 740.3619103211945 911.1119103211945 226.33608418463587 322.33608418463587
4658 711.76263 514.91785 745.1153217770493 915.8653217770493 232.81761302381858 328.8176130238186
4675 716.04724 513.0903 749.8433760095571 920.5933760095571 239.9293697063817 335.9293697063817
4692 716.04724 513.0903 754.2287905304013 924.9787905304013 247.25737894613326 343.25737894613326
4709 718.7417 514.094 758.2616938824929 929.0116938824929 254.78514557975075 350.78514557975075
4726 720.2605 520.1223 761.9330081024611 932.6830081024611 262.4957247950736 358.4957247950736
4743 720.2605 520.1223 765.2344691549205 935.9844691549205 270.3717602734482 366.3717602734482
4760 718.89154 596.2853 768.1586455346032 938.9086455346032 278.3955232583588 374.3955232583588
4778 718.89154 596.2853 770.8363040348377 941.5863040348377 287.032213093187 383.032213093187
4794 711.282 599.999 772.8496793622878 943.5996793622878 294.8136947228397 390.8136947228397
4811 711.282 599.999 774.605977411876 945.355977411876 303.17114631399613 399.17114631399613
4828 711.282 599.999 775.9638957607996 946.7138957607996 311.60249482388303 407.60249482388303
4845 713.04083 593.5181 776.9203777692248 947.6703777692248 320.08876150040663 416.08876150040663
4862 713.04083 593.5181 777.47327042036 948.22327042036 328.6108439720703 424.6108439720703
4880 713.8711 571.1275 777.6174195110625 948.3674195110625 337.6519438712278 433.6519438712278
4896 713.8711 571.1275 777.3642207321774 948.1142207321774 345.68568689301895 441.68568689301895
4913 713.839 560.6836 776.7025238609478 947.4525238609478 354.200012303063 450.200012303063
4931 714.77936 547.3218 775.5625863875596 946.3125863875596 363.1701187073185 459.1701187073185
4947 714.77936 547.3218 774.1722300260149 944.9222300260149 371.0866865084376 467.0866865084376
4964 714.92236 540.0281 772.3093286896907 943.0593286896907 379.4210238275436 475.4210238275436
4981 714.92236 540.0281 770.0532173508461 940.8032173508461 387.65762152102405 483.65762152102405
4998 714.066 532.40497 767.4089744590015 938.1589744590015 395.77793921594457 491.77793921594457
5015 714.066 532.40497 764.3825521379785 935.1325521379785 403.7636982827043 499.7636982827043
5032 713.9161 526.67053 760.9807627878217 931.7307627878217 411.59692297976756 507.59692297976756
5049 713.9161 526.67053 757.2112637502574 927.9612637502574 419.25998091660404 515.259980916604
5066 714.74097 519.5288 753.0825400722103 923.8325400722103 426.73562274375536 522.7356227437554
5083 714.74097 519.5288 748.6038854061801 919.3538854061801 434.00702098068035 530.0070209806804
5101 714.3058 518.1045 743.4915841399335 914.2415841399335 441.4653480122629 537.4653480122629
5117 714.3058 518.1045 738.6378734563121 909.3878734563121 447.8721123408068 543.8721123408068
5134 713.22327 513.0438 733.1729494131282 903.9229494131282 454.4345954942897 550.4345954942896
5151 713.22327 513.0438 727.4029103666112 898.1529103666112 460.73048537096236 556.7304853709624
5168 714.32513 509.90616 721.3407445286122 892.0907445286122 466.7456100820642 562.7456100820642
5185 714.32513 509.90616 715.0000976809954 885.7500976809954 472.46642973411736 568.4664297341174
5202 713.64795 508.23093 708.3952424593289 879.1452424593289 477.8800669068827 573.8800669068827
5220 713.64795 508.23093 701.1304202885274 871.8804202885274 483.26380400796154 579.2638040079615
5237 714.3681 507.89618 694.029044019961 864.779044019961 488.007435004336 584.007435004336
5253 714.3681 507.89618 687.1468717414465 857.8968717414465 492.15964421036574 588.1596442103657
5270 714.244 507.9666 679.639294413571 850.389294413571 496.2300081502966 592.2300081502966
5287 713.9667 507.04575 671.9471049847989 842.6971049847989 499.93969839739407 595.9396983973941
5305 713.9667 507.04575 663.620462019195 834.370462019195 503.46521726278866 599.4652172627887
5322 713.3584 508.30865 655.6031277542164 826.3531277542164 506.40697374848173 602.4069737484817
5338 713.3584 508.30865 647.9378564156366 818.6878564156366 508.8253930396211 604.8253930396211
5356 713.3584 508.30865 639.1952779150454 809.9452779150454 511.133982978935 607.133982978935
5373 714.4255 508.6019 630.8416959955493 801.5916959955493 512.9085953455605 608.9085953455605
5389 714.4255 508.6019 622.9108601528986 793.6608601528986 514.2151095623715 610.2151095623715
5406 712.93933 509.60635 614.4294649579773 785.1794649579773 515.2138665323532 611.2138665323532
5424 712.93933 509.60635 605.4083442119403 776.1583442119403 515.8316422459586 611.8316422459586
5440 706.5661 512.33386 597.3723718445073 768.1223718445073 515.9998227193989 611.9998227193989
5457 706.5661 512.33386 588.8350690108309 759.5850690108309 515.7852527689789 611.7852527689789
5474 701.3225 516.25726 580.317552089333 751.067552089333 515.1659907650433 611.1659907650433
5491 694.60974 518.25775 571.8389937950213 742.5889937950213 514.1434306506889 610.1434306506889
5508 694.60974 518.25775 563.4184791480179 734.1684791480179 512.7198741828516 608.7198741828516
5526 689.6449 521.63654 554.5869676676424 725.3369676676424 510.7790827672435 606.7790827672435
5542 689.6449 521.63654 546.8272249367301 717.5772249367301 508.68348516468336 604.6834851646834
5559 686.0182 524.35034 538.6938318657412 709.4438318657412 506.079738423869 602.079738423869
5576 686.0182 524.35034 530.6930913626405 701.4430913626405 503.0931464966776 599.0931464966776
5594 695.3176 522.96625 522.3863149437265 693.1363149437265 499.5210698075416 595.5210698075416
5610 695.3176 522.96625 515.1612667811617 685.9112667811617 495.99916469660786 591.9991646966079
5628 695.3176 522.96625 507.2303395844086 677.9803395844086 491.65604828708047 587.6560482870805
5644 697.9415 522.7651 500.37151947034613 671.1215194703461 487.4653773139863 583.4653773139863
5661 697.9415 522.7651 493.29680961702684 664.0468096170268 482.6820667001052 578.6820667001052
5678 702.3003 521.87634 486.4569398796541 657.2069398796541 477.56857846668925 573.5685784666892
5695 702.66345 522.3209 479.86730663188473 650.6173066318847 472.13642294632587 568.1364229463259
5712 702.66345 522.3209 473.54274297137306 644.2927429713731 466.3978277836013 562.3978277836013
5729 704.4247 522.8236 467.4974853308397 638.2474853308397 460.36571041097886 556.3657104109789
5747 704.4247 522.8236 461.4161702808618 632.1661702808618 453.6739338449379 549.6739338449379
5763 706.34265 522.7611 456.29865965604995 627.04865965605 447.47585175716756 543.4758517571676
5780 706.34265 522.7611 451.1702998949387 621.9202998949387 440.6471252215585 536.6471252215586
5797 708.803 524.55493 446.37160595691194 617.1216059569119 433.58284065575424 529.5828406557542
5814 708.803 524.55493 441.9133795805666 612.6633795805666 426.29889958551144 522.2988995855114
5831 710.1891 526.85284 437.80565612063515 608.5556561206351 418.8116979778178 514.8116979778179
5848 710.1891 526.85284 434.05768195865755 604.8076819586576 411.1380893339877 507.1380893339877
5865 714.4358 523.2535 430.67789368960894 601.4278936896089 403.295346752855 499.295346752855
5882 714.4358 523.2535 427.67389913133843 598.4238991313384 395.30112404946493 491.30112404946493
5899 713.8065 523.74243 425.052460199564 595.8024601995639 387.1734160167848 483.1734160167848
5916 713.8065 523.74243 422.8194776869708 593.5694776869708 378.9305179198789 474.9305179198789
5933 710.0271 523.7372 420.97997798067684 591.7299779806768 370.59098431373195 466.59098431373195
5951 710.0271 523.7372 419.4657421273871 590.2157421273871 361.67642565233353 457.67642565233353
5967 706.5745 526.11694 418.4970946157316 589.2470946157316 353.69727415859836 449.69727415859836
5984 706.5745 526.11694 417.85929986469176 588.6092998646918 345.18112492358273 441.18112492358273
6002 704.1013 526.7492 417.6286526131048 588.3786526131048 337.1467028281774 433.1467028281774
