1 794.6281 546.98755 297.62542067616835 468.37542067616835 335.4976002348308 431.4976002348308
17 798.61523 547.3435 297.7465672298508 468.4965672298508 327.460353677165 423.460353677165
34 798.61523 547.3435 298.1111703954607 468.8611703954607 318.92762829531256 414.92762829531256
51 798.08954 573.8658 298.7185140048509 469.4685140048509 310.4087391863609 406.4087391863609
68 798.08954 573.8658 299.56810583748677 470.31810583748677 301.91059046864586 397.91059046864586
85 778.5219 676.921 300.6592573431978 471.4092573431978 293.44006945149073 389.44006945149073
103 778.5219 676.921 302.0768999466856 472.8268999466856 284.5090245297676 380.5090245297676
119 778.5219 676.921 303.56250703184975 474.31250703184975 276.6093422383909 372.6093422383909
136 760.8253 770.34375 305.37225228130916 476.12225228130916 268.2627764750041 364.2627764750041
153 760.8253 770.34375 307.4188532438116 478.1688532438116 259.9711082224287 355.9711082224287
170 744.903 844.1863 309.7006512552929 480.4506512552929 251.74105744826687 347.7410574482669
187 732.8876 903.0943 312.21579703666407 482.96579703666407 243.57929418234613 339.57929418234613
204 732.8876 903.0943 314.9622521925565 485.7122521925565 235.4924331110061 331.4924331110061
221 724.6101 953.27014 317.93779086333535 488.68779086333535 227.48702821623766 323.48702821623766
238 724.6101 953.27014 321.14000152904384 491.89000152904384 219.5695674640201 315.5695674640201
255 715.3627 991.6031 324.5662889638151 495.3162889638151 211.74646754616077 307.7464675461608
272 715.3627 991.6031 328.2138763391684 498.9638763391684 204.0240686798987 300.02406867989873
289 709.56586 1022.24567 332.0798074744846 502.8298074744846 196.40862946948707 292.4086294694871
306 709.56586 1022.24567 336.16094923283765 506.91094923283765 188.90632183391858 284.9063218339186
323 673.18 951.2508 340.4539940602396 511.2039940602396 181.52322600490484 277.5232260049048
341 638.6953 838.0778 345.2266685145469 515.9766685145469 173.84241533816768 269.8424153381677
357 638.6953 838.0778 349.6617068437197 520.4117068437197 167.13850276900726 263.13850276900723
375 638.6953 838.0778 354.8637457035903 525.6137457035903 159.7417422858324 255.7417422858324
391 610.00366 745.661 359.6731023758233 530.4231023758233 153.30108260568883 249.30108260568883
409 610.00366 745.661 365.28764512599264 536.0376451259926 146.21234621253794 242.21234621253794
425 589.6578 669.5053 370.45573236238414 541.2057323623842 140.05581447516937 236.05581447516937
442 589.6578 669.5053 376.12543363562395 546.875433635624 133.66873177782583 229.66873177782583
459 573.0996 610.5545 381.9746488335043 552.7246488335043 127.44562809241546 223.44562809241546
476 573.0996 610.5545 387.9986374701024 558.7486374701024 121.39154692211227 217.39154692211227
493 561.40564 563.19006 394.1925174146769 564.9425174146769 115.51139478609738 211.51139478609738
510 561.40564 563.19006 400.5512688483818 571.3012688483818 109.8099372430793 205.8099372430793
527 555.7645 519.814 407.06973833256984 577.8197383325698 104.29179502905546 200.29179502905546
544 550.9778 484.62207 413.7426429853873 584.4926429853873 98.96144031244515 194.96144031244515
561 550.9778 484.62207 420.564574763276 591.314574763276 93.82319306962836 189.82319306962836
578 530.6414 442.15067 427.53000484391305 598.280004843913 88.88121758382923 184.88121758382923
595 530.6414 442.15067 434.6332881070341 605.3832881070341 84.13951907017963 180.13951907017963
612 518.81976 415.26804 441.86866770951156 612.6186677095116 79.60194042970028 175.60194042970028
630 518.81976 415.26804 449.6671198581312 620.4171198581312 75.02401316610684 171.02401316610684
647 518.81976 415.26804 457.15588471125693 627.9058847112569 70.91807370173689 166.9180737017369
663 509.7033 383.6395 464.3082388604396 635.0582388604396 67.24985358281685 163.24985358281685
680 509.7033 383.6395 472.0123660236304 642.7623660236304 63.563830988764266 159.56383098876427
698 504.2681 352.16574 480.2805035702502 651.0305035702502 59.90170381248561 155.9017038124856
714 504.2681 352.16574 487.71970164728384 658.4697016472838 56.85698039535282 152.85698039535282
732 503.81747 325.79297 496.18284410284525 666.9328441028453 53.6713103368038 149.6713103368038
748 508.72565 302.39178 503.783255286693 674.533255286693 51.0548702834833 147.0548702834833
765 508.72565 302.39178 511.93238432050157 682.6823843205016 48.49908588318232 144.49908588318232
783 514.7006 283.69568 520.6364292711773 691.3864292711773 46.04696936032366 142.04696936032366
799 514.7006 283.69568 528.4323299341439 699.1823299341439 44.08841336946284 140.08841336946284
816 523.45447 266.2445 536.7697741627716 707.5197741627716 42.23709987763954 138.23709987763954
834 523.45447 266.2445 545.6512683082123 716.4012683082123 40.53641304886645 136.53641304886645
850 533.8902 251.98802 553.585825606595 724.335825606595 39.25001917650059 135.2500191765006
868 533.8902 251.98802 562.5497092126128 733.2997092126128 38.05751565750103 134.05751565750103
884 548.18286 240.96127 570.5446140026227 741.2946140026227 37.2247455122278 133.2247455122278
901 548.18286 240.96127 579.0603709721212 749.8103709721212 36.574960050003085 132.57496005000309
918 548.18286 240.96127 587.5911736117806 758.3411736117806 36.167843072143 132.167843072143
936 559.84296 231.53204 596.6325037720162 767.3825037720162 36.00164175242986 132.00164175242986
952 581.0239 284.45255 604.6702542165596 775.4202542165596 36.08273742076125 132.08273742076125
969 581.0239 284.45255 613.2046904715623 783.9546904715623 36.40481772096149 132.4048177209615
986 609.4316 336.89532 621.7265001944813 792.4765001944813 36.96970439707047 132.96970439707047
1004 609.4316 336.89532 630.7281551661815 801.4781551661815 37.831958255007294 133.8319582550073
1020 632.5727 378.94147 638.7046299331981 809.4546299331981 38.82586922049978 134.82586922049978
1037 632.5727 378.94147 647.1471900543268 817.8971900543268 40.115643042381976 136.11564304238198
1054 651.39966 411.63965 655.5496150057149 826.2996150057149 41.645215808474234 137.64521580847423
1072 651.39966 411.63965 664.3949870000625 835.1449870000625 43.52475517402934 139.52475517402934
1088 661.55066 427.29373 672.2068585250034 842.9568585250034 45.41860627535635 141.41860627535635
1105 661.55066 427.29373 680.4481772598931 851.1981772598931 47.65936583863811 143.6593658386381
1122 667.3226 441.23157 688.6223720999366 859.3723720999366 50.133810549576026 146.13381054957603
1139 667.3226 441.23157 696.7228182836474 867.4728182836474 52.839934998910564 148.83993499891056
1156 673.1828 452.09998 704.742950819005 875.492950819005 55.77554601295549 151.7755460129555
1173 673.1828 452.09998 712.6762698040402 883.4262698040402 58.93826443105149 154.9382644310515
1190 677.0224 462.20386 720.5163456946693 891.2663456946693 62.32552703375262 158.32552703375262
1207 677.0224 462.20386 728.2568245155068 899.0068245155068 65.93458862018292 161.93458862018292
1225 680.01636 467.2987 736.337097942471 907.087097942471 69.99444764366609 165.9944476436661
1242 680.01636 467.2987 743.8528662476037 914.6028662476037 74.05074702783952 170.05074702783952
1258 681.6408 473.10077 750.8183800147626 921.5683800147626 78.06243329120804 174.06243329120804
1276 681.6408 473.10077 758.5228774307536 929.2728774307536 82.79677522140798 178.79677522140798
1293 682.7592 478.78867 765.665231024628 936.415231024628 87.47941582800502 183.47941582800502
1310 684.25684 481.6947 772.671396715908 943.421396715908 92.36346949445999 188.36346949446
1327 684.25684 481.6947 779.5356963702274 950.2856963702274 97.4449779482751 193.4449779482751
1343 686.0384 480.38403 785.8616359705578 956.6116359705578 102.40426185718263 198.40426185718263
1360 686.0384 480.38403 792.434774570124 963.184774570124 107.85716813378187 203.85716813378187
1377 687.08234 480.53632 798.8500299387413 969.6000299387413 113.49497235758312 209.49497235758312
1394 687.08234 480.53632 805.1022028442499 975.8522028442499 119.31310538030687 215.31310538030687
1412 687.08234 480.53632 811.5387673844003 982.2887673844003 125.66479105149173 221.66479105149173
1428 688.6667 480.51883 817.0971692933363 987.8471692933363 131.47135431515434 227.47135431515434
1446 688.6667 480.51883 823.1618418139614 993.9118418139614 138.17903805565956 234.17903805565956
1463 690.53467 480.03256 828.7015190178248 999.4515190178248 144.67921608302754 240.67921608302754
1479 690.53467 480.03256 833.7443360426164 1004.4943360426164 150.93876919572267 246.93876919572267
1496 693.8841 477.46536 838.9165129944168 1009.6665129944168 157.73501253228335 253.73501253228335
1513 693.8841 477.46536 843.8931356740757 1014.6431356740757 164.675730406883 260.67573040688296
1530 694.01166 477.80792 848.6701707867052 1019.4201707867052 171.7552977272204 267.7552977272204
1547 695.2573 476.60535 853.2437467928016 1023.9937467928016 178.96797687071094 274.9679768707109
1564 695.2573 476.60535 857.6101570459276 1028.3601570459277 186.30792233453255 282.3079223345326
1582 695.6202 476.39276 862.0036814969314 1032.7536814969314 194.2117326082863 290.2117326082863
1598 695.6202 476.39276 865.7074960610505 1036.4574960610505 201.34571931915121 297.3457193191512
1615 695.8651 476.00458 869.4318623492258 1040.1818623492259 209.03138348446487 305.03138348446487
1632 695.8651 476.00458 872.9359432553329 1043.6859432553329 216.8199491363638 312.8199491363638
1649 696.9787 476.07404 876.2168989033121 1046.966898903312 224.7051040458423 320.7051040458423
1666 696.9787 476.07404 879.2720702485676 1050.0220702485676 232.6804577033056 328.6804577033056
1684 696.9787 476.07404 882.2581117598017 1053.0081117598017 241.21607894831448 337.2160789483145
1700 696.37 475.5569 884.6953407916484 1055.4453407916485 248.87583895516212 344.8758389551621
1717 697.6709 475.69977 887.0590447096293 1057.8090447096292 257.08274103198784 353.08274103198784
1734 697.6709 475.69977 889.1881773273444 1059.9381773273444 265.35360145921436 361.35360145921436
1751 699.2008 474.82715 891.0810130930984 1061.8310130930984 273.6817171329047 369.6817171329047
1769 699.2008 474.82715 892.8259350518042 1063.5759350518042 282.55462653755245 378.55462653755245
1785 699.2832 477.61722 894.1518506369953 1064.9018506369953 290.4826752619944 386.4826752619944
1802 699.2832 477.61722 895.3273636603816 1066.0773636603817 298.94190141113677 394.94190141113677
1819 700.6262 477.23767 896.2616043392997 1067.0116043392995 307.4311612295389 403.4311612295389
1836 700.6262 477.23767 896.9538155200738 1067.703815520074 315.9435746118702 411.9435746118702
1853 702.9736 478.05075 897.4034362013994 1068.1534362013995 324.4722426880359 420.4722426880359
1871 702.9736 478.05075 897.6146881603357 1068.3646881603358 333.5126324227158 429.5126324227158
1887 704.0758 479.3693 897.5736453909749 1068.323645390975 341.5506871754069 437.5506871754069
1904 704.0758 479.3693 897.2940959534936 1068.0440959534935 350.08662239203596 446.08662239203596
1921 703.5903 482.11847 896.7716802368993 1067.5216802368993 358.6111411309172 454.6111411309172
1938 703.5903 482.11847 896.0068216320687 1066.7568216320687 367.1173347111916 463.1173347111916
1955 705.4635 483.53745 895.0001400172805 1065.7501400172805 375.5983093035911 471.5983093035911
1973 705.4635 483.53745 893.6715730175129 1064.4215730175129 384.54303868307437 480.54303868307437
1989 704.86774 486.54266 892.2647665348454 1063.0147665348454 392.4571339716405 488.4571339716405
2006 704.86774 486.54266 890.5382915457113 1061.2882915457112 400.8213208432003 496.8213208432003
2024 705.9988 486.28412 888.4515442264865 1059.2015442264865 409.6201139178652 505.6201139178652
2041 705.9988 486.28412 886.2380618516396 1056.9880618516395 417.86880070345273 513.8688007034527
2057 705.4899 488.9562 883.9410778307275 1054.6910778307274 425.5717789017766 521.5717789017766
2074 705.4899 488.9562 881.2753512814876 1052.0253512814875 433.68560906238275 529.6856090623828
2092 706.6872 493.11353 878.2023009969078 1048.9523009969078 442.19029223658174 538.1902922365817
2108 707.82837 495.26337 875.2565931762647 1046.0065931762647 449.6692503292295 545.6692503292295
2126 707.82837 495.26337 871.7045392706568 1042.4545392706568 457.98527023040305 553.9852702304031
2143 706.49347 496.4673 868.1211054216201 1038.87110542162 465.737646624778 561.737646624778
2160 706.49347 496.4673 864.3184484911064 1035.0684484911064 473.3848773771026 569.3848773771026
2176 706.49347 496.4673 860.5419758597092 1031.291975859709 480.4806693117979 576.4806693117979
2193 707.02905 496.89764 856.3227228435584 1027.0727228435585 487.90618221638465 583.9061822163847
2210 707.02905 496.89764 851.8938087238421 1022.6438087238421 495.20858302917645 591.2085830291765
2227 709.60065 499.1933 847.2588229060326 1018.0088229060326 502.38195353258584 598.3819535325858
2244 709.60065 499.1933 842.4215218060378 1013.1715218060378 509.42048008140796 605.420480081408
2261 706.3651 500.71594 837.3858258058228 1008.1358258058228 516.3184583144773 612.3184583144773
2279 706.5241 501.74512 831.8422069588121 1002.5922069588121 523.4627962141102 619.4627962141102
2295 706.5241 501.74512 826.7357312689596 997.4857312689596 529.6705264551181 625.6705264551181
2312 704.9535 503.92822 821.1299640822481 991.8799640822481 536.1137952031119 632.1137952031119
2330 704.9535 503.92822 814.9971099362925 985.7471099362925 542.7591976716982 638.7591976716982
2346 705.0196 505.6329 809.379702109853 980.129702109853 548.5086966087915 644.5086966087915
2363 705.0196 505.6329 803.2447303028227 973.9947303028227 554.4502838409564 650.4502838409564
2380 703.9801 506.5181 796.9431143556885 967.6931143556885 560.2148284340103 656.2148284340103
2398 703.9801 506.5181 790.0948566711968 960.8448566711968 566.1203039129076 662.1203039129076
2414 706.4215 504.05283 783.8605094916655 954.6105094916655 571.1942495138428 667.1942495138428
2431 706.4215 504.05283 777.0901233483269 947.8401233483269 576.4002277485814 672.4002277485814
2449 706.4215 504.05283 769.7630660054275 940.5130660054275 581.6999923319313 677.6999923319313
2465 706.91986 504.46613 763.1186144283101 933.8686144283101 586.2236271487043 682.2236271487043
2482 705.15204 506.5438 755.9288148358737 926.6788148358737 590.8330869577367 686.8330869577367
2500 705.15204 506.5438 748.1763727666926 918.9263727666926 595.48850486691 691.48850486691
2516 705.61865 505.56946 741.17025546435 911.92025546435 599.4288511793545 695.4288511793545
2533 705.61865 505.56946 733.6134567331254 904.3634567331254 603.4081891703074 699.4081891703074
2550 705.5119 505.8808 725.9464464020558 896.6964464020558 607.1708066759479 703.1708066759479
2568 705.5119 505.8808 717.7152155588545 888.4652155588545 610.9151507775223 706.9151507775223
2584 706.12933 506.8082 710.3067300841386 881.0567300841386 614.0338607170812 710.0338607170812
2601 706.12933 506.8082 702.346699277214 873.096699277214 617.1287351027865 713.1287351027865
2618 705.1402 507.0662 694.3017969577133 865.0517969577133 619.9957692114392 715.9957692114392
2635 705.1402 507.0662 686.178543102233 856.928543102233 622.6326394604092 718.6326394604092
2652 703.43774 507.3808 677.9835211872297 848.7335211872297 625.0372088029525 721.0372088029525
2669 703.43774 507.3808 669.7233728534557 840.4733728534557 627.2075284601758 723.2075284601758
2686 702.90247 507.17822 661.4047925232513 832.1547925232513 629.1418395004217 725.1418395004217
2703 702.90247 507.17822 653.0345219750633 823.7845219750633 630.8385742647915 726.8385742647915
2720 702.21155 506.21497 644.6193448795832 815.3693448795832 632.296357637651 728.296357637651
2737 702.21155 506.21497 636.1660813019316 806.9160813019316 633.5140081610913 729.5140081610913
2754 702.6778 504.7345 627.6815821743512 798.4315821743512 634.4905389924386 730.4905389924386
2771 702.6778 504.7345 619.1727237438794 789.9227237438794 635.2251587040392 731.2251587040392
2789 701.99695 507.3872 610.1444574500881 780.8944574500881 635.7386581426483 731.7386581426483
2806 701.99695 507.3872 601.607177164819 772.357177164819 635.9735692774082 731.9735692774082
2822 703.8033 504.01523 593.5690176902656 764.3190176902656 635.9725804261168 731.9725804261168
2839 703.8033 504.01523 585.0317954607539 755.7817954607539 635.7355687926154 731.7355687926154
2856 706.7263 501.7177 576.5047793711809 747.2547793711809 635.2556370072082 731.2556370072082
2874 704.26306 502.85382 567.4949783535706 738.2449783535706 634.4831348595524 730.4831348595524
2890 704.26306 502.85382 559.5089945588649 730.2589945588649 633.5687653790487 729.5687653790487
2907 704.5887 503.0818 551.0540000393138 721.8040000393138 632.3631926583694 728.3631926583694
2924 704.5887 503.0818 542.6367489028069 713.3867489028069 630.9174329219486 726.9174329219486
2941 704.5887 503.0818 534.2640628953682 705.0140628953682 629.232657883161 725.232657883161
2959 704.7903 502.20486 525.4549808532626 696.2049808532626 627.189780618001 723.189780618001
2975 704.7903 502.20486 517.6794871637487 688.4294871637487 625.1517161929854 721.1517161929854
2992 705.9113 503.36615 509.48103837910116 680.2310383791012 622.7588569334407 718.7588569334407
3009 705.9113 503.36615 501.3540257094023 672.1040257094023 620.1335944747455 716.1335944747455
3026 703.4668 502.50443 493.3050356774336 664.0550356774336 617.278056456131 713.278056456131
3043 703.4668 502.50443 485.3405915726703 656.0905915726703 614.1945571432422 710.1945571432422
3061 694.62256 499.77924 477.0069751274623 647.7569751274623 610.6839858379951 706.6839858379951
3078 687.92926 499.48865 469.2368388259649 639.9868388259649 607.1392263586182 703.1392263586182
3094 687.92926 499.48865 462.0187085871838 632.7687085871838 603.6021930576474 699.6021930576474
3112 682.3367 498.46533 454.01493504921393 624.7649350492139 599.3935254421243 695.3935254421243
3128 682.3367 498.46533 447.00978743869564 617.7597874386956 595.4514554692516 691.4514554692516
3145 681.7595 494.6562 439.68540812706976 610.4354081270698 591.058983999804 687.058983999804
3163 681.7595 494.6562 432.0698257527072 602.8198257527072 586.182901653867 682.182901653867
3179 679.1502 493.38525 425.4264873683203 596.1764873683203 581.6576321782761 677.6576321782761
3197 679.1502 493.38525 418.1007341971813 588.8507341971813 576.3560650118047 672.3560650118047
3213 679.1502 493.38525 411.72568540279684 582.4756854027969 571.4600705688548 667.4600705688548
3231 676.41205 492.2661 404.71350519699024 575.4635051969902 565.7502016818883 661.7502016818883
3248 673.1968 491.87933 398.2517260338776 569.0017260338776 560.165781572544 656.165781572544
3265 673.1968 491.87933 391.9515285815807 562.7015285815808 554.3996867092457 650.3996867092457
3282 670.50903 492.02533 385.818018823778 556.568018823778 548.4565902131905 644.4565902131905
3298 670.50903 492.02533 380.2020257696452 550.9520257696452 542.7057093474355 638.7057093474355
3315 666.4699 493.19055 374.4061519627961 545.1561519627961 536.4328962045494 632.4328962045494
3332 666.4699 493.19055 368.7911854693228 539.5411854693227 529.9976425819129 625.9976425819129
3349 674.9833 492.79807 363.3616769287074 534.1116769287074 523.4051639192346 619.4051639192346
3367 674.9833 492.79807 357.81981603687143 528.5698160368714 516.259462288142 612.259462288142
3383 681.7036 490.25824 353.07648117741576 523.8264811774158 509.7700260162269 605.7700260162269
3400 681.7036 490.25824 348.2291295851123 518.9791295851123 502.7384173488538 598.7384173488538
3417 686.1437 490.53223 343.58390042682595 514.333900426826 495.5716758314352 591.5716758314352
3435 686.1437 490.53223 338.8899101067921 509.6399101067921 487.8425278304917 583.8425278304917
3451 690.70245 488.3949 334.91470142185455 505.66470142185455 480.85613214835485 576.8561321483548
3469 690.70245 488.3949 330.668167657697 501.418167657697 472.8723845988062 568.8723845988062
3486 694.82886 482.12445 326.8802058135661 497.6302058135661 465.2178641711182 561.2178641711182
3503 694.82886 482.12445 323.31166860027383 494.06166860027383 457.45861935813366 553.4586193581337
3519 695.70667 481.01645 320.1560810978608 490.9060810978608 450.06576630732854 546.0657663073285
3536 695.70667 481.01645 317.0215805179704 487.7715805179704 442.1212559998803 538.1212559998803
3553 697.6718 476.9947 314.1144944740342 484.8644944740342 434.0907399116313 530.0907399116313
3570 697.6718 476.9947 311.4371790087004 482.1871790087004 425.9807263598813 521.9807263598814
3587 698.78204 476.83548 308.9918039474663 479.7418039474663 417.79778809050777 513.7977880905078
3604 698.78204 476.83548 306.780351140146 477.530351140146 409.5485569510936 505.5485569510936
3621 700.50653 478.43066 304.80461285468476 475.55461285468476 401.23971851615926 497.23971851615926
3638 702.2479 476.1647 303.06619032461737 473.81619032461737 392.87800666884965 488.87800666884965
3655 702.2479 476.1647 301.5664924513526 472.3164924513526 384.4701981434725 480.4701981434725
3672 702.2479 476.1647 300.30673466233077 471.05673466233077 376.02310703330426 472.02310703330426
3689 701.7466 478.1673 299.28793792598333 470.03793792598333 367.5435792681223 463.5435792681223
3706 701.7466 478.1673 298.5109279242903 469.2609279242903 359.03848706593226 455.03848706593226
3723 705.4569 471.8135 297.97633438360816 468.72633438360816 350.5147233633919 446.5147233633919
3740 705.4569 471.8135 297.68459056430925 468.43459056430925 341.9791962294431 437.9791962294431
3757 708.661 463.8496 417.64906576024066 588.3990657602407 333.056686471707 429.056686471707
3775 708.661 463.8496 418.0239626747057 588.7739626747057 324.0222125716715 420.0222125716715
3792 706.6346 466.86835 418.79422084104294 589.5442208410429 315.5170210808991 411.5170210808991
3808 706.6346 466.86835 419.88693415828243 590.6369341582824 307.553911501838 403.553911501838
3825 708.2147 470.08554 421.43620498653286 592.1862049865329 299.15561763711503 395.15561763711503
3842 709.24426 464.69748 423.3820723329198 594.1320723329197 290.84025954453836 386.84025954453836
3860 709.24426 464.69748 425.8697967163995 596.6197967163995 282.14695788528695 378.14695788528695
3876 707.1284 465.6035 428.4451933182859 599.1951933182859 274.53299249891984 370.53299249891984
3893 707.1284 465.6035 431.55105000007745 602.3010500000775 266.5777907912517 362.5777907912517
3910 710.72595 460.58392 435.03073493989234 605.7807349398923 258.7788567193968 354.7788567193968
3927 710.72595 460.58392 438.876415455004 609.626415455004 251.15374548655507 347.15374548655507
3944 710.72595 460.58392 443.0794350159092 613.8294350159092 243.71962102511617 339.71962102511617
3961 708.71075 464.26306 447.6303327319572 618.3803327319572 236.49321736108072 332.4932173610807
3979 708.71075 464.26306 452.81670848039323 623.5667084803932 229.08620899447726 325.08620899447726
3996 709.0331 466.01508 458.0507256503695 628.8007256503695 222.33812451057264 318.33812451057264
4012 709.0331 466.01508 463.26407999467915 634.0140799946792 216.22043924223226 312.22043924223226
4030 710.8529 464.70337 469.44880561963384 640.1988056196338 209.62411941289355 305.62411941289355
4046 707.7095 467.1746 475.21838667089924 645.9683866708992 204.0279536670738 300.0279536670738
4063 707.7095 467.1746 481.6157313118342 652.3657313118342 198.37060786867886 294.37060786867886
4080 709.6324 466.8725 488.27420988032543 659.0242098803254 193.0230623484931 289.0230623484931
4097 709.6324 466.8725 495.1788343096449 665.9288343096449 187.9973542961332 283.9973542961332
4115 708.7433 469.3192 502.7406224410547 673.4906224410547 183.0393681522872 279.03936815228724
4132 708.7433 469.3192 510.1025025692394 680.8525025692394 178.71105428707807 274.71105428707807
4149 708.6952 472.68063 517.6613936238961 688.4113936238961 174.73679385759596 270.73679385759596
4165 708.6952 472.68063 524.9403796987771 695.6903796987771 171.32776198864897 267.32776198864894
4183 706.97986 474.1427 533.3017438562879 704.0517438562879 167.88540004190477 263.88540004190475
4199 706.97986 474.1427 540.8710029469295 711.6210029469295 165.1814301122385 261.1814301122385
4217 708.13153 475.1258 549.5209282560902 720.2709282560902 162.54684124624086 258.5468412462409
4233 708.13153 475.1258 557.3123458725511 728.0623458725511 160.57226582663537 256.5722658266354
4250 709.8538 471.50653 565.678445290706 736.428445290706 158.85763453593017 254.85763453593017
4268 709.8538 471.50653 574.6146433324445 745.3646433324445 157.4768264733346 253.4768264733346
4284 707.4697 474.69193 582.6073830375866 753.3573830375866 156.6275629290547 252.6275629290547
4301 707.4697 474.69193 591.132114755926 761.882114755926 156.1171424476271 252.1171424476271
4318 706.05774 474.80118 599.6714617946108 770.4214617946108 156.01163372561214 252.01163372561214
4335 706.05774 474.80118 608.206202299593 778.956202299593 156.31127426047263 252.31127426047263
4353 706.5152 474.7367 617.2166157056257 787.9666157056257 157.06937491294823 253.06937491294823
4369 706.5152 474.7367 625.1850713827765 795.9350713827765 158.12239470530233 254.12239470530233
4386 704.23834 477.76535 633.5909809564164 804.3409809564164 159.6297978289907 255.6297978289907
4403 704.23834 477.76535 641.9159320172428 812.6659320172428 161.53420581373558 257.5342058137356
4420 707.91736 472.64404 650.1411853111272 820.8911853111272 163.83133188536496 259.831331885365
4437 705.54596 476.00684 658.2482260010909 828.9982260010909 166.5160052712332 262.5160052712332
4454 705.54596 476.00684 666.2188053437343 836.9688053437343 169.58218283949915 265.5821828394992
4471 705.54596 476.00684 674.0349817666976 844.7849817666976 173.0229627020636 269.02296270206364
4488 705.0134 477.58136 681.6791612546845 852.4291612546845 176.83059975054408 272.8305997505441
4505 705.0134 477.58136 689.1341369531456 859.8841369531456 180.99652309031762 276.9965230903176
4523 703.44385 479.19952 696.8027732058051 867.5527732058051 185.78758605914797 281.787586059148
4539 703.44385 479.19952 703.4098168015221 874.1598168015221 190.36493370665013 286.36493370665016
4556 705.9832 475.5255 710.1983867574248 880.9483867574248 195.54633292803192 291.5463329280319
4573 705.9832 475.5255 716.733556869033 887.483556869033 201.0438897990301 297.0438897990301
4590 705.184 475.87207 723.0006166338345 893.7506166338345 206.8452294582745 302.8452294582745
4608 709.0547 470.98965 729.3284286327194 900.0784286327194 213.30441374529323 309.30441374529323
4624 709.0547 470.98965 734.6746124154753 905.4246124154753 219.30636805391646 315.30636805391646
4641 713.7112 467.0148 740.0552705632856 910.8052705632856 225.93811728273374 321.93811728273374
4659 713.7112 467.0148 745.4027404132385 916.1527404132385 233.2296762758943 329.2296762758943
4675 714.8911 463.10577 749.8433760095571 920.5933760095571 239.9293697063817 335.9293697063817
4692 714.8911 463.10577 754.2287905304013 924.9787905304013 247.25737894613326 343.25737894613326
4709 714.8911 463.10577 758.2616938824929 929.0116938824929 254.78514557975075 350.78514557975075
4726 718.2473 461.44208 761.9330081024611 932.6830081024611 262.4957247950736 358.4957247950736
4743 718.2473 461.44208 765.2344691549205 935.9844691549205 270.3717602734482 366.3717602734482
4761 716.0631 456.17584 768.3187615671286 939.0687615671286 278.8717253711941 374.8717253711941
4777 716.0631 456.17584 770.6989549944915 941.4489549944915 286.5489524624127 382.5489524624127
4794 716.4331 453.95538 772.8496793622878 943.5996793622878 294.8136947228397 390.8136947228397
4811 716.3374 453.67233 774.605977411876 945.355977411876 303.17114631399613 399.17114631399613
4828 716.3374 453.67233 775.9638957607996 946.7138957607996 311.60249482388303 407.60249482388303
4846 716.68585 453.32745 776.9640893640834 947.7140893640834 320.5892561483454 416.5892561483454
4862 716.68585 453.32745 777.47327042036 948.22327042036 328.6108439720703 424.6108439720703
4879 714.88385 453.8256 777.6213291668411 948.3713291668411 337.1495592469291 433.1495592469291
4896 714.88385 453.8256 777.3642207321774 948.1142207321774 345.68568689301895 441.68568689301895
4913 713.9111 455.92264 776.7025238609478 947.4525238609478 354.200012303063 450.200012303063
4930 713.9111 455.92264 775.6377280160616 946.3877280160616 362.6733699460652 458.6733699460652
4947 713.9111 455.92264 774.1722300260149 944.9222300260149 371.0866865084376 467.0866865084376
4965 715.74207 456.5892 772.1874555236557 942.9374555236557 379.90841743392417 475.90841743392417
4981 715.74207 456.5892 770.0532173508461 940.8032173508461 387.65762152102405 483.65762152102405
4998 714.0735 464.56656 767.4089744590015 938.1589744590015 395.77793921594457 491.77793921594457
5015 713.2976 464.08383 764.3825521379785 935.1325521379785 403.7636982827043 499.7636982827043
5032 713.2976 464.08383 760.9807627878217 931.7307627878217 411.59692297976756 507.59692297976756
5049 710.0547 468.92133 757.2112637502574 927.9612637502574 419.25998091660404 515.259980916604
5066 710.0547 468.92133 753.0825400722103 923.8325400722103 426.73562274375536 522.7356227437554
5083 710.53076 465.71103 748.6038854061801 919.3538854061801 434.00702098068035 530.0070209806804
5100 710.53076 465.71103 743.7853810904619 914.5353810904619 441.057807893992 537.057807893992
5117 710.6084 464.63257 738.6378734563121 909.3878734563121 447.8721123408068 543.8721123408068
5134 710.6084 464.63257 733.1729494131282 903.9229494131282 454.4345954942897 550.4345954942896
5152 711.19366 463.11652 727.0542686708334 897.8042686708334 461.0922236245453 557.0922236245453
5168 711.19366 463.11652 721.3407445286122 892.0907445286122 466.7456100820642 562.7456100820642
5186 708.83594 467.38562 714.618748013828 885.368748013828 472.79350469111057 568.7935046911106
5202 708.83594 467.38562 708.3952424593289 879.1452424593289 477.8800669068827 573.8800669068827
5220 709.1549 467.67828 701.1304202885274 871.8804202885274 483.26380400796154 579.2638040079615
5236 709.1549 467.67828 694.4529376018812 865.2029376018812 487.73776886380733 583.7377688638073
5253 710.9987 465.53226 687.1468717414465 857.8968717414465 492.15964421036574 588.1596442103657
5270 710.9987 465.53226 679.639294413571 850.389294413571 496.2300081502966 592.2300081502966
5287 712.49426 465.12128 671.9471049847989 842.6971049847989 499.93969839739407 595.9396983973941
5304 712.49426 465.12128 664.0876183788416 834.8376183788416 503.28036453280606 599.2803645328061
5322 711.3024 466.57065 655.6031277542164 826.3531277542164 506.40697374848173 602.4069737484817
5338 711.3024 466.57065 647.9378564156366 818.6878564156366 508.8253930396211 604.8253930396211
5355 709.9778 464.19495 639.6839337638094 810.4339337638094 511.01727369220305 607.017273692203
5372 709.9778 464.19495 631.335337516615 802.085337516615 512.8151948914908 608.8151948914908
5389 708.9127 467.93225 622.9108601528986 793.6608601528986 514.2151095623715 610.2151095623715
5406 707.9741 462.7311 614.4294649579773 785.1794649579773 515.2138665323532 611.2138665323532
5423 707.9741 462.7311 605.9102433377668 776.6602433377668 515.8092176247758 611.8092176247758
5441 707.0784 461.91995 596.8699739756478 767.6199739756478 515.9984164810973 611.9984164810973
5458 707.0784 461.91995 588.3333032838261 759.0833032838261 515.7600188365996 611.7600188365996
5474 707.0784 461.91995 580.317552089333 751.067552089333 515.1659907650433 611.1659907650433
5492 707.0655 459.37885 571.3418767722527 742.0918767722527 514.0707652406622 610.0707652406622
5508 707.0655 459.37885 563.4184791480179 734.1684791480179 512.7198741828516 608.7198741828516
5525 705.5221 463.989 555.0749625136663 725.8249625136663 510.8985257511097 606.8985257511097
5542 705.5221 463.989 546.8272249367301 717.5772249367301 508.68348516468336 604.6834851646834
5559 704.4188 465.71777 538.6938318657412 709.4438318657412 506.079738423869 602.079738423869
5577 697.80865 464.27115 530.2269771400934 700.9769771400934 502.9056814927985 598.9056814927985
5593 697.80865 464.27115 522.843012891798 693.593012891798 499.7304321259451 595.7304321259451
5610 700.6181 461.72354 515.1612667811617 685.9112667811617 495.99916469660786 591.9991646966079
5627 700.6181 461.72354 507.6651444467964 678.4151444467964 491.90774319720856 587.9077431972086
5644 702.5239 459.97665 500.37151947034613 671.1215194703461 487.4653773139863 583.4653773139863
5661 702.5239 459.97665 493.29680961702684 664.0468096170268 482.6820667001052 578.6820667001052
5678 701.17523 463.76398 486.4569398796541 657.2069398796541 477.56857846668925 573.5685784666892
5695 701.17523 463.76398 479.86730663188473 650.6173066318847 472.13642294632587 568.1364229463259
5712 701.17523 463.76398 473.54274297137306 644.2927429713731 466.3978277836013 562.3978277836013
5730 698.89246 466.0381 467.15087413130334 637.9008741313033 460.00202610763864 556.0020261076386
5746 698.89246 466.0381 461.7451414322254 632.4951414322254 454.0536489719888 550.0536489719889
5763 698.6287 462.0359 456.29865965604995 627.04865965605 447.47585175716756 543.4758517571676
5780 699.54565 458.03656 451.1702998949387 621.9202998949387 440.6471252215585 536.6471252215586
5797 699.54565 458.03656 446.37160595691194 617.1216059569119 433.58284065575424 529.5828406557542
5814 701.81177 455.2461 441.9133795805666 612.6633795805666 426.29889958551144 522.2988995855114
5831 701.81177 455.2461 437.80565612063515 608.5556561206351 418.8116979778178 514.8116979778179
5849 703.1249 454.507 433.8486005938714 604.5986005938714 410.68126269395975 506.68126269395975
5865 703.1249 454.507 430.67789368960894 601.4278936896089 403.295346752855 499.295346752855
5882 705.47766 453.7656 427.67389913133843 598.4238991313384 395.30112404946493 491.30112404946493
5900 705.47766 453.7656 424.9103018905736 595.6603018905736 386.6915481808328 482.6915481808328
5916 705.32855 454.17737 422.8194776869708 593.5694776869708 378.9305179198789 474.9305179198789
5934 705.32855 454.17737 420.8841188838897 591.6341188838896 370.0978143331939 466.0978143331939
5951 705.94147 450.9887 419.4657421273871 590.2157421273871 361.67642565233353 457.67642565233353
5967 705.94147 450.9887 418.4970946157316 589.2470946157316 353.69727415859836 449.69727415859836
5984 704.46844 448.27124 417.85929986469176 588.6092998646918 345.18112492358273 441.18112492358273
6001 704.46844 448.27124 417.6286526131048 588.3786526131048 337.1467028281774 433.1467028281774
