1 715.2983 466.38504 297.62542067616835 468.37542067616835 335.4976002348308 431.4976002348308
18 715.2983 466.38504 297.76128878990846 468.51128878990846 326.9581694712406 422.9581694712406
34 712.40186 467.65292 298.1111703954607 468.8611703954607 318.92762829531256 414.92762829531256
51 712.40186 467.65292 298.7185140048509 469.4685140048509 310.4087391863609 406.4087391863609
68 713.61926 462.67395 299.56810583748677 470.31810583748677 301.91059046864586 397.91059046864586
85 713.61926 462.67395 300.6592573431978 471.4092573431978 293.44006945149073 389.44006945149073
102 713.1824 463.15805 301.9910842002114 472.7410842002114 285.00404105339845 381.00404105339845
119 711.52905 466.58258 303.56250703184975 474.31250703184975 276.6093422383909 372.6093422383909
142 711.52905 466.58258 306.06761758171154 476.81761758171154 265.32968970355455 361.32968970355455
153 712.3748 463.2289 307.4188532438116 478.1688532438116 259.9711082224287 355.9711082224287
170 712.3748 463.2289 309.7006512552929 480.4506512552929 251.74105744826687 347.7410574482669
188 710.40155 466.7428 312.370971055829 483.120971055829 243.10145872448777 339.10145872448777
204 710.40155 466.7428 314.9622521925565 485.7122521925565 235.4924331110061 331.4924331110061
221 710.94867 470.26544 317.93779086333535 488.68779086333535 227.48702821623766 323.48702821623766
238 710.94867 470.26544 321.14000152904384 491.89000152904384 219.5695674640201 315.5695674640201
255 712.10504 471.51797 324.5662889638151 495.3162889638151 211.74646754616077 307.7464675461608
272 712.10504 471.51797 328.2138763391684 498.9638763391684 204.0240686798987 300.02406867989873
289 714.9682 466.9628 332.0798074744846 502.8298074744846 196.40862946948707 292.4086294694871
306 714.9682 466.9628 336.16094923283765 506.91094923283765 188.90632183391858 284.9063218339186
323 716.0561 464.22574 340.4539940602396 511.2039940602396 181.52322600490484 277.5232260049048
340 716.0561 464.22574 344.9554626662418 515.7054626662418 174.26532559916362 270.2653255991636
357 717.02374 461.01434 349.6617068437197 520.4117068437197 167.13850276900726 263.13850276900723
374 717.02374 461.01434 354.5689124255555 525.3189124255555 160.14853343516307 256.1485334351631
392 714.07263 461.55875 359.9793956887837 530.7293956887837 152.90284887099742 248.90284887099742
409 714.07263 461.55875 365.28764512599264 536.0376451259926 146.21234621253794 242.21234621253794
425 711.58374 465.93192 370.45573236238414 541.2057323623842 140.05581447516937 236.05581447516937
442 711.58374 465.93192 376.12543363562395 546.875433635624 133.66873177782583 229.66873177782583
459 708.44965 467.00586 381.9746488335043 552.7246488335043 127.44562809241546 223.44562809241546
476 708.44965 467.00586 387.9986374701024 558.7486374701024 121.39154692211227 217.39154692211227
493 706.9214 469.4604 394.1925174146769 564.9425174146769 115.51139478609738 211.51139478609738
510 706.9214 469.4604 400.5512688483818 571.3012688483818 109.8099372430793 205.8099372430793
528 706.3118 471.10342 407.45803936531155 578.2080393653116 103.97300354707676 199.97300354707676
544 706.3118 471.10342 413.7426429853873 584.4926429853873 98.96144031244515 194.96144031244515
561 707.08636 471.84735 420.564574763276 591.314574763276 93.82319306962836 189.82319306962836
579 707.08636 471.84735 427.94408475446505 598.694084754465 88.5967118216947 184.5967118216947
595 709.7053 465.27832 434.6332881070341 605.3832881070341 84.13951907017963 180.13951907017963
612 709.7053 465.27832 441.86866770951156 612.6186677095116 79.60194042970028 175.60194042970028
629 707.39075 467.44727 449.2302797509776 619.9802797509776 75.27215913482809 171.2721591348281
647 707.39075 467.44727 457.15588471125693 627.9058847112569 70.91807370173689 166.9180737017369
663 705.03577 471.41367 464.3082388604396 635.0582388604396 67.24985358281685 163.24985358281685
680 704.36035 475.3907 472.0123660236304 642.7623660236304 63.563830988764266 159.56383098876427
697 704.36035 475.3907 479.81829571979983 650.5682957197998 60.09860379723074 156.09860379723074
714 703.4694 475.78784 487.71970164728384 658.4697016472838 56.85698039535282 152.85698039535282
731 703.4694 475.78784 495.7101801258791 666.4601801258791 53.84158795097835 149.84158795097835
748 703.5361 475.9859 503.783255286693 674.533255286693 51.0548702834833 147.0548702834833
766 703.5361 475.9859 512.4139724557664 683.1639724557664 48.355982532478436 144.35598253247844
782 703.5361 475.9859 520.1509627803556 690.9009627803556 46.176306080939696 142.1763060809397
799 704.30994 478.2988 528.4323299341439 699.1823299341439 44.08841336946284 140.08841336946284
817 704.30994 478.2988 537.2618142040386 708.0118142040386 42.13559963724384 138.13559963724384
833 707.13464 479.7424 545.156538399579 715.906538399579 40.62386599915499 136.623865999155
850 707.13464 479.7424 553.585825606595 724.335825606595 39.25001917650059 135.2500191765006
867 713.1778 474.84738 562.0508042831839 732.8008042831839 38.116672841359446 134.11667284135945
884 714.6498 477.21143 570.5446140026227 741.2946140026227 37.2247455122278 133.2247455122278
901 714.6498 477.21143 579.0603709721212 749.8103709721212 36.574960050003085 132.57496005000309
918 715.84314 478.95627 587.5911736117806 758.3411736117806 36.167843072143 132.167843072143
935 715.84314 478.95627 596.1301081479654 766.8801081479654 36.00372452586896 132.00372452586896
952 716.3726 480.7245 604.6702542165596 775.4202542165596 36.08273742076125 132.08273742076125
969 716.3726 480.7245 613.2046904715623 783.9546904715623 36.40481772096149 132.4048177209615
986 718.2792 483.10056 621.7265001944813 792.4765001944813 36.96970439707047 132.96970439707047
1003 718.2792 483.10056 630.2287768999744 800.9787768999744 37.77693963769889 133.7769396376989
1020 718.2792 483.10056 638.7046299331981 809.4546299331981 38.82586922049978 134.82586922049978
1038 716.9128 483.54175 647.6426280498187 818.3926280498187 40.19899106955364 136.19899106955364
1054 715.75397 487.8094 655.5496150057149 826.2996150057149 41.645215808474234 137.64521580847423
1072 715.75397 487.8094 664.3949870000625 835.1449870000625 43.52475517402934 139.52475517402934
1088 716.53986 487.75662 672.2068585250034 842.9568585250034 45.41860627535635 141.41860627535635
1105 716.53986 487.75662 680.4481772598931 851.1981772598931 47.65936583863811 143.6593658386381
1122 715.8532 491.02576 688.6223720999366 859.3723720999366 50.133810549576026 146.13381054957603
1139 715.8532 491.02576 696.7228182836474 867.4728182836474 52.839934998910564 148.83993499891056
1156 714.9378 491.28387 704.742950819005 875.492950819005 55.77554601295549 151.7755460129555
1173 714.9378 491.28387 712.6762698040402 883.4262698040402 58.93826443105149 154.9382644310515
1190 717.221 491.16806 720.5163456946693 891.2663456946693 62.32552703375262 158.32552703375262
1208 717.221 491.16806 728.7089106673807 899.4589106673807 66.15373198032523 162.15373198032523
1224 714.78735 493.5775 735.8914330094331 906.6414330094331 69.76252423287974 165.76252423287974
1241 714.78735 493.5775 743.413983721744 914.163983721744 73.80623152831976 169.80623152831976
1259 716.04755 492.37146 751.2501244418916 922.0001244418916 78.31934271231506 174.31934271231506
1276 716.04755 492.37146 758.5228774307536 929.2728774307536 82.79677522140798 178.79677522140798
1292 716.8298 494.8274 765.2488064458005 935.9988064458005 87.19835307494287 183.19835307494287
1309 716.8298 494.8274 772.263141470708 943.013141470708 92.0706669060545 188.0706669060545
1326 715.95135 494.29932 779.1359413283826 949.8859413283826 97.14067282585665 193.14067282585665
1344 715.95135 494.29932 786.2525668282935 957.0025668282935 102.71982289007568 198.71982289007568
1360 716.9688 495.42346 792.434774570124 963.184774570124 107.85716813378187 203.85716813378187
1377 716.9688 495.42346 798.8500299387413 969.6000299387413 113.49497235758312 209.49497235758312
1395 719.30115 497.144 805.4647900584413 976.2147900584413 119.66086422363836 215.66086422363836
1411 719.30115 497.144 811.1862262243785 981.9362262243785 125.30685190652298 221.30685190652298
1429 720.0821 496.8106 817.4393786828404 988.1893786828404 131.83918367062486 227.83918367062486
1445 720.2295 495.98712 822.8302415379586 993.5802415379586 137.80161659632608 233.80161659632608
1463 720.2295 495.98712 828.7015190178248 999.4515190178248 144.67921608302754 240.67921608302754
1479 719.9938 497.16672 833.7443360426164 1004.4943360426164 150.93876919572267 246.93876919572267
1497 719.9938 497.16672 839.2147089352587 1009.9647089352587 158.13934516994212 254.13934516994212
1513 718.8081 495.35126 843.8931356740757 1014.6431356740757 164.675730406883 260.67573040688296
1530 718.8081 495.35126 848.6701707867052 1019.4201707867052 171.7552977272204 267.7552977272204
1547 718.8081 495.35126 853.2437467928016 1023.9937467928016 178.96797687071094 274.9679768707109
1564 717.9887 495.6377 857.6101570459276 1028.3601570459277 186.30792233453255 282.3079223345326
1581 717.9887 495.6377 861.7658627967578 1032.5158627967578 193.76918547310373 289.76918547310373
1598 715.915 496.76956 865.7074960610505 1036.4574960610505 201.34571931915121 297.3457193191512
1615 715.915 496.76956 869.4318623492258 1040.1818623492259 209.03138348446487 305.03138348446487
1633 714.96277 495.64398 873.1351439647128 1043.8851439647128 217.28117010118746 313.28117010118746
1649 714.96277 495.64398 876.2168989033121 1046.966898903312 224.7051040458423 320.7051040458423
1666 714.5323 497.5024 879.2720702485676 1050.0220702485676 232.6804577033056 328.6804577033056
1683 712.7357 500.56213 882.0989812329851 1052.8489812329851 240.73954649774532 336.7395464977453
1700 712.7357 500.56213 884.6953407916484 1055.4453407916485 248.87583895516212 344.8758389551621
1717 711.48004 502.65854 887.0590447096293 1057.8090447096292 257.08274103198784 353.08274103198784
1734 711.48004 502.65854 889.1881773273444 1059.9381773273444 265.35360145921436 361.35360145921436
1752 712.67676 504.87152 891.1849638955216 1061.9349638955216 274.17324529251096 370.17324529251096
1768 712.67676 504.87152 892.7360179615537 1063.4860179615537 282.0603385467098 378.0603385467098
1785 713.4853 506.67957 894.1518506369953 1064.9018506369953 290.4826752619944 386.4826752619944
1803 713.4853 506.67957 895.3890061395116 1066.1390061395116 299.4405053679775 395.4405053679775
1819 713.1284 507.71857 896.2616043392997 1067.0116043392995 307.4311612295389 403.4311612295389
1837 713.1284 507.71857 896.986983596427 1067.7369835964269 316.44487849148953 412.44487849148953
1853 710.9737 508.23303 897.4034362013994 1068.1534362013995 324.4722426880359 420.4722426880359
1871 710.9737 508.23303 897.6146881603357 1068.3646881603358 333.5126324227158 429.5126324227158
1887 711.3883 510.3193 897.5736453909749 1068.323645390975 341.5506871754069 437.5506871754069
1904 711.3883 510.3193 897.2940959534936 1068.0440959534935 350.08662239203596 446.08662239203596
1922 710.3626 509.8988 896.7333946506541 1067.4833946506542 359.1120801640305 455.1120801640305
1938 710.3626 509.8988 896.0068216320687 1066.7568216320687 367.1173347111916 463.1173347111916
1955 709.0169 511.7568 895.0001400172805 1065.7501400172805 375.5983093035911 471.5983093035911
1973 709.0169 511.7568 893.6715730175129 1064.4215730175129 384.54303868307437 480.54303868307437
1989 707.9182 512.4944 892.2647665348454 1063.0147665348454 392.4571339716405 488.4571339716405
2006 707.9182 512.4944 890.5382915457113 1061.2882915457112 400.8213208432003 496.8213208432003
2023 706.9527 514.7114 888.5744255069792 1059.3244255069792 409.13297339202586 505.13297339202586
2040 706.9527 514.7114 886.3747600303433 1057.1247600303432 417.385355454278 513.3853554542779
2057 704.438 515.46906 883.9410778307275 1054.6910778307274 425.5717789017766 521.5717789017766
2074 704.438 515.46906 881.2753512814876 1052.0253512814875 433.68560906238275 529.6856090623828
2092 705.83813 513.63635 878.2023009969078 1048.9523009969078 442.19029223658174 538.1902922365817
2108 705.83813 513.63635 875.2565931762647 1046.0065931762647 449.6692503292295 545.6692503292295
2125 704.70685 513.7447 871.9084395119482 1042.6584395119482 457.52610752219204 553.526107522192
2142 704.70685 513.7447 868.3379933280626 1039.0879933280626 465.2844741001809 561.2844741001809
2159 704.71814 510.57233 864.5481482862865 1035.2981482862865 472.9380623089762 568.9380623089762
2176 704.71814 510.57233 860.5419758597092 1031.291975859709 480.4806693117979 576.4806693117979
2193 704.78766 509.93033 856.3227228435584 1027.0727228435585 487.90618221638465 583.9061822163847
2210 703.7932 509.8438 851.8938087238421 1022.6438087238421 495.20858302917645 591.2085830291765
2227 703.7932 509.8438 847.2588229060326 1018.0088229060326 502.38195353258584 598.3819535325858
2244 703.5874 508.16577 842.4215218060378 1013.1715218060378 509.42048008140796 605.420480081408
2262 703.5874 508.16577 837.0835164298949 1007.8335164298949 516.719724737489 612.719724737489
2278 704.4237 507.4068 832.1558160761413 1002.9058160761413 523.0702977777584 619.0702977777584
2295 704.4237 507.4068 826.7357312689596 997.4857312689596 529.6705264551181 625.6705264551181
2312 704.4237 507.4068 821.1299640822481 991.8799640822481 536.1137952031119 632.1137952031119
2329 704.6013 506.01907 815.3430576999276 986.0930576999276 542.394882086187 638.394882086187
2347 704.6013 506.01907 809.023524111755 979.773524111755 548.8630169930223 644.8630169930223
2363 704.22894 506.7384 803.2447303028227 973.9947303028227 554.4502838409564 650.4502838409564
2381 704.22894 506.7384 796.5673499372441 967.3173499372441 560.5483052740481 656.5483052740481
2397 702.8263 506.74515 790.4799614017456 961.2299614017456 565.7976585231695 661.7976585231695
2414 702.8263 506.74515 783.8605094916655 954.6105094916655 571.1942495138428 667.1942495138428
2431 700.6466 505.50214 777.0901233483269 947.8401233483269 576.4002277485814 672.4002277485814
2448 698.5223 506.19208 770.1742900189863 940.9242900189863 581.4113740517007 677.4113740517007
2465 698.5223 506.19208 763.1186144283101 933.8686144283101 586.2236271487043 682.2236271487043
2482 698.75635 506.0823 755.9288148358737 926.6788148358737 590.8330869577367 686.8330869577367
2499 698.75635 506.0823 748.6107182018081 919.3607182018081 595.2360177503971 691.2360177503971
2516 698.6175 507.2636 741.17025546435 911.92025546435 599.4288511793545 695.4288511793545
2533 698.6175 507.2636 733.6134567331254 904.3634567331254 603.4081891703074 699.4081891703074
2550 698.6175 507.2636 725.9464464020558 896.6964464020558 607.1708066759479 703.1708066759479
2567 701.4165 506.77902 718.1754381858558 888.9254381858558 610.7136542896951 706.7136542896951
2584 701.4165 506.77902 710.3067300841386 881.0567300841386 614.0338607170812 710.0338607170812
2601 700.87463 506.7192 702.346699277214 873.096699277214 617.1287351027865 713.1287351027865
2619 703.1929 503.70496 693.8260633664289 864.5760633664289 620.1572723108953 716.1572723108953
2635 703.1929 503.70496 686.178543102233 856.928543102233 622.6326394604092 718.6326394604092
2652 704.0632 502.0185 677.9835211872297 848.7335211872297 625.0372088029525 721.0372088029525
2669 704.0632 502.0185 669.7233728534557 840.4733728534557 627.2075284601758 723.2075284601758
2686 703.31726 501.7433 661.4047925232513 832.1547925232513 629.1418395004217 725.1418395004217
2703 703.31726 501.7433 653.0345219750633 823.7845219750633 630.8385742647915 726.8385742647915
2721 702.9652 499.76855 644.1230815799211 814.8730815799211 632.3746419810356 728.3746419810356
2738 702.9652 499.76855 635.6677906981013 806.4177906981013 633.5781344048996 729.5781344048996
2754 705.09265 499.92398 627.6815821743512 798.4315821743512 634.4905389924386 730.4905389924386
2772 705.09265 499.92398 618.6715913636143 789.4215913636143 635.2608243522246 731.2608243522246
2788 705.09265 499.92398 610.6464019995067 781.3964019995067 635.7172719246712 731.7172719246712
2805 707.3545 497.95493 602.1095270833351 772.8595270833351 635.9664798220608 731.9664798220608
2822 711.98694 498.63086 593.5690176902656 764.3190176902656 635.9725804261168 731.9725804261168
2839 711.98694 498.63086 585.0317954607539 755.7817954607539 635.7355687926154 731.7355687926154
2856 711.6692 498.9743 576.5047793711809 747.2547793711809 635.2556370072082 731.2556370072082
2873 711.6692 498.9743 567.9948801263789 738.7448801263789 634.5331740297464 730.5331740297464
2890 709.5674 498.8801 559.5089945588649 730.2589945588649 633.5687653790487 729.5687653790487
2908 709.5674 498.8801 550.5577560156919 721.3077560156919 632.2847862171152 728.2847862171152
2924 708.74365 497.81772 542.6367489028069 713.3867489028069 630.9174329219486 726.9174329219486
2941 708.74365 497.81772 534.2640628953682 705.0140628953682 629.232657883161 725.232657883161
2958 706.8453 500.0205 525.9427276452934 696.6927276452934 627.3102329649023 723.3102329649023
2975 706.8453 500.0205 517.6794871637487 688.4294871637487 625.1517161929854 721.1517161929854
2992 707.5362 498.31094 509.48103837910116 680.2310383791012 622.7588569334407 718.7588569334407
3010 707.5864 498.78976 500.8783318686146 671.6283318686146 619.9719743310518 715.9719743310518
3026 707.5864 498.78976 493.3050356774336 664.0550356774336 617.278056456131 713.278056456131
3043 707.5864 498.78976 485.3405915726703 656.0905915726703 614.1945571432422 710.1945571432422
3061 706.50085 501.0387 477.0069751274623 647.7569751274623 610.6839858379951 706.6839858379951
3078 706.50085 501.0387 469.2368388259649 639.9868388259649 607.1392263586182 703.1392263586182
3094 704.57996 497.26773 462.0187085871838 632.7687085871838 603.6021930576474 699.6021930576474
3111 704.57996 497.26773 454.4562325780845 625.2062325780845 599.6336549738851 695.6336549738851
3128 705.15735 495.38776 447.00978743869564 617.7597874386956 595.4514554692516 691.4514554692516
3145 705.15735 495.38776 439.68540812706976 610.4354081270698 591.058983999804 687.058983999804
3162 708.56305 492.1797 432.4890306732291 603.2390306732291 586.4598004361334 682.4598004361334
3179 711.34436 492.79343 425.4264873683203 596.1764873683203 581.6576321782761 677.6576321782761
3197 711.34436 492.79343 418.1007341971813 588.8507341971813 576.3560650118047 672.3560650118047
3213 716.30457 492.155 411.72568540279684 582.4756854027969 571.4600705688548 667.4600705688548
3230 716.30457 492.155 405.09853053246013 575.8485305324601 566.0729418127313 662.0729418127313
3247 715.8463 489.75818 398.6274083925641 569.3774083925641 560.4993508552757 656.4993508552757
3265 715.8463 489.75818 391.9515285815807 562.7015285815808 554.3996867092457 650.3996867092457
3281 715.4127 487.36676 386.17410963438175 556.9241096343817 548.8109982204569 644.8109982204569
3299 715.4127 487.36676 379.8561676524065 550.6061676524065 542.3413086562304 638.3413086562304
3316 715.4127 487.36676 374.0708068390105 544.8208068390105 536.0587981572892 632.0587981572892
3332 721.54626 485.17664 368.7911854693228 539.5411854693227 529.9976425819129 625.9976425819129
3349 721.54626 485.17664 363.3616769287074 534.1116769287074 523.4051639192346 619.4051639192346
3366 720.1577 485.4528 358.12202667636814 528.8720266763681 516.6608030789737 612.6608030789737
3383 719.46704 486.68622 353.07648117741576 523.8264811774158 509.7700260162269 605.7700260162269
3400 719.46704 486.68622 348.2291295851123 518.9791295851123 502.7384173488538 598.7384173488538
3418 720.5243 486.519 343.31702741539596 514.067027415396 495.1460181088685 591.1460181088685
3435 720.5243 486.519 338.8899101067921 509.6399101067921 487.8425278304917 583.8425278304917
3451 721.6447 485.69165 334.91470142185455 505.66470142185455 480.85613214835485 576.8561321483548
3468 721.6447 485.69165 330.8977575118902 501.6477575118902 473.3192561685689 569.3192561685689
3485 721.798 486.06628 327.0969822152257 497.8469822152257 465.6710900449318 561.6710900449318
3502 721.798 486.06628 323.5154558633554 494.2654558633554 457.9178322199049 553.9178322199049
3519 721.25104 487.14258 320.1560810978608 490.9060810978608 450.06576630732854 546.0657663073285
3537 721.25104 487.14258 316.8442563482289 487.5942563482289 441.6511902174244 537.6511902174244
3553 721.25104 487.14258 314.1144944740342 484.8644944740342 434.0907399116313 530.0907399116313
3570 721.661 486.44446 311.4371790087004 482.1871790087004 425.9807263598813 521.9807263598814
3587 720.0073 488.32312 308.9918039474663 479.7418039474663 417.79778809050777 513.7977880905078
3604 720.0073 488.32312 306.780351140146 477.530351140146 409.5485569510936 505.5485569510936
3621 720.63086 486.7144 304.80461285468476 475.55461285468476 401.23971851615926 497.23971851615926
3639 720.63086 486.7144 302.97135171354296 473.72135171354296 392.3846393220784 488.3846393220784
3656 718.7635 487.1449 301.4857362133312 472.2357362133312 383.97433109371923 479.97433109371923
3672 718.7635 487.1449 300.30673466233077 471.05673466233077 376.02310703330426 472.02310703330426
3689 717.8491 489.40082 299.28793792598333 470.03793792598333 367.5435792681223 463.5435792681223
3707 717.8491 489.40082 298.4727655898568 469.2227655898568 358.5375386282254 454.5375386282254
3723 719.41956 490.5593 297.97633438360816 468.72633438360816 350.5147233633919 446.5147233633919
3740 719.41956 490.5593 297.68459056430925 468.43459056430925 341.9791962294431 437.9791962294431
3759 719.78955 493.23975 417.6683000312982 588.4183000312983 332.05207188836516 428.05207188836516
3775 719.93585 493.2097 418.0239626747057 588.7739626747057 324.0222125716715 420.0222125716715
3791 719.93585 493.2097 418.73774721758974 589.4877472175897 316.01623679178385 412.01623679178385
3808 719.93585 493.2097 419.88693415828243 590.6369341582824 307.553911501838 403.553911501838
3825 718.11414 493.31622 421.43620498653286 592.1862049865329 299.15561763711503 395.15561763711503
3842 718.11414 493.31622 423.3820723329198 594.1320723329197 290.84025954453836 386.84025954453836
3859 716.5997 494.35693 425.72015609929747 596.4701560992975 282.62655488470796 378.62655488470796
3876 716.5997 494.35693 428.4451933182859 599.1951933182859 274.53299249891984 370.53299249891984
3893 718.7892 495.17517 431.55105000007745 602.3010500000775 266.5777907912517 362.5777907912517
3910 718.7892 495.17517 435.03073493989234 605.7807349398923 258.7788567193968 354.7788567193968
3927 718.5667 496.2246 438.876415455004 609.626415455004 251.15374548655507 347.15374548655507
3945 718.6953 495.88705 443.3376014504479 614.0876014504479 243.28862718732034 339.28862718732034
3961 718.6953 495.88705 447.6303327319572 618.3803327319572 236.49321736108072 332.4932173610807
3978 718.71423 497.49115 452.518864647575 623.268864647575 229.49080094619188 325.4908009461919
3996 718.71423 497.49115 458.0507256503695 628.8007256503695 222.33812451057264 318.33812451057264
4012 721.67395 498.14297 463.26407999467915 634.0140799946792 216.22043924223226 312.22043924223226
4029 721.67395 498.14297 469.09657621838664 639.8465762183866 209.98236520147657 305.98236520147657
4046 721.67395 498.14297 475.21838667089924 645.9683866708992 204.0279536670738 300.0279536670738
4063 720.3282 498.7531 481.6157313118342 652.3657313118342 198.37060786867886 294.37060786867886
4080 720.3282 498.7531 488.27420988032543 659.0242098803254 193.0230623484931 289.0230623484931
4098 718.6619 501.55157 495.5923246451781 666.3423246451781 187.71199252826437 283.7119925282644
4115 718.6619 501.55157 502.7406224410547 673.4906224410547 183.0393681522872 279.03936815228724
4131 719.0376 500.45526 509.66383312829794 680.4138331282979 178.95595164869005 274.9559516486901
4149 720.6314 498.53058 517.6613936238961 688.4113936238961 174.73679385759596 270.73679385759596
4165 720.6314 498.53058 524.9403796987771 695.6903796987771 171.32776198864897 267.32776198864894
4182 718.88135 499.82333 532.8327684862486 703.5827684862486 168.06558799499004 264.06558799499004
4199 718.88135 499.82333 540.8710029469295 711.6210029469295 165.1814301122385 261.1814301122385
4216 719.23804 502.83755 549.0369892185008 719.7869892185008 162.68178050678887 258.68178050678887
4233 719.23804 502.83755 557.3123458725511 728.0623458725511 160.57226582663537 256.5722658266354
4250 721.168 501.2452 565.678445290706 736.428445290706 158.85763453593017 254.85763453593017
4268 721.168 501.2452 574.6146433324445 745.3646433324445 157.4768264733346 253.4768264733346
4284 721.4579 501.82147 582.6073830375866 753.3573830375866 156.6275629290547 252.6275629290547
4301 721.4579 501.82147 591.132114755926 761.882114755926 156.1171424476271 252.1171424476271
4318 721.4579 501.82147 599.6714617946108 770.4214617946108 156.01163372561214 252.01163372561214
4335 721.26965 505.24826 608.206202299593 778.956202299593 156.31127426047263 252.31127426047263
4353 722.062 504.6842 617.2166157056257 787.9666157056257 157.06937491294823 253.06937491294823
4370 722.062 504.6842 625.6814395481568 796.4314395481568 158.20001068650026 254.20001068650026
4386 720.74695 506.00726 633.5909809564164 804.3409809564164 159.6297978289907 255.6297978289907
4404 720.74695 506.00726 642.4027122819134 813.1527122819134 161.65850613580778 257.6585061358078
4420 719.1786 507.43704 650.1411853111272 820.8911853111272 163.83133188536496 259.831331885365
4437 719.1786 507.43704 658.2482260010909 828.9982260010909 166.5160052712332 262.5160052712332
4454 720.0107 508.4853 666.2188053437343 836.9688053437343 169.58218283949915 265.5821828394992
4471 720.0107 508.4853 674.0349817666976 844.7849817666976 173.0229627020636 269.02296270206364
4488 721.4343 507.2195 681.6791612546845 852.4291612546845 176.83059975054408 272.8305997505441
4505 721.4343 507.2195 689.1341369531456 859.8841369531456 180.99652309031762 276.9965230903176
4522 720.8753 508.36395 696.3831279004737 867.1331279004737 185.51135533338842 281.51135533338845
4539 720.35333 509.44727 703.4098168015221 874.1598168015221 190.36493370665013 286.36493370665016
4556 720.35333 509.44727 710.1983867574248 880.9483867574248 195.54633292803192 291.5463329280319
4574 720.35333 509.44727 717.1097699331881 887.8597699331881 201.3768602579292 297.3768602579292
4590 717.3341 512.17334 723.0006166338345 893.7506166338345 206.8452294582745 302.8452294582745
4608 717.3341 512.17334 729.3284286327194 900.0784286327194 213.30441374529323 309.30441374529323
4625 716.1929 515.78894 734.9997830567704 905.7497830567704 219.68934279222185 315.68934279222185
4641 716.1929 515.78894 740.0552705632856 910.8052705632856 225.93811728273374 321.93811728273374
4658 715.9968 515.9313 745.1153217770493 915.8653217770493 232.81761302381858 328.8176130238186
4675 715.9968 515.9313 749.8433760095571 920.5933760095571 239.9293697063817 335.9293697063817
4693 714.121 518.2499 754.4758707295014 925.2258707295014 247.69482262405427 343.69482262405427
4709 714.121 518.2499 758.2616938824929 929.0116938824929 254.78514557975075 350.78514557975075
4726 712.59906 517.2471 761.9330081024611 932.6830081024611 262.4957247950736 358.4957247950736
4744 713.6328 516.63574 765.4169917624882 936.1669917624882 270.8398319494411 366.8398319494411
4760 713.6328 516.63574 768.1586455346032 938.9086455346032 278.3955232583588 374.3955232583588
4777 711.3681 516.0927 770.6989549944915 941.4489549944915 286.5489524624127 382.5489524624127
4795 711.3681 516.0927 772.9639522412413 943.7139522412413 295.3029260641045 391.3029260641045
4812 711.1643 516.4686 774.6969169040786 945.4469169040786 303.6652471183856 399.6652471183856
4828 711.1643 516.4686 775.9638957607996 946.7138957607996 311.60249482388303 407.60249482388303
4845 711.1643 516.4686 776.9203777692248 947.6703777692248 320.08876150040663 416.08876150040663
4863 708.4001 516.9465 777.4931938134266 948.2431938134266 329.11284860805364 425.11284860805364
4879 708.4001 516.9465 777.6213291668411 948.3713291668411 337.1495592469291 433.1495592469291
4896 708.324 515.6959 777.3642207321774 948.1142207321774 345.68568689301895 441.68568689301895
4913 708.324 515.6959 776.7025238609478 947.4525238609478 354.200012303063 450.200012303063
4930 709.83344 514.2347 775.6377280160616 946.3877280160616 362.6733699460652 458.6733699460652
4947 710.6535 513.39795 774.1722300260149 944.9222300260149 371.0866865084376 467.0866865084376
4965 710.6535 513.39795 772.1874555236557 942.9374555236557 379.90841743392417 475.90841743392417
4982 711.0884 513.6499 769.9083637432075 940.6583637432075 388.13868599538773 484.13868599538773
4999 711.0884 513.6499 767.2414664715639 937.9914664715639 396.25159169433493 492.25159169433493
5015 710.635 512.65027 764.3825521379785 935.1325521379785 403.7636982827043 499.7636982827043
5032 710.635 512.65027 760.9807627878217 931.7307627878217 411.59692297976756 507.59692297976756
5050 709.2582 514.1985 756.9782545820084 927.7282545820084 419.70507902225296 515.7050790222529
5066 709.2582 514.1985 753.0825400722103 923.8325400722103 426.73562274375536 522.7356227437554
5083 709.2582 514.1985 748.6038854061801 919.3538854061801 434.00702098068035 530.0070209806804
5101 711.65015 515.281 743.4915841399335 914.2415841399335 441.4653480122629 537.4653480122629
5117 711.65015 515.281 738.6378734563121 909.3878734563121 447.8721123408068 543.8721123408068
5134 708.3494 516.4587 733.1729494131282 903.9229494131282 454.4345954942897 550.4345954942896
5151 708.61597 515.65137 727.4029103666112 898.1529103666112 460.73048537096236 556.7304853709624
5168 708.61597 515.65137 721.3407445286122 892.0907445286122 466.7456100820642 562.7456100820642
5185 709.20074 513.9091 715.0000976809954 885.7500976809954 472.46642973411736 568.4664297341174
5203 709.20074 513.9091 707.9988084758055 878.7488084758055 478.1886859160961 574.1886859160961
5219 709.8887 513.7649 701.5410462255444 872.2910462255444 482.9743356401059 578.9743356401059
5236 709.8887 513.7649 694.4529376018812 865.2029376018812 487.73776886380733 583.7377688638073
5253 712.0083 512.2211 687.1468717414465 857.8968717414465 492.15964421036574 588.1596442103657
5271 712.0083 512.2211 679.1917557803298 849.9417557803298 496.45829474187997 592.45829474188
5287 714.4248 511.05557 671.9471049847989 842.6971049847989 499.93969839739407 595.9396983973941
5304 714.9949 511.1329 664.0876183788416 834.8376183788416 503.28036453280606 599.2803645328061
5321 714.9949 511.1329 656.0785261011198 826.8285261011198 506.2444868016163 602.2444868016163
5338 714.9949 511.1329 647.9378564156366 818.6878564156366 508.8253930396211 604.8253930396211
5356 714.74805 512.76013 639.1952779150454 809.9452779150454 511.133982978935 607.133982978935
5372 714.74805 512.76013 631.335337516615 802.085337516615 512.8151948914908 608.8151948914908
5390 715.4367 509.44803 622.413344134101 793.163344134101 514.2849909417206 610.2849909417206
5406 715.4367 509.44803 614.4294649579773 785.1794649579773 515.2138665323532 611.2138665323532
5423 715.40393 508.0761 605.9102433377668 776.6602433377668 515.8092176247758 611.8092176247758
5440 715.40393 508.0761 597.3723718445073 768.1223718445073 515.9998227193989 611.9998227193989
5457 713.7086 508.00702 588.8350690108309 759.5850690108309 515.7852527689789 611.7852527689789
5474 713.7086 508.00702 580.317552089333 751.067552089333 515.1659907650433 611.1659907650433
5492 711.3036 510.15173 571.3418767722527 742.0918767722527 514.0707652406622 610.0707652406622
5508 711.49036 508.8351 563.4184791480179 734.1684791480179 512.7198741828516 608.7198741828516
5525 711.49036 508.8351 555.0749625136663 725.8249625136663 510.8985257511097 606.8985257511097
5543 708.4068 509.65207 546.3454446332313 717.0954446332313 508.5410304866251 604.5410304866251
5559 708.4068 509.65207 538.6938318657412 709.4438318657412 506.079738423869 602.079738423869
5576 707.96454 510.8758 530.6930913626405 701.4430913626405 503.0931464966776 599.0931464966776
5593 707.96454 510.8758 522.843012891798 693.593012891798 499.7304321259451 595.7304321259451
5610 707.96454 510.8758 515.1612667811617 685.9112667811617 495.99916469660786 591.9991646966079
5628 709.0383 510.49268 507.2303395844086 677.9803395844086 491.65604828708047 587.6560482870805
5644 709.0383 510.49268 500.37151947034613 671.1215194703461 487.4653773139863 583.4653773139863
5661 710.9829 509.62836 493.29680961702684 664.0468096170268 482.6820667001052 578.6820667001052
5678 710.9829 509.62836 486.4569398796541 657.2069398796541 477.56857846668925 573.5685784666892
5696 711.88776 510.54486 479.48779392617575 650.2377939261758 471.80721829516574 567.8072182951657
5712 711.67725 511.46396 473.54274297137306 644.2927429713731 466.3978277836013 562.3978277836013
5729 711.67725 511.46396 467.4974853308397 638.2474853308397 460.36571041097886 556.3657104109789
5746 710.5187 512.72253 461.7451414322254 632.4951414322254 454.0536489719888 550.0536489719889
5763 710.5187 512.72253 456.29865965604995 627.04865965605 447.47585175716756 543.4758517571676
5780 711.6362 514.0649 451.1702998949387 621.9202998949387 440.6471252215585 536.6471252215586
5798 711.6362 514.0649 446.09983091410595 616.849830914106 433.16029607556385 529.1602960755638
5815 713.52496 513.39734 441.66195216566996 612.41195216567 425.8639399883317 521.8639399883317
5831 713.52496 513.39734 437.80565612063515 608.5556561206351 418.8116979778178 514.8116979778179
5848 713.52496 513.39734 434.05768195865755 604.8076819586576 411.1380893339877 507.1380893339877
5866 715.4035 513.0759 430.4907154271366 601.2407154271366 402.8291173091274 498.8291173091274
5882 716.5766 512.65234 427.67389913133843 598.4238991313384 395.30112404946493 491.30112404946493
5899 716.5766 512.65234 425.052460199564 595.8024601995639 387.1734160167848 483.1734160167848
5916 715.7482 511.5448 422.8194776869708 593.5694776869708 378.9305179198789 474.9305179198789
5934 715.7482 511.5448 420.8841188838897 591.6341188838896 370.0978143331939 466.0978143331939
5950 715.9128 512.72266 419.53810174796206 590.2881017479621 362.1735872774116 458.1735872774116
5967 715.9128 512.72266 418.4970946157316 589.2470946157316 353.69727415859836 449.69727415859836
5985 716.2438 511.33673 417.8343745722001 588.5843745722001 344.6793437701557 440.6793437701557
6001 716.2438 511.33673 417.6286526131048 588.3786526131048 337.1467028281774 433.1467028281774
