683.0 1067.0 384.0 768.0
2 773.77203 371.8213
17 773.77203 371.8213
34 756.8378 371.60522
51 756.8378 371.60522
68 743.449 372.25912
86 743.449 372.25912
102 736.81995 367.92468
119 728.8356 365.4064
136 728.8356 365.4064
153 728.8356 365.4064
170 718.9447 364.2979
187 718.9447 364.2979
204 709.3126 361.93518
221 709.3126 361.93518
238 703.90125 360.20587
255 703.90125 360.20587
272 699.3517 359.3035
289 699.3517 359.3035
306 695.5713 359.34332
323 728.08545 356.918
340 728.08545 356.918
357 752.60376 374.413
374 752.60376 374.413
391 771.21246 390.7486
408 771.21246 390.7486
425 771.21246 390.7486
443 775.20166 412.49088
460 775.20166 412.49088
476 791.34406 424.69885
493 791.34406 424.69885
511 806.5761 434.6272
527 813.7566 458.59375
544 813.7566 458.59375
561 813.5404 487.11542
578 813.5404 487.11542
595 816.01117 511.42178
612 816.01117 511.42178
629 814.41327 531.989
646 814.41327 531.989
663 814.41327 531.989
680 816.5337 547.9896
697 815.25836 562.0707
714 815.25836 562.0707
731 817.8269 572.4979
749 817.8269 572.4979
766 819.5304 580.4358
783 819.5304 580.4358
799 816.52374 585.66296
816 816.52374 585.66296
833 827.31616 577.27826
851 827.31616 577.27826
867 829.4696 568.05164
884 829.4696 568.05164
901 833.8501 558.99835
918 833.8501 558.99835
935 833.83826 556.54663
952 833.83826 556.54663
969 839.5217 551.5913
986 839.5217 551.5913
1003 844.4914 546.07227
1020 844.4914 546.07227
1038 847.0722 545.5134
1054 847.0722 545.5134
1071 848.7703 544.184
1089 848.34106 541.9484
1105 848.34106 541.9484
1122 848.24817 537.93964
1139 848.24817 537.93964
1157 848.24817 537.93964
1173 848.4805 534.3921
1190 848.4805 534.3921
1207 850.9254 533.90656
1224 850.9254 533.90656
1241 848.20917 534.4929
1258 848.20917 534.4929
1275 834.7828 540.5445
1292 837.26996 537.09705
1309 837.26996 537.09705
1326 839.87915 535.7038
1343 839.87915 535.7038
1360 842.9005 536.94653
1377 842.9005 536.94653
1394 841.621 534.8831
1411 841.621 534.8831
1428 841.621 534.8831
1445 844.07983 534.02466
1462 844.582 532.0329
1479 844.582 532.0329
1496 839.4184 536.6527
1513 839.4184 536.6527
1531 842.19916 534.434
1547 842.19916 534.434
1564 839.8605 536.5214
1581 839.8605 536.5214
1598 836.14105 537.11475
1615 836.14105 537.11475
1632 838.9235 536.424
1649 838.9235 536.424
1666 829.7404 534.91534
1683 829.7404 534.91534
1700 833.1828 533.38477
1717 833.1828 533.38477
1734 838.6756 533.5992
1751 838.6756 533.5992
1768 839.0331 531.5122
1785 839.0331 531.5122
1802 843.11676 532.511
1819 843.11676 532.511
1836 847.5236 532.91876
1853 845.5341 533.1594
1870 845.5341 533.1594
1888 843.61346 534.93884
1904 843.61346 534.93884
1921 843.61346 534.93884
1938 845.32874 536.787
1955 845.32874 536.787
1972 841.50793 537.47974
1989 841.50793 537.47974
2006 838.6167 539.11414
2023 838.6167 539.11414
2040 835.3611 540.5005
2057 837.3737 533.4367
2074 837.3737 533.4367
2091 836.0255 532.7278
2108 836.0255 532.7278
2125 829.0118 533.92944
2142 829.0118 533.92944
2159 829.0118 533.92944
2176 827.2859 532.3428
2193 827.2859 532.3428
2210 826.3629 532.496
2227 827.0641 531.671
2244 827.0641 531.671
2261 827.4855 531.6124
2279 827.4855 531.6124
2295 815.63983 529.83325
2312 815.63983 529.83325
2329 826.37463 527.9125
2346 826.37463 527.9125
2363 827.50903 525.2416
2380 827.50903 525.2416
2397 828.2632 524.74554
2414 828.2632 524.74554
2431 830.86816 520.75964
2448 830.86816 520.75964
2465 835.0201 525.1288
2482 835.0201 525.1288
2499 833.74384 525.28815
2516 833.74384 525.28815
2533 832.1828 525.3459
2550 832.1828 525.3459
2567 831.47595 529.5287
2584 831.47595 529.5287
2601 812.7656 533.62427
2618 818.43164 531.9776
2635 818.43164 531.9776
2653 807.8345 466.4685
2670 807.8345 466.4685
2686 807.8345 466.4685
2703 758.8013 413.09225
2720 758.8013 413.09225
2737 713.4589 367.6699
2754 713.4589 367.6699
2771 669.9304 326.37427
2788 669.9304 326.37427
2805 637.52374 296.9554
2822 614.4778 274.8638
2839 614.4778 274.8638
2856 595.0009 254.38182
2873 595.0009 254.38182
2890 621.06445 238.72719
2907 621.06445 238.72719
2924 621.06445 238.72719
2942 594.9597 226.4197
2958 594.9597 226.4197
2975 580.6143 216.56824
2992 580.6143 216.56824
3009 561.3001 208.21835
3026 543.4625 194.7307
3043 543.4625 194.7307
3060 532.45636 186.39159
3077 532.45636 186.39159
3094 519.5457 181.29382
3111 519.5457 181.29382
3128 511.43134 172.19283
3145 511.43134 172.19283
3162 500.11255 169.2228
3180 500.11255 169.2228
3196 500.11255 169.2228
3214 496.44003 166.30705
3231 493.02023 165.23837
3247 493.02023 165.23837
3264 486.58292 163.62073
3281 486.58292 163.62073
3298 479.5173 160.30959
3315 479.5173 160.30959
3332 480.2099 162.38474
3349 480.2099 162.38474
3366 477.73962 162.25583
3383 477.73962 162.25583
3400 473.93427 158.41985
3417 473.93427 158.41985
3434 475.42188 155.33336
3451 475.42188 155.33336
3468 476.33307 155.58865
3485 476.33307 155.58865
3502 477.04364 156.75009
3519 477.04364 156.75009
3536 475.524 156.40488
3553 475.524 156.40488
3570 479.84015 155.24072
3587 479.40976 153.58022
3605 479.40976 153.58022
3621 480.16492 154.36157
3638 480.16492 154.36157
3655 476.49734 157.01724
3672 476.49734 157.01724
3689 476.49734 157.01724
3706 477.50168 156.3587
3723 477.50168 156.3587
3740 478.9242 159.25842
3757 478.9242 159.25842
3774 480.02985 158.90218
3791 481.90366 158.547
3808 481.90366 158.547
3825 481.1222 159.73694
3842 481.1222 159.73694
3859 481.85178 160.91048
3876 481.85178 160.91048
3893 472.4748 161.0509
3910 472.4748 161.0509
3928 472.68744 160.63902
3944 472.68744 160.63902
3961 472.68744 160.63902
3978 475.50616 159.26239
3995 477.29956 160.54094
4012 477.29956 160.54094
