683.0 1067.0 0.0 384.0
1 512.51514 236.43999
17 410.01212 189.152
35 410.01212 189.152
51 533.2236 302.38507
68 533.2236 302.38507
85 571.0342 330.03625
102 571.0342 330.03625
119 595.2395 337.99463
136 595.2395 337.99463
153 615.0188 340.94333
170 615.0188 340.94333
187 629.5602 340.44742
204 643.21436 345.0135
222 643.21436 345.0135
238 651.84753 344.52124
255 651.84753 344.52124
272 651.84753 344.52124
289 663.22504 347.13733
307 663.22504 347.13733
324 674.61536 340.07175
340 674.61536 340.07175
357 663.2486 302.96786
374 663.2486 302.96786
391 651.7486 275.13306
408 643.6324 251.4783
425 643.6324 251.4783
442 635.2501 234.82597
459 635.2501 234.82597
476 630.94556 221.24954
493 630.94556 221.24954
510 665.83307 213.11684
527 665.83307 213.11684
544 665.83307 213.11684
562 696.85815 210.6625
578 696.85815 210.6625
595 720.7575 206.87727
612 740.1298 206.46371
629 740.1298 206.46371
646 756.03827 205.94427
663 756.03827 205.94427
680 773.6524 190.34201
698 773.6524 190.34201
714 791.2612 179.5839
731 791.2612 179.5839
748 805.0057 169.03119
765 805.0057 169.03119
782 815.7611 161.53352
799 815.7611 161.53352
816 824.5766 157.17139
833 824.5766 157.17139
850 830.3158 151.59154
867 830.3158 151.59154
884 834.03906 149.15889
901 834.03906 149.15889
918 837.7892 149.70074
935 837.7892 149.70074
952 838.8884 144.03514
969 838.8884 144.03514
986 840.5344 134.1014
1003 840.1778 130.99182
1021 840.1778 130.99182
1037 840.1778 130.99182
1054 837.0702 131.59682
1071 837.0702 131.59682
1088 834.32263 126.90752
1105 834.32263 126.90752
1122 834.00793 123.70328
1139 834.00793 123.70328
1157 833.7257 122.32688
1173 831.62823 117.878746
1190 831.62823 117.878746
1207 833.4187 117.17738
1224 833.4187 117.17738
1241 829.33685 111.04063
1258 829.33685 111.04063
1276 828.08325 106.23908
1293 828.08325 106.23908
1309 828.08325 106.23908
1326 823.70026 105.97945
1343 823.70026 105.97945
1360 827.52374 106.52346
1377 822.8065 109.03041
1394 822.8065 109.03041
1411 818.8496 106.24365
1428 818.8496 106.24365
1445 816.4762 102.20103
1462 816.4762 102.20103
1479 816.9536 100.082405
1496 816.9536 100.082405
1513 816.9536 100.082405
1530 817.5739 98.41415
1547 817.5739 98.41415
1565 814.86804 98.767555
1581 812.10645 97.045204
1598 812.10645 97.045204
1615 814.9651 98.01856
1633 814.9651 98.01856
1649 816.2213 97.76749
1667 816.2213 97.76749
1683 817.5742 94.05557
1700 817.5742 94.05557
1717 819.18567 91.036804
1734 819.18567 91.036804
1751 825.313 96.48491
1768 815.7931 107.994
1786 815.7931 107.994
1802 816.83386 113.072205
1819 816.83386 113.072205
1836 816.83386 113.072205
1853 816.78613 115.1535
1871 816.78613 115.1535
1887 818.91943 114.89882
1904 818.91943 114.89882
1921 817.5796 113.66004
1938 817.60065 114.441414
1956 817.60065 114.441414
1972 823.82965 114.688934
1989 823.82965 114.688934
2006 828.62384 115.577255
2024 828.62384 115.577255
2040 831.6426 118.463165
2057 831.6426 118.463165
2075 831.6426 118.463165
2091 829.1478 121.71553
2108 829.1478 121.71553
2125 825.3216 121.554886
2143 822.0794 126.39585
2159 822.0794 126.39585
2176 819.932 128.03282
2194 819.932 128.03282
2210 820.4766 130.38882
2227 820.4766 130.38882
2244 823.09625 130.43253
2261 823.09625 130.43253
2278 827.1677 131.01318
2295 827.1677 131.01318
2313 827.1677 131.01318
2329 826.777 131.39417
2346 823.0806 126.89522
2363 823.0806 126.89522
2380 819.81146 130.1781
2397 819.81146 130.1781
2414 821.52325 129.01994
2431 821.52325 129.01994
2448 824.61 129.06268
2465 824.61 129.06268
2482 823.3968 130.09628
2499 823.3968 130.09628
2516 822.6158 129.9692
2534 826.3513 128.66087
2550 826.3513 128.66087
2567 826.3513 128.66087
2584 823.7287 127.42304
2602 823.7287 127.42304
2618 824.5672 135.90533
2635 824.5672 135.90533
2653 822.84534 135.82224
2669 822.84534 135.82224
2686 813.251 135.89659
2704 813.251 135.89659
2721 814.61707 134.86063
2737 815.77856 134.72043
2754 815.77856 134.72043
2771 817.4292 134.63704
2788 817.4292 134.63704
2805 817.4292 134.63704
2822 822.7881 133.52527
2839 822.7881 133.52527
2856 825.4027 132.44662
2873 825.4027 132.44662
2890 828.65686 133.50784
2907 827.6406 132.14711
2924 827.6406 132.14711
2941 826.62756 133.12634
2958 826.62756 133.12634
2976 829.6407 131.3131
2992 829.6407 131.3131
3009 827.5293 131.51443
3026 827.5293 131.51443
3043 828.0253 130.90927
3060 828.0253 130.90927
3077 825.84766 133.78848
3094 825.84766 133.78848
3111 768.802 214.63943
3128 768.802 214.63943
3145 721.56586 289.22888
3163 721.56586 289.22888
3179 683.5615 348.49
3196 683.5615 348.49
3213 655.16925 396.0412
3231 655.16925 396.0412
3247 628.72217 434.33762
3264 628.72217 434.33762
3282 605.4478 465.62283
3298 593.2412 488.05316
3316 593.2412 488.05316
3332 593.2412 488.05316
3349 573.7916 502.0298
3366 573.7916 502.0298
3384 563.7635 510.03177
3400 563.7635 510.03177
3417 558.4851 520.0022
3435 558.4851 520.0022
3451 556.624 527.5003
3468 556.624 527.5003
3485 552.8051 532.4357
3502 550.22723 535.8657
3519 550.22723 535.8657
3536 548.28784 539.15283
3553 548.28784 539.15283
3570 548.28784 539.15283
3587 539.3541 543.42926
3604 539.3541 543.42926
3621 536.19073 546.799
3639 536.19073 546.799
3655 524.3556 550.20044
3672 524.3556 550.20044
3689 513.0635 552.935
3706 492.89484 557.1435
3723 492.89484 557.1435
3740 477.32428 561.8785
3757 477.32428 561.8785
3774 484.70602 562.3634
3791 484.70602 562.3634
3808 485.58374 562.2626
3825 485.58374 562.2626
3843 485.58374 562.2626
3859 487.44482 560.77893
3876 487.44482 560.77893
3894 477.0828 566.9149
3910 477.31677 566.796
3928 477.31677 566.796
3944 480.9003 566.15
3961 480.9003 566.15
3978 481.36426 565.9497
3995 481.36426 565.9497
