683.0 1067.0 0.0 384.0
0 625.6383 361.19083
17 625.6383 361.19083
34 624.77783 364.0629
51 624.77783 364.0629
69 626.3265 363.4598
85 626.9855 362.63724
102 626.9855 362.63724
119 630.47455 362.76544
136 630.47455 362.76544
153 630.3979 360.3933
170 630.3979 360.3933
187 629.4048 362.21716
204 629.4048 362.21716
222 628.5724 359.68115
238 628.5724 359.68115
255 629.1731 357.898
272 629.1731 357.898
289 630.23206 358.0049
307 630.23206 358.0049
323 630.548 359.5172
340 630.548 359.5172
357 600.30225 370.38818
374 600.30225 370.38818
391 572.89465 386.14725
409 572.89465 386.14725
425 549.42206 401.36966
442 549.42206 401.36966
459 532.9589 413.53192
476 506.1395 438.87347
493 506.1395 438.87347
510 482.84406 463.64487
527 482.84406 463.64487
544 482.84406 463.64487
561 464.92447 483.899
579 464.92447 483.899
596 451.04047 498.96622
612 451.04047 498.96622
629 440.45923 509.99088
646 440.45923 509.99088
664 432.70734 521.7488
680 424.48697 529.8673
697 424.48697 529.8673
715 418.88022 533.8482
731 418.88022 533.8482
748 413.14056 539.93555
766 413.14056 539.93555
782 413.14056 539.93555
799 408.60098 546.38196
816 408.60098 546.38196
833 410.85013 546.73816
850 415.51175 552.91833
867 415.51175 552.91833
884 419.38516 556.70844
902 419.38516 556.70844
918 417.59546 556.10535
935 417.59546 556.10535
954 422.4506 556.5214
969 422.4506 556.5214
986 424.31104 555.8223
1004 424.31104 555.8223
1020 424.31104 555.8223
1037 429.43494 559.35693
1054 431.5255 560.2534
1071 431.5255 560.2534
1088 433.38638 559.7801
1105 433.38638 559.7801
1122 436.7094 561.38654
1140 436.7094 561.38654
1156 435.85333 560.7742
1173 435.85333 560.7742
1191 439.17722 561.56714
1207 439.17722 561.56714
1224 442.91168 561.8094
1242 439.6384 559.77747
1258 439.6384 559.77747
1275 439.6384 559.77747
1292 438.5535 547.1072
1310 438.5535 547.1072
1327 437.22864 537.5934
1343 437.22864 537.5934
1360 434.1353 531.6106
1378 434.1353 531.6106
1394 433.1923 524.6145
1411 433.1923 524.6145
1429 433.90488 520.44617
1445 432.7212 516.6854
1462 432.7212 516.6854
1479 434.638 514.8987
1496 434.638 514.8987
1513 431.9417 514.4835
1531 431.9417 514.4835
1547 431.9417 514.4835
1564 432.82367 510.03864
1582 432.82367 510.03864
1598 430.31833 509.8094
1615 428.97702 507.35492
1632 428.97702 507.35492
1649 430.10995 509.39136
1666 430.10995 509.39136
1683 432.8231 509.91882
1701 432.8231 509.91882
1718 434.14236 505.76004
1734 434.14236 505.76004
1751 422.2092 517.23627
1768 422.2092 517.23627
1785 414.87375 525.2914
1802 414.87375 525.2914
1819 408.99283 531.4345
1837 408.99283 531.4345
1853 404.81595 537.13257
1870 404.81595 537.13257
1887 400.96246 542.6158
1905 400.96246 542.6158
1921 395.37946 544.45013
1938 395.37946 544.45013
1956 391.26868 548.09375
1972 391.26868 548.09375
1989 388.82034 548.1697
2007 389.172 548.7361
2023 389.172 548.7361
2041 391.12897 548.5137
2058 391.12897 548.5137
2074 391.12897 548.5137
2091 392.5033 548.0434
2109 392.5033 548.0434
2125 391.52176 550.4969
2142 391.52176 550.4969
2160 388.84467 550.19965
2177 388.84467 550.19965
2193 395.78687 556.69446
2210 400.20496 560.913
2228 400.20496 560.913
2244 402.0142 565.4772
2261 402.0142 565.4772
2278 405.13727 571.6718
2295 405.13727 571.6718
2313 405.13727 571.6718
2329 405.0628 573.4852
2347 405.0628 573.4852
2363 406.18256 576.23016
2380 406.18256 576.23016
2397 405.74734 575.6461
2415 407.73383 575.96234
2431 407.73383 575.96234
2448 411.338 576.27985
2466 411.338 576.27985
2482 418.58368 574.79346
2499 418.58368 574.79346
2516 424.96082 576.485
2533 424.96082 576.485
2550 429.85193 576.7504
2567 429.85193 576.7504
2585 432.27426 575.71387
2601 432.27426 575.71387
2618 437.88702 575.3471
2635 437.88702 575.3471
2652 442.0162 572.6518
2670 442.0162 572.6518
2686 444.4099 574.1387
2703 444.4099 574.1387
2721 442.77704 574.70844
2738 442.77704 574.70844
2754 441.4967 574.0014
2771 441.4967 574.0014
2788 441.30414 573.7827
2806 441.30414 573.7827
2823 443.08685 574.2012
2839 443.08685 574.2012
2856 442.9265 572.96405
2874 442.9265 572.96405
2891 439.58105 573.09534
2907 439.58105 573.09534
2925 438.89188 571.5479
2941 438.89188 571.5479
2958 441.22662 571.5804
2976 440.5392 569.96
2992 440.5392 569.96
3009 439.92517 569.956
3026 439.92517 569.956
3044 441.20682 569.26355
3060 441.20682 569.26355
3078 441.20682 569.26355
3095 441.81815 569.68054
3111 441.81815 569.68054
3128 439.66663 569.6229
3146 439.66663 569.6229
3162 435.6743 571.4418
3179 436.91522 569.6624
3197 436.91522 569.6624
3213 434.85486 571.86804
3230 434.85486 571.86804
3247 433.5574 569.9514
3264 433.5574 569.9514
3281 440.24225 563.6705
3298 440.24225 563.6705
3315 440.24225 563.6705
3332 446.0235 560.13324
3349 446.0235 560.13324
3366 447.5316 555.6008
3384 451.3651 549.2306
3400 451.3651 549.2306
3418 455.96185 545.06287
3435 455.96185 545.06287
3451 457.7948 544.4968
3468 457.7948 544.4968
3485 461.28754 541.46387
3502 461.28754 541.46387
3519 464.34015 539.74426
3537 464.34015 539.74426
3554 465.13043 539.8474
3570 465.13043 539.8474
3587 464.58023 535.52527
3605 464.58023 535.52527
3621 466.72852 533.74915
3638 466.72852 533.74915
3655 467.95972 532.0857
3673 467.95972 532.0857
3690 469.03256 532.25867
3706 469.03256 532.25867
3724 468.42722 531.1404
3740 468.42722 531.1404
3757 463.48273 530.229
3774 461.04117 529.07056
3792 461.04117 529.07056
3808 461.04117 529.07056
3825 457.8896 530.58673
3842 457.8896 530.58673
3860 456.22488 532.2958
3876 456.22488 532.2958
3893 456.39093 534.25244
3911 456.39093 534.25244
3927 453.36157 536.4104
3944 451.37183 536.5233
3961 451.37183 536.5233
3978 449.64313 537.0672
3996 449.64313 537.0672
