299.0 683.0 384.0 768.0
0 628.1602 402.74207
17 628.1602 402.74207
34 629.7516 399.97888
52 629.7516 399.97888
69 629.3614 398.67465
85 629.3614 398.67465
102 630.6475 401.3731
120 630.6475 401.3731
136 634.0616 401.36044
153 634.0616 401.36044
170 638.07135 401.4022
187 638.07135 401.4022
204 639.03906 395.6942
222 642.8016 398.52295
238 642.8016 398.52295
256 646.86523 400.50793
272 646.86523 400.50793
290 646.86523 400.50793
306 648.7688 399.52484
323 648.7688 399.52484
340 649.08923 402.3845
358 649.08923 402.3845
374 673.3807 370.5419
391 673.3807 370.5419
408 705.479 327.6072
425 731.621 294.6506
442 731.621 294.6506
459 754.51294 265.20578
476 754.51294 265.20578
493 772.44617 243.58444
510 772.44617 243.58444
528 772.44617 243.58444
544 788.0386 225.78171
561 788.0386 225.78171
578 801.7231 210.09647
595 812.1222 200.16919
613 812.1222 200.16919
629 819.5923 192.5221
646 819.5923 192.5221
663 826.8552 182.3696
680 826.8552 182.3696
698 837.3165 175.7482
714 837.3165 175.7482
731 845.11163 170.63861
748 845.11163 170.63861
765 849.1832 166.21422
782 849.1832 166.21422
799 852.0435 163.7744
817 852.0435 163.7744
833 855.82587 160.13672
850 855.82587 160.13672
867 858.4363 158.69125
884 858.4363 158.69125
901 861.90875 154.66771
918 861.90875 154.66771
936 865.68616 151.26021
952 865.68616 151.26021
970 855.79974 154.22504
986 855.79974 154.22504
1004 854.992 154.2149
1020 854.992 154.2149
1037 850.297 157.52725
1055 850.297 157.52725
1071 845.6521 159.24214
1088 845.6521 159.24214
1105 844.10034 160.35777
1123 844.10034 160.35777
1139 843.01514 162.22687
1156 843.01514 162.22687
1174 841.24695 162.01358
1190 841.59393 160.29277
1207 841.59393 160.29277
1225 842.3702 160.25224
1241 842.3702 160.25224
1258 841.6211 160.85075
1275 841.6211 160.85075
1292 841.6211 160.85075
1309 842.19727 160.80334
1326 842.19727 160.80334
1344 840.8088 159.66077
1361 840.8088 159.66077
1378 837.71423 160.03743
1394 837.0905 164.2235
1412 837.0905 164.2235
1428 833.3482 167.69664
1446 833.3482 167.69664
1462 829.2699 172.17252
1479 829.2699 172.17252
1497 828.3643 174.86816
1513 828.3643 174.86816
1531 825.1434 176.51256
1547 825.1434 176.51256
1564 824.6556 176.92209
1581 824.6556 176.92209
1598 822.369 177.82515
1615 822.369 177.82515
1632 821.28674 179.26347
1649 821.28674 179.26347
1666 821.0681 180.05002
1684 821.0681 180.05002
1701 818.78125 179.31898
1717 818.78125 179.31898
1735 819.2889 179.79913
1751 819.2889 179.79913
1768 824.29346 178.8198
1785 824.29346 178.8198
1803 824.63055 178.07123
1819 824.63055 178.07123
1836 827.203 177.29317
1853 827.203 177.29317
1870 832.09406 174.81824
1887 832.09406 174.81824
1904 834.0491 175.85582
1921 834.0491 175.85582
1938 835.51697 176.15118
1956 838.91376 178.62111
1972 838.91376 178.62111
1989 841.28296 179.29492
2007 841.28296 179.29492
2023 836.5776 176.89995
2046 836.5776 176.89995
2057 836.5776 176.89995
2075 830.40985 175.89969
2091 830.40985 175.89969
2108 829.0199 175.7654
2125 829.0199 175.7654
2142 829.62585 177.07404
2159 830.24713 178.72255
2176 830.24713 178.72255
2193 829.8051 180.66696
2210 829.8051 180.66696
2227 830.75073 178.29805
2245 830.75073 178.29805
2262 832.88727 179.06793
2278 832.88727 179.06793
2295 832.88727 179.06793
2313 832.22473 180.7429
2329 832.22473 180.7429
2347 830.6863 178.19633
2363 829.81946 180.79729
2381 829.81946 180.79729
2397 830.6533 181.53732
2414 830.6533 181.53732
2431 830.676 180.6813
2449 830.676 180.6813
2465 828.41974 182.57431
2482 828.41974 182.57431
2499 828.8607 183.02443
2516 828.8607 183.02443
2533 826.7228 182.11194
2550 826.7228 182.11194
2567 825.8182 183.37949
2584 825.8182 183.37949
2601 824.92847 185.11134
2618 824.92847 185.11134
2635 824.57434 182.65494
2652 824.57434 182.65494
2669 827.60925 180.86082
2686 827.60925 180.86082
2703 824.9502 182.7239
2720 822.85156 185.78168
2737 822.85156 185.78168
2755 822.46594 185.84073
2771 822.46594 185.84073
2789 819.90576 187.922
2805 819.90576 187.922
2822 819.90576 187.922
2840 817.99036 190.84695
2856 817.99036 190.84695
2873 818.34326 191.37357
2891 818.34326 191.37357
2907 824.61346 191.92432
2924 831.21423 191.75626
2942 831.21423 191.75626
2958 836.4705 191.71538
2975 836.4705 191.71538
2992 840.557 191.37341
3010 840.557 191.37341
3026 842.8938 192.94246
3043 842.8938 192.94246
3062 841.8991 194.15051
3077 841.8991 194.15051
3094 841.8991 194.15051
3111 844.66785 192.08612
3129 847.3752 190.84131
3145 847.3752 190.84131
3162 846.5523 190.2748
3180 846.5523 190.2748
3196 846.08905 189.1982
3214 846.08905 189.1982
3230 840.27875 188.14821
3248 840.27875 188.14821
3264 836.8457 188.32703
3281 836.8457 188.32703
3298 835.3435 186.00143
3315 835.3435 186.00143
3332 831.48303 186.50719
3349 831.48303 186.50719
3366 830.39923 188.97778
3383 830.39923 188.97778
3400 828.5377 188.98625
3418 828.5377 188.98625
3434 828.2304 188.3048
3452 828.2304 188.3048
3468 825.3005 190.01927
3485 825.3005 190.01927
3502 824.7896 188.59737
3519 821.1216 189.3399
3536 821.1216 189.3399
3553 820.1944 187.3639
3570 820.1944 187.3639
3588 820.1944 187.3639
3604 820.15906 186.60033
3621 820.15906 186.60033
3638 819.3078 185.68132
3655 819.3078 185.68132
3672 818.1717 185.87924
3689 817.4759 186.01468
3706 817.4759 186.01468
3724 817.23315 187.6238
3740 817.23315 187.6238
3758 816.37354 188.48044
3774 816.37354 188.48044
3792 815.4806 187.55154
3808 815.4806 187.55154
3825 814.3437 186.3826
3842 814.3437 186.3826
3859 814.3437 186.3826
3876 815.5328 188.3678
3893 818.4982 189.20067
3911 818.4982 189.20067
3927 818.1955 189.09605
3944 818.1955 189.09605
3962 819.0621 189.67392
3978 819.0621 189.67392
3995 818.8014 190.07288
