299.0 683.0 384.0 768.0
1 708.52686 234.84267
17 709.3965 236.9967
34 709.3965 236.9967
51 707.82245 242.47238
69 707.82245 242.47238
85 707.82245 242.47238
102 706.2045 247.54478
119 707.7148 249.34393
136 707.7148 249.34393
153 707.2921 248.45357
170 707.2921 248.45357
187 709.1245 246.87666
204 709.1245 246.87666
221 707.9441 252.16418
238 707.9441 252.16418
255 712.22284 250.93489
273 712.22284 250.93489
290 714.1402 253.55916
306 714.1402 253.55916
323 702.71545 270.4722
340 702.71545 270.4722
357 687.1938 288.9392
374 687.1938 288.9392
391 674.1082 298.5642
408 674.1082 298.5642
425 664.63776 311.978
442 664.63776 311.978
459 658.888 322.1537
476 658.888 322.1537
493 633.0522 348.6077
511 613.0189 360.42368
527 613.0189 360.42368
544 613.0189 360.42368
561 597.5631 373.2874
578 597.5631 373.2874
595 586.5896 386.69778
612 586.5896 386.69778
629 571.6361 389.45343
646 571.6361 389.45343
663 558.9595 396.6077
680 548.0539 398.40924
697 548.0539 398.40924
715 541.5509 397.82614
731 541.5509 397.82614
748 539.1092 406.65204
765 539.1092 406.65204
782 519.7479 388.27264
799 519.7479 388.27264
816 504.1724 327.22296
833 504.1724 327.22296
850 504.1724 327.22296
867 491.9761 274.69727
884 482.32468 230.63802
901 482.32468 230.63802
918 473.72543 191.70526
935 473.72543 191.70526
952 468.1438 164.42725
969 468.1438 164.42725
986 468.24277 139.74953
1003 468.24277 139.74953
1021 463.31308 124.15644
1037 463.31308 124.15644
1054 459.06897 111.08234
1071 459.06897 111.08234
1088 451.17166 96.95199
1105 451.17166 96.95199
1122 450.55978 86.83309
1139 450.55978 86.83309
1156 452.89224 83.5841
1173 452.89224 83.5841
1190 452.62485 73.9706
1207 452.62485 73.9706
1224 453.2492 74.36488
1241 453.2492 74.36488
1258 453.3275 74.63489
1276 452.57562 74.84613
1292 452.57562 74.84613
1309 452.57562 74.84613
1326 451.9557 66.077286
1343 451.9557 66.077286
1360 451.1377 62.97759
1377 451.1377 62.97759
1394 451.3006 61.935772
1411 451.3006 61.935772
1428 450.50146 62.9316
1445 450.50146 62.9316
1462 451.0058 57.83188
1479 451.2102 57.506844
1496 451.2102 57.506844
1513 451.96396 55.925255
1530 451.96396 55.925255
1547 449.5394 58.099545
1565 449.5394 58.099545
1581 449.5394 58.099545
1599 456.05878 61.63838
1615 456.05878 61.63838
1632 456.65283 61.879345
1649 461.22668 61.148876
1667 461.22668 61.148876
1683 461.74585 61.006863
1701 461.74585 61.006863
1717 460.98273 61.208435
1735 460.98273 61.208435
1751 461.14746 55.956867
1769 461.14746 55.956867
1785 463.70053 60.154617
1802 463.70053 60.154617
1819 462.99283 60.072796
1836 462.99283 60.072796
1853 459.96295 58.83616
1870 459.96295 58.83616
1887 460.39456 58.997787
1905 460.39456 58.997787
1921 458.60007 59.33033
1938 458.60007 59.33033
1955 457.81708 57.905624
1972 457.81708 57.905624
1990 455.15454 51.561623
2007 455.15454 51.561623
2023 454.52774 51.921978
2040 451.85 48.725243
2058 451.85 48.725243
2074 447.9938 45.532635
2091 447.9938 45.532635
2108 447.9938 45.532635
2125 446.89258 44.03387
2142 446.89258 44.03387
2159 442.81842 41.4153
2176 442.81842 41.4153
2193 441.29395 41.314842
2210 441.29395 41.314842
2227 443.95544 42.78692
2245 440.76727 39.612076
2261 440.76727 39.612076
2278 440.3382 41.63446
2296 440.3382 41.63446
2312 443.87476 43.687267
2330 443.87476 43.687267
2346 443.87476 43.687267
2364 444.3493 44.255253
2380 444.3493 44.255253
2397 449.93884 40.19054
2415 467.81195 33.480972
2431 467.81195 33.480972
2448 480.59616 33.647457
2466 480.59616 33.647457
2482 491.34012 35.036648
2499 491.34012 35.036648
2516 501.65234 31.904938
2534 501.65234 31.904938
2550 510.25647 32.463932
2567 510.25647 32.463932
2584 508.93356 35.808006
2602 508.93356 35.808006
2618 504.72162 35.372066
2636 504.72162 35.372066
2652 500.67328 34.277893
2669 500.67328 34.277893
2686 495.5291 28.812975
2704 495.5291 28.812975
2720 488.2383 26.621841
2737 488.2383 26.621841
2754 490.9931 23.874193
2772 490.9931 23.874193
2788 482.95212 19.286036
2805 482.95212 19.286036
2822 483.48215 17.937868
2840 476.8607 15.910395
2857 476.8607 15.910395
2873 476.8607 15.910395
2890 467.25217 16.081476
2907 467.25217 16.081476
2924 461.74994 17.726902
2942 461.74994 17.726902
2958 456.2906 20.32504
2975 456.2906 20.32504
2992 454.85788 15.673233
3010 449.0216 16.148148
3027 449.0216 16.148148
3043 446.29926 14.655758
3060 446.29926 14.655758
3077 443.81198 18.607046
3095 443.81198 18.607046
3111 443.81198 18.607046
3128 437.46848 15.2340975
3146 437.46848 15.2340975
3162 438.87772 15.033937
3179 438.87772 15.033937
3196 438.43164 14.96697
3214 438.91797 15.794917
3230 438.91797 15.794917
3247 438.23563 17.167234
3264 438.23563 17.167234
3281 437.52588 10.506867
3298 437.52588 10.506867
3315 439.24167 16.495693
3332 439.24167 16.495693
3350 441.79987 16.215075
3366 441.79987 16.215075
3384 441.79987 16.215075
3401 437.3678 18.9813
3417 434.479 15.072921
3434 434.479 15.072921
3451 438.0928 18.720037
3468 438.0928 18.720037
3485 438.17688 22.761631
3503 438.17688 22.761631
3519 433.5537 22.013926
3536 433.5537 22.013926
3553 431.1054 20.35976
3571 431.1054 20.35976
3588 431.00525 17.87115
3604 431.00525 17.87115
3621 432.33868 14.6751795
3638 432.33868 14.6751795
3655 431.44156 16.973225
3672 431.44156 16.973225
3690 430.75574 20.33726
3706 430.75574 20.33726
3723 433.43253 21.351288
3741 433.43253 21.351288
3757 439.87064 24.12341
3774 439.87064 24.12341
3792 441.6499 24.537127
3808 440.41016 25.468561
3825 440.41016 25.468561
3843 439.83557 23.09449
3859 439.83557 23.09449
3876 439.83557 23.09449
3893 440.38248 31.695852
3910 440.38248 31.695852
3928 443.4073 33.233482
3944 443.4073 33.233482
3961 445.4687 32.034904
3979 447.01547 33.586266
3995 447.01547 33.586266
4012 449.30057 31.767994
