1 751.8044 373.48077 333.00042067616835 433.00042067616835 333.4976002348308 433.4976002348308
17 760.7742 381.93405 333.1215672298508 433.1215672298508 325.460353677165 425.460353677165
34 760.7742 381.93405 333.4861703954607 433.4861703954607 316.92762829531256 416.92762829531256
51 770.2336 383.5647 334.0935140048509 434.0935140048509 308.4087391863609 408.4087391863609
68 770.2336 383.5647 334.94310583748677 434.94310583748677 299.91059046864586 399.91059046864586
86 761.30743 380.1836 336.1059474282776 436.1059474282776 290.9428107334055 390.9428107334055
102 753.1019 375.52042 337.3660842002114 437.3660842002114 283.00404105339845 383.00404105339845
119 753.1019 375.52042 338.93750703184975 438.93750703184975 274.6093422383909 374.6093422383909
147 747.4452 376.01828 342.04457761134273 442.04457761134273 260.8908885114992 360.8908885114992
153 747.4452 376.01828 342.7938532438116 442.7938532438116 257.9711082224287 357.9711082224287
170 741.5649 377.57764 345.0756512552929 445.0756512552929 249.74105744826687 349.7410574482669
187 741.5649 377.57764 347.59079703666407 447.59079703666407 241.57929418234613 341.57929418234613
205 738.9815 382.4554 350.50596515083794 450.50596515083794 233.0192083877314 333.0192083877314
221 738.9815 382.4554 353.31279086333535 453.31279086333535 225.48702821623766 325.48702821623766
238 738.9815 382.4554 356.51500152904384 456.51500152904384 217.5695674640201 317.5695674640201
256 734.816 385.73264 360.14975501321027 460.14975501321027 209.2893596734873 309.2893596734873
273 729.9297 387.83554 363.8102697116431 463.8102697116431 201.57308012612515 301.57308012612515
289 729.9297 387.83554 367.4548074744846 467.4548074744846 194.40862946948707 294.4086294694871
306 728.0581 388.07175 371.53594923283765 471.53594923283765 186.90632183391858 286.9063218339186
323 728.0581 388.07175 375.8289940602396 475.8289940602396 179.52322600490484 279.5232260049048
340 725.52924 389.28964 380.3304626662418 480.3304626662418 172.26532559916362 272.2653255991636
357 725.52924 389.28964 385.0367068437197 485.0367068437197 165.13850276900726 265.13850276900723
374 722.49207 390.23492 389.9439124255555 489.9439124255555 158.14853343516307 258.1485334351631
392 722.49207 390.23492 395.3543956887837 495.3543956887837 150.90284887099742 250.90284887099742
408 720.91254 390.44836 400.34514001297055 500.34514001297055 144.601699784777 244.601699784777
426 720.91254 390.44836 406.15919195402086 506.15919195402086 137.675656616284 237.675656616284
442 720.91254 390.44836 411.50043363562395 511.50043363562395 131.66873177782583 231.66873177782583
459 718.66815 395.68896 417.3496488335043 517.3496488335043 125.44562809241546 225.44562809241546
476 717.5304 395.60684 423.3736374701024 523.3736374701024 119.39154692211227 219.39154692211227
493 717.5304 395.60684 429.5675174146769 529.5675174146769 113.51139478609738 213.51139478609738
510 723.1237 396.81876 435.9262688483818 535.9262688483818 107.8099372430793 207.8099372430793
527 723.1237 396.81876 442.44473833256984 542.4447383325698 102.29179502905546 202.29179502905546
544 731.49786 401.0575 449.1176429853873 549.1176429853873 96.96144031244515 196.96144031244515
561 731.49786 401.0575 455.939574763276 555.939574763276 91.82319306962836 191.82319306962836
578 737.77637 406.41486 462.90500484391305 562.905004843913 86.88121758382923 186.88121758382923
595 737.77637 406.41486 470.0082881070341 570.0082881070341 82.13951907017963 182.13951907017963
613 741.7673 407.73297 477.673267202495 577.673267202495 77.34146014899 177.34146014899
629 741.7673 407.73297 484.6052797509776 584.6052797509776 73.27215913482809 173.2721591348281
647 746.2052 405.6518 492.53088471125693 592.5308847112569 68.91807370173689 168.9180737017369
664 746.2052 405.6518 500.1334925058843 600.1334925058843 65.02696940712423 165.02696940712423
680 749.5992 406.16928 507.3873660236304 607.3873660236304 61.563830988764266 161.56383098876427
697 752.5358 407.07745 515.1932957197998 615.1932957197998 58.09860379723074 158.09860379723074
714 752.5358 407.07745 523.0947016472838 623.0947016472838 54.85698039535282 154.85698039535282
731 752.5358 407.07745 531.0851801258791 631.0851801258791 51.84158795097835 151.84158795097835
749 734.7909 393.19733 539.6355747641641 639.6355747641641 48.89811628054434 148.89811628054434
765 734.7909 393.19733 547.3073843205016 647.3073843205016 46.49908588318232 146.49908588318232
782 710.15674 343.79138 555.5259627803556 655.5259627803556 44.176306080939696 144.1763060809397
799 710.15674 343.79138 563.8073299341439 663.8073299341439 42.08841336946284 142.08841336946284
816 690.6262 303.1767 572.1447741627716 672.1447741627716 40.23709987763954 140.23709987763954
833 690.6262 303.1767 580.531538399579 680.531538399579 38.62386599915499 138.623865999155
851 677.12213 272.29187 589.4578444296311 689.4578444296311 37.176684392405264 137.17668439240526
867 670.6839 246.35814 597.4258042831839 697.4258042831839 36.116672841359446 136.11667284135945
885 670.6839 246.35814 606.4200007018427 706.4200007018427 35.17981387243941 135.1798138724394
901 665.42456 226.59328 614.4353709721212 714.4353709721212 34.574960050003085 134.57496005000309
918 665.42456 226.59328 622.9661736117806 722.9661736117806 34.167843072143 134.167843072143
935 665.69104 212.27785 631.5051081479654 731.5051081479654 34.00372452586896 134.00372452586896
953 665.69104 212.27785 640.5475055449577 740.5475055449577 34.09495642779058 134.09495642779058
969 668.8223 198.34229 648.5796904715623 748.5796904715623 34.40481772096149 134.4048177209615
987 668.8223 198.34229 657.6022422323567 757.6022422323567 35.01048567359351 135.0104856735935
1003 668.8223 198.34229 665.6037768999744 765.6037768999744 35.77693963769889 135.7769396376989
1021 673.6918 192.13373 674.5772397075203 774.5772397075203 36.895080588854285 136.89508058885428
1037 673.6918 192.13373 682.5221900543268 782.5221900543268 38.115643042381976 138.11564304238198
1054 679.3513 184.23575 690.9246150057149 790.9246150057149 39.645215808474234 139.64521580847423
1071 687.5775 180.06844 699.2800950571935 799.2800950571935 41.41334787928315 141.41334787928315
1088 687.5775 180.06844 707.5818585250034 807.5818585250034 43.41860627535635 143.41860627535635
1105 698.85925 178.26967 715.8231772598931 815.8231772598931 45.65936583863811 145.6593658386381
1122 698.85925 178.26967 723.9973720999366 823.9973720999366 48.133810549576026 148.13381054957603
1139 710.1492 177.21626 732.0978182836474 832.0978182836474 50.839934998910564 150.83993499891056
1157 710.1492 177.21626 740.5870829453671 840.5870829453671 53.95532573657704 153.95532573657704
1173 723.5233 174.33055 748.0512698040402 848.0512698040402 56.93826443105149 156.9382644310515
1191 723.5233 174.33055 756.3494866729714 856.3494866729714 60.53171273890922 160.53171273890922
1207 734.9391 173.34503 763.6318245155068 863.6318245155068 63.93458862018292 163.93458862018292
1224 734.9391 173.34503 771.2664330094331 871.2664330094331 67.76252423287974 167.76252423287974
1241 734.9391 173.34503 778.788983721744 878.788983721744 71.80623152831976 171.80623152831976
1259 748.6066 176.544 786.6251244418916 886.6251244418916 76.31934271231506 176.31934271231506
1275 760.3595 180.38408 793.4736210088488 893.4736210088488 80.52768009049117 180.52768009049117
1292 760.3595 180.38408 800.6238064458005 900.6238064458005 85.19835307494287 185.19835307494287
1309 773.55286 185.02641 807.638141470708 907.638141470708 90.0706669060545 190.0706669060545
1326 773.55286 185.02641 814.5109413283826 914.5109413283826 95.14067282585665 195.14067282585665
1343 791.1707 187.98257 821.2366359705578 921.2366359705578 100.40426185718263 200.40426185718263
1361 791.1707 187.98257 828.1915644145411 928.1915644145411 106.18372933127876 206.18372933127876
1377 806.3062 189.91428 834.2250299387413 934.2250299387413 111.49497235758312 211.49497235758312
1394 806.3062 189.91428 840.4772028442499 940.4772028442499 117.31310538030687 217.31310538030687
1411 831.44446 192.01567 846.5612262243785 946.5612262243785 123.30685190652298 223.30685190652298
1428 831.44446 192.01567 852.4721692933363 952.4721692933363 129.47135431515434 229.47135431515434
1445 856.9063 195.80685 858.2052415379586 958.2052415379586 135.80161659632608 235.80161659632608
1463 877.8734 199.45659 864.0765190178248 964.0765190178248 142.67921608302754 242.67921608302754
1480 877.8734 199.45659 869.4289206730178 969.4289206730178 149.33444969515332 249.33444969515332
1496 877.8734 199.45659 874.2915129944168 974.2915129944168 155.73501253228335 255.73501253228335
1513 898.07135 205.59537 879.2681356740757 979.2681356740757 162.675730406883 262.67573040688296
1531 898.07135 205.59537 884.3198737571439 984.3198737571439 170.1759448228275 270.1759448228275
1547 916.0197 211.73093 888.6187467928016 988.6187467928016 176.96797687071094 276.9679768707109
1564 916.0197 211.73093 892.9851570459276 992.9851570459276 184.30792233453255 284.3079223345326
1582 933.9276 219.94922 897.3786814969314 997.3786814969314 192.2117326082863 292.2117326082863
1598 933.9276 219.94922 901.0824960610505 1001.0824960610505 199.34571931915121 299.3457193191512
1615 947.7323 228.89359 904.8068623492258 1004.8068623492258 207.03138348446487 307.03138348446487
1632 962.1033 240.60175 908.3109432553329 1008.3109432553329 214.8199491363638 314.8199491363638
1649 962.1033 240.60175 911.5918989033121 1011.5918989033121 222.7051040458423 322.7051040458423
1666 975.3018 254.82526 914.6470702485676 1014.6470702485676 230.6804577033056 330.6804577033056
1683 975.3018 254.82526 917.4739812329851 1017.4739812329851 238.73954649774532 338.7395464977453
1700 985.86255 261.7824 920.0703407916484 1020.0703407916484 246.87583895516212 346.8758389551621
1718 985.86255 261.7824 922.5657988908573 1022.5657988908573 255.56755701433508 355.5675570143351
1735 995.85175 270.44553 924.6810775952 1024.6810775952 263.8419714294728 363.8419714294728
1751 995.85175 270.44553 926.4560130930984 1026.4560130930984 271.6817171329047 371.6817171329047
1768 995.85175 270.44553 928.1110179615537 1028.1110179615537 280.0603385467098 380.0603385467098
1786 1005.23267 277.06958 929.6026611419293 1029.6026611419293 288.97932248926173 388.97932248926173
1802 1005.23267 277.06958 930.7023636603816 1030.7023636603817 296.94190141113677 396.94190141113677
1819 1012.8651 287.30804 931.6366043392997 1031.6366043392995 305.4311612295389 405.4311612295389
1836 1018.85016 301.4921 932.3288155200738 1032.328815520074 313.9435746118702 413.9435746118702
1854 1018.85016 301.4921 932.7973209778079 1032.7973209778079 322.97428757271297 422.97428757271297
1870 1026.4998 312.58942 932.9851019890048 1032.9851019890048 331.01025341435343 431.01025341435343
1888 1026.4998 312.58942 932.9389292403739 1032.938929240374 340.0529931552917 440.0529931552917
1905 1031.3606 325.47086 932.6450853553974 1032.6450853553974 348.5884482504665 448.5884482504665
1921 1031.3606 325.47086 932.1466802368993 1032.1466802368993 356.6111411309172 456.6111411309172
1938 1038.7013 336.74484 931.3818216320687 1031.3818216320687 365.1173347111916 465.1173347111916
1956 1038.7013 336.74484 930.3084090841814 1030.3084090841814 374.09625777841393 474.09625777841393
1972 1045.2727 344.82983 929.1274512558361 1029.1274512558361 382.04719151753216 482.04719151753216
1992 1045.2727 344.82983 927.3524086560906 1027.3524086560906 391.9366854277824 491.9366854277824
2006 1045.2727 344.82983 925.9132915457113 1025.9132915457112 398.8213208432003 498.8213208432003
2024 1048.2412 354.61084 923.8265442264865 1023.8265442264865 407.6201139178652 507.6201139178652
2040 1050.8574 366.88013 921.7497600303433 1021.7497600303433 415.385355454278 515.3853554542779
2058 1050.8574 366.88013 919.1656735406054 1019.1656735406054 424.0511370669554 524.0511370669553
2074 1052.6886 383.1074 916.6503512814876 1016.6503512814876 431.68560906238275 531.6856090623828
2092 1052.6886 383.1074 913.5773009969078 1013.5773009969078 440.19029223658174 540.1902922365817
2108 1053.32 397.24542 910.6315931762647 1010.6315931762647 447.6692503292295 547.6692503292295
2125 1053.32 397.24542 907.2834395119482 1007.2834395119482 455.52610752219204 555.526107522192
2142 1052.2175 412.84027 903.7129933280626 1003.7129933280626 463.2844741001809 563.2844741001809
2159 1052.2175 412.84027 899.9231482862865 999.9231482862865 470.9380623089762 570.9380623089762
2176 1051.7104 425.4863 895.9169758597092 995.9169758597092 478.4806693117979 578.4806693117979
2193 1051.7104 425.4863 891.6977228435584 991.6977228435584 485.90618221638465 585.9061822163847
2210 1048.7349 442.41287 887.2688087238421 987.2688087238421 493.20858302917645 593.2085830291765
2227 1045.7701 450.3231 882.6338229060326 982.6338229060326 500.38195353258584 600.3819535325858
2244 1045.7701 450.3231 877.7965218060378 977.7965218060378 507.42048008140796 607.420480081408
2262 1045.7701 450.3231 872.4585164298949 972.4585164298949 514.719724737489 614.719724737489
2279 1041.3982 460.98917 867.2172069588121 967.2172069588121 521.4627962141102 621.4627962141102
2295 1041.3982 460.98917 862.1107312689596 962.1107312689596 527.6705264551181 627.6705264551181
2312 1035.8438 473.86462 856.5049640822481 956.5049640822481 534.1137952031119 634.1137952031119
2329 1035.8438 473.86462 850.7180576999276 950.7180576999276 540.394882086187 640.394882086187
2347 1027.991 487.896 844.398524111755 944.398524111755 546.8630169930223 646.8630169930223
2363 1027.991 487.896 838.6197303028227 938.6197303028227 552.4502838409564 652.4502838409564
2380 1019.7528 499.60754 832.3181143556885 932.3181143556885 558.2148284340103 658.2148284340103
2397 1019.7528 499.60754 825.8549614017456 925.8549614017456 563.7976585231695 663.7976585231695
2415 1009.8762 510.96384 818.8413765564474 918.8413765564474 569.5058019659065 669.5058019659065
2431 1000.1499 519.754 812.4651233483269 912.4651233483269 574.4002277485814 674.4002277485814
2448 1000.1499 519.754 805.5492900189863 905.5492900189863 579.4113740517007 679.4113740517007
2465 988.23315 531.59344 798.4936144283101 898.4936144283101 584.2236271487043 684.2236271487043
2483 988.23315 531.59344 790.8768325769166 890.8768325769166 589.0978356150445 689.0978356150445
2499 988.23315 531.59344 783.9857182018081 883.9857182018081 593.2360177503971 693.2360177503971
2516 979.1508 540.94037 776.54525546435 876.54525546435 597.4288511793545 697.4288511793545
2534 979.1508 540.94037 768.5404466713042 868.5404466713042 601.6355494252274 701.6355494252274
2550 967.41315 549.51355 761.3214464020558 861.3214464020558 605.1708066759479 705.1708066759479
2567 967.41315 549.51355 753.5504381858558 853.5504381858558 608.7136542896951 708.7136542896951
2586 951.8311 559.4222 744.7498717145976 844.7498717145976 612.409709190917 712.409709190917
2602 916.17725 573.3041 737.2507557291436 837.2507557291436 615.3037147460062 715.3037147460062
2619 916.17725 573.3041 729.2010633664289 829.2010633664289 618.1572723108953 718.1572723108953
2636 885.7302 588.8566 721.0734050251664 821.0734050251664 620.7805351262059 720.7805351262059
2652 885.7302 588.8566 713.3585211872297 813.3585211872297 623.0372088029525 723.0372088029525
2669 858.4043 599.4011 705.0983728534557 805.0983728534557 625.2075284601758 725.2075284601758
2686 858.4043 599.4011 696.7797925232513 796.7797925232513 627.1418395004217 727.1418395004217
2703 836.5454 607.5281 688.4095219750633 788.4095219750633 628.8385742647915 728.8385742647915
2721 836.5454 607.5281 679.4980815799211 779.4980815799211 630.3746419810356 730.3746419810356
2737 816.41907 613.3406 671.5410813019316 771.5410813019316 631.5140081610913 731.5140081610913
2754 816.41907 613.3406 663.0565821743512 763.0565821743512 632.4905389924386 732.4905389924386
2771 816.41907 613.3406 654.5477237438794 754.5477237438794 633.2251587040392 733.2251587040392
2789 796.77423 616.912 645.5194574500881 745.5194574500881 633.7386581426483 733.7386581426483
2805 780.0918 621.6914 637.4845270833351 737.4845270833351 633.9664798220608 733.9664798220608
2822 780.0918 621.6914 628.9440176902656 728.9440176902656 633.9725804261168 733.9725804261168
2839 761.8176 623.64453 620.4067954607539 720.4067954607539 633.7355687926154 733.7355687926154
2856 761.8176 623.64453 611.8797793711809 711.8797793711809 633.2556370072082 733.2556370072082
2874 745.7573 623.9778 602.8699783535706 702.8699783535706 632.4831348595524 732.4831348595524
2891 745.7573 623.9778 594.3857197476881 694.3857197476881 631.5045165381459 731.5045165381459
2907 730.25006 624.5299 586.4290000393138 686.4290000393138 630.3631926583694 730.3631926583694
2924 730.25006 624.5299 578.0117489028069 678.0117489028069 628.9174329219486 728.9174329219486
2941 714.24207 622.7032 569.6390628953682 669.6390628953682 627.232657883161 727.232657883161
2959 714.24207 622.7032 560.8299808532626 660.8299808532626 625.189780618001 725.189780618001
2975 700.97876 620.28613 553.0544871637487 653.0544871637487 623.1517161929854 723.1517161929854
2992 687.6443 619.7681 544.8560383791012 644.8560383791012 620.7588569334407 720.7588569334407
3009 687.6443 619.7681 536.7290257094023 636.7290257094023 618.1335944747455 718.1335944747455
3026 687.6443 619.7681 528.6800356774336 628.6800356774336 615.278056456131 715.278056456131
3043 675.3839 617.40857 520.7155915726703 620.7155915726703 612.1945571432422 712.1945571432422
3061 675.3839 617.40857 512.3819751274623 612.3819751274623 608.6839858379951 708.6839858379951
3077 663.5978 614.37646 505.066086470933 605.066086470933 605.3538534259965 705.3538534259965
3094 663.5978 614.37646 497.3937085871838 597.3937085871838 601.6021930576474 701.6021930576474
3111 650.14575 610.06647 489.8312325780845 589.8312325780845 597.6336549738851 697.6336549738851
3128 650.14575 610.06647 482.38478743869564 582.3847874386956 593.4514554692516 693.4514554692516
3145 623.79926 614.4346 475.06040812706976 575.0604081270698 589.058983999804 689.058983999804
3162 623.79926 614.4346 467.8640306732291 567.8640306732291 584.4598004361334 684.4598004361334
3180 596.24475 626.00195 460.39033437862736 560.3903343786274 579.3689127295427 679.3689127295427
3196 573.6156 633.32306 453.87850203784535 553.8785020378454 574.6563711348483 674.6563711348483
3213 573.6156 633.32306 447.10068540279684 547.1006854027969 569.4600705688548 669.4600705688548
3230 554.36224 637.76105 440.47353053246013 540.4735305324601 564.0729418127313 664.0729418127313
3248 554.36224 637.76105 433.6267260338776 533.6267260338776 558.165781572544 658.165781572544
3265 554.36224 637.76105 427.3265285815807 527.3265285815808 552.3996867092457 652.3996867092457
3281 536.1001 638.0482 421.54910963438175 521.5491096343817 546.8109982204569 646.8109982204569
3298 536.1001 638.0482 415.5770257696452 515.5770257696452 540.7057093474355 640.7057093474355
3316 517.0991 636.08936 409.4458068390105 509.4458068390105 534.0587981572892 634.0587981572892
3332 517.0991 636.08936 404.1661854693228 504.1661854693228 527.9976425819129 627.9976425819129
3349 501.27097 633.6218 398.7366769287074 498.7366769287074 521.4051639192346 621.4051639192346
3366 501.27097 633.6218 393.49702667636814 493.49702667636814 514.6608030789737 614.6608030789737
3384 493.72522 631.769 388.16081736231547 488.16081736231547 507.3602452851014 607.3602452851014
3400 490.66998 630.6041 383.6041295851123 483.6041295851123 500.7384173488538 600.7384173488538
3418 490.66998 630.6041 378.69202741539596 478.69202741539596 493.1460181088685 593.1460181088685
3434 485.43695 629.6229 374.519558420162 474.519558420162 486.2756097367269 586.2756097367269
3451 485.43695 629.6229 370.28970142185455 470.28970142185455 478.85613214835485 578.8561321483548
3469 482.09634 624.14746 366.043167657697 466.043167657697 470.8723845988062 570.8723845988062
3486 482.09634 624.14746 362.2552058135661 462.2552058135661 463.2178641711182 563.2178641711182
3503 477.34802 620.2515 358.68666860027383 458.68666860027383 455.45861935813366 555.4586193581337
3519 477.34802 620.2515 355.5310810978608 455.5310810978608 448.06576630732854 548.0657663073285
3538 477.34802 620.2515 352.04271963026997 452.04271963026997 439.1808281353827 539.1808281353826
3553 472.1307 612.4575 349.4894944740342 449.4894944740342 432.0907399116313 532.0907399116313
3570 472.1307 612.4575 346.8121790087004 446.8121790087004 423.9807263598813 523.9807263598814
3587 466.5998 605.307 344.3668039474663 444.3668039474663 415.79778809050777 515.7977880905078
3604 460.77472 597.0264 342.155351140146 442.155351140146 407.5485569510936 507.5485569510936
3621 460.77472 597.0264 340.17961285468476 440.17961285468476 399.23971851615926 499.23971851615926
3638 453.48093 584.4084 338.44119032461737 438.44119032461737 390.87800666884965 490.87800666884965
3656 453.48093 584.4084 336.8607362133312 436.8607362133312 381.97433109371923 481.97433109371923
3672 446.3018 573.05945 335.68173466233077 435.68173466233077 374.02310703330426 474.02310703330426
3689 446.3018 573.05945 334.66293792598333 434.66293792598333 365.5435792681223 465.5435792681223
3706 440.03156 559.59393 333.8859279242903 433.8859279242903 357.03848706593226 457.03848706593226
3723 440.03156 559.59393 333.35133438360816 433.35133438360816 348.5147233633919 448.5147233633919
3740 432.25198 545.2528 333.05959056430925 433.05959056430925 339.9791962294431 439.9791962294431
3757 432.25198 545.2528 453.02406576024066 553.0240657602407 331.056686471707 431.056686471707
3775 427.10516 528.0335 453.3989626747057 553.3989626747057 322.0222125716715 422.0222125716715
3791 427.10516 528.0335 454.11274721758974 554.1127472175897 314.01623679178385 414.01623679178385
3808 422.55896 511.26727 455.26193415828243 555.2619341582824 305.553911501838 405.553911501838
3825 422.55896 511.26727 456.81120498653286 556.8112049865329 297.15561763711503 397.15561763711503
3842 417.61142 494.09726 458.7570723329198 558.7570723329197 288.84025954453836 388.84025954453836
3859 417.61142 494.09726 461.09515609929747 561.0951560992975 280.62655488470796 380.62655488470796
3876 414.4153 476.80878 463.8201933182859 563.8201933182859 272.53299249891984 372.53299249891984
3894 414.4153 476.80878 467.1204617306055 567.1204617306055 264.1145309557668 364.1145309557668
3910 411.7171 458.4604 470.40573493989234 570.4057349398923 256.7788567193968 356.7788567193968
3927 411.7171 458.4604 474.251415455004 574.251415455004 249.15374548655507 349.15374548655507
3944 410.79297 443.1242 478.4544350159092 578.4544350159092 241.71962102511617 341.71962102511617
3962 411.49704 427.39056 483.2836511094473 583.2836511094473 234.07495371588607 334.07495371588607
3978 411.49704 427.39056 487.893864647575 587.893864647575 227.49080094619188 327.4908009461919
3995 409.79013 407.85892 493.109026801152 593.109026801152 220.7281340425647 320.7281340425647
4012 409.79013 407.85892 498.63907999467915 598.6390799946792 214.22043924223226 314.22043924223226
4029 409.79013 407.85892 504.47157621838664 604.4715762183866 207.98236520147657 307.98236520147657
4047 430.22687 390.21545 510.9622116294033 610.9622116294033 201.6868177027948 301.68681770279477
4063 430.22687 390.21545 516.9907313118342 616.9907313118342 196.37060786867886 296.37060786867886
4080 461.6908 372.76086 523.6492098803254 623.6492098803254 191.0230623484931 291.0230623484931
4097 461.6908 372.76086 530.5538343096449 630.5538343096449 185.9973542961332 285.9973542961332
4115 487.03098 360.76526 538.1156224410547 638.1156224410547 181.0393681522872 281.03936815228724
4131 487.03098 360.76526 545.0388331282979 645.0388331282979 176.95595164869005 276.9559516486901
4148 509.4685 344.8141 552.5866021519138 652.5866021519138 172.9606090221234 272.96060902212344
4165 530.51196 335.51794 560.3153796987771 660.3153796987771 169.32776198864897 269.32776198864894
4182 530.51196 335.51794 568.2077684862486 668.2077684862486 166.06558799499004 266.06558799499004
4200 549.97003 324.38748 576.7229970015156 676.7229970015156 163.02368896976233 263.02368896976236
4216 549.97003 324.38748 584.4119892185008 684.4119892185008 160.68178050678887 260.68178050678887
4234 567.20325 311.8243 593.1771405586188 693.1771405586188 158.46043219287566 258.46043219287566
4250 567.20325 311.8243 601.053445290706 701.053445290706 156.85763453593017 256.8576345359302
4268 567.20325 311.8243 609.9896433324445 709.9896433324445 155.4768264733346 255.4768264733346
4284 584.7089 303.32968 617.9823830375866 717.9823830375866 154.6275629290547 254.6275629290547
4301 584.7089 303.32968 626.507114755926 726.507114755926 154.1171424476271 254.1171424476271
4318 598.8385 290.37595 635.0464617946108 735.0464617946108 154.01163372561214 254.01163372561214
4335 598.8385 290.37595 643.581202299593 743.581202299593 154.31127426047263 254.31127426047263
4353 615.2709 283.71295 652.5916157056257 752.5916157056257 155.06937491294823 255.06937491294823
4369 630.86755 277.8694 660.5600713827765 760.5600713827765 156.12239470530233 256.1223947053023
4386 630.86755 277.8694 668.9659809564164 768.9659809564164 157.6297978289907 257.6297978289907
4403 646.20105 273.9739 677.2909320172428 777.2909320172428 159.53420581373558 259.5342058137356
4420 646.20105 273.9739 685.5161853111272 785.5161853111272 161.83133188536496 261.831331885365
4437 662.3456 268.51425 693.6232260010909 793.6232260010909 164.5160052712332 264.5160052712332
4454 662.3456 268.51425 701.5938053437343 801.5938053437343 167.58218283949915 267.5821828394992
4472 679.07446 263.68127 709.8645705675439 809.8645705675439 171.23686599396328 271.2368659939633
4488 679.07446 263.68127 717.0541612546845 817.0541612546845 174.83059975054408 274.8305997505441
4505 695.53705 260.38113 724.5091369531456 824.5091369531456 178.99652309031762 278.9965230903176
4522 695.53705 260.38113 731.7581279004737 831.7581279004737 183.51135533338842 283.51135533338845
4539 711.7615 255.6451 738.7848168015221 838.7848168015221 188.36493370665013 288.36493370665016
4556 711.7615 255.6451 745.5733867574248 845.5733867574248 193.54633292803192 293.5463329280319
4573 728.2448 258.37628 752.108556869033 852.108556869033 199.0438897990301 299.0438897990301
4590 728.2448 258.37628 758.3756166338345 858.3756166338345 204.8452294582745 304.8452294582745
4607 746.0276 259.0281 764.3604590589218 864.3604590589218 210.9372932370277 310.9372932370277
4624 746.0276 259.0281 770.0496124154753 870.0496124154753 217.30636805391646 317.30636805391646
4642 764.88544 263.86752 775.7369103211945 875.7369103211945 224.33608418463587 324.33608418463587
4658 764.88544 263.86752 780.4903217770493 880.4903217770493 230.81761302381858 330.8176130238186
4675 780.12714 270.83292 785.2183760095571 885.2183760095571 237.9293697063817 337.9293697063817
4692 780.12714 270.83292 789.6037905304013 889.6037905304013 245.25737894613326 345.25737894613326
4709 796.6613 275.7395 793.6366938824929 893.6366938824929 252.78514557975075 352.78514557975075
4726 796.6613 275.7395 797.3080081024611 897.3080081024611 260.4957247950736 360.4957247950736
4743 814.9302 283.2695 800.6094691549205 900.6094691549205 268.3717602734482 368.3717602734482
4760 829.9468 294.83545 803.5336455346032 903.5336455346032 276.3955232583588 376.3955232583588
4777 829.9468 294.83545 806.0739549944915 906.0739549944915 284.5489524624127 384.5489524624127
4794 829.9468 294.83545 808.2246793622878 908.2246793622878 292.8136947228397 392.8136947228397
4811 844.88715 301.96918 809.980977411876 909.980977411876 301.17114631399613 401.17114631399613
4828 844.88715 301.96918 811.3388957607996 911.3388957607996 309.60249482388303 409.60249482388303
4845 860.3513 311.1453 812.2953777692248 912.2953777692248 318.08876150040663 418.08876150040663
4862 860.3513 311.1453 812.84827042036 912.84827042036 326.6108439720703 426.6108439720703
4880 870.99695 319.8386 812.9924195110625 912.9924195110625 335.6519438712278 435.6519438712278
4896 870.99695 319.8386 812.7392207321774 912.7392207321774 343.68568689301895 443.68568689301895
4913 878.54645 329.51404 812.0775238609478 912.0775238609478 352.200012303063 452.200012303063
4931 885.45935 340.7722 810.9375863875596 910.9375863875596 361.1701187073185 461.1701187073185
4948 885.45935 340.7722 809.4486116349954 909.4486116349954 369.57931213616394 469.57931213616394
4964 895.07806 352.19705 807.6843286896907 907.6843286896907 377.4210238275436 477.4210238275436
4981 895.07806 352.19705 805.4282173508461 905.4282173508461 385.65762152102405 485.65762152102405
4998 902.8559 366.25452 802.7839744590015 902.7839744590015 393.77793921594457 493.77793921594457
5016 902.8559 366.25452 799.5677668269823 899.5677668269823 402.2288725853804 502.2288725853804
5032 907.9548 382.05695 796.3557627878217 896.3557627878217 409.59692297976756 509.59692297976756
5049 907.9548 382.05695 792.5862637502574 892.5862637502574 417.25998091660404 517.259980916604
5066 907.9548 382.05695 788.4575400722103 888.4575400722103 424.73562274375536 524.7356227437554
5083 909.8653 396.8726 783.9788854061801 883.9788854061801 432.00702098068035 532.0070209806804
5100 909.8653 396.8726 779.1603810904619 879.1603810904619 439.057807893992 539.057807893992
5117 913.3762 409.4724 774.0128734563121 874.0128734563121 445.8721123408068 545.8721123408068
5135 911.5242 423.8031 768.2168577475671 868.2168577475671 452.81246307048013 552.8124630704801
5151 911.5242 423.8031 762.7779103666112 862.7779103666112 458.73048537096236 558.7304853709624
5169 912.3369 439.68585 756.3503375862501 856.3503375862501 465.09040474938706 565.0904047493871
5185 912.3369 439.68585 750.3750976809954 850.3750976809954 470.46642973411736 570.4664297341174
5203 908.77686 452.37866 743.3738084758055 843.3738084758055 476.1886859160961 576.1886859160961
5220 908.77686 452.37866 736.5054202885274 836.5054202885274 481.26380400796154 581.2638040079615
5236 889.08203 462.55133 729.8279376018812 829.8279376018812 485.73776886380733 585.7377688638073
5254 889.08203 462.55133 722.0856646883476 822.0856646883476 490.40890111191015 590.4089011119102
5270 870.4705 472.0959 715.014294413571 815.014294413571 494.2300081502966 594.2300081502966
5287 870.4705 472.0959 707.3221049847989 807.3221049847989 497.93969839739407 597.9396983973941
5304 870.4705 472.0959 699.4626183788416 799.4626183788416 501.28036453280606 601.2803645328061
5321 854.5824 481.27228 691.4535261011198 791.4535261011198 504.2444868016163 604.2444868016163
5338 839.43 489.14438 683.3128564156366 783.3128564156366 506.8253930396211 606.8253930396211
5356 839.43 489.14438 674.5702779150454 774.5702779150454 509.133982978935 609.133982978935
5372 825.78125 494.94672 666.710337516615 766.710337516615 510.8151948914908 610.8151948914908
5389 825.78125 494.94672 658.2858601528986 758.2858601528986 512.2151095623715 612.2151095623715
5406 811.4584 501.30615 649.8044649579773 749.8044649579773 513.2138665323532 613.2138665323532
5423 811.4584 501.30615 641.2852433377668 741.2852433377668 513.8092176247758 613.8092176247758
5440 798.19116 506.90533 632.7473718445073 732.7473718445073 513.9998227193989 613.9998227193989
5457 798.19116 506.90533 624.2100690108309 724.2100690108309 513.7852527689789 613.7852527689789
5474 784.8487 509.33612 615.692552089333 715.692552089333 513.1659907650433 613.1659907650433
5491 784.8487 509.33612 607.2139937950213 707.2139937950213 512.1434306506889 612.1434306506889
5509 772.72943 516.8937 598.3003682235171 698.3003682235171 510.6237117563112 610.6237117563112
5525 760.49866 519.1995 590.4499625136663 690.4499625136663 508.8985257511097 608.8985257511097
5543 760.49866 519.1995 581.7204446332313 681.7204446332313 506.5410304866251 606.5410304866251
5559 760.49866 519.1995 574.0688318657412 674.0688318657412 504.079738423869 604.079738423869
5576 748.11914 520.2793 566.0680913626405 666.0680913626405 501.0931464966776 601.0931464966776
5593 748.11914 520.2793 558.218012891798 658.218012891798 497.7304321259451 597.7304321259451
5610 738.8535 519.8216 550.5362667811617 650.5362667811617 493.99916469660786 593.9991646966079
5627 738.8535 519.8216 543.0401444467964 643.0401444467964 489.90774319720856 589.9077431972086
5644 727.50635 522.5096 535.7465194703461 635.7465194703461 485.4653773139863 585.4653773139863
5661 727.50635 522.5096 528.6718096170268 628.6718096170268 480.6820667001052 580.6820667001052
5678 694.91956 524.12024 521.8319398796541 621.8319398796541 475.56857846668925 575.5685784666892
5695 694.91956 524.12024 515.2423066318847 615.2423066318847 470.13642294632587 570.1364229463259
5712 671.4068 527.18427 508.91774297137306 608.9177429713731 464.3978277836013 564.3978277836013
5730 648.18207 528.39343 502.52587413130334 602.5258741313033 458.00202610763864 558.0020261076386
5746 648.18207 528.39343 497.1201414322254 597.1201414322254 452.0536489719888 552.0536489719889
5763 629.498 529.98584 491.67365965604995 591.67365965605 445.47585175716756 545.4758517571676
5781 629.498 529.98584 486.25378898296606 586.2537889829661 438.23794679551276 538.2379467955127
5797 629.498 529.98584 481.74660595691194 581.7466059569119 431.58284065575424 531.5828406557542
5814 613.7465 527.6722 477.2883795805666 577.2883795805666 424.29889958551144 524.2988995855114
5831 613.7465 527.6722 473.18065612063515 573.1806561206351 416.8116979778178 516.8116979778179
5849 598.445 525.08923 469.2236005938714 569.2236005938714 408.68126269395975 508.68126269395975
5865 598.445 525.08923 466.05289368960894 566.0528936896089 401.295346752855 501.295346752855
5883 582.35345 520.7286 462.88404530471144 562.8840453047114 392.8265412727159 492.8265412727159
5899 569.9 515.7824 460.427460199564 560.4274601995639 385.1734160167848 485.1734160167848
5916 569.9 515.7824 458.1944776869708 558.1944776869708 376.9305179198789 476.9305179198789
5934 556.8933 507.64084 456.2591188838897 556.2591188838896 368.0978143331939 468.0978143331939
5950 556.8933 507.64084 454.91310174796206 554.9131017479621 360.1735872774116 460.1735872774116
5967 546.69507 498.74484 453.8720946157316 553.8720946157316 351.69727415859836 451.69727415859836
5984 546.69507 498.74484 453.23429986469176 553.2342998646918 343.18112492358273 443.18112492358273
6001 537.5944 491.31995 453.0036526131048 553.0036526131048 335.1467028281774 435.1467028281774
