1 425.9819 400.72815 333.00042067616835 433.00042067616835 333.4976002348308 433.4976002348308
40 425.9819 400.72815 333.67283037574595 433.67283037574595 313.9190258021912 413.9190258021912
40 425.9819 400.72815 333.67283037574595 433.67283037574595 313.9190258021912 413.9190258021912
52 425.9819 400.72815 334.1367899590455 434.1367899590455 307.9082065772343 407.9082065772343
69 447.61777 400.7842 335.00061216007174 435.00061216007174 299.41149255853884 399.41149255853884
86 466.16223 400.68246 336.1059474282776 436.1059474282776 290.9428107334055 390.9428107334055
103 466.16223 400.68246 337.4518999466856 437.4518999466856 282.5090245297676 382.5090245297676
120 482.45303 398.77322 339.0373788905013 439.0373788905013 274.11696909446454 374.11696909446454
137 482.45303 398.77322 340.8610993111701 440.8610993111701 265.7734457537099 365.7734457537099
154 495.42273 400.68625 342.92158317776153 442.92158317776153 257.4852165009684 357.4852165009684
171 495.42273 400.68625 345.21716057483684 445.21716057483684 249.25899851671107 349.2589985167111
188 506.91147 401.9754 347.745971055829 447.745971055829 241.10145872448777 341.10145872448777
206 506.91147 401.9754 350.6754703658405 450.6754703658405 232.5462668658733 332.5462668658733
222 516.5173 403.14566 353.4949060276202 453.4949060276202 225.01879775167134 325.01879775167134
239 516.5173 403.14566 356.7103713044251 456.7103713044251 217.10671073469888 317.1067107346989
256 521.4907 401.6739 360.14975501321027 460.14975501321027 209.2893596734873 309.2893596734873
273 521.4907 401.6739 363.8102697116431 463.8102697116431 201.57308012612515 301.57308012612515
290 526.338 403.45984 367.68894874217887 467.68894874217887 193.9641257374746 293.9641257374746
307 526.338 403.45984 371.7826486363828 471.7826486363828 186.46866317091627 286.4686631709163
325 532.32916 403.65887 376.34782977641726 476.34782977641726 178.6627426548122 278.6627426548122
341 532.32916 403.65887 380.6016685145469 480.6016685145469 171.84241533816768 271.8424153381677
358 535.7759 403.39194 385.31984113972976 485.31984113972976 164.72348388819168 264.7234838881917
375 535.7759 403.39194 390.2387457035903 490.2387457035903 157.7417422858324 257.7417422858324
392 537.1076 397.90515 395.3543956887837 495.3543956887837 150.90284887099742 250.90284887099742
409 537.1076 397.90515 400.66264512599264 500.66264512599264 144.21234621253794 244.21234621253794
426 521.17676 380.07846 406.15919195402086 506.15919195402086 137.675656616284 237.675656616284
443 507.86636 362.8782 411.8395815063909 511.8395815063909 131.2980777305462 231.2980777305462
460 507.86636 362.8782 417.69921012162035 517.6992101216204 125.08477825264669 225.0847782526467
477 497.78345 351.52823 423.73332887425113 523.7333288742511 119.04079373995708 219.04079373995708
495 497.78345 351.52823 430.30714692417064 530.3071469241706 112.8312695881711 212.8312695881711
511 497.78345 351.52823 436.30533797716447 536.3053379771645 107.48022176480373 207.48022176480373
528 489.8056 339.08316 442.83303936531155 542.8330393653116 101.97300354707676 201.97300354707676
545 489.8056 339.08316 449.51486122421545 549.5148612242155 96.65383119074559 196.6538311907456
562 484.2317 320.42938 456.34538828338435 556.3453882833844 91.52701560946679 191.5270156094668
579 484.2317 320.42938 463.31908475446505 563.319084754465 86.5967118216947 186.5967118216947
596 480.72226 312.16492 470.430298817712 570.430298817712 81.86691558325475 181.86691558325475
613 480.72226 312.16492 477.673267202495 577.673267202495 77.34146014899 177.34146014899
630 481.51923 301.07663 485.0421198581312 585.0421198581312 73.02401316610684 173.02401316610684
647 481.51923 301.07663 492.53088471125693 592.5308847112569 68.91807370173689 168.9180737017369
664 486.42957 273.16336 500.1334925058843 600.1334925058843 65.02696940712423 165.02696940712423
681 500.31906 240.41612 507.8437817222184 607.8437817222184 61.353853820736504 161.3538538207365
698 500.31906 240.41612 515.6555035702502 615.6555035702502 57.90170381248561 157.9017038124856
716 514.94977 214.65643 524.0302593796754 624.0302593796754 54.49043732076149 154.4904373207615
732 514.94977 214.65643 531.5578441028453 631.5578441028453 51.6713103368038 151.6713103368038
749 530.29083 188.72208 539.6355747641641 639.6355747641641 48.89811628054434 148.89811628054434
766 530.29083 188.72208 547.7889724557664 647.7889724557664 46.355982532478436 146.35598253247844
783 530.29083 188.72208 556.0114292711773 656.0114292711773 44.04696936032366 144.04696936032366
800 545.8538 164.78578 564.2962813350795 664.2962813350795 41.972948099647 141.972948099647
818 557.25055 144.64853 573.1290235343304 673.1290235343304 40.03492354184783 140.03492354184783
834 557.25055 144.64853 581.0262683082123 681.0262683082123 38.53641304886645 138.53641304886645
851 571.4827 129.40834 589.4578444296311 689.4578444296311 37.176684392405264 137.17668439240526
869 571.4827 129.40834 598.4237125109679 698.4237125109679 35.999194055660666 135.99919405566067
885 586.7478 116.388176 606.4200007018427 706.4200007018427 35.17981387243941 135.1798138724394
902 586.7478 116.388176 614.9368339036334 714.9368339036334 34.54429036905128 134.54429036905128
919 602.7781 104.8189 623.4683063658551 723.4683063658551 34.151460206215404 134.1514602062154
936 602.7781 104.8189 632.0075037720162 732.0075037720162 34.00164175242986 134.00164175242986
953 617.31616 97.49722 640.5475055449577 740.5475055449577 34.09495642779058 134.09495642779058
970 617.31616 97.49722 649.0813904556234 749.0813904556234 34.431328605587055 134.43132860558705
987 632.1889 90.82252 657.6022422323567 757.6022422323567 35.01048567359351 135.0104856735935
1004 632.1889 90.82252 666.1031551661815 766.1031551661815 35.831958255007294 135.8319582550073
1021 647.7085 85.25885 674.5772397075203 774.5772397075203 36.895080588854285 136.89508058885428
1039 647.7085 85.25885 683.5129257704831 783.5129257704831 38.283168672958936 138.28316867295894
1056 663.4775 81.6881 691.910180553099 791.910180553099 39.84087532901299 139.840875329013
1072 663.4775 81.6881 699.7699870000625 799.7699870000625 41.52475517402934 141.52475517402934
1089 679.72266 80.99341 708.0683806888678 808.0683806888678 43.54391343827683 143.54391343827683
1106 679.72266 80.99341 716.3059353437416 816.3059353437416 45.79847131476845 145.79847131476845
1123 696.12555 77.97167 724.4759748533495 824.4759748533495 48.286601601133555 148.28660160113355
1141 696.12555 77.97167 733.0456581140163 833.0456581140163 51.173434252485094 151.1734342524851
1157 711.14764 74.25774 740.5870829453671 840.5870829453671 53.95532573657704 153.95532573657704
1174 711.14764 74.25774 748.5150943092397 848.5150943092397 57.13132537838908 157.13132537838908
1192 728.1056 72.74795 756.8072817166773 856.8072817166773 60.73866538800752 160.73866538800752
1208 728.1056 72.74795 764.0839106673807 864.0839106673807 64.15373198032523 164.15373198032523
1226 744.4393 72.85684 772.15737385635 872.15737385635 68.22711706909587 168.22711706909587
1242 760.567 72.58974 779.2278662476037 879.2278662476037 72.05074702783952 172.05074702783952
1260 760.567 72.58974 787.0564380261624 887.0564380261624 76.5769748008326 176.5769748008326
1276 773.3503 70.93969 793.8978774307536 893.8978774307536 80.79677522140798 180.79677522140798
1293 773.3503 70.93969 801.040231024628 901.040231024628 85.47941582800502 185.47941582800502
1310 773.3503 70.93969 808.046396715908 908.046396715908 90.36346949445999 190.36346949446
1327 787.5331 73.35517 814.9106963702274 914.9106963702274 95.4449779482751 195.4449779482751
1344 787.5331 73.35517 821.6275668282935 921.6275668282935 100.71982289007568 200.71982289007568
1361 802.2052 78.55128 828.1915644145411 928.1915644145411 106.18372933127876 206.18372933127876
1378 802.2052 78.55128 834.5973693489477 934.5973693489477 111.83226905874935 211.83226905874935
1395 816.80383 81.69316 840.8397900584413 940.8397900584413 117.66086422363836 217.66086422363836
1412 816.80383 81.69316 846.9137673844003 946.9137673844003 123.66479105149173 223.66479105149173
1429 832.76495 89.04723 852.8143786828404 952.8143786828404 129.83918367062486 229.83918367062486
1447 850.91016 95.28731 858.8678095701345 958.8678095701345 136.55701430542166 236.55701430542166
1463 850.91016 95.28731 864.0765190178248 964.0765190178248 142.67921608302754 242.67921608302754
1480 868.19714 109.03183 869.4289206730178 969.4289206730178 149.33444969515332 249.33444969515332
1498 868.19714 109.03183 874.88722733588 974.88722733588 156.54417661919263 256.5441766191926
1514 885.88885 120.42421 879.5547012529947 979.5547012529947 163.08838749211185 263.08838749211185
1532 885.88885 120.42421 884.5938718990391 984.5938718990391 170.59705136427337 270.5970513642734
1548 885.88885 120.42421 888.8813645222324 988.8813645222324 177.39627306401533 277.3962730640153
1566 903.34546 135.56259 893.4850665142205 993.4850665142205 185.17953728373874 285.17953728373874
1582 903.34546 135.56259 897.3786814969314 997.3786814969314 192.2117326082863 292.2117326082863
1599 917.5679 151.9498 901.3076210713034 1001.3076210713034 199.79485674886422 299.7948567488642
1616 932.1291 165.33865 905.0191112173986 1005.0191112173986 207.48674720608716 307.48674720608716
1634 932.1291 165.33865 908.7085720037483 1008.7085720037483 215.74272401389442 315.7427240138944
1650 946.2406 178.01547 911.7778900120431 1011.7778900120431 223.17180845816728 323.1718084581673
1668 946.2406 178.01547 914.9915414268671 1014.9915414268671 231.62436538072393 331.62436538072393
1684 959.6371 188.4604 917.6331117598017 1017.6331117598017 239.21607894831448 339.2160789483145
1701 959.6371 188.4604 920.21584210631 1020.21584210631 247.35670803135872 347.3567080313587
1718 972.30304 204.88239 922.5657988908573 1022.5657988908573 255.56755701433508 355.5675570143351
1735 972.30304 204.88239 924.6810775952 1024.6810775952 263.8419714294728 363.8419714294728
1752 984.1194 217.85773 926.5599638955216 1026.5599638955216 272.17324529251096 372.17324529251096
1770 984.1194 217.85773 928.2900242487331 1028.290024248733 281.0490644163614 381.0490644163614
1786 997.35736 232.53258 929.6026611419293 1029.6026611419293 288.97932248926173 388.97932248926173
1803 997.35736 232.53258 930.7640061395116 1030.7640061395116 297.4405053679775 397.4405053679775
1820 1005.693 248.87788 931.6840288345896 1031.6840288345898 305.9313178232743 405.9313178232743
1837 1005.693 248.87788 932.361983596427 1032.3619835964269 314.44487849148953 414.44487849148953
1854 1010.90015 262.22464 932.7973209778079 1032.7973209778079 322.97428757271297 422.97428757271297
1872 1010.90015 262.22464 932.9934330082496 1032.9934330082497 332.0150184069197 432.0150184069197
1888 1015.2156 280.9532 932.9389292403739 1032.938929240374 340.0529931552917 440.0529931552917
1905 1015.2156 280.9532 932.6450853553974 1032.6450853553974 348.5884482504665 448.5884482504665
1923 1022.1937 297.5891 932.0692702125862 1032.0692702125862 357.6129543791347 457.6129543791347
1939 1022.1937 297.5891 931.3292920861586 1031.3292920861586 365.61698093385 465.61698093385
1956 1028.2421 314.64136 930.3084090841814 1030.3084090841814 374.09625777841393 474.09625777841393
1974 1028.2421 314.64136 928.9648645142696 1028.9648645142697 383.0387497092864 483.0387497092864
1990 1033.4341 333.34088 927.5448065389205 1027.5448065389205 390.9504779694597 490.9504779694597
2007 1039.281 350.60446 925.8043267523421 1025.8043267523421 399.3117618435425 499.3117618435425
2024 1039.281 350.60446 923.8265442264865 1023.8265442264865 407.6201139178652 507.6201139178652
2041 1039.281 350.60446 921.6130618516396 1021.6130618516396 415.86880070345273 515.8688007034527
2059 1044.4429 364.34747 919.0144666966232 1019.0144666966232 424.53024268301857 524.5302426830185
2075 1044.4429 364.34747 916.4863627748334 1016.4863627748334 432.1604916486035 532.1604916486035
2092 1048.1449 376.88782 913.5773009969078 1013.5773009969078 440.19029223658174 540.1902922365817
2110 1048.1449 376.88782 910.2493204401369 1010.2493204401369 448.598491767921 548.598491767921
2126 1055.0508 385.24994 907.0795392706568 1007.0795392706568 455.98527023040305 555.9852702304031
2143 1055.0508 385.24994 903.4961054216201 1003.4961054216201 463.737646624778 563.737646624778
2160 1054.9391 403.58716 899.6934484911064 999.6934484911064 471.3848773771026 571.3848773771026
2177 1054.9391 403.58716 895.6746503355766 995.6746503355766 478.92076480298647 578.9207648029865
2194 1056.9125 414.2276 891.4429679827582 991.4429679827582 486.339201456037 586.339201456037
2211 1056.7046 428.66736 887.0018309919924 987.0018309919924 493.63417507762983 593.6341750776298
2228 1056.7046 428.66736 882.3548386747549 982.3548386747549 500.79977346953126 600.7997734695313
2245 1052.6968 440.93634 877.5057571776003 977.5057571776003 507.8301892854297 607.8301892854297
2263 1052.6968 440.93634 872.1555354906925 972.1555354906925 515.1204843306248 615.1204843306248
2279 1046.3815 453.91745 867.2172069588121 967.2172069588121 521.4627962141102 621.4627962141102
2296 1046.3815 453.91745 861.7860765741736 961.7860765741736 528.0539388051589 628.0539388051589
2313 1046.3815 453.91745 856.169526925818 956.169526925818 534.4878107309933 634.4878107309933
2330 1039.2568 464.91907 850.3721099362925 950.3721099362925 540.7591976716982 640.7591976716982
2347 1039.2568 464.91907 844.398524111755 944.398524111755 546.8630169930223 646.8630169930223
2364 1034.22 476.3932 838.2536107340788 938.2536107340788 552.7943218655896 652.7943218655896
2381 1028.7618 489.4291 831.9423499372441 931.9423499372441 558.5483052740481 658.5483052740481
2398 1028.7618 489.4291 825.4698566711968 925.4698566711968 564.1203039129076 664.1203039129076
2416 1019.4709 503.93604 818.4467224276409 918.4467224276409 569.8166939401142 669.8166939401142
2432 1019.4709 503.93604 812.0622816327669 912.0622816327669 574.7004347658467 674.7004347658467
2450 1009.6206 518.2736 804.726359229322 904.726359229322 579.9879215446194 679.9879215446194
2466 1009.6206 518.2736 798.0743413925139 898.0743413925139 584.5004227817345 684.5004227817345
2483 996.95374 528.708 790.8768325769166 890.8768325769166 589.0978356150445 689.0978356150445
2500 996.95374 528.708 783.5513727666926 883.5513727666926 593.48850486691 693.48850486691
2517 984.8569 540.0806 776.1038988675523 876.1038988675523 597.6688721273433 697.6688721273433
2535 984.8569 540.0806 768.0920564852443 868.0920564852443 601.8621590941646 701.8621590941646
2551 969.8766 556.49854 760.8671459641587 860.8671459641587 605.3853219740902 705.3853219740902
2568 969.8766 556.49854 753.0902155588545 853.0902155588545 608.9151507775223 708.9151507775223
2586 947.7637 574.71484 744.7498717145976 844.7498717145976 612.409709190917 712.409709190917
2602 947.7637 574.71484 737.2507557291436 837.2507557291436 615.3037147460062 715.3037147460062
2619 926.6477 591.496 729.2010633664289 829.2010633664289 618.1572723108953 718.1572723108953
2636 926.6477 591.496 721.0734050251664 821.0734050251664 620.7805351262059 720.7805351262059
2653 907.9568 607.5335 712.8743677514212 812.8743677514212 623.1713771733134 723.1713771733134
2671 907.9568 607.5335 704.1226191944395 804.1226191944395 625.4473761057436 725.4473761057436
2687 889.13745 619.6548 696.2887884500344 796.2887884500344 627.2482382837565 727.2482382837565
2704 889.13745 619.6548 687.9156881752673 787.9156881752673 628.9309532623472 728.9309532623472
2721 866.364 631.17786 679.4980815799211 779.4980815799211 630.3746419810356 730.3746419810356
2738 866.364 631.17786 671.0427906981013 771.0427906981013 631.5781344048996 731.5781344048996
2756 844.2649 640.6598 662.056671143893 762.056671143893 632.589534079873 732.589534079873
2772 844.2649 640.6598 654.0465913636143 754.0465913636143 633.2608243522246 733.2608243522246
2790 821.5082 646.58435 645.0174777897536 745.0174777897536 633.7592037412243 733.7592037412243
2806 821.5082 646.58435 636.982177164819 736.982177164819 633.9735692774082 733.9735692774082
2823 802.09644 653.19385 628.4416695312384 728.4416695312384 633.9653673731979 733.9653673731979
2840 802.09644 653.19385 619.9048561883765 719.9048561883765 633.714059077236 733.714059077236
2857 780.7693 660.70667 611.3786557812324 711.3786557812324 633.2198480618783 733.2198480618783
2874 780.7693 660.70667 602.8699783535706 702.8699783535706 632.4831348595524 732.4831348595524
2891 773.83875 680.7815 594.3857197476881 694.3857197476881 631.5045165381459 731.5045165381459
2908 773.83875 680.7815 585.9327560156919 685.9327560156919 630.2847862171152 730.2847862171152
2925 763.8821 694.37463 577.5179378468152 677.5179378468152 628.8249324247021 728.8249324247021
2943 763.8821 694.37463 568.6572862084001 668.6572862084001 627.0187966358682 727.0187966358682
2959 752.1911 705.307 560.8299808532626 660.8299808532626 625.189780618001 725.189780618001
2976 737.49365 715.7793 552.5703667532769 652.5703667532769 623.0174287059479 723.0174287059479
2993 737.49365 715.7793 544.3759367047026 644.3759367047026 620.6108431393186 720.6108431393186
3010 724.06616 722.66583 536.2533318686146 636.2533318686146 617.9719743310518 717.9719743310518
3027 724.06616 722.66583 528.2091351954737 628.2091351954737 615.1029609476205 715.1029609476205
3044 709.01605 728.35583 520.2498660899855 620.2498660899855 612.0061281757542 712.0061281757542
3061 709.01605 728.35583 512.3819751274623 612.3819751274623 608.6839858379951 708.6839858379951
3078 709.01605 728.35583 504.6118388259649 604.6118388259649 605.1392263586182 705.1392263586182
3095 693.9154 731.42255 496.94575447846444 596.9457544784644 601.3747225815591 701.3747225815591
3112 693.9154 731.42255 489.38993504921393 589.3899350492139 597.3935254421243 697.3935254421243
3129 676.2331 731.76355 481.9505041384623 581.9505041384623 593.1988614943655 693.1988614943655
3146 655.25366 729.6642 474.6334910195917 574.6334910195917 588.7941302961241 688.7941302961241
3163 655.25366 729.6642 467.4448257527072 567.4448257527072 584.182901653867 684.182901653867
3180 634.2759 726.3948 460.39033437862736 560.3903343786274 579.3689127295427 679.3689127295427
3198 634.2759 726.3948 453.0734698337192 553.0734698337192 574.0550848083049 674.0550848083049
3214 614.2321 717.8456 446.7066291336331 546.7066291336331 569.1484211540582 669.1484211540582
3232 614.2321 717.8456 439.70402088331 539.70402088331 563.4268172148151 663.4268172148151
3248 593.68317 713.39746 433.6267260338776 533.6267260338776 558.165781572544 658.165781572544
3265 593.68317 713.39746 427.3265285815807 527.3265285815808 552.3996867092457 652.3996867092457
3282 578.37445 710.2306 421.193018823778 521.193018823778 546.4565902131905 646.4565902131905
3300 578.37445 710.2306 414.8859202695544 514.8859202695544 539.9763292792179 639.9763292792179
3317 578.37445 710.2306 409.1110886747011 509.1110886747011 533.6841390435716 633.6841390435716
3333 560.15344 701.8829 403.8416251188419 503.8416251188419 527.6141503656863 627.6141503656863
3350 545.0824 693.91736 398.4231643908829 498.4231643908829 521.0125883346178 621.0125883346178
3368 545.0824 693.91736 392.89327793288106 492.89327793288106 513.8576159582443 613.8576159582443
3384 528.3582 683.80475 388.16081736231547 488.16081736231547 507.3602452851014 607.3602452851014
3401 528.3582 683.80475 383.3252481623738 483.3252481623738 500.3205287834901 600.3205287834901
3418 513.3484 674.50146 378.69202741539596 478.69202741539596 493.1460181088685 593.1460181088685
3436 513.3484 674.50146 374.0109874179972 474.0109874179972 485.4090200807045 585.4090200807045
3452 499.24142 661.8636 370.04748418581175 470.04748418581175 478.4159770489023 578.4159770489023
3469 499.24142 661.8636 366.043167657697 466.043167657697 470.8723845988062 570.8723845988062
3486 486.471 649.9076 362.2552058135661 462.2552058135661 463.2178641711182 563.2178641711182
3504 486.471 649.9076 358.4836506510668 458.4836506510668 454.9990658647184 554.9990658647184
3520 470.6542 637.17145 355.3404481323775 455.3404481323775 447.60093862583636 547.6009386258363
3537 470.6542 637.17145 352.2192563482289 452.2192563482289 439.6511902174244 539.6511902174244
3555 459.92468 620.9745 349.16254671714296 449.16254671714296 431.1406203084062 531.1406203084061
3572 459.92468 620.9745 346.5124093568393 446.5124093568393 423.02168504065054 523.0216850406505
3589 450.3058 603.4942 344.09445534840984 444.09445534840984 414.8306023085815 514.8306023085815
3605 450.3058 603.4942 342.03258971905177 442.03258971905177 407.06138620638365 507.06138620638365
3622 439.91855 587.51263 340.07076873233893 440.07076873233893 398.74925072104793 498.74925072104793
3639 439.91855 587.51263 338.34635171354296 438.34635171354296 390.3846393220784 490.3846393220784
3656 429.57596 573.06726 336.8607362133312 436.8607362133312 381.97433109371923 481.97433109371923
3674 429.57596 573.06726 335.54935184808403 435.54935184808403 373.027066428379 473.027066428379
3690 419.0765 558.06354 334.61053131423415 434.61053131423415 365.043920136258 465.043920136258
3708 419.0765 558.06354 333.8104422301949 433.8104422301949 356.03652698381586 456.03652698381586
3724 410.62863 541.3038 333.32744725508564 433.32744725508564 348.0128916126015 448.0128916126015
3742 403.29776 525.82886 333.0412466497635 433.0412466497635 338.9745641589974 438.9745641589974
3758 403.29776 525.82886 453.0329818975829 553.0329818975829 330.55436575878036 430.55436575878036
3775 397.20966 511.32666 453.3989626747057 553.3989626747057 322.0222125716715 422.0222125716715
3793 397.20966 511.32666 454.22708760923143 554.2270876092314 313.01796493848644 413.01796493848644
3809 394.19202 494.10257 455.34202256495803 555.342022564958 305.0579362572376 405.0579362572376
3826 394.19202 494.10257 456.91472789945465 556.9147278994546 296.66399928652106 396.66399928652106
3843 394.19202 494.10257 458.8837967246308 558.8837967246309 288.35410470841526 388.35410470841526
3860 394.8012 476.50513 461.2447967163995 561.2447967163995 280.14695788528695 380.14695788528695
3877 394.8012 476.50513 463.99241332353733 563.9924133235373 272.0610328969076 372.0610328969076
3894 395.02673 459.20062 467.1204617306055 567.1204617306055 264.1145309557668 364.1145309557668
3911 395.02673 459.20062 470.6219007798122 570.6219007798122 256.3253394366035 356.3253394366035
3928 394.6882 436.42044 474.4888488204813 574.4888488204813 248.71099161237862 348.7109916123786
3945 396.36133 415.91708 478.7126014504479 578.7126014504479 241.28862718732034 341.28862718732034
3962 396.36133 415.91708 483.2836511094473 583.2836511094473 234.07495371588607 334.07495371588607
3979 396.91467 394.41132 488.19170848039323 588.1917084803932 227.08620899447726 327.08620899447726
3996 396.91467 394.41132 493.4257256503695 593.4257256503695 220.33812451057264 320.33812451057264
4013 398.7798 376.741 498.9739209792019 598.9739209792019 213.84589003154827 313.84589003154827
4030 398.7798 376.741 504.82380561963384 604.8238056196338 207.62411941289355 307.62411941289355
4048 398.52524 356.38937 511.33198729842366 611.3319872984237 201.34671249739392 301.3467124973939
4064 398.52524 356.38937 517.3753216119491 617.3753216119491 196.0473496171248 296.04734961712484
4081 398.52524 356.38937 524.0486998190197 624.0486998190197 190.7184094558065 290.7184094558065
4099 430.33936 333.1137 531.3816098454719 631.3816098454719 185.42778596789336 285.4277859678933
4115 430.33936 333.1137 538.1156224410547 638.1156224410547 181.0393681522872 281.03936815228724
4132 452.9807 309.37378 545.4775025692394 645.4775025692394 176.71105428707807 276.71105428707807
4150 474.23633 294.8372 553.4868080360552 653.4868080360552 172.5142349812069 272.51423498120687
4166 474.23633 294.8372 560.7752807325808 660.7752807325808 169.12553282347662 269.12553282347665
4183 491.37003 276.76294 568.6767438562879 668.6767438562879 165.88540004190477 265.88540004190475
4201 491.37003 276.76294 577.2004294706235 677.2004294706235 162.86727978338817 262.8672797833882
4217 507.97986 258.9687 584.8959282560902 684.8959282560902 160.54684124624086 260.5468412462409
4234 507.97986 258.9687 593.1771405586188 693.1771405586188 158.46043219287566 258.46043219287566
4251 523.25836 239.48416 601.547993109811 701.547993109811 156.76915826363768 256.7691582636377
4268 523.25836 239.48416 609.9896433324445 709.9896433324445 155.4768264733346 255.4768264733346
4285 538.2756 227.6813 618.4830892855312 718.4830892855312 154.5863458281167 254.5863458281167
4302 538.2756 227.6813 627.009212437205 727.009212437205 154.09972077737774 254.09972077737774
4319 556.6077 213.47285 635.5488207000526 735.5488207000526 154.01804670179018 254.01804670179018
4336 556.6077 213.47285 644.0826916320163 744.0826916320163 154.341507447631 254.341507447631
4353 571.70825 202.36427 652.5916157056257 752.5916157056257 155.06937491294823 255.06937491294823
4370 571.70825 202.36427 661.0564395481568 761.0564395481568 156.20001068650026 256.20001068650026
4387 608.4153 191.6226 669.4581090553891 769.4581090553891 157.73086973577773 257.73086973577773
4405 608.4153 191.6226 678.2641437149437 778.2641437149437 159.7841646297532 259.7841646297532
4422 636.782 189.50137 686.4764458531516 786.4764458531516 162.12716986412616 262.12716986412613
4438 636.782 189.50137 694.0960379112927 794.0960379112927 164.68587137647998 264.68587137648
4455 661.23315 185.93437 702.0580281761817 802.0580281761817 167.77428374521077 267.77428374521077
4472 661.23315 185.93437 709.8645705675439 809.8645705675439 171.23686599396328 271.2368659939633
4489 686.01495 184.7723 717.4980927560449 817.4980927560449 175.0658239377357 275.0658239377357
4506 711.73694 179.05379 724.9414118764473 824.9414118764473 179.25253868910977 279.25253868910977
4523 711.73694 179.05379 732.1777732058051 832.1777732058051 183.78758605914797 283.787586059148
4541 733.5684 179.00505 739.5961316958552 839.5961316958552 188.9577140711031 288.9577140711031
4557 733.5684 179.00505 745.9649695491788 845.9649695491788 193.86108443850046 293.8610844385005
4574 733.5684 179.00505 752.4847699331881 852.4847699331881 199.3768602579292 299.3768602579292
4592 755.0454 176.10042 759.0946300971092 859.0946300971092 205.5471126806672 305.54711268066717
4608 755.0454 176.10042 764.7034286327194 864.7034286327194 211.30441374529323 311.30441374529323
4625 776.30096 172.8058 770.3747830567704 870.3747830567704 217.68934279222185 317.68934279222185
4642 776.30096 172.8058 775.7369103211945 875.7369103211945 224.33608418463587 324.33608418463587
4659 788.92035 178.3089 780.7777404132385 880.7777404132385 231.2296762758943 331.2296762758943
4676 788.92035 178.3089 785.4859265519513 885.4859265519513 238.35460176468007 338.35460176468007
4693 800.6007 180.75482 789.8508707295014 889.8508707295014 245.69482262405427 345.69482262405427
4710 813.279 184.7684 793.8627475670244 893.8627475670244 253.233816202647 353.233816202647
4727 813.279 184.7684 797.5125264313018 897.5125264313018 260.95461241672945 360.95461241672945
4745 829.25305 192.88991 800.9732072207441 900.9732072207441 269.30841124244256 369.30841124244256
4761 829.25305 192.88991 803.6937615671286 903.6937615671286 276.8717253711941 376.8717253711941
4778 846.3464 194.25592 806.2113040348377 906.2113040348377 285.032213093187 385.032213093187
4795 846.3464 194.25592 808.3389522412413 908.3389522412413 293.3029260641045 393.3029260641045
4812 860.9727 206.84543 810.0719169040786 910.0719169040786 301.6652471183856 401.6652471183856
4829 860.9727 206.84543 811.4062971637562 911.4062971637562 310.1003528829921 410.1003528829921
4846 860.9727 206.84543 812.3390893640834 912.3390893640834 318.5892561483454 418.5892561483454
4864 873.7785 220.11067 812.8867159799908 912.8867159799908 327.6149068969865 427.6149068969865
4881 887.47455 235.84047 812.9871076610264 912.9871076610264 336.1543156263951 436.1543156263951
4897 887.47455 235.84047 812.7114868280897 912.7114868280897 344.18732065055974 444.18732065055974
4914 898.59827 248.34758 812.0260281368674 912.0260281368674 352.69976602895355 452.69976602895355
4931 898.59827 248.34758 810.9375863875596 910.9375863875596 361.1701187073185 461.1701187073185
4949 907.09985 260.9145 809.348618657031 909.348618657031 370.0716605905116 470.0716605905116
4965 907.09985 260.9145 807.5624555236557 907.5624555236557 377.90841743392417 477.90841743392417
4982 914.01385 275.6887 805.2833637432075 905.2833637432075 386.13868599538773 486.13868599538773
5000 914.01385 275.6887 802.4476371216161 902.4476371216161 394.72477479498053 494.72477479498053
5016 921.2182 290.93155 799.5677668269823 899.5677668269823 402.2288725853804 502.2288725853804
5033 921.2182 290.93155 796.1441273551981 896.1441273551981 410.05257201114836 510.05257201114836
5051 927.8379 305.28674 792.1190040047095 892.1190040047095 418.1495250405445 518.1495250405445
5068 927.8379 305.28674 787.9486141772943 887.9486141772943 425.60200305962735 525.6020030596274
5084 933.65356 324.65488 783.7047491910079 883.7047491910079 432.4280375262833 532.4280375262833
5101 933.65356 324.65488 778.8665841399335 878.8665841399335 439.4653480122629 539.4653480122629
5118 933.78754 344.1722 773.7000770999266 873.7000770999266 446.265258669255 546.265258669255
5136 933.78754 344.1722 767.8847127026355 867.8847127026355 453.18940506239414 553.1894050623941
5152 926.86523 371.1112 762.4292686708334 862.4292686708334 459.0922236245453 559.0922236245453
5170 926.86523 371.1112 755.9839697082251 855.9839697082251 465.4341781836306 565.4341781836306
5187 922.8081 398.71832 749.6114869307129 849.6114869307129 471.11951398618714 571.1195139861871
5203 922.8081 398.71832 743.3738084758055 843.3738084758055 476.1886859160961 576.1886859160961
5220 912.7837 420.32693 736.5054202885274 836.5054202885274 481.26380400796154 581.2638040079615
5238 912.7837 420.32693 728.9793994219858 828.9793994219858 486.2759169619244 586.2759169619244
5254 902.77637 445.61478 722.0856646883476 822.0856646883476 490.40890111191015 590.4089011119102
5272 891.9877 467.55267 714.1185817179024 814.1185817179024 494.68533131582353 594.6853313158235
5289 891.9877 467.55267 706.4058039299797 806.4058039299797 498.35202447610243 598.3520244761024
5305 879.1969 490.16498 698.995462019195 798.995462019195 501.46521726278866 601.4652172627887
5322 879.1969 490.16498 690.9781277542164 790.9781277542164 504.40697374848173 604.4069737484817
5339 879.1969 490.16498 682.8302861911227 782.8302861911227 506.96514844936485 606.9651484493648
5357 871.09827 506.1235 674.0812982215049 774.0812982215049 509.2493279200687 609.2493279200687
5374 871.09827 506.1235 665.7227957065836 765.7227957065836 511.0006176292761 611.0006176292761
5390 863.04254 520.4686 657.788344134101 757.788344134101 512.2849909417206 612.2849909417206
5408 863.04254 520.4686 648.8037967023461 748.8037967023461 513.3048800501283 613.3048800501283
5424 851.39136 535.6105 640.7833442119403 740.7833442119403 513.8316422459586 613.8316422459586
5442 851.39136 535.6105 631.7425819886647 731.7425819886647 513.9956080018198 613.9956080018198
5458 836.6746 547.5314 623.7083032838261 723.7083032838261 513.7600188365996 613.7600188365996
5476 821.21094 559.1835 614.6926825682597 714.6926825682597 513.0665857396447 613.0665857396447
5492 821.21094 559.1835 606.7168767722527 706.7168767722527 512.0707652406622 612.0707652406622
5509 806.5342 570.79846 598.3003682235171 698.3003682235171 510.6237117563112 610.6237117563112
5526 806.5342 570.79846 589.9619676676424 689.9619676676424 508.7790827672435 608.7790827672435
5543 791.0073 579.11505 581.7204446332313 681.7204446332313 506.5410304866251 606.5410304866251
5560 791.0073 579.11505 573.5943505800357 673.5943505800357 503.9145927134932 603.9145927134932
5577 765.0883 586.8419 565.6019771400934 665.6019771400934 500.9056814927985 600.9056814927985
5594 765.0883 586.8419 557.7613149437265 657.7613149437265 497.5210698075416 597.5210698075416
5611 765.0883 586.8419 550.0900131230868 650.0900131230868 493.7683763329592 593.7683763329592
5628 740.709 594.52515 542.6053395844086 642.6053395844086 489.65604828708047 589.6560482870805
5645 740.709 594.52515 535.3241421383856 635.3241421383856 485.19334241625086 585.1933424162509
5662 718.27795 599.2917 528.2628105761767 628.2628105761767 480.3903041584317 580.3903041584317
5679 697.4843 604.8196 521.4372397764029 621.4372397764029 475.25774503117407 575.2577450311741
5697 697.4843 604.8196 514.4842015442912 614.4842015442912 469.4769556655515 569.4769556655515
5713 677.97943 606.6078 508.5542719367003 608.5542719367003 464.0509929481327 564.0509929481327
5730 677.97943 606.6078 502.52587413130334 602.5258741313033 458.00202610763864 558.0020261076386
5747 659.726 605.5356 496.7911702808618 596.7911702808618 451.6739338449379 551.6739338449379
5765 659.726 605.5356 491.05358185478224 591.0535818547822 444.6852039603442 544.6852039603442
5781 641.0674 600.77 486.25378898296606 586.2537889829661 438.23794679551276 538.2379467955127
5798 641.0674 600.77 481.47483091410595 581.474830914106 431.16029607556385 531.1602960755638
5816 621.0472 595.5358 476.7867397491085 576.7867397491085 423.42828032444345 523.4282803244434
5832 621.0472 595.5358 472.9501422903951 572.9501422903951 416.3653024466931 516.365302446693
5850 605.8842 589.15607 469.01579509574344 569.0157950957434 408.2238542647765 508.2238542647765
5867 605.8842 589.15607 465.67983919024266 565.6798391902427 400.3623672467833 500.3623672467833
5883 593.2566 581.0749 462.88404530471144 562.8840453047114 392.8265412727159 492.8265412727159
5900 593.2566 581.0749 460.2853018905736 560.2853018905736 384.6915481808328 484.6915481808328
5917 578.8684 571.7532 458.07533489037223 558.0753348903722 376.44244969702606 476.44244969702606
5935 578.8684 571.7532 456.16463665091317 556.1646366509132 367.6043787205839 467.6043787205839
5951 564.9762 560.67755 454.8407421273871 554.8407421273871 359.67642565233353 459.67642565233353
5969 564.9762 560.67755 453.7760959251574 553.7760959251574 350.6970718442369 450.6970718442369
5985 552.01056 545.0791 453.2093745722001 553.2093745722001 342.6793437701557 442.6793437701557
6003 552.01056 545.0791 453.0036526131048 553.0036526131048 335.1467028281774 435.1467028281774
