1 787.7206 479.623 297.62542067616835 468.37542067616835 335.4976002348308 431.4976002348308
17 786.9984 473.5353 297.7465672298508 468.4965672298508 327.460353677165 423.460353677165
34 786.9984 473.5353 298.1111703954607 468.8611703954607 318.92762829531256 414.92762829531256
51 787.663 476.33936 298.7185140048509 469.4685140048509 310.4087391863609 406.4087391863609
69 787.663 476.33936 299.62561216007174 470.37561216007174 301.41149255853884 397.41149255853884
85 789.6768 484.30902 300.6592573431978 471.4092573431978 293.44006945149073 389.44006945149073
102 789.6768 484.30902 301.9910842002114 472.7410842002114 285.00404105339845 381.00404105339845
119 783.416 480.88947 303.56250703184975 474.31250703184975 276.6093422383909 372.6093422383909
162 791.1996 474.75153 308.5976790585054 479.3476790585054 255.6059221746885 351.6059221746885
162 791.1996 474.75153 308.5976790585054 479.3476790585054 255.6059221746885 351.6059221746885
170 791.1996 474.75153 309.7006512552929 480.4506512552929 251.74105744826687 347.7410574482669
187 787.7239 471.44772 312.21579703666407 482.96579703666407 243.57929418234613 339.57929418234613
204 787.7239 471.44772 314.9622521925565 485.7122521925565 235.4924331110061 331.4924331110061
221 789.5643 488.01038 317.93779086333535 488.68779086333535 227.48702821623766 323.48702821623766
239 789.5643 488.01038 321.3353713044251 492.0853713044251 219.10671073469888 315.1067107346989
255 782.61597 492.39017 324.5662889638151 495.3162889638151 211.74646754616077 307.7464675461608
272 782.61597 492.39017 328.2138763391684 498.9638763391684 204.0240686798987 300.02406867989873
289 779.1948 490.95355 332.0798074744846 502.8298074744846 196.40862946948707 292.4086294694871
307 779.1948 490.95355 336.4076486363828 507.1576486363828 188.46866317091627 284.4686631709163
323 775.74603 484.44254 340.4539940602396 511.2039940602396 181.52322600490484 277.5232260049048
340 775.74603 484.44254 344.9554626662418 515.7054626662418 174.26532559916362 270.2653255991636
358 780.0172 482.8953 349.94484113972976 520.6948411397298 166.72348388819168 262.7234838881917
374 772.54297 482.389 354.5689124255555 525.3189124255555 160.14853343516307 256.1485334351631
392 772.54297 482.389 359.9793956887837 530.7293956887837 152.90284887099742 248.90284887099742
408 757.46985 461.90158 364.97014001297055 535.7201400129705 146.601699784777 242.601699784777
425 757.46985 461.90158 370.45573236238414 541.2057323623842 140.05581447516937 236.05581447516937
443 771.08075 718.6218 376.4645815063909 547.2145815063909 133.2980777305462 229.2980777305462
460 771.08075 718.6218 382.32421012162035 553.0742101216204 127.08477825264669 223.0847782526467
476 771.08075 718.6218 387.9986374701024 558.7486374701024 121.39154692211227 217.39154692211227
493 616.8646 574.89746 394.1925174146769 564.9425174146769 115.51139478609738 211.51139478609738
510 616.8646 574.89746 400.5512688483818 571.3012688483818 109.8099372430793 205.8099372430793
527 493.4917 459.91797 407.06973833256984 577.8197383325698 104.29179502905546 200.29179502905546
544 493.4917 459.91797 413.7426429853873 584.4926429853873 98.96144031244515 194.96144031244515
561 548.25354 580.15533 420.564574763276 591.314574763276 93.82319306962836 189.82319306962836
578 610.30457 655.61786 427.53000484391305 598.280004843913 88.88121758382923 184.88121758382923
595 610.30457 655.61786 434.6332881070341 605.3832881070341 84.13951907017963 180.13951907017963
612 623.7104 641.9671 441.86866770951156 612.6186677095116 79.60194042970028 175.60194042970028
629 623.7104 641.9671 449.2302797509776 619.9802797509776 75.27215913482809 171.2721591348281
646 631.56274 595.0445 456.71215802621145 627.4621580262115 71.15368424901567 167.15368424901567
664 631.56274 595.0445 464.7584925058843 635.5084925058843 67.02696940712423 163.02696940712423
680 631.56274 595.0445 472.0123660236304 642.7623660236304 63.563830988764266 159.56383098876427
697 658.42004 575.9512 479.81829571979983 650.5682957197998 60.09860379723074 156.09860379723074
715 658.42004 575.9512 488.1873270540765 658.9373270540765 56.6733171711283 152.6733171711283
731 650.59143 503.19217 495.7101801258791 666.4601801258791 53.84158795097835 149.84158795097835
749 650.59143 503.19217 504.26057476416406 675.0105747641641 50.89811628054434 146.89811628054434
765 675.75586 473.64716 511.93238432050157 682.6823843205016 48.49908588318232 144.49908588318232
783 692.40765 455.948 520.6364292711773 691.3864292711773 46.04696936032366 142.04696936032366
799 692.40765 455.948 528.4323299341439 699.1823299341439 44.08841336946284 140.08841336946284
816 702.4969 445.49933 536.7697741627716 707.5197741627716 42.23709987763954 138.23709987763954
833 702.4969 445.49933 545.156538399579 715.906538399579 40.62386599915499 136.623865999155
850 716.6936 431.48883 553.585825606595 724.335825606595 39.25001917650059 135.2500191765006
867 716.6936 431.48883 562.0508042831839 732.8008042831839 38.116672841359446 134.11667284135945
884 721.9804 428.8057 570.5446140026227 741.2946140026227 37.2247455122278 133.2247455122278
901 721.9804 428.8057 579.0603709721212 749.8103709721212 36.574960050003085 132.57496005000309
919 729.4256 420.9847 588.0933063658551 758.8433063658551 36.151460206215404 132.1514602062154
935 729.4256 420.9847 596.1301081479654 766.8801081479654 36.00372452586896 132.00372452586896
952 728.42554 409.30453 604.6702542165596 775.4202542165596 36.08273742076125 132.08273742076125
970 728.42554 409.30453 613.7063904556234 784.4563904556234 36.431328605587055 132.43132860558705
986 733.7579 405.10327 621.7265001944813 792.4765001944813 36.96970439707047 132.96970439707047
1003 733.7579 405.10327 630.2287768999744 800.9787768999744 37.77693963769889 133.7769396376989
1020 733.1172 414.7627 638.7046299331981 809.4546299331981 38.82586922049978 134.82586922049978
1037 733.1172 414.7627 647.1471900543268 817.8971900543268 40.115643042381976 136.11564304238198
1054 888.2313 849.3854 655.5496150057149 826.2996150057149 41.645215808474234 137.64521580847423
1071 888.2313 849.3854 663.9050950571935 834.6550950571935 43.41334787928315 139.41334787928315
1088 710.5851 679.5083 672.2068585250034 842.9568585250034 45.41860627535635 141.41860627535635
1106 710.5851 679.5083 680.9309353437416 851.6809353437416 47.79847131476845 143.79847131476845
1122 568.4681 543.6066 688.6223720999366 859.3723720999366 50.133810549576026 146.13381054957603
1140 568.4681 543.6066 697.1968778238853 867.9468778238853 53.006287796662775 149.00628779666278
1156 454.77448 434.8853 704.742950819005 875.492950819005 55.77554601295549 151.7755460129555
1173 454.77448 434.8853 712.6762698040402 883.4262698040402 58.93826443105149 154.9382644310515
1190 363.81958 347.90826 720.5163456946693 891.2663456946693 62.32552703375262 158.32552703375262
1207 363.81958 347.90826 728.2568245155068 899.0068245155068 65.93458862018292 161.93458862018292
1224 918.8728 1316.5472 735.8914330094331 906.6414330094331 69.76252423287974 165.76252423287974
1241 918.8728 1316.5472 743.413983721744 914.163983721744 73.80623152831976 169.80623152831976
1258 1473.6129 1419.3441 750.8183800147626 921.5683800147626 78.06243329120804 174.06243329120804
1276 1473.6129 1419.3441 758.5228774307536 929.2728774307536 82.79677522140798 178.79677522140798
1292 1352.4563 1311.39 765.2488064458005 935.9988064458005 87.19835307494287 183.19835307494287
1309 1352.4563 1311.39 772.263141470708 943.013141470708 92.0706669060545 188.0706669060545
1326 1238.8381 1133.0417 779.1359413283826 949.8859413283826 97.14067282585665 193.14067282585665
1343 1146.0881 992.3395 785.8616359705578 956.6116359705578 102.40426185718263 198.40426185718263
1360 1146.0881 992.3395 792.434774570124 963.184774570124 107.85716813378187 203.85716813378187
1377 1068.095 870.62054 798.8500299387413 969.6000299387413 113.49497235758312 209.49497235758312
1394 1068.095 870.62054 805.1022028442499 975.8522028442499 119.31310538030687 215.31310538030687
1411 1004.917 790.06934 811.1862262243785 981.9362262243785 125.30685190652298 221.30685190652298
1428 1004.917 790.06934 817.0971692933363 987.8471692933363 131.47135431515434 227.47135431515434
1445 954.5187 729.47906 822.8302415379586 993.5802415379586 137.80161659632608 233.80161659632608
1463 954.5187 729.47906 828.7015190178248 999.4515190178248 144.67921608302754 240.67921608302754
1479 954.5187 729.47906 833.7443360426164 1004.4943360426164 150.93876919572267 246.93876919572267
1496 922.01917 688.94403 838.9165129944168 1009.6665129944168 157.73501253228335 253.73501253228335
1513 922.01917 688.94403 843.8931356740757 1014.6431356740757 164.675730406883 260.67573040688296
1530 896.9616 654.9494 848.6701707867052 1019.4201707867052 171.7552977272204 267.7552977272204
1547 896.9616 654.9494 853.2437467928016 1023.9937467928016 178.96797687071094 274.9679768707109
1565 876.0641 620.28406 857.8604766962846 1028.6104766962846 186.74352051365594 282.74352051365594
1581 862.41797 588.2949 861.7658627967578 1032.5158627967578 193.76918547310373 289.76918547310373
1598 862.41797 588.2949 865.7074960610505 1036.4574960610505 201.34571931915121 297.3457193191512
1615 852.3227 573.0449 869.4318623492258 1040.1818623492259 209.03138348446487 305.03138348446487
1633 852.3227 573.0449 873.1351439647128 1043.8851439647128 217.28117010118746 313.28117010118746
1649 851.3677 590.6045 876.2168989033121 1046.966898903312 224.7051040458423 320.7051040458423
1666 851.3677 590.6045 879.2720702485676 1050.0220702485676 232.6804577033056 328.6804577033056
1684 681.0942 472.4836 882.2581117598017 1053.0081117598017 241.21607894831448 337.2160789483145
1700 681.0942 472.4836 884.6953407916484 1055.4453407916485 248.87583895516212 344.8758389551621
1717 681.0942 472.4836 887.0590447096293 1057.8090447096292 257.08274103198784 353.08274103198784
1735 544.87537 377.9869 889.3060775952 1060.0560775952 265.8419714294728 361.8419714294728
1751 435.9003 302.38953 891.0810130930984 1061.8310130930984 273.6817171329047 369.6817171329047
1768 435.9003 302.38953 892.7360179615537 1063.4860179615537 282.0603385467098 378.0603385467098
1786 348.72025 241.91162 894.2276611419293 1064.9776611419293 290.97932248926173 386.97932248926173
1802 348.72025 241.91162 895.3273636603816 1066.0773636603817 298.94190141113677 394.94190141113677
1820 278.9762 193.5293 896.3090288345896 1067.0590288345898 307.9313178232743 403.9313178232743
1836 278.9762 193.5293 896.9538155200738 1067.703815520074 315.9435746118702 411.9435746118702
1853 393.12735 283.82742 897.4034362013994 1068.1534362013995 324.4722426880359 420.4722426880359
1871 393.12735 283.82742 897.6146881603357 1068.3646881603358 333.5126324227158 429.5126324227158
1887 478.40387 324.1871 897.5736453909749 1068.323645390975 341.5506871754069 437.5506871754069
1905 478.40387 324.1871 897.2700853553974 1068.0200853553974 350.5884482504665 446.5884482504665
1921 552.7688 365.14886 896.7716802368993 1067.5216802368993 358.6111411309172 454.6111411309172
1938 552.7688 365.14886 896.0068216320687 1066.7568216320687 367.1173347111916 463.1173347111916
1955 606.75287 402.3539 895.0001400172805 1065.7501400172805 375.5983093035911 471.5983093035911
1973 606.75287 402.3539 893.6715730175129 1064.4215730175129 384.54303868307437 480.54303868307437
1989 652.4258 435.45746 892.2647665348454 1063.0147665348454 392.4571339716405 488.4571339716405
2006 652.4258 435.45746 890.5382915457113 1061.2882915457112 400.8213208432003 496.8213208432003
2023 690.18097 460.58224 888.5744255069792 1059.3244255069792 409.13297339202586 505.13297339202586
2040 690.18097 460.58224 886.3747600303433 1057.1247600303432 417.385355454278 513.3853554542779
2057 715.82544 479.85602 883.9410778307275 1054.6910778307274 425.5717789017766 521.5717789017766
2074 715.82544 479.85602 881.2753512814876 1052.0253512814875 433.68560906238275 529.6856090623828
2091 740.86084 497.28284 878.3797408159044 1049.1297408159044 441.7202700970553 537.7202700970553
2108 740.86084 497.28284 875.2565931762647 1046.0065931762647 449.6692503292295 545.6692503292295
2125 759.01416 503.00046 871.9084395119482 1042.6584395119482 457.52610752219204 553.526107522192
2142 774.2141 513.5772 868.3379933280626 1039.0879933280626 465.2844741001809 561.2844741001809
2159 774.2141 513.5772 864.5481482862865 1035.2981482862865 472.9380623089762 568.9380623089762
2176 785.6208 516.53894 860.5419758597092 1031.291975859709 480.4806693117979 576.4806693117979
2194 785.6208 516.53894 856.0679679827582 1026.817967982758 488.339201456037 584.339201456037
2210 785.6208 516.53894 851.8938087238421 1022.6438087238421 495.20858302917645 591.2085830291765
2227 800.5565 531.73645 847.2588229060326 1018.0088229060326 502.38195353258584 598.3819535325858
2244 800.5565 531.73645 842.4215218060378 1013.1715218060378 509.42048008140796 605.420480081408
2261 809.2023 530.2753 837.3858258058228 1008.1358258058228 516.3184583144773 612.3184583144773
2278 809.2023 530.2753 832.1558160761413 1002.9058160761413 523.0702977777584 619.0702977777584
2295 807.01715 523.6964 826.7357312689596 997.4857312689596 529.6705264551181 625.6705264551181
2312 807.01715 523.6964 821.1299640822481 991.8799640822481 536.1137952031119 632.1137952031119
2329 799.6616 513.29626 815.3430576999276 986.0930576999276 542.394882086187 638.394882086187
2346 801.27515 550.9104 809.379702109853 980.129702109853 548.5086966087915 644.5086966087915
2363 801.27515 550.9104 803.2447303028227 973.9947303028227 554.4502838409564 650.4502838409564
2380 796.77997 542.612 796.9431143556885 967.6931143556885 560.2148284340103 656.2148284340103
2397 796.77997 542.612 790.4799614017456 961.2299614017456 565.7976585231695 661.7976585231695
2414 791.8213 539.315 783.8605094916655 954.6105094916655 571.1942495138428 667.1942495138428
2431 791.8213 539.315 777.0901233483269 947.8401233483269 576.4002277485814 672.4002277485814
2449 791.5088 539.259 769.7630660054275 940.5130660054275 581.6999923319313 677.6999923319313
2465 791.5088 539.259 763.1186144283101 933.8686144283101 586.2236271487043 682.2236271487043
2482 791.5088 539.259 755.9288148358737 926.6788148358737 590.8330869577367 686.8330869577367
2500 786.67737 534.98364 748.1763727666926 918.9263727666926 595.48850486691 691.48850486691
2516 783.64844 528.9162 741.17025546435 911.92025546435 599.4288511793545 695.4288511793545
2533 783.64844 528.9162 733.6134567331254 904.3634567331254 603.4081891703074 699.4081891703074
2551 781.91766 533.1443 725.4921459641587 896.2421459641587 607.3853219740902 703.3853219740902
2568 781.91766 533.1443 717.7152155588545 888.4652155588545 610.9151507775223 706.9151507775223
2584 779.9302 537.5697 710.3067300841386 881.0567300841386 614.0338607170812 710.0338607170812
2602 779.9302 537.5697 701.8757557291436 872.6257557291436 617.3037147460062 713.3037147460062
2618 777.0658 530.7793 694.3017969577133 865.0517969577133 619.9957692114392 715.9957692114392
2635 777.0658 530.7793 686.178543102233 856.928543102233 622.6326394604092 718.6326394604092
2652 775.52924 527.31226 677.9835211872297 848.7335211872297 625.0372088029525 721.0372088029525
2670 775.52924 527.31226 669.2355964401853 839.9855964401853 627.327860798587 723.327860798587
2687 785.23083 523.06586 660.9137884500344 831.6637884500344 629.2482382837565 725.2482382837565
2703 785.23083 523.06586 653.0345219750633 823.7845219750633 630.8385742647915 726.8385742647915
2720 790.4928 528.6403 644.6193448795832 815.3693448795832 632.296357637651 728.296357637651
2738 790.4928 528.6403 635.6677906981013 806.4177906981013 633.5781344048996 729.5781344048996
2755 793.80164 528.1433 627.1816681050749 797.9316681050749 634.5404551656717 730.5404551656717
2771 793.80164 528.1433 619.1727237438794 789.9227237438794 635.2251587040392 731.2251587040392
2788 794.9713 522.82874 610.6464019995067 781.3964019995067 635.7172719246712 731.7172719246712
2806 794.9713 522.82874 601.607177164819 772.357177164819 635.9735692774082 731.9735692774082
2822 794.8795 517.83203 593.5690176902656 764.3190176902656 635.9725804261168 731.9725804261168
2839 794.8795 517.83203 585.0317954607539 755.7817954607539 635.7355687926154 731.7355687926154
2857 796.14166 522.8681 576.0036557812324 746.7536557812324 635.2198480618783 731.2198480618783
2873 796.14166 522.8681 567.9948801263789 738.7448801263789 634.5331740297464 730.5331740297464
2891 801.6545 524.72894 559.0107197476881 729.7607197476881 633.5045165381459 729.5045165381459
2908 804.35236 530.08044 550.5577560156919 721.3077560156919 632.2847862171152 728.2847862171152
2924 804.35236 530.08044 542.6367489028069 713.3867489028069 630.9174329219486 726.9174329219486
2941 806.0088 529.486 534.2640628953682 705.0140628953682 629.232657883161 725.232657883161
2959 806.0088 529.486 525.4549808532626 696.2049808532626 627.189780618001 723.189780618001
2975 806.0088 529.486 517.6794871637487 688.4294871637487 625.1517161929854 721.1517161929854
2993 807.4825 535.50366 509.00093670470255 679.7509367047026 622.6108431393186 718.6108431393186
3009 807.4825 535.50366 501.3540257094023 672.1040257094023 620.1335944747455 716.1335944747455
3026 810.13043 538.9463 493.3050356774336 664.0550356774336 617.278056456131 713.278056456131
3043 810.13043 538.9463 485.3405915726703 656.0905915726703 614.1945571432422 710.1945571432422
3060 811.72156 548.88495 477.46714816449344 648.2171481644934 610.8855955525434 706.8855955525434
3077 811.72156 548.88495 469.691086470933 640.441086470933 607.3538534259965 703.3538534259965
3094 796.05994 533.87823 462.0187085871838 632.7687085871838 603.6021930576474 699.6021930576474
3111 784.7785 534.5461 454.4562325780845 625.2062325780845 599.6336549738851 695.6336549738851
3128 784.7785 534.5461 447.00978743869564 617.7597874386956 595.4514554692516 691.4514554692516
3145 784.40955 537.4622 439.68540812706976 610.4354081270698 591.058983999804 687.058983999804
3162 784.40955 537.4622 432.4890306732291 603.2390306732291 586.4598004361334 682.4598004361334
3179 786.85724 536.9959 425.4264873683203 596.1764873683203 581.6576321782761 677.6576321782761
3196 786.85724 536.9959 418.50350203784535 589.2535020378454 576.6563711348483 672.6563711348483
3214 777.81104 531.4561 411.3316291336331 582.0816291336331 571.1484211540582 667.1484211540582
3230 777.81104 531.4561 405.09853053246013 575.8485305324601 566.0729418127313 662.0729418127313
3248 777.81104 531.4561 398.2517260338776 569.0017260338776 560.165781572544 656.165781572544
3265 774.0855 533.5243 391.9515285815807 562.7015285815808 554.3996867092457 650.3996867092457
3282 772.7202 521.7945 385.818018823778 556.568018823778 548.4565902131905 644.4565902131905
3299 772.7202 521.7945 379.8561676524065 550.6061676524065 542.3413086562304 638.3413086562304
3315 764.1691 522.7925 374.4061519627961 545.1561519627961 536.4328962045494 632.4328962045494
3332 764.1691 522.7925 368.7911854693228 539.5411854693227 529.9976425819129 625.9976425819129
3349 763.57294 522.9869 363.3616769287074 534.1116769287074 523.4051639192346 619.4051639192346
3366 763.57294 522.9869 358.12202667636814 528.8720266763681 516.6608030789737 612.6608030789737
3383 764.5079 524.8628 353.07648117741576 523.8264811774158 509.7700260162269 605.7700260162269
3400 764.5079 524.8628 348.2291295851123 518.9791295851123 502.7384173488538 598.7384173488538
3417 769.0764 512.9261 343.58390042682595 514.333900426826 495.5716758314352 591.5716758314352
3435 769.0764 512.9261 338.8899101067921 509.6399101067921 487.8425278304917 583.8425278304917
3451 766.92285 512.0138 334.91470142185455 505.66470142185455 480.85613214835485 576.8561321483548
3468 766.92285 512.0138 330.8977575118902 501.6477575118902 473.3192561685689 569.3192561685689
3485 768.99164 512.11017 327.0969822152257 497.8469822152257 465.6710900449318 561.6710900449318
3503 768.99164 512.11017 323.31166860027383 494.06166860027383 457.45861935813366 553.4586193581337
3519 774.21545 514.012 320.1560810978608 490.9060810978608 450.06576630732854 546.0657663073285
3536 774.21545 514.012 317.0215805179704 487.7715805179704 442.1212559998803 538.1212559998803
3553 776.4465 522.1978 314.1144944740342 484.8644944740342 434.0907399116313 530.0907399116313
3571 776.4465 522.1978 311.28689266404376 482.03689266404376 425.5013312038564 521.5013312038564
3587 777.8756 516.20337 308.9918039474663 479.7418039474663 417.79778809050777 513.7977880905078
3605 777.8756 516.20337 306.65758971905177 477.40758971905177 409.06138620638365 505.06138620638365
3621 781.37573 516.39844 304.80461285468476 475.55461285468476 401.23971851615926 497.23971851615926
3638 781.37573 516.39844 303.06619032461737 473.81619032461737 392.87800666884965 488.87800666884965
3656 779.6602 504.5492 301.4857362133312 472.2357362133312 383.97433109371923 479.97433109371923
3673 780.3497 506.0918 300.24012624611004 470.99012624611004 375.52514215512616 471.52514215512616
3689 780.3497 506.0918 299.28793792598333 470.03793792598333 367.5435792681223 463.5435792681223
3706 781.93994 495.52682 298.5109279242903 469.2609279242903 359.03848706593226 455.03848706593226
3723 781.93994 495.52682 297.97633438360816 468.72633438360816 350.5147233633919 446.5147233633919
3741 781.93994 495.52682 297.6749980009779 468.4249980009779 341.4768878742076 437.4768878742076
3757 782.7346 496.92908 417.64906576024066 588.3990657602407 333.056686471707 429.056686471707
3774 782.7346 496.92908 417.99123095517183 588.7412309551719 324.5235450269113 420.5235450269113
3791 784.7251 497.2365 418.73774721758974 589.4877472175897 316.01623679178385 412.01623679178385
3808 784.7251 497.2365 419.88693415828243 590.6369341582824 307.553911501838 403.553911501838
3825 780.6536 492.71643 421.43620498653286 592.1862049865329 299.15561763711503 395.15561763711503
3842 780.6536 492.71643 423.3820723329198 594.1320723329197 290.84025954453836 386.84025954453836
3859 781.59485 495.58942 425.72015609929747 596.4701560992975 282.62655488470796 378.62655488470796
3876 761.08875 486.46356 428.4451933182859 599.1951933182859 274.53299249891984 370.53299249891984
3893 761.08875 486.46356 431.55105000007745 602.3010500000775 266.5777907912517 362.5777907912517
3910 746.3485 481.21527 435.03073493989234 605.7807349398923 258.7788567193968 354.7788567193968
3927 746.3485 481.21527 438.876415455004 609.626415455004 251.15374548655507 347.15374548655507
3944 729.6422 479.9755 443.0794350159092 613.8294350159092 243.71962102511617 339.71962102511617
3961 729.6422 479.9755 447.6303327319572 618.3803327319572 236.49321736108072 332.4932173610807
3978 729.6422 479.9755 452.518864647575 623.268864647575 229.49080094619188 325.4908009461919
3995 715.7278 477.49286 457.734026801152 628.484026801152 222.7281340425647 318.7281340425647
4013 715.7278 477.49286 463.5989209792019 634.3489209792019 215.84589003154827 311.84589003154827
4030 705.15857 471.91348 469.44880561963384 640.1988056196338 209.62411941289355 305.62411941289355
4047 705.15857 471.91348 475.5872116294033 646.3372116294033 203.6868177027948 299.68681770279477
4063 702.8474 461.68173 481.6157313118342 652.3657313118342 198.37060786867886 294.37060786867886
4081 704.7262 468.97763 488.6736998190197 659.4236998190197 192.7184094558065 288.7184094558065
4097 704.7262 468.97763 495.1788343096449 665.9288343096449 187.9973542961332 283.9973542961332
4114 697.47095 473.37387 502.31406246496294 673.064062464963 183.30479645322103 279.304796453221
4132 697.47095 473.37387 510.1025025692394 680.8525025692394 178.71105428707807 274.71105428707807
4148 692.2378 463.74042 517.2116021519138 687.9616021519138 174.9606090221234 270.96060902212344
4165 692.2378 463.74042 524.9403796987771 695.6903796987771 171.32776198864897 267.32776198864894
4182 685.13696 456.95587 532.8327684862486 703.5827684862486 168.06558799499004 264.06558799499004
4199 685.13696 456.95587 540.8710029469295 711.6210029469295 165.1814301122385 261.1814301122385
4216 685.27295 461.56107 549.0369892185008 719.7869892185008 162.68178050678887 258.68178050678887
4233 685.27295 461.56107 557.3123458725511 728.0623458725511 160.57226582663537 256.5722658266354
4250 686.20215 451.17648 565.678445290706 736.428445290706 158.85763453593017 254.85763453593017
4268 686.20215 451.17648 574.6146433324445 745.3646433324445 157.4768264733346 253.4768264733346
4284 697.9656 457.05695 582.6073830375866 753.3573830375866 156.6275629290547 252.6275629290547
4301 697.9656 457.05695 591.132114755926 761.882114755926 156.1171424476271 252.1171424476271
4318 714.5591 458.34448 599.6714617946108 770.4214617946108 156.01163372561214 252.01163372561214
4336 714.5591 458.34448 608.7076916320163 779.4576916320163 156.341507447631 252.341507447631
4352 723.0621 458.52933 616.7171247860152 787.4671247860152 157.01538956894865 253.01538956894865
4370 723.0621 458.52933 625.6814395481568 796.4314395481568 158.20001068650026 254.20001068650026
4387 724.4033 454.96484 634.0831090553891 804.8331090553891 159.73086973577773 255.73086973577773
4403 724.4033 454.96484 641.9159320172428 812.6659320172428 161.53420581373558 257.5342058137356
4420 730.29913 458.41553 650.1411853111272 820.8911853111272 163.83133188536496 259.831331885365
4437 730.29913 458.41553 658.2482260010909 828.9982260010909 166.5160052712332 262.5160052712332
4455 741.077 455.49683 666.6830281761817 837.4330281761817 169.77428374521077 265.77428374521077
4471 744.9603 460.23148 674.0349817666976 844.7849817666976 173.0229627020636 269.02296270206364
4488 744.9603 460.23148 681.6791612546845 852.4291612546845 176.83059975054408 272.8305997505441
4506 744.9603 460.23148 689.5664118764473 860.3164118764473 181.25253868910977 277.25253868910977
4522 752.0828 478.7277 696.3831279004737 867.1331279004737 185.51135533338842 281.51135533338845
4539 752.0828 478.7277 703.4098168015221 874.1598168015221 190.36493370665013 286.36493370665016
4557 760.22107 475.9548 710.5899695491788 881.3399695491788 195.86108443850046 291.8610844385005
4573 760.22107 475.9548 716.733556869033 887.483556869033 201.0438897990301 297.0438897990301
4590 767.427 466.0715 723.0006166338345 893.7506166338345 206.8452294582745 302.8452294582745
4608 767.427 466.0715 729.3284286327194 900.0784286327194 213.30441374529323 309.30441374529323
4624 767.45056 464.8598 734.6746124154753 905.4246124154753 219.30636805391646 315.30636805391646
4641 770.3969 462.16852 740.0552705632856 910.8052705632856 225.93811728273374 321.93811728273374
4658 770.3969 462.16852 745.1153217770493 915.8653217770493 232.81761302381858 328.8176130238186
4675 771.8496 453.83658 749.8433760095571 920.5933760095571 239.9293697063817 335.9293697063817
4692 771.8496 453.83658 754.2287905304013 924.9787905304013 247.25737894613326 343.25737894613326
4710 775.3914 446.91843 758.4877475670244 929.2377475670244 255.233816202647 351.233816202647
4726 775.3914 446.91843 761.9330081024611 932.6830081024611 262.4957247950736 358.4957247950736
4743 775.3914 446.91843 765.2344691549205 935.9844691549205 270.3717602734482 366.3717602734482
4760 779.2064 444.22305 768.1586455346032 938.9086455346032 278.3955232583588 374.3955232583588
4777 779.2064 444.22305 770.6989549944915 941.4489549944915 286.5489524624127 382.5489524624127
4794 777.3146 436.38068 772.8496793622878 943.5996793622878 294.8136947228397 390.8136947228397
4811 777.3146 436.38068 774.605977411876 945.355977411876 303.17114631399613 399.17114631399613
4828 778.4335 449.8488 775.9638957607996 946.7138957607996 311.60249482388303 407.60249482388303
4845 779.6696 438.918 776.9203777692248 947.6703777692248 320.08876150040663 416.08876150040663
4862 779.6696 438.918 777.47327042036 948.22327042036 328.6108439720703 424.6108439720703
4879 780.09625 434.85968 777.6213291668411 948.3713291668411 337.1495592469291 433.1495592469291
4897 780.09625 434.85968 777.3364868280897 948.0864868280897 346.18732065055974 442.18732065055974
4913 779.5019 449.3362 776.7025238609478 947.4525238609478 354.200012303063 450.200012303063
4930 779.5019 449.3362 775.6377280160616 946.3877280160616 362.6733699460652 458.6733699460652
4947 785.95 468.20816 774.1722300260149 944.9222300260149 371.0866865084376 467.0866865084376
4965 785.95 468.20816 772.1874555236557 942.9374555236557 379.90841743392417 475.90841743392417
4981 785.77124 457.76004 770.0532173508461 940.8032173508461 387.65762152102405 483.65762152102405
4998 785.77124 457.76004 767.4089744590015 938.1589744590015 395.77793921594457 491.77793921594457
5015 785.77124 457.76004 764.3825521379785 935.1325521379785 403.7636982827043 499.7636982827043
5032 789.1664 463.4541 760.9807627878217 931.7307627878217 411.59692297976756 507.59692297976756
5049 792.0851 462.19995 757.2112637502574 927.9612637502574 419.25998091660404 515.259980916604
5067 792.0851 462.19995 752.8286816660764 923.5786816660764 427.1691680191018 523.1691680191018
5083 795.39636 458.3494 748.6038854061801 919.3538854061801 434.00702098068035 530.0070209806804
5100 795.39636 458.3494 743.7853810904619 914.5353810904619 441.057807893992 537.057807893992
5117 799.5146 464.1742 738.6378734563121 909.3878734563121 447.8721123408068 543.8721123408068
5135 799.5146 464.1742 732.8418577475671 903.5918577475671 454.81246307048013 550.8124630704801
5151 807.00977 461.83704 727.4029103666112 898.1529103666112 460.73048537096236 556.7304853709624
5168 807.00977 461.83704 721.3407445286122 892.0907445286122 466.7456100820642 562.7456100820642
5186 810.2886 471.9568 714.618748013828 885.368748013828 472.79350469111057 568.7935046911106
5202 810.2886 471.9568 708.3952424593289 879.1452424593289 477.8800669068827 573.8800669068827
5219 814.1904 488.71045 701.5410462255444 872.2910462255444 482.9743356401059 578.9743356401059
5236 819.09015 489.55704 694.4529376018812 865.2029376018812 487.73776886380733 583.7377688638073
5253 819.09015 489.55704 687.1468717414465 857.8968717414465 492.15964421036574 588.1596442103657
5270 819.09015 489.55704 679.639294413571 850.389294413571 496.2300081502966 592.2300081502966
5287 826.04553 499.22034 671.9471049847989 842.6971049847989 499.93969839739407 595.9396983973941
5305 826.04553 499.22034 663.620462019195 834.370462019195 503.46521726278866 599.4652172627887
5321 831.2543 502.43622 656.0785261011198 826.8285261011198 506.2444868016163 602.2444868016163
5338 831.2543 502.43622 647.9378564156366 818.6878564156366 508.8253930396211 604.8253930396211
5356 823.17395 491.92902 639.1952779150454 809.9452779150454 511.133982978935 607.133982978935
5372 823.17395 491.92902 631.335337516615 802.085337516615 512.8151948914908 608.8151948914908
5389 820.75574 491.75854 622.9108601528986 793.6608601528986 514.2151095623715 610.2151095623715
5407 820.75574 491.75854 613.9291943374132 784.6791943374132 515.2600715357657 611.2600715357657
5424 817.8992 487.00366 605.4083442119403 776.1583442119403 515.8316422459586 611.8316422459586
5440 818.7737 517.1379 597.3723718445073 768.1223718445073 515.9998227193989 611.9998227193989
5457 818.7737 517.1379 588.8350690108309 759.5850690108309 515.7852527689789 611.7852527689789
5474 817.25446 529.85724 580.317552089333 751.067552089333 515.1659907650433 611.1659907650433
5492 817.25446 529.85724 571.3418767722527 742.0918767722527 514.0707652406622 610.0707652406622
5508 817.25446 529.85724 563.4184791480179 734.1684791480179 512.7198741828516 608.7198741828516
5525 822.26654 547.8247 555.0749625136663 725.8249625136663 510.8985257511097 606.8985257511097
5542 822.26654 547.8247 546.8272249367301 717.5772249367301 508.68348516468336 604.6834851646834
5559 822.1278 541.4376 538.6938318657412 709.4438318657412 506.079738423869 602.079738423869
5576 822.1278 541.4376 530.6930913626405 701.4430913626405 503.0931464966776 599.0931464966776
5593 825.5453 563.1587 522.843012891798 693.593012891798 499.7304321259451 595.7304321259451
5610 824.1563 574.0734 515.1612667811617 685.9112667811617 495.99916469660786 591.9991646966079
5627 824.1563 574.0734 507.6651444467964 678.4151444467964 491.90774319720856 587.9077431972086
5644 819.28845 582.4178 500.37151947034613 671.1215194703461 487.4653773139863 583.4653773139863
5661 819.28845 582.4178 493.29680961702684 664.0468096170268 482.6820667001052 578.6820667001052
5678 820.2873 604.99396 486.4569398796541 657.2069398796541 477.56857846668925 573.5685784666892
5695 820.2873 604.99396 479.86730663188473 650.6173066318847 472.13642294632587 568.1364229463259
5712 817.58954 614.2748 473.54274297137306 644.2927429713731 466.3978277836013 562.3978277836013
5730 817.58954 614.2748 467.15087413130334 637.9008741313033 460.00202610763864 556.0020261076386
5746 820.29175 624.8797 461.7451414322254 632.4951414322254 454.0536489719888 550.0536489719889
5763 820.29175 624.8797 456.29865965604995 627.04865965605 447.47585175716756 543.4758517571676
5780 820.29175 624.8797 451.1702998949387 621.9202998949387 440.6471252215585 536.6471252215586
5797 817.6171 633.3976 446.37160595691194 617.1216059569119 433.58284065575424 529.5828406557542
5814 810.9877 642.62146 441.9133795805666 612.6633795805666 426.29889958551144 522.2988995855114
5831 810.9877 642.62146 437.80565612063515 608.5556561206351 418.8116979778178 514.8116979778179
5848 811.73706 649.52264 434.05768195865755 604.8076819586576 411.1380893339877 507.1380893339877
5865 811.73706 649.52264 430.67789368960894 601.4278936896089 403.295346752855 499.295346752855
5882 808.9398 650.9709 427.67389913133843 598.4238991313384 395.30112404946493 491.30112404946493
5899 808.9398 650.9709 425.052460199564 595.8024601995639 387.1734160167848 483.1734160167848
5916 806.8101 659.77747 422.8194776869708 593.5694776869708 378.9305179198789 474.9305179198789
5934 806.8101 659.77747 420.8841188838897 591.6341188838896 370.0978143331939 466.0978143331939
5950 811.95844 670.6121 419.53810174796206 590.2881017479621 362.1735872774116 458.1735872774116
5967 811.95844 670.6121 418.4970946157316 589.2470946157316 353.69727415859836 449.69727415859836
5985 807.0209 670.6632 417.8343745722001 588.5843745722001 344.6793437701557 440.6793437701557
6001 805.73517 669.29016 417.6286526131048 588.3786526131048 337.1467028281774 433.1467028281774
