1 824.9497 637.25195 297.62542067616835 468.37542067616835 335.4976002348308 431.4976002348308
17 821.82196 637.822 297.7465672298508 468.4965672298508 327.460353677165 423.460353677165
34 821.82196 637.822 298.1111703954607 468.8611703954607 318.92762829531256 414.92762829531256
51 813.6359 633.00323 298.7185140048509 469.4685140048509 310.4087391863609 406.4087391863609
68 813.6359 633.00323 299.56810583748677 470.31810583748677 301.91059046864586 397.91059046864586
85 810.84357 630.3422 300.6592573431978 471.4092573431978 293.44006945149073 389.44006945149073
102 810.84357 630.3422 301.9910842002114 472.7410842002114 285.00404105339845 381.00404105339845
119 807.493 629.1511 303.56250703184975 474.31250703184975 276.6093422383909 372.6093422383909
136 816.102 635.1161 305.37225228130916 476.12225228130916 268.2627764750041 364.2627764750041
153 816.102 635.1161 307.4188532438116 478.1688532438116 259.9711082224287 355.9711082224287
171 816.102 635.1161 309.84216057483684 480.59216057483684 251.25899851671107 347.2589985167111
187 820.89307 632.31177 312.21579703666407 482.96579703666407 243.57929418234613 339.57929418234613
204 820.89307 632.31177 314.9622521925565 485.7122521925565 235.4924331110061 331.4924331110061
221 825.9004 638.2414 317.93779086333535 488.68779086333535 227.48702821623766 323.48702821623766
238 825.9004 638.2414 321.14000152904384 491.89000152904384 219.5695674640201 315.5695674640201
255 831.34485 638.32996 324.5662889638151 495.3162889638151 211.74646754616077 307.7464675461608
273 831.34485 638.32996 328.4352697116431 499.1852697116431 203.57308012612515 299.57308012612515
289 835.1811 639.9892 332.0798074744846 502.8298074744846 196.40862946948707 292.4086294694871
306 836.5756 640.5608 336.16094923283765 506.91094923283765 188.90632183391858 284.9063218339186
323 836.5756 640.5608 340.4539940602396 511.2039940602396 181.52322600490484 277.5232260049048
341 793.6403 627.02814 345.2266685145469 515.9766685145469 173.84241533816768 269.8424153381677
357 793.6403 627.02814 349.6617068437197 520.4117068437197 167.13850276900726 263.13850276900723
374 751.4631 610.39746 354.5689124255555 525.3189124255555 160.14853343516307 256.1485334351631
391 751.4631 610.39746 359.6731023758233 530.4231023758233 153.30108260568883 249.30108260568883
409 712.99835 591.01843 365.28764512599264 536.0376451259926 146.21234621253794 242.21234621253794
425 712.99835 591.01843 370.45573236238414 541.2057323623842 140.05581447516937 236.05581447516937
442 712.99835 591.01843 376.12543363562395 546.875433635624 133.66873177782583 229.66873177782583
459 692.3093 580.69183 381.9746488335043 552.7246488335043 127.44562809241546 223.44562809241546
477 692.3093 580.69183 388.35832887425113 559.1083288742511 121.04079373995708 217.04079373995708
493 670.56 561.04095 394.1925174146769 564.9425174146769 115.51139478609738 211.51139478609738
511 655.3116 545.49225 400.93033797716447 571.6803379771645 109.48022176480373 205.48022176480373
527 655.3116 545.49225 407.06973833256984 577.8197383325698 104.29179502905546 200.29179502905546
544 627.1507 511.89502 413.7426429853873 584.4926429853873 98.96144031244515 194.96144031244515
562 627.1507 511.89502 420.97038828338435 591.7203882833844 93.52701560946679 189.5270156094668
578 602.146 483.45593 427.53000484391305 598.280004843913 88.88121758382923 184.88121758382923
595 602.146 483.45593 434.6332881070341 605.3832881070341 84.13951907017963 180.13951907017963
613 585.0231 460.42844 442.298267202495 613.048267202495 79.34146014899 175.34146014899
629 585.0231 460.42844 449.2302797509776 619.9802797509776 75.27215913482809 171.2721591348281
646 578.1432 437.60223 456.71215802621145 627.4621580262115 71.15368424901567 167.15368424901567
663 578.1432 437.60223 464.3082388604396 635.0582388604396 67.24985358281685 163.24985358281685
680 573.03345 418.69397 472.0123660236304 642.7623660236304 63.563830988764266 159.56383098876427
697 573.03345 418.69397 479.81829571979983 650.5682957197998 60.09860379723074 156.09860379723074
714 570.53296 400.30414 487.71970164728384 658.4697016472838 56.85698039535282 152.85698039535282
731 570.53296 400.30414 495.7101801258791 666.4601801258791 53.84158795097835 149.84158795097835
748 572.01843 392.4117 503.783255286693 674.533255286693 51.0548702834833 147.0548702834833
765 572.01843 392.4117 511.93238432050157 682.6823843205016 48.49908588318232 144.49908588318232
782 575.5323 374.2342 520.1509627803556 690.9009627803556 46.176306080939696 142.1763060809397
799 575.5323 374.2342 528.4323299341439 699.1823299341439 44.08841336946284 140.08841336946284
817 579.22424 360.37756 537.2618142040386 708.0118142040386 42.13559963724384 138.13559963724384
833 579.22424 360.37756 545.156538399579 715.906538399579 40.62386599915499 136.623865999155
851 591.2848 347.13986 554.0828444296311 724.8328444296311 39.176684392405264 135.17668439240526
867 591.2848 347.13986 562.0508042831839 732.8008042831839 38.116672841359446 134.11667284135945
884 617.7396 360.27557 570.5446140026227 741.2946140026227 37.2247455122278 133.2247455122278
901 652.6366 399.70865 579.0603709721212 749.8103709721212 36.574960050003085 132.57496005000309
918 652.6366 399.70865 587.5911736117806 758.3411736117806 36.167843072143 132.167843072143
935 652.6366 399.70865 596.1301081479654 766.8801081479654 36.00372452586896 132.00372452586896
952 679.2237 424.82855 604.6702542165596 775.4202542165596 36.08273742076125 132.08273742076125
969 679.2237 424.82855 613.2046904715623 783.9546904715623 36.40481772096149 132.4048177209615
986 696.2714 444.79745 621.7265001944813 792.4765001944813 36.96970439707047 132.96970439707047
1003 696.2714 444.79745 630.2287768999744 800.9787768999744 37.77693963769889 133.7769396376989
1020 706.5558 460.79526 638.7046299331981 809.4546299331981 38.82586922049978 134.82586922049978
1037 706.5558 460.79526 647.1471900543268 817.8971900543268 40.115643042381976 136.11564304238198
1054 719.1175 473.8144 655.5496150057149 826.2996150057149 41.645215808474234 137.64521580847423
1071 742.6916 513.91125 663.9050950571935 834.6550950571935 43.41334787928315 139.41334787928315
1088 742.6916 513.91125 672.2068585250034 842.9568585250034 45.41860627535635 141.41860627535635
1106 759.71643 551.3528 680.9309353437416 851.6809353437416 47.79847131476845 143.79847131476845
1123 759.71643 551.3528 689.1009748533495 859.8509748533495 50.286601601133555 146.28660160113355
1139 773.82904 575.03815 696.7228182836474 867.4728182836474 52.839934998910564 148.83993499891056
1157 773.82904 575.03815 705.2120829453671 875.9620829453671 55.95532573657704 151.95532573657704
1173 791.3064 597.5252 712.6762698040402 883.4262698040402 58.93826443105149 154.9382644310515
1190 791.3064 597.5252 720.5163456946693 891.2663456946693 62.32552703375262 158.32552703375262
1207 791.3064 597.5252 728.2568245155068 899.0068245155068 65.93458862018292 161.93458862018292
1225 805.4517 623.16315 736.337097942471 907.087097942471 69.99444764366609 165.9944476436661
1241 805.4517 623.16315 743.413983721744 914.163983721744 73.80623152831976 169.80623152831976
1258 814.9438 640.47424 750.8183800147626 921.5683800147626 78.06243329120804 174.06243329120804
1276 822.14056 645.4329 758.5228774307536 929.2728774307536 82.79677522140798 178.79677522140798
1292 822.14056 645.4329 765.2488064458005 935.9988064458005 87.19835307494287 183.19835307494287
1309 825.98926 648.31464 772.263141470708 943.013141470708 92.0706669060545 188.0706669060545
1326 825.98926 648.31464 779.1359413283826 949.8859413283826 97.14067282585665 193.14067282585665
1343 832.76227 655.8353 785.8616359705578 956.6116359705578 102.40426185718263 198.40426185718263
1360 832.76227 655.8353 792.434774570124 963.184774570124 107.85716813378187 203.85716813378187
1377 916.751 813.1347 798.8500299387413 969.6000299387413 113.49497235758312 209.49497235758312
1394 916.751 813.1347 805.1022028442499 975.8522028442499 119.31310538030687 215.31310538030687
1412 733.4008 650.50775 811.5387673844003 982.2887673844003 125.66479105149173 221.66479105149173
1428 733.4008 650.50775 817.0971692933363 987.8471692933363 131.47135431515434 227.47135431515434
1445 586.72064 520.4062 822.8302415379586 993.5802415379586 137.80161659632608 233.80161659632608
1462 586.72064 520.4062 828.3807966001699 999.1307966001699 144.29250840037312 240.29250840037312
1479 469.37653 416.32495 833.7443360426164 1004.4943360426164 150.93876919572267 246.93876919572267
1497 469.37653 416.32495 839.2147089352587 1009.9647089352587 158.13934516994212 254.13934516994212
1513 375.50122 333.05997 843.8931356740757 1014.6431356740757 164.675730406883 260.67573040688296
1531 375.50122 333.05997 848.9448737571439 1019.6948737571439 172.1759448228275 268.1759448228275
1547 300.40097 266.44797 853.2437467928016 1023.9937467928016 178.96797687071094 274.9679768707109
1564 300.40097 266.44797 857.6101570459276 1028.3601570459277 186.30792233453255 282.3079223345326
1581 517.52167 487.2649 861.7658627967578 1032.5158627967578 193.76918547310373 289.76918547310373
1598 517.52167 487.2649 865.7074960610505 1036.4574960610505 201.34571931915121 297.3457193191512
1616 605.7214 578.35254 869.6441112173986 1040.3941112173986 209.48674720608716 305.48674720608716
1632 605.7214 578.35254 872.9359432553329 1043.6859432553329 216.8199491363638 312.8199491363638
1649 641.6044 570.8368 876.2168989033121 1046.966898903312 224.7051040458423 320.7051040458423
1666 677.35065 576.83466 879.2720702485676 1050.0220702485676 232.6804577033056 328.6804577033056
1683 677.35065 576.83466 882.0989812329851 1052.8489812329851 240.73954649774532 336.7395464977453
1700 677.35065 576.83466 884.6953407916484 1055.4453407916485 248.87583895516212 344.8758389551621
1717 711.375 591.94434 887.0590447096293 1057.8090447096292 257.08274103198784 353.08274103198784
1734 711.375 591.94434 889.1881773273444 1059.9381773273444 265.35360145921436 361.35360145921436
1752 735.2796 608.52344 891.1849638955216 1061.9349638955216 274.17324529251096 370.17324529251096
1768 735.2796 608.52344 892.7360179615537 1063.4860179615537 282.0603385467098 378.0603385467098
1785 751.1724 619.994 894.1518506369953 1064.9018506369953 290.4826752619944 386.4826752619944
1802 751.1724 619.994 895.3273636603816 1066.0773636603817 298.94190141113677 394.94190141113677
1819 765.69495 633.0133 896.2616043392997 1067.0116043392995 307.4311612295389 403.4311612295389
1836 765.69495 633.0133 896.9538155200738 1067.703815520074 315.9435746118702 411.9435746118702
1853 777.7158 648.74023 897.4034362013994 1068.1534362013995 324.4722426880359 420.4722426880359
1870 777.7158 648.74023 897.6101019890048 1068.3601019890048 333.01025341435343 429.01025341435343
1887 789.22925 651.6563 897.5736453909749 1068.323645390975 341.5506871754069 437.5506871754069
1904 794.23663 657.8736 897.2940959534936 1068.0440959534935 350.08662239203596 446.08662239203596
1921 794.23663 657.8736 896.7716802368993 1067.5216802368993 358.6111411309172 454.6111411309172
1938 794.23663 657.8736 896.0068216320687 1066.7568216320687 367.1173347111916 463.1173347111916
1955 800.4906 660.2967 895.0001400172805 1065.7501400172805 375.5983093035911 471.5983093035911
1972 800.4906 660.2967 893.7524512558361 1064.5024512558361 384.04719151753216 480.04719151753216
1989 810.4904 671.3094 892.2647665348454 1063.0147665348454 392.4571339716405 488.4571339716405
2007 810.4904 671.3094 890.4293267523421 1061.1793267523421 401.3117618435425 497.3117618435425
2024 809.13635 675.5512 888.4515442264865 1059.2015442264865 409.6201139178652 505.6201139178652
2040 810.2076 673.5438 886.3747600303433 1057.1247600303432 417.385355454278 513.3853554542779
2057 810.2076 673.5438 883.9410778307275 1054.6910778307274 425.5717789017766 521.5717789017766
2074 833.386 678.69257 881.2753512814876 1052.0253512814875 433.68560906238275 529.6856090623828
2092 833.386 678.69257 878.2023009969078 1048.9523009969078 442.19029223658174 538.1902922365817
2108 851.51733 685.0133 875.2565931762647 1046.0065931762647 449.6692503292295 545.6692503292295
2125 851.51733 685.0133 871.9084395119482 1042.6584395119482 457.52610752219204 553.526107522192
2143 869.876 685.0688 868.1211054216201 1038.87110542162 465.737646624778 561.737646624778
2159 869.876 685.0688 864.5481482862865 1035.2981482862865 472.9380623089762 568.9380623089762
2176 879.3417 680.8706 860.5419758597092 1031.291975859709 480.4806693117979 576.4806693117979
2194 879.3417 680.8706 856.0679679827582 1026.817967982758 488.339201456037 584.339201456037
2210 890.2688 689.9311 851.8938087238421 1022.6438087238421 495.20858302917645 591.2085830291765
2227 890.2688 689.9311 847.2588229060326 1018.0088229060326 502.38195353258584 598.3819535325858
2245 899.9443 697.595 842.1307571776003 1012.8807571776003 509.8301892854297 605.8301892854297
2261 899.9443 697.595 837.3858258058228 1008.1358258058228 516.3184583144773 612.3184583144773
2278 906.66455 706.71155 832.1558160761413 1002.9058160761413 523.0702977777584 619.0702977777584
2295 906.66455 706.71155 826.7357312689596 997.4857312689596 529.6705264551181 625.6705264551181
2312 891.48145 703.33466 821.1299640822481 991.8799640822481 536.1137952031119 632.1137952031119
2329 891.48145 703.33466 815.3430576999276 986.0930576999276 542.394882086187 638.394882086187
2346 881.1425 701.677 809.379702109853 980.129702109853 548.5086966087915 644.5086966087915
2364 881.1425 701.677 802.8786107340788 973.6286107340788 554.7943218655896 650.7943218655896
2380 872.4957 703.9053 796.9431143556885 967.6931143556885 560.2148284340103 656.2148284340103
2398 872.4957 703.9053 790.0948566711968 960.8448566711968 566.1203039129076 662.1203039129076
2415 861.8288 699.78046 783.4663765564474 954.2163765564474 571.5058019659065 667.5058019659065
2431 861.8288 699.78046 777.0901233483269 947.8401233483269 576.4002277485814 672.4002277485814
2449 859.5776 704.3279 769.7630660054275 940.5130660054275 581.6999923319313 677.6999923319313
2465 859.5776 704.3279 763.1186144283101 933.8686144283101 586.2236271487043 682.2236271487043
2482 850.51263 702.3087 755.9288148358737 926.6788148358737 590.8330869577367 686.8330869577367
2499 850.51263 702.3087 748.6107182018081 919.3607182018081 595.2360177503971 691.2360177503971
2516 843.07166 703.76355 741.17025546435 911.92025546435 599.4288511793545 695.4288511793545
2533 843.07166 703.76355 733.6134567331254 904.3634567331254 603.4081891703074 699.4081891703074
2550 842.47864 709.3293 725.9464464020558 896.6964464020558 607.1708066759479 703.1708066759479
2567 842.47864 709.3293 718.1754381858558 888.9254381858558 610.7136542896951 706.7136542896951
2584 846.044 699.65686 710.3067300841386 881.0567300841386 614.0338607170812 710.0338607170812
2601 846.044 699.65686 702.346699277214 873.096699277214 617.1287351027865 713.1287351027865
2618 845.56586 696.83124 694.3017969577133 865.0517969577133 619.9957692114392 715.9957692114392
2635 845.56586 696.83124 686.178543102233 856.928543102233 622.6326394604092 718.6326394604092
2652 843.2098 690.16125 677.9835211872297 848.7335211872297 625.0372088029525 721.0372088029525
2669 843.9418 690.57025 669.7233728534557 840.4733728534557 627.2075284601758 723.2075284601758
2686 843.9418 690.57025 661.4047925232513 832.1547925232513 629.1418395004217 725.1418395004217
2703 843.9418 690.57025 653.0345219750633 823.7845219750633 630.8385742647915 726.8385742647915
2720 840.2921 683.33875 644.6193448795832 815.3693448795832 632.296357637651 728.296357637651
2737 840.2921 683.33875 636.1660813019316 806.9160813019316 633.5140081610913 729.5140081610913
2754 846.4868 689.03064 627.6815821743512 798.4315821743512 634.4905389924386 730.4905389924386
2772 846.4868 689.03064 618.6715913636143 789.4215913636143 635.2608243522246 731.2608243522246
2788 851.3224 694.41516 610.6464019995067 781.3964019995067 635.7172719246712 731.7172719246712
2805 851.3224 694.41516 602.1095270833351 772.8595270833351 635.9664798220608 731.9664798220608
2822 850.1619 691.23627 593.5690176902656 764.3190176902656 635.9725804261168 731.9725804261168
2839 848.8635 695.8149 585.0317954607539 755.7817954607539 635.7355687926154 731.7355687926154
2857 848.8635 695.8149 576.0036557812324 746.7536557812324 635.2198480618783 731.2198480618783
2873 863.5581 703.1422 567.9948801263789 738.7448801263789 634.5331740297464 730.5331740297464
2890 863.5581 703.1422 559.5089945588649 730.2589945588649 633.5687653790487 729.5687653790487
2907 882.2835 712.1066 551.0540000393138 721.8040000393138 632.3631926583694 728.3631926583694
2924 882.2835 712.1066 542.6367489028069 713.3867489028069 630.9174329219486 726.9174329219486
2942 899.14624 721.8716 533.7730850152877 704.5230850152877 629.1261382967836 725.1261382967836
2958 899.14624 721.8716 525.9427276452934 696.6927276452934 627.3102329649023 723.3102329649023
2975 899.14624 721.8716 517.6794871637487 688.4294871637487 625.1517161929854 721.1517161929854
2993 910.8236 735.87244 509.00093670470255 679.7509367047026 622.6108431393186 718.6108431393186
3009 918.7236 729.7379 501.3540257094023 672.1040257094023 620.1335944747455 716.1335944747455
3026 918.7236 729.7379 493.3050356774336 664.0550356774336 617.278056456131 713.278056456131
3043 919.2733 727.8627 485.3405915726703 656.0905915726703 614.1945571432422 710.1945571432422
3060 919.2733 727.8627 477.46714816449344 648.2171481644934 610.8855955525434 706.8855955525434
3077 925.5548 735.92065 469.691086470933 640.441086470933 607.3538534259965 703.3538534259965
3094 925.5548 735.92065 462.0187085871838 632.7687085871838 603.6021930576474 699.6021930576474
3111 931.8342 738.20557 454.4562325780845 625.2062325780845 599.6336549738851 695.6336549738851
3128 931.8342 738.20557 447.00978743869564 617.7597874386956 595.4514554692516 691.4514554692516
3146 907.22296 734.45465 439.2584910195917 610.0084910195917 590.7941302961241 686.7941302961241
3163 907.22296 734.45465 432.0698257527072 602.8198257527072 586.182901653867 682.182901653867
3179 893.7948 719.4014 425.4264873683203 596.1764873683203 581.6576321782761 677.6576321782761
3196 893.7948 719.4014 418.50350203784535 589.2535020378454 576.6563711348483 672.6563711348483
3213 884.6991 711.0563 411.72568540279684 582.4756854027969 571.4600705688548 667.4600705688548
3231 884.6991 711.0563 404.71350519699024 575.4635051969902 565.7502016818883 661.7502016818883
3247 870.5421 703.9812 398.6274083925641 569.3774083925641 560.4993508552757 656.4993508552757
3264 870.5421 703.9812 392.31756349239276 563.0675634923928 554.7438148032415 650.7438148032415
3281 862.8564 698.9147 386.17410963438175 556.9241096343817 548.8109982204569 644.8109982204569
3299 862.8564 698.9147 379.8561676524065 550.6061676524065 542.3413086562304 638.3413086562304
3315 862.0607 703.23584 374.4061519627961 545.1561519627961 536.4328962045494 632.4328962045494
3332 862.0607 703.23584 368.7911854693228 539.5411854693227 529.9976425819129 625.9976425819129
3350 859.0773 702.80115 363.0481643908829 533.7981643908829 523.0125883346178 619.0125883346178
3366 859.0773 702.80115 358.12202667636814 528.8720266763681 516.6608030789737 612.6608030789737
3383 852.0835 696.5454 353.07648117741576 523.8264811774158 509.7700260162269 605.7700260162269
3400 846.13043 695.46277 348.2291295851123 518.9791295851123 502.7384173488538 598.7384173488538
3417 846.13043 695.46277 343.58390042682595 514.333900426826 495.5716758314352 591.5716758314352
3434 840.5435 689.3436 339.144558420162 509.894558420162 488.2756097367269 584.2756097367269
3451 840.5435 689.3436 334.91470142185455 505.66470142185455 480.85613214835485 576.8561321483548
3468 840.5435 689.3436 330.8977575118902 501.6477575118902 473.3192561685689 569.3192561685689
3485 843.0447 696.9689 327.0969822152257 497.8469822152257 465.6710900449318 561.6710900449318
3503 843.0447 696.9689 323.31166860027383 494.06166860027383 457.45861935813366 553.4586193581337
3519 837.2479 694.33386 320.1560810978608 490.9060810978608 450.06576630732854 546.0657663073285
3536 837.2479 694.33386 317.0215805179704 487.7715805179704 442.1212559998803 538.1212559998803
3553 831.07043 690.24866 314.1144944740342 484.8644944740342 434.0907399116313 530.0907399116313
3570 831.07043 690.24866 311.4371790087004 482.1871790087004 425.9807263598813 521.9807263598814
3587 831.3828 692.7709 308.9918039474663 479.7418039474663 417.79778809050777 513.7977880905078
3604 837.7888 693.597 306.780351140146 477.530351140146 409.5485569510936 505.5485569510936
3621 837.7888 693.597 304.80461285468476 475.55461285468476 401.23971851615926 497.23971851615926
3639 838.14233 696.7529 302.97135171354296 473.72135171354296 392.3846393220784 488.3846393220784
3655 838.14233 696.7529 301.5664924513526 472.3164924513526 384.4701981434725 480.4701981434725
3672 833.2099 692.6827 300.30673466233077 471.05673466233077 376.02310703330426 472.02310703330426
3690 833.2099 692.6827 299.23553131423415 469.98553131423415 367.043920136258 463.043920136258
3707 831.58984 691.5878 298.4727655898568 469.2227655898568 358.5375386282254 454.5375386282254
3723 831.58984 691.5878 297.97633438360816 468.72633438360816 350.5147233633919 446.5147233633919
3740 831.58984 691.5878 297.68459056430925 468.43459056430925 341.9791962294431 437.9791962294431
3758 831.4959 694.26917 417.6579818975829 588.4079818975829 332.55436575878036 428.55436575878036
3774 831.4959 694.26917 417.99123095517183 588.7412309551719 324.5235450269113 420.5235450269113
3791 828.9705 695.6297 418.73774721758974 589.4877472175897 316.01623679178385 412.01623679178385
3809 830.0719 701.2395 419.96702256495803 590.717022564958 307.0579362572376 403.0579362572376
3825 830.0719 701.2395 421.43620498653286 592.1862049865329 299.15561763711503 395.15561763711503
3843 829.3309 698.8118 423.5087967246308 594.2587967246309 290.35410470841526 386.35410470841526
3860 829.3309 698.8118 425.8697967163995 596.6197967163995 282.14695788528695 378.14695788528695
3876 826.3009 694.06134 428.4451933182859 599.1951933182859 274.53299249891984 370.53299249891984
3893 826.3009 694.06134 431.55105000007745 602.3010500000775 266.5777907912517 362.5777907912517
3910 825.4003 685.2781 435.03073493989234 605.7807349398923 258.7788567193968 354.7788567193968
3927 825.4003 685.2781 438.876415455004 609.626415455004 251.15374548655507 347.15374548655507
3944 827.97174 686.4713 443.0794350159092 613.8294350159092 243.71962102511617 339.71962102511617
3961 827.97174 686.4713 447.6303327319572 618.3803327319572 236.49321736108072 332.4932173610807
3978 830.95483 690.49524 452.518864647575 623.268864647575 229.49080094619188 325.4908009461919
3995 830.95483 690.49524 457.734026801152 628.484026801152 222.7281340425647 318.7281340425647
4012 830.7604 689.26776 463.26407999467915 634.0140799946792 216.22043924223226 312.22043924223226
4030 830.7604 689.26776 469.44880561963384 640.1988056196338 209.62411941289355 305.62411941289355
4046 835.1686 686.10596 475.21838667089924 645.9683866708992 204.0279536670738 300.0279536670738
4063 835.1686 686.10596 481.6157313118342 652.3657313118342 198.37060786867886 294.37060786867886
4080 830.9935 684.7712 488.27420988032543 659.0242098803254 193.0230623484931 289.0230623484931
4097 830.9935 684.7712 495.1788343096449 665.9288343096449 187.9973542961332 283.9973542961332
4115 834.7278 686.03644 502.7406224410547 673.4906224410547 183.0393681522872 279.03936815228724
4131 834.7278 686.03644 509.66383312829794 680.4138331282979 178.95595164869005 274.9559516486901
4148 840.69275 693.1898 517.2116021519138 687.9616021519138 174.9606090221234 270.96060902212344
4166 831.1359 692.39703 525.4002807325808 696.1502807325808 171.12553282347662 267.12553282347665
4182 831.1359 692.39703 532.8327684862486 703.5827684862486 168.06558799499004 264.06558799499004
4200 825.4688 695.104 541.3479970015156 712.0979970015156 165.02368896976233 261.02368896976236
4216 825.4688 695.104 549.0369892185008 719.7869892185008 162.68178050678887 258.68178050678887
4233 825.4688 695.104 557.3123458725511 728.0623458725511 160.57226582663537 256.5722658266354
4250 823.71484 702.57434 565.678445290706 736.428445290706 158.85763453593017 254.85763453593017
4267 823.71484 702.57434 574.1164555949256 744.8664555949256 157.54174622631027 253.54174622631027
4284 825.8846 714.51624 582.6073830375866 753.3573830375866 156.6275629290547 252.6275629290547
4301 825.8846 714.51624 591.132114755926 761.882114755926 156.1171424476271 252.1171424476271
4318 822.7997 712.3228 599.6714617946108 770.4214617946108 156.01163372561214 252.01163372561214
4335 822.7997 712.3228 608.206202299593 778.956202299593 156.31127426047263 252.31127426047263
4352 821.30414 711.5818 616.7171247860152 787.4671247860152 157.01538956894865 253.01538956894865
4369 828.8246 712.4518 625.1850713827765 795.9350713827765 158.12239470530233 254.12239470530233
4386 828.8246 712.4518 633.5909809564164 804.3409809564164 159.6297978289907 255.6297978289907
4403 837.44464 718.17487 641.9159320172428 812.6659320172428 161.53420581373558 257.5342058137356
4420 837.44464 718.17487 650.1411853111272 820.8911853111272 163.83133188536496 259.831331885365
4437 838.07263 718.2544 658.2482260010909 828.9982260010909 166.5160052712332 262.5160052712332
4454 838.07263 718.2544 666.2188053437343 836.9688053437343 169.58218283949915 265.5821828394992
4471 843.95056 729.2552 674.0349817666976 844.7849817666976 173.0229627020636 269.02296270206364
4488 843.95056 729.2552 681.6791612546845 852.4291612546845 176.83059975054408 272.8305997505441
4505 843.95056 729.2552 689.1341369531456 859.8841369531456 180.99652309031762 276.9965230903176
4523 845.63196 727.5275 696.8027732058051 867.5527732058051 185.78758605914797 281.787586059148
4539 845.63196 727.5275 703.4098168015221 874.1598168015221 190.36493370665013 286.36493370665016
4556 845.8612 729.0293 710.1983867574248 880.9483867574248 195.54633292803192 291.5463329280319
4574 846.4273 726.9116 717.1097699331881 887.8597699331881 201.3768602579292 297.3768602579292
4590 846.4273 726.9116 723.0006166338345 893.7506166338345 206.8452294582745 302.8452294582745
4607 855.0304 729.7744 728.9854590589218 899.7354590589218 212.9372932370277 308.9372932370277
4625 855.0304 729.7744 734.9997830567704 905.7497830567704 219.68934279222185 315.68934279222185
4641 845.9673 714.35767 740.0552705632856 910.8052705632856 225.93811728273374 321.93811728273374
4658 845.9673 714.35767 745.1153217770493 915.8653217770493 232.81761302381858 328.8176130238186
4675 843.2124 709.05804 749.8433760095571 920.5933760095571 239.9293697063817 335.9293697063817
4693 843.2124 709.05804 754.4758707295014 925.2258707295014 247.69482262405427 343.69482262405427
4709 840.5469 705.05334 758.2616938824929 929.0116938824929 254.78514557975075 350.78514557975075
4726 840.5469 705.05334 761.9330081024611 932.6830081024611 262.4957247950736 358.4957247950736
4743 840.5469 705.05334 765.2344691549205 935.9844691549205 270.3717602734482 366.3717602734482
4761 838.74646 702.5307 768.3187615671286 939.0687615671286 278.8717253711941 374.8717253711941
4777 841.97546 704.86365 770.6989549944915 941.4489549944915 286.5489524624127 382.5489524624127
4794 841.97546 704.86365 772.8496793622878 943.5996793622878 294.8136947228397 390.8136947228397
4811 841.4121 696.9902 774.605977411876 945.355977411876 303.17114631399613 399.17114631399613
4828 841.4121 696.9902 775.9638957607996 946.7138957607996 311.60249482388303 407.60249482388303
4845 846.7916 700.6926 776.9203777692248 947.6703777692248 320.08876150040663 416.08876150040663
4863 846.7916 700.6926 777.4931938134266 948.2431938134266 329.11284860805364 425.11284860805364
4879 845.22156 699.4775 777.6213291668411 948.3713291668411 337.1495592469291 433.1495592469291
4896 845.22156 699.4775 777.3642207321774 948.1142207321774 345.68568689301895 441.68568689301895
4914 833.15375 692.7947 776.6510281368674 947.4010281368674 354.69976602895355 450.69976602895355
4930 833.15375 692.7947 775.6377280160616 946.3877280160616 362.6733699460652 458.6733699460652
4948 830.6947 684.329 774.0736116349954 944.8236116349954 371.57931213616394 467.57931213616394
4964 853.3824 680.7219 772.3093286896907 943.0593286896907 379.4210238275436 475.4210238275436
4981 853.3824 680.7219 770.0532173508461 940.8032173508461 387.65762152102405 483.65762152102405
4998 853.3824 680.7219 767.4089744590015 938.1589744590015 395.77793921594457 491.77793921594457
5015 872.0716 694.7257 764.3825521379785 935.1325521379785 403.7636982827043 499.7636982827043
5032 872.0716 694.7257 760.9807627878217 931.7307627878217 411.59692297976756 507.59692297976756
5049 888.16095 698.6094 757.2112637502574 927.9612637502574 419.25998091660404 515.259980916604
5066 888.16095 698.6094 753.0825400722103 923.8325400722103 426.73562274375536 522.7356227437554
5083 899.17236 706.71576 748.6038854061801 919.3538854061801 434.00702098068035 530.0070209806804
5100 899.17236 706.71576 743.7853810904619 914.5353810904619 441.057807893992 537.057807893992
5117 909.7786 707.49536 738.6378734563121 909.3878734563121 447.8721123408068 543.8721123408068
5134 916.64355 710.54504 733.1729494131282 903.9229494131282 454.4345954942897 550.4345954942896
5151 916.64355 710.54504 727.4029103666112 898.1529103666112 460.73048537096236 556.7304853709624
5168 925.5532 718.1561 721.3407445286122 892.0907445286122 466.7456100820642 562.7456100820642
5185 925.5532 718.1561 715.0000976809954 885.7500976809954 472.46642973411736 568.4664297341174
5202 928.506 724.0576 708.3952424593289 879.1452424593289 477.8800669068827 573.8800669068827
5219 928.506 724.0576 701.5410462255444 872.2910462255444 482.9743356401059 578.9743356401059
5236 928.506 724.0576 694.4529376018812 865.2029376018812 487.73776886380733 583.7377688638073
5253 929.9619 728.16125 687.1468717414465 857.8968717414465 492.15964421036574 588.1596442103657
5271 929.9619 728.16125 679.1917557803298 849.9417557803298 496.45829474187997 592.45829474188
5287 937.5984 743.4064 671.9471049847989 842.6971049847989 499.93969839739407 595.9396983973941
5304 937.5984 743.4064 664.0876183788416 834.8376183788416 503.28036453280606 599.2803645328061
5322 938.1012 747.1795 655.6031277542164 826.3531277542164 506.40697374848173 602.4069737484817
5338 939.1888 755.9807 647.9378564156366 818.6878564156366 508.8253930396211 604.8253930396211
5356 939.1888 755.9807 639.1952779150454 809.9452779150454 511.133982978935 607.133982978935
5372 940.6392 759.72205 631.335337516615 802.085337516615 512.8151948914908 608.8151948914908
5389 940.6392 759.72205 622.9108601528986 793.6608601528986 514.2151095623715 610.2151095623715
5407 940.0576 761.9172 613.9291943374132 784.6791943374132 515.2600715357657 611.2600715357657
5423 940.0576 761.9172 605.9102433377668 776.6602433377668 515.8092176247758 611.8092176247758
5440 940.68134 766.4429 597.3723718445073 768.1223718445073 515.9998227193989 611.9998227193989
5457 940.68134 766.4429 588.8350690108309 759.5850690108309 515.7852527689789 611.7852527689789
5475 942.49493 771.4815 579.8175479661336 750.5675479661336 515.1169859395293 611.1169859395293
5491 942.49493 771.4815 571.8389937950213 742.5889937950213 514.1434306506889 610.1434306506889
5508 942.49493 771.4815 563.4184791480179 734.1684791480179 512.7198741828516 608.7198741828516
5526 941.2178 777.43774 554.5869676676424 725.3369676676424 510.7790827672435 606.7790827672435
5542 939.0058 784.4083 546.8272249367301 717.5772249367301 508.68348516468336 604.6834851646834
5559 939.0058 784.4083 538.6938318657412 709.4438318657412 506.079738423869 602.079738423869
5576 912.54926 763.26685 530.6930913626405 701.4430913626405 503.0931464966776 599.0931464966776
5593 912.54926 763.26685 522.843012891798 693.593012891798 499.7304321259451 595.7304321259451
5610 886.7686 741.2906 515.1612667811617 685.9112667811617 495.99916469660786 591.9991646966079
5627 886.7686 741.2906 507.6651444467964 678.4151444467964 491.90774319720856 587.9077431972086
5644 869.0192 731.1366 500.37151947034613 671.1215194703461 487.4653773139863 583.4653773139863
5662 869.0192 731.1366 492.88781057617666 663.6378105761767 482.3903041584317 578.3903041584317
5678 858.36475 729.3883 486.4569398796541 657.2069398796541 477.56857846668925 573.5685784666892
5696 858.36475 729.3883 479.48779392617575 650.2377939261758 471.80721829516574 567.8072182951657
5712 849.87103 721.71704 473.54274297137306 644.2927429713731 466.3978277836013 562.3978277836013
5729 846.8217 722.02 467.4974853308397 638.2474853308397 460.36571041097886 556.3657104109789
5747 846.8217 722.02 461.4161702808618 632.1661702808618 453.6739338449379 549.6739338449379
5763 846.8217 722.02 456.29865965604995 627.04865965605 447.47585175716756 543.4758517571676
5780 838.11096 722.5093 451.1702998949387 621.9202998949387 440.6471252215585 536.6471252215586
5797 838.11096 722.5093 446.37160595691194 617.1216059569119 433.58284065575424 529.5828406557542
5814 835.23157 711.7671 441.9133795805666 612.6633795805666 426.29889958551144 522.2988995855114
5831 835.23157 711.7671 437.80565612063515 608.5556561206351 418.8116979778178 514.8116979778179
5848 829.3546 698.35736 434.05768195865755 604.8076819586576 411.1380893339877 507.1380893339877
5865 829.3546 698.35736 430.67789368960894 601.4278936896089 403.295346752855 499.295346752855
5882 827.9501 696.51166 427.67389913133843 598.4238991313384 395.30112404946493 491.30112404946493
5899 827.9501 696.51166 425.052460199564 595.8024601995639 387.1734160167848 483.1734160167848
5916 826.9503 692.46704 422.8194776869708 593.5694776869708 378.9305179198789 474.9305179198789
5933 822.8439 688.1533 420.97997798067684 591.7299779806768 370.59098431373195 466.59098431373195
5950 822.8439 688.1533 419.53810174796206 590.2881017479621 362.1735872774116 458.1735872774116
5967 823.71674 686.9066 418.4970946157316 589.2470946157316 353.69727415859836 449.69727415859836
5984 823.71674 686.9066 417.85929986469176 588.6092998646918 345.18112492358273 441.18112492358273
6001 823.71674 686.9066 417.6286526131048 588.3786526131048 337.1467028281774 433.1467028281774
