0 568.2456 398.02417 333.0 433.0 334.0 434.0
17 568.2456 398.02417 333.1215672298508 433.1215672298508 325.460353677165 425.460353677165
34 611.749 421.89343 333.4861703954607 433.4861703954607 316.92762829531256 416.92762829531256
51 611.749 421.89343 334.0935140048509 434.0935140048509 308.4087391863609 408.4087391863609
68 626.6755 432.87585 334.94310583748677 434.94310583748677 299.91059046864586 399.91059046864586
86 626.6755 432.87585 336.1059474282776 436.1059474282776 290.9428107334055 390.9428107334055
102 645.83386 454.09442 337.3660842002114 437.3660842002114 283.00404105339845 383.00404105339845
120 654.42505 447.35745 339.0373788905013 439.0373788905013 274.11696909446454 374.11696909446454
137 654.42505 447.35745 340.8610993111701 440.8610993111701 265.7734457537099 365.7734457537099
153 661.2727 452.6057 342.7938532438116 442.7938532438116 257.9711082224287 357.9711082224287
170 661.2727 452.6057 345.0756512552929 445.0756512552929 249.74105744826687 349.7410574482669
187 670.96985 455.2374 347.59079703666407 447.59079703666407 241.57929418234613 341.57929418234613
204 670.96985 455.2374 350.3372521925565 450.3372521925565 233.4924331110061 333.4924331110061
221 676.52563 451.16284 353.31279086333535 453.31279086333535 225.48702821623766 325.48702821623766
238 676.52563 451.16284 356.51500152904384 456.51500152904384 217.5695674640201 317.5695674640201
255 676.52563 451.16284 359.9412889638151 459.9412889638151 209.74646754616077 309.7464675461608
272 682.1248 456.08902 363.5888763391684 463.5888763391684 202.0240686798987 302.02406867989873
289 682.1248 456.08902 367.4548074744846 467.4548074744846 194.40862946948707 294.4086294694871
306 684.5399 452.7667 371.53594923283765 471.53594923283765 186.90632183391858 286.9063218339186
323 674.2211 465.30038 375.8289940602396 475.8289940602396 179.52322600490484 279.5232260049048
340 674.2211 465.30038 380.3304626662418 480.3304626662418 172.26532559916362 272.2653255991636
357 664.39325 472.64783 385.0367068437197 485.0367068437197 165.13850276900726 265.13850276900723
374 664.39325 472.64783 389.9439124255555 489.9439124255555 158.14853343516307 258.1485334351631
391 662.2262 481.4395 395.0481023758233 495.0481023758233 151.30108260568883 251.30108260568883
409 662.2262 481.4395 400.66264512599264 500.66264512599264 144.21234621253794 244.21234621253794
425 660.02637 485.00406 405.83073236238414 505.83073236238414 138.05581447516937 238.05581447516937
442 660.02637 485.00406 411.50043363562395 511.50043363562395 131.66873177782583 231.66873177782583
459 618.66095 459.45374 417.3496488335043 517.3496488335043 125.44562809241546 225.44562809241546
476 618.66095 459.45374 423.3736374701024 523.3736374701024 119.39154692211227 219.39154692211227
493 618.66095 459.45374 429.5675174146769 529.5675174146769 113.51139478609738 213.51139478609738
511 566.29755 429.41336 436.30533797716447 536.3053379771645 107.48022176480373 207.48022176480373
527 529.60034 400.05286 442.44473833256984 542.4447383325698 102.29179502905546 202.29179502905546
544 529.60034 400.05286 449.1176429853873 549.1176429853873 96.96144031244515 196.96144031244515
561 502.64362 369.0199 455.939574763276 555.939574763276 91.82319306962836 191.82319306962836
579 502.64362 369.0199 463.31908475446505 563.319084754465 86.5967118216947 186.5967118216947
595 485.2845 339.88837 470.0082881070341 570.0082881070341 82.13951907017963 182.13951907017963
612 485.2845 339.88837 477.24366770951156 577.2436677095116 77.60194042970028 177.60194042970028
629 474.07532 316.4753 484.6052797509776 584.6052797509776 73.27215913482809 173.2721591348281
646 474.07532 316.4753 492.08715802621145 592.0871580262115 69.15368424901567 169.15368424901567
663 464.1123 298.6472 499.6832388604396 599.6832388604396 65.24985358281685 165.24985358281685
680 464.1123 298.6472 507.3873660236304 607.3873660236304 61.563830988764266 161.56383098876427
697 462.84598 284.9302 515.1932957197998 615.1932957197998 58.09860379723074 158.09860379723074
715 457.25717 272.55112 523.5623270540765 623.5623270540765 54.6733171711283 154.6733171711283
731 457.25717 272.55112 531.0851801258791 631.0851801258791 51.84158795097835 151.84158795097835
748 457.25717 272.55112 539.158255286693 639.158255286693 49.0548702834833 149.0548702834833
765 459.2858 262.59393 547.3073843205016 647.3073843205016 46.49908588318232 146.49908588318232
783 459.2858 262.59393 556.0114292711773 656.0114292711773 44.04696936032366 144.04696936032366
799 463.37033 246.72372 563.8073299341439 663.8073299341439 42.08841336946284 142.08841336946284
816 463.37033 246.72372 572.1447741627716 672.1447741627716 40.23709987763954 140.23709987763954
834 470.93347 229.01273 581.0262683082123 681.0262683082123 38.53641304886645 138.53641304886645
850 470.93347 229.01273 588.960825606595 688.960825606595 37.25001917650059 137.2500191765006
867 479.63177 211.70053 597.4258042831839 697.4258042831839 36.116672841359446 136.11667284135945
884 479.63177 211.70053 605.9196140026227 705.9196140026227 35.2247455122278 135.2247455122278
901 486.3538 204.88605 614.4353709721212 714.4353709721212 34.574960050003085 134.57496005000309
918 508.26633 208.97919 622.9661736117806 722.9661736117806 34.167843072143 134.167843072143
936 508.26633 208.97919 632.0075037720162 732.0075037720162 34.00164175242986 134.00164175242986
952 528.01215 210.70984 640.0452542165596 740.0452542165596 34.08273742076125 134.08273742076125
970 528.01215 210.70984 649.0813904556234 749.0813904556234 34.431328605587055 134.43132860558705
986 528.01215 210.70984 657.1015001944813 757.1015001944813 34.96970439707047 134.96970439707047
1003 549.0622 204.6175 665.6037768999744 765.6037768999744 35.77693963769889 135.7769396376989
1020 549.0622 204.6175 674.0796299331981 774.0796299331981 36.82586922049978 136.82586922049978
1037 570.0014 204.0943 682.5221900543268 782.5221900543268 38.115643042381976 138.11564304238198
1054 570.0014 204.0943 690.9246150057149 790.9246150057149 39.645215808474234 139.64521580847423
1071 586.45654 202.50269 699.2800950571935 799.2800950571935 41.41334787928315 141.41334787928315
1088 586.45654 202.50269 707.5818585250034 807.5818585250034 43.41860627535635 143.41860627535635
1105 603.8767 191.31879 715.8231772598931 815.8231772598931 45.65936583863811 145.6593658386381
1122 623.43915 192.69727 723.9973720999366 823.9973720999366 48.133810549576026 148.13381054957603
1139 623.43915 192.69727 732.0978182836474 832.0978182836474 50.839934998910564 150.83993499891056
1156 640.0717 189.06932 740.117950819005 840.117950819005 53.77554601295549 153.7755460129555
1173 640.0717 189.06932 748.0512698040402 848.0512698040402 56.93826443105149 156.9382644310515
1190 659.775 186.9006 755.8913456946693 855.8913456946693 60.32552703375262 160.32552703375262
1207 659.775 186.9006 763.6318245155068 863.6318245155068 63.93458862018292 163.93458862018292
1224 679.63745 186.58458 771.2664330094331 871.2664330094331 67.76252423287974 167.76252423287974
1241 679.63745 186.58458 778.788983721744 878.788983721744 71.80623152831976 171.80623152831976
1258 679.63745 186.58458 786.1933800147626 886.1933800147626 76.06243329120804 176.06243329120804
1275 699.939 182.94339 793.4736210088488 893.4736210088488 80.52768009049117 180.52768009049117
1293 712.92676 195.67853 801.040231024628 901.040231024628 85.47941582800502 185.47941582800502
1309 712.92676 195.67853 807.638141470708 907.638141470708 90.0706669060545 190.0706669060545
1326 729.2374 197.64862 814.5109413283826 914.5109413283826 95.14067282585665 195.14067282585665
1343 729.2374 197.64862 821.2366359705578 921.2366359705578 100.40426185718263 200.40426185718263
1360 743.8421 203.01997 827.809774570124 927.809774570124 105.85716813378187 205.85716813378187
1377 743.8421 203.01997 834.2250299387413 934.2250299387413 111.49497235758312 211.49497235758312
1394 762.1921 213.09924 840.4772028442499 940.4772028442499 117.31310538030687 217.31310538030687
1411 762.1921 213.09924 846.5612262243785 946.5612262243785 123.30685190652298 223.30685190652298
1428 774.386 226.81354 852.4721692933363 952.4721692933363 129.47135431515434 229.47135431515434
1445 774.386 226.81354 858.2052415379586 958.2052415379586 135.80161659632608 235.80161659632608
1462 789.2537 229.46626 863.7557966001699 963.7557966001699 142.29250840037312 242.29250840037312
1479 803.78156 236.61569 869.1193360426164 969.1193360426164 148.93876919572267 248.93876919572267
1496 803.78156 236.61569 874.2915129944168 974.2915129944168 155.73501253228335 255.73501253228335
1513 803.78156 236.61569 879.2681356740757 979.2681356740757 162.675730406883 262.67573040688296
1530 818.73157 235.03947 884.0451707867052 984.0451707867052 169.7552977272204 269.7552977272204
1547 818.73157 235.03947 888.6187467928016 988.6187467928016 176.96797687071094 276.9679768707109
1564 831.66113 249.95757 892.9851570459276 992.9851570459276 184.30792233453255 284.3079223345326
1582 831.66113 249.95757 897.3786814969314 997.3786814969314 192.2117326082863 292.2117326082863
1599 841.6931 265.7873 901.3076210713034 1001.3076210713034 199.79485674886422 299.7948567488642
1616 841.6931 265.7873 905.0191112173986 1005.0191112173986 207.48674720608716 307.48674720608716
1632 854.7546 287.21466 908.3109432553329 1008.3109432553329 214.8199491363638 314.8199491363638
1649 854.7546 287.21466 911.5918989033121 1011.5918989033121 222.7051040458423 322.7051040458423
1667 870.44714 298.576 914.8197010204906 1014.8197010204906 231.15226732338112 331.1522673233811
1683 880.72394 320.64444 917.4739812329851 1017.4739812329851 238.73954649774532 338.7395464977453
1701 880.72394 320.64444 920.21584210631 1020.21584210631 247.35670803135872 347.3567080313587
1717 889.12177 333.21103 922.4340447096293 1022.4340447096293 255.08274103198784 355.08274103198784
1734 889.12177 333.21103 924.5631773273444 1024.5631773273444 263.35360145921436 363.35360145921436
1751 889.12177 333.21103 926.4560130930984 1026.4560130930984 271.6817171329047 371.6817171329047
1768 914.17596 366.90485 928.1110179615537 1028.1110179615537 280.0603385467098 380.0603385467098
1786 914.17596 366.90485 929.6026611419293 1029.6026611419293 288.97932248926173 388.97932248926173
1802 920.3661 414.16693 930.7023636603816 1030.7023636603817 296.94190141113677 396.94190141113677
1819 920.3661 414.16693 931.6366043392997 1031.6366043392995 305.4311612295389 405.4311612295389
1837 927.0922 455.5122 932.361983596427 1032.3619835964269 314.44487849148953 414.44487849148953
1853 927.0922 455.5122 932.7784362013994 1032.7784362013995 322.4722426880359 422.4722426880359
1870 935.04016 483.7454 932.9851019890048 1032.9851019890048 331.01025341435343 431.01025341435343
1887 943.19385 506.6089 932.9486453909749 1032.948645390975 339.5506871754069 439.5506871754069
1904 943.19385 506.6089 932.6690959534936 1032.6690959534935 348.08662239203596 448.08662239203596
1921 948.1989 515.09143 932.1466802368993 1032.1466802368993 356.6111411309172 456.6111411309172
1939 948.1989 515.09143 931.3292920861586 1031.3292920861586 365.61698093385 465.61698093385
1955 951.1805 531.421 930.3751400172805 1030.3751400172805 373.5983093035911 473.5983093035911
1972 951.1805 531.421 929.1274512558361 1029.1274512558361 382.04719151753216 482.04719151753216
1989 962.1199 545.894 927.6397665348454 1027.6397665348454 390.4571339716405 490.4571339716405
2006 962.1199 545.894 925.9132915457113 1025.9132915457112 398.8213208432003 498.8213208432003
2023 962.1199 545.894 923.9494255069792 1023.9494255069792 407.13297339202586 507.13297339202586
2040 967.55585 554.83044 921.7497600303433 1021.7497600303433 415.385355454278 515.3853554542779
2057 965.5093 564.37225 919.3160778307275 1019.3160778307275 423.5717789017766 523.5717789017766
2074 965.5093 564.37225 916.6503512814876 1016.6503512814876 431.68560906238275 531.6856090623828
2091 964.9806 581.2491 913.7547408159044 1013.7547408159044 439.7202700970553 539.7202700970553
2108 964.9806 581.2491 910.6315931762647 1010.6315931762647 447.6692503292295 547.6692503292295
2126 968.2142 590.05206 907.0795392706568 1007.0795392706568 455.98527023040305 555.9852702304031
2142 968.2142 590.05206 903.7129933280626 1003.7129933280626 463.2844741001809 563.2844741001809
2159 964.1101 602.0637 899.9231482862865 999.9231482862865 470.9380623089762 570.9380623089762
2176 964.1101 602.0637 895.9169758597092 995.9169758597092 478.4806693117979 578.4806693117979
2193 966.8779 610.78235 891.6977228435584 991.6977228435584 485.90618221638465 585.9061822163847
2211 966.8779 610.78235 887.0018309919924 987.0018309919924 493.63417507762983 593.6341750776298
2227 965.9825 622.21014 882.6338229060326 982.6338229060326 500.38195353258584 600.3819535325858
2244 965.9825 622.21014 877.7965218060378 977.7965218060378 507.42048008140796 607.420480081408
2261 963.77966 630.4381 872.7608258058228 972.7608258058228 514.3184583144773 614.3184583144773
2278 963.77966 630.4381 867.5308160761413 967.5308160761413 521.0702977777584 621.0702977777584
2295 957.0522 639.9567 862.1107312689596 962.1107312689596 527.6705264551181 627.6705264551181
2313 957.0522 639.9567 856.169526925818 956.169526925818 534.4878107309933 634.4878107309933
2329 953.48254 654.59814 850.7180576999276 950.7180576999276 540.394882086187 640.394882086187
2346 953.48254 654.59814 844.754702109853 944.754702109853 546.5086966087915 646.5086966087915
2363 953.1134 666.06525 838.6197303028227 938.6197303028227 552.4502838409564 652.4502838409564
2380 953.1134 666.06525 832.3181143556885 932.3181143556885 558.2148284340103 658.2148284340103
2397 945.51904 671.3906 825.8549614017456 925.8549614017456 563.7976585231695 663.7976585231695
2414 945.51904 671.3906 819.2355094916655 919.2355094916655 569.1942495138428 669.1942495138428
2432 942.28564 681.7678 812.0622816327669 912.0622816327669 574.7004347658467 674.7004347658467
2449 930.8525 687.16064 805.1380660054275 905.1380660054275 579.6999923319313 679.6999923319313
2466 930.8525 687.16064 798.0743413925139 898.0743413925139 584.5004227817345 684.5004227817345
2483 927.6392 693.8657 790.8768325769166 890.8768325769166 589.0978356150445 689.0978356150445
2499 927.6392 693.8657 783.9857182018081 883.9857182018081 593.2360177503971 693.2360177503971
2516 927.6392 693.8657 776.54525546435 876.54525546435 597.4288511793545 697.4288511793545
2533 920.37744 702.07214 768.9884567331254 868.9884567331254 601.4081891703074 701.4081891703074
2551 920.37744 702.07214 760.8671459641587 860.8671459641587 605.3853219740902 705.3853219740902
2567 913.04297 714.5367 753.5504381858558 853.5504381858558 608.7136542896951 708.7136542896951
2584 913.04297 714.5367 745.6817300841386 845.6817300841386 612.0338607170812 712.0338607170812
2601 903.9208 722.7645 737.721699277214 837.721699277214 615.1287351027865 715.1287351027865
2618 903.9208 722.7645 729.6767969577133 829.6767969577133 617.9957692114392 717.9957692114392
2635 898.7056 729.6664 721.553543102233 821.553543102233 620.6326394604092 720.6326394604092
2653 888.2163 733.8157 712.8743677514212 812.8743677514212 623.1713771733134 723.1713771733134
2669 888.2163 733.8157 705.0983728534557 805.0983728534557 625.2075284601758 725.2075284601758
2686 877.06274 742.239 696.7797925232513 796.7797925232513 627.1418395004217 727.1418395004217
2703 877.06274 742.239 688.4095219750633 788.4095219750633 628.8385742647915 728.8385742647915
2720 867.6136 749.2258 679.9943448795832 779.9943448795832 630.296357637651 730.296357637651
2737 867.6136 749.2258 671.5410813019316 771.5410813019316 631.5140081610913 731.5140081610913
2754 857.71436 750.2434 663.0565821743512 763.0565821743512 632.4905389924386 732.4905389924386
2772 857.71436 750.2434 654.0465913636143 754.0465913636143 633.2608243522246 733.2608243522246
2789 857.71436 750.2434 645.5194574500881 745.5194574500881 633.7386581426483 733.7386581426483
2805 841.32513 744.8162 637.4845270833351 737.4845270833351 633.9664798220608 733.9664798220608
2822 841.32513 744.8162 628.9440176902656 728.9440176902656 633.9725804261168 733.9725804261168
2839 828.62085 742.95544 620.4067954607539 720.4067954607539 633.7355687926154 733.7355687926154
2857 811.1529 740.5225 611.3786557812324 711.3786557812324 633.2198480618783 733.2198480618783
2873 811.1529 740.5225 603.3698801263789 703.3698801263789 632.5331740297464 732.5331740297464
2890 799.49286 745.44086 594.8839945588649 694.8839945588649 631.5687653790487 731.5687653790487
2907 799.49286 745.44086 586.4290000393138 686.4290000393138 630.3631926583694 730.3631926583694
2924 789.65173 749.7731 578.0117489028069 678.0117489028069 628.9174329219486 728.9174329219486
2941 789.65173 749.7731 569.6390628953682 669.6390628953682 627.232657883161 727.232657883161
2958 768.5736 747.2218 561.3177276452934 661.3177276452934 625.3102329649023 725.3102329649023
2976 768.5736 747.2218 552.5703667532769 652.5703667532769 623.0174287059479 723.0174287059479
2992 754.277 744.605 544.8560383791012 644.8560383791012 620.7588569334407 720.7588569334407
3009 754.277 744.605 536.7290257094023 636.7290257094023 618.1335944747455 718.1335944747455
3026 743.2048 749.97375 528.6800356774336 628.6800356774336 615.278056456131 715.278056456131
3044 743.2048 749.97375 520.2498660899855 620.2498660899855 612.0061281757542 712.0061281757542
3060 729.03644 748.99457 512.8421481644934 612.8421481644934 608.8855955525434 708.8855955525434
3077 729.03644 748.99457 505.066086470933 605.066086470933 605.3538534259965 705.3538534259965
3095 711.36816 748.87115 496.94575447846444 596.9457544784644 601.3747225815591 701.3747225815591
3111 711.36816 748.87115 489.8312325780845 589.8312325780845 597.6336549738851 697.6336549738851
3129 697.0703 751.2571 481.9505041384623 581.9505041384623 593.1988614943655 693.1988614943655
3146 697.0703 751.2571 474.6334910195917 574.6334910195917 588.7941302961241 688.7941302961241
3162 677.3485 742.4685 467.8640306732291 567.8640306732291 584.4598004361334 684.4598004361334
3179 677.3485 742.4685 460.8014873683203 560.8014873683203 579.6576321782761 679.6576321782761
3196 656.25635 736.1373 453.87850203784535 553.8785020378454 574.6563711348483 674.6563711348483
3214 640.4918 731.43884 446.7066291336331 546.7066291336331 569.1484211540582 669.1484211540582
3230 640.4918 731.43884 440.47353053246013 540.4735305324601 564.0729418127313 664.0729418127313
3247 622.00696 727.3348 434.0024083925641 534.0024083925641 558.4993508552757 658.4993508552757
3264 622.00696 727.3348 427.69256349239276 527.6925634923928 552.7438148032415 652.7438148032415
3281 622.00696 727.3348 421.54910963438175 521.5491096343817 546.8109982204569 646.8109982204569
3298 604.0388 719.3367 415.5770257696452 515.5770257696452 540.7057093474355 640.7057093474355
3315 604.0388 719.3367 409.7811519627961 509.7811519627961 534.4328962045494 634.4328962045494
3332 586.8429 721.6169 404.1661854693228 504.1661854693228 527.9976425819129 627.9976425819129
3349 586.8429 721.6169 398.7366769287074 498.7366769287074 521.4051639192346 621.4051639192346
3366 571.64886 716.6096 393.49702667636814 493.49702667636814 514.6608030789737 614.6608030789737
3383 571.64886 716.6096 388.45148117741576 488.45148117741576 507.7700260162269 607.7700260162269
3401 546.7179 696.28424 383.3252481623738 483.3252481623738 500.3205287834901 600.3205287834901
3417 518.9005 679.72656 378.95890042682595 478.95890042682595 493.5716758314352 593.5716758314352
3434 518.9005 679.72656 374.519558420162 474.519558420162 486.2756097367269 586.2756097367269
3452 486.25784 671.5665 370.04748418581175 470.04748418581175 478.4159770489023 578.4159770489023
3468 486.25784 671.5665 366.2727575118902 466.2727575118902 471.3192561685689 571.3192561685689
3485 457.16492 645.1202 362.4719822152257 462.4719822152257 463.6710900449318 563.6710900449318
3502 457.16492 645.1202 358.8904558633554 458.8904558633554 455.9178322199049 555.9178322199049
3519 457.16492 645.1202 355.5310810978608 455.5310810978608 448.06576630732854 548.0657663073285
3536 429.58127 631.0629 352.3965805179704 452.3965805179704 440.1212559998803 540.1212559998803
3553 429.58127 631.0629 349.4894944740342 449.4894944740342 432.0907399116313 532.0907399116313
3570 405.96906 618.20123 346.8121790087004 446.8121790087004 423.9807263598813 523.9807263598814
3587 405.96906 618.20123 344.3668039474663 444.3668039474663 415.79778809050777 515.7977880905078
3604 389.08575 605.00165 342.155351140146 442.155351140146 407.5485569510936 507.5485569510936
3621 371.98776 583.6647 340.17961285468476 440.17961285468476 399.23971851615926 499.23971851615926
3639 371.98776 583.6647 338.34635171354296 438.34635171354296 390.3846393220784 490.3846393220784
3655 360.35684 562.1084 336.9414924513526 436.9414924513526 382.4701981434725 482.4701981434725
3672 360.35684 562.1084 335.68173466233077 435.68173466233077 374.02310703330426 474.02310703330426
3689 354.48056 547.45215 334.66293792598333 434.66293792598333 365.5435792681223 465.5435792681223
3706 354.48056 547.45215 333.8859279242903 433.8859279242903 357.03848706593226 457.03848706593226
3723 346.645 535.4466 333.35133438360816 433.35133438360816 348.5147233633919 448.5147233633919
3740 346.645 535.4466 333.05959056430925 433.05959056430925 339.9791962294431 439.9791962294431
3758 335.80978 520.40454 453.0329818975829 553.0329818975829 330.55436575878036 430.55436575878036
3774 335.80978 520.40454 453.36623095517183 553.3662309551719 322.5235450269113 422.5235450269113
3791 335.80978 520.40454 454.11274721758974 554.1127472175897 314.01623679178385 414.01623679178385
3808 331.28302 510.34537 455.26193415828243 555.2619341582824 305.553911501838 405.553911501838
3825 329.77966 501.38162 456.81120498653286 556.8112049865329 297.15561763711503 397.15561763711503
3842 329.77966 501.38162 458.7570723329198 558.7570723329197 288.84025954453836 388.84025954453836
3859 337.69803 485.97928 461.09515609929747 561.0951560992975 280.62655488470796 380.62655488470796
3876 337.69803 485.97928 463.8201933182859 563.8201933182859 272.53299249891984 372.53299249891984
3893 346.87598 471.6564 466.92605000007745 566.9260500000775 264.5777907912517 364.5777907912517
3910 346.87598 471.6564 470.40573493989234 570.4057349398923 256.7788567193968 356.7788567193968
3927 355.72046 464.23413 474.251415455004 574.251415455004 249.15374548655507 349.15374548655507
3945 355.72046 464.23413 478.7126014504479 578.7126014504479 241.28862718732034 341.28862718732034
3961 353.9498 444.23322 483.0053327319572 583.0053327319572 234.49321736108072 334.4932173610807
3979 352.85733 423.66666 488.19170848039323 588.1917084803932 227.08620899447726 327.08620899447726
3995 352.85733 423.66666 493.109026801152 593.109026801152 220.7281340425647 320.7281340425647
4013 353.7791 411.36176 498.9739209792019 598.9739209792019 213.84589003154827 313.84589003154827
4029 353.7791 411.36176 504.47157621838664 604.4715762183866 207.98236520147657 307.98236520147657
4047 353.7791 411.36176 510.9622116294033 610.9622116294033 201.6868177027948 301.68681770279477
4063 380.22333 395.57135 516.9907313118342 616.9907313118342 196.37060786867886 296.37060786867886
4080 380.22333 395.57135 523.6492098803254 623.6492098803254 191.0230623484931 291.0230623484931
4098 401.33728 389.56372 530.9673246451781 630.9673246451781 185.71199252826437 285.7119925282644
4114 401.33728 389.56372 537.689062464963 637.689062464963 181.30479645322103 281.304796453221
4132 424.58246 380.88614 545.4775025692394 645.4775025692394 176.71105428707807 276.71105428707807
4148 424.58246 380.88614 552.5866021519138 652.5866021519138 172.9606090221234 272.96060902212344
4165 442.55804 373.14987 560.3153796987771 660.3153796987771 169.32776198864897 269.32776198864894
4182 461.20612 356.42206 568.2077684862486 668.2077684862486 166.06558799499004 266.06558799499004
4199 461.20612 356.42206 576.2460029469295 676.2460029469295 163.1814301122385 263.1814301122385
4216 484.68906 355.33664 584.4119892185008 684.4119892185008 160.68178050678887 260.68178050678887
4234 484.68906 355.33664 593.1771405586188 693.1771405586188 158.46043219287566 258.46043219287566
4250 496.1167 343.143 601.053445290706 701.053445290706 156.85763453593017 256.8576345359302
4267 496.1167 343.143 609.4914555949256 709.4914555949256 155.54174622631027 255.54174622631027
4284 496.1167 343.143 617.9823830375866 717.9823830375866 154.6275629290547 254.6275629290547
4302 513.1688 338.09036 627.009212437205 727.009212437205 154.09972077737774 254.09972077737774
4318 513.1688 338.09036 635.0464617946108 735.0464617946108 154.01163372561214 254.01163372561214
4336 528.9605 327.93167 644.0826916320163 744.0826916320163 154.341507447631 254.341507447631
4352 528.9605 327.93167 652.0921247860152 752.0921247860152 155.01538956894865 255.01538956894865
4369 546.134 323.4569 660.5600713827765 760.5600713827765 156.12239470530233 256.1223947053023
4386 559.44037 310.0079 668.9659809564164 768.9659809564164 157.6297978289907 257.6297978289907
4403 559.44037 310.0079 677.2909320172428 777.2909320172428 159.53420581373558 259.5342058137356
4420 585.7144 310.17758 685.5161853111272 785.5161853111272 161.83133188536496 261.831331885365
4438 585.7144 310.17758 694.0960379112927 794.0960379112927 164.68587137647998 264.68587137648
4454 608.3478 301.82782 701.5938053437343 801.5938053437343 167.58218283949915 267.5821828394992
4471 608.3478 301.82782 709.4099817666976 809.4099817666976 171.0229627020636 271.02296270206364
4488 632.8661 303.6432 717.0541612546845 817.0541612546845 174.83059975054408 274.8305997505441
4505 632.8661 303.6432 724.5091369531456 824.5091369531456 178.99652309031762 278.9965230903176
4522 656.6255 308.52216 731.7581279004737 831.7581279004737 183.51135533338842 283.51135533338845
4539 656.6255 308.52216 738.7848168015221 838.7848168015221 188.36493370665013 288.36493370665016
4556 656.6255 308.52216 745.5733867574248 845.5733867574248 193.54633292803192 293.5463329280319
4573 678.5134 309.02618 752.108556869033 852.108556869033 199.0438897990301 299.0438897990301
4590 699.0387 319.48694 758.3756166338345 858.3756166338345 204.8452294582745 304.8452294582745
4608 699.0387 319.48694 764.7034286327194 864.7034286327194 211.30441374529323 311.30441374529323
4624 717.19574 320.51382 770.0496124154753 870.0496124154753 217.30636805391646 317.30636805391646
4642 717.19574 320.51382 775.7369103211945 875.7369103211945 224.33608418463587 324.33608418463587
4658 736.4333 330.93405 780.4903217770493 880.4903217770493 230.81761302381858 330.8176130238186
4675 736.4333 330.93405 785.2183760095571 885.2183760095571 237.9293697063817 337.9293697063817
4692 759.3548 332.5268 789.6037905304013 889.6037905304013 245.25737894613326 345.25737894613326
4710 759.3548 332.5268 793.8627475670244 893.8627475670244 253.233816202647 353.233816202647
4727 773.45483 349.74194 797.5125264313018 897.5125264313018 260.95461241672945 360.95461241672945
4743 773.45483 349.74194 800.6094691549205 900.6094691549205 268.3717602734482 368.3717602734482
4760 787.8615 346.17773 803.5336455346032 903.5336455346032 276.3955232583588 376.3955232583588
4777 797.7998 356.6935 806.0739549944915 906.0739549944915 284.5489524624127 384.5489524624127
4795 797.7998 356.6935 808.3389522412413 908.3389522412413 293.3029260641045 393.3029260641045
4811 797.7998 356.6935 809.980977411876 909.980977411876 301.17114631399613 401.17114631399613
4828 809.30365 372.0912 811.3388957607996 911.3388957607996 309.60249482388303 409.60249482388303
4845 809.30365 372.0912 812.2953777692248 912.2953777692248 318.08876150040663 418.08876150040663
4862 817.7405 389.2169 812.84827042036 912.84827042036 326.6108439720703 426.6108439720703
4879 817.7405 389.2169 812.9963291668411 912.9963291668411 335.1495592469291 435.1495592469291
4897 827.349 403.47186 812.7114868280897 912.7114868280897 344.18732065055974 444.18732065055974
4913 827.349 403.47186 812.0775238609478 912.0775238609478 352.200012303063 452.200012303063
4930 834.2636 423.34088 811.0127280160616 911.0127280160616 360.6733699460652 460.6733699460652
4948 841.0901 441.5986 809.4486116349954 909.4486116349954 369.57931213616394 469.57931213616394
4964 841.0901 441.5986 807.6843286896907 907.6843286896907 377.4210238275436 477.4210238275436
4982 849.4 463.0868 805.2833637432075 905.2833637432075 386.13868599538773 486.13868599538773
4999 849.4 463.0868 802.6164664715639 902.6164664715639 394.25159169433493 494.25159169433493
5015 854.5095 475.0777 799.7575521379785 899.7575521379785 401.7636982827043 501.7636982827043
5032 854.5095 475.0777 796.3557627878217 896.3557627878217 409.59692297976756 509.59692297976756
5050 856.78357 486.01495 792.3532545820084 892.3532545820084 417.70507902225296 517.7050790222529
5066 856.78357 486.01495 788.4575400722103 888.4575400722103 424.73562274375536 524.7356227437554
5083 856.78357 486.01495 783.9788854061801 883.9788854061801 432.00702098068035 532.0070209806804
5100 859.30566 488.12494 779.1603810904619 879.1603810904619 439.057807893992 539.057807893992
5117 859.30566 488.12494 774.0128734563121 874.0128734563121 445.8721123408068 545.8721123408068
5134 860.97327 504.49753 768.5479494131282 868.5479494131282 452.4345954942897 552.4345954942896
5151 859.57385 517.94617 762.7779103666112 862.7779103666112 458.73048537096236 558.7304853709624
5168 859.57385 517.94617 756.7157445286122 856.7157445286122 464.7456100820642 564.7456100820642
5185 853.91766 521.89996 750.3750976809954 850.3750976809954 470.46642973411736 570.4664297341174
5202 853.91766 521.89996 743.7702424593289 843.7702424593289 475.8800669068827 575.8800669068827
5219 855.4075 533.4596 736.9160462255444 836.9160462255444 480.9743356401059 580.9743356401059
5236 855.4075 533.4596 729.8279376018812 829.8279376018812 485.73776886380733 585.7377688638073
5253 852.9033 553.15765 722.5218717414465 822.5218717414465 490.15964421036574 590.1596442103657
5271 852.9033 553.15765 714.5667557803298 814.5667557803298 494.45829474187997 594.45829474188
5287 850.6734 574.0765 707.3221049847989 807.3221049847989 497.93969839739407 597.9396983973941
5305 850.6734 574.0765 698.995462019195 798.995462019195 501.46521726278866 601.4652172627887
5321 850.6734 574.0765 691.4535261011198 791.4535261011198 504.2444868016163 604.2444868016163
5338 843.8552 586.5434 683.3128564156366 783.3128564156366 506.8253930396211 606.8253930396211
5355 825.20624 601.4683 675.0589337638094 775.0589337638094 509.01727369220305 609.017273692203
5372 825.20624 601.4683 666.710337516615 766.710337516615 510.8151948914908 610.8151948914908
5389 808.7854 617.0387 658.2858601528986 758.2858601528986 512.2151095623715 612.2151095623715
5406 808.7854 617.0387 649.8044649579773 749.8044649579773 513.2138665323532 613.2138665323532
5423 790.64233 628.8624 641.2852433377668 741.2852433377668 513.8092176247758 613.8092176247758
5440 790.64233 628.8624 632.7473718445073 732.7473718445073 513.9998227193989 613.9998227193989
5457 773.8999 640.39984 624.2100690108309 724.2100690108309 513.7852527689789 613.7852527689789
5474 773.8999 640.39984 615.692552089333 715.692552089333 513.1659907650433 613.1659907650433
5491 763.1805 651.862 607.2139937950213 707.2139937950213 512.1434306506889 612.1434306506889
5508 763.1805 651.862 598.7934791480179 698.7934791480179 510.71987418285164 610.7198741828516
5525 749.5792 662.68896 590.4499625136663 690.4499625136663 508.8985257511097 608.8985257511097
5542 749.5792 662.68896 582.2022249367301 682.2022249367301 506.68348516468336 606.6834851646834
5559 734.3133 669.1766 574.0688318657412 674.0688318657412 504.079738423869 604.079738423869
5576 734.3133 669.1766 566.0680913626405 666.0680913626405 501.0931464966776 601.0931464966776
5593 723.6786 669.37103 558.218012891798 658.218012891798 497.7304321259451 597.7304321259451
5611 723.6786 669.37103 550.0900131230868 650.0900131230868 493.7683763329592 593.7683763329592
5627 708.2885 667.2792 543.0401444467964 643.0401444467964 489.90774319720856 589.9077431972086
5644 708.2885 667.2792 535.7465194703461 635.7465194703461 485.4653773139863 585.4653773139863
5662 689.5585 664.38873 528.2628105761767 628.2628105761767 480.3903041584317 580.3903041584317
5678 689.5585 664.38873 521.8319398796541 621.8319398796541 475.56857846668925 575.5685784666892
5695 682.82904 665.581 515.2423066318847 615.2423066318847 470.13642294632587 570.1364229463259
5712 682.82904 665.581 508.91774297137306 608.9177429713731 464.3978277836013 564.3978277836013
5729 666.0684 657.10333 502.8724853308397 602.8724853308397 458.36571041097886 558.3657104109789
5746 652.5541 649.85144 497.1201414322254 597.1201414322254 452.0536489719888 552.0536489719889
5763 652.5541 649.85144 491.67365965604995 591.67365965605 445.47585175716756 545.4758517571676
5781 632.58124 646.58185 486.25378898296606 586.2537889829661 438.23794679551276 538.2379467955127
5797 632.58124 646.58185 481.74660595691194 581.7466059569119 431.58284065575424 531.5828406557542
5814 632.58124 646.58185 477.2883795805666 577.2883795805666 424.29889958551144 524.2988995855114
5832 614.0283 629.48 472.9501422903951 572.9501422903951 416.3653024466931 516.365302446693
5848 614.0283 629.48 469.43268195865755 569.4326819586576 409.1380893339877 509.1380893339877
5865 600.3162 603.25116 466.05289368960894 566.0528936896089 401.295346752855 501.295346752855
5882 600.3162 603.25116 463.04889913133843 563.0488991313384 393.30112404946493 493.30112404946493
5899 588.2736 576.4699 460.427460199564 560.4274601995639 385.1734160167848 485.1734160167848
5916 579.06195 571.5945 458.1944776869708 558.1944776869708 376.9305179198789 476.9305179198789
5934 579.06195 571.5945 456.2591188838897 556.2591188838896 368.0978143331939 468.0978143331939
5951 561.30725 547.957 454.8407421273871 554.8407421273871 359.67642565233353 459.67642565233353
5968 561.30725 547.957 453.8233973510431 553.8233973510431 351.19723998721406 451.19723998721406
5984 554.9712 540.5941 453.23429986469176 553.2342998646918 343.18112492358273 443.18112492358273
6001 554.9712 540.5941 453.0036526131048 553.0036526131048 335.1467028281774 435.1467028281774
