0 688.9157 366.0321 333.0 433.0 334.0 434.0
17 688.9157 366.0321 333.1215672298508 433.1215672298508 325.460353677165 425.460353677165
34 691.9354 361.83954 333.4861703954607 433.4861703954607 316.92762829531256 416.92762829531256
51 691.9354 361.83954 334.0935140048509 434.0935140048509 308.4087391863609 408.4087391863609
68 696.04877 357.92123 334.94310583748677 434.94310583748677 299.91059046864586 399.91059046864586
85 695.1082 359.2221 336.0342573431978 436.0342573431978 291.44006945149073 391.44006945149073
102 695.1082 359.2221 337.3660842002114 437.3660842002114 283.00404105339845 383.00404105339845
119 690.7156 361.00662 338.93750703184975 438.93750703184975 274.6093422383909 374.6093422383909
136 690.7156 361.00662 340.74725228130916 440.74725228130916 266.2627764750041 366.2627764750041
153 694.9247 354.87317 342.7938532438116 442.7938532438116 257.9711082224287 357.9711082224287
170 694.9247 354.87317 345.0756512552929 445.0756512552929 249.74105744826687 349.7410574482669
187 708.22375 352.08182 347.59079703666407 447.59079703666407 241.57929418234613 341.57929418234613
204 708.22375 352.08182 350.3372521925565 450.3372521925565 233.4924331110061 333.4924331110061
221 709.7185 346.92358 353.31279086333535 453.31279086333535 225.48702821623766 325.48702821623766
238 709.7185 346.92358 356.51500152904384 456.51500152904384 217.5695674640201 317.5695674640201
255 703.8617 352.7773 359.9412889638151 459.9412889638151 209.74646754616077 309.7464675461608
273 698.2456 346.00684 363.8102697116431 463.8102697116431 201.57308012612515 301.57308012612515
289 698.2456 346.00684 367.4548074744846 467.4548074744846 194.40862946948707 294.4086294694871
306 698.2456 346.00684 371.53594923283765 471.53594923283765 186.90632183391858 286.9063218339186
323 700.9555 351.4125 375.8289940602396 475.8289940602396 179.52322600490484 279.5232260049048
340 700.9555 351.4125 380.3304626662418 480.3304626662418 172.26532559916362 272.2653255991636
357 700.59515 351.02695 385.0367068437197 485.0367068437197 165.13850276900726 265.13850276900723
374 700.59515 351.02695 389.9439124255555 489.9439124255555 158.14853343516307 258.1485334351631
392 700.14575 356.06686 395.3543956887837 495.3543956887837 150.90284887099742 250.90284887099742
408 700.14575 356.06686 400.34514001297055 500.34514001297055 144.601699784777 244.601699784777
425 696.1832 353.90955 405.83073236238414 505.83073236238414 138.05581447516937 238.05581447516937
443 696.1832 353.90955 411.8395815063909 511.8395815063909 131.2980777305462 231.2980777305462
459 694.0925 351.3401 417.3496488335043 517.3496488335043 125.44562809241546 225.44562809241546
477 693.53033 347.5656 423.73332887425113 523.7333288742511 119.04079373995708 219.04079373995708
493 693.53033 347.5656 429.5675174146769 529.5675174146769 113.51139478609738 213.51139478609738
510 691.0713 360.1165 435.9262688483818 535.9262688483818 107.8099372430793 207.8099372430793
527 691.0713 360.1165 442.44473833256984 542.4447383325698 102.29179502905546 202.29179502905546
544 694.7954 364.5323 449.1176429853873 549.1176429853873 96.96144031244515 196.96144031244515
561 694.7954 364.5323 455.939574763276 555.939574763276 91.82319306962836 191.82319306962836
578 694.7954 364.5323 462.90500484391305 562.905004843913 86.88121758382923 186.88121758382923
595 700.9395 370.6621 470.0082881070341 570.0082881070341 82.13951907017963 182.13951907017963
613 700.9395 370.6621 477.673267202495 577.673267202495 77.34146014899 177.34146014899
629 704.9075 383.11478 484.6052797509776 584.6052797509776 73.27215913482809 173.2721591348281
647 710.5297 388.3161 492.53088471125693 592.5308847112569 68.91807370173689 168.9180737017369
664 710.5297 388.3161 500.1334925058843 600.1334925058843 65.02696940712423 165.02696940712423
680 713.5552 388.36395 507.3873660236304 607.3873660236304 61.563830988764266 161.56383098876427
697 713.5552 388.36395 515.1932957197998 615.1932957197998 58.09860379723074 158.09860379723074
714 702.17175 387.3244 523.0947016472838 623.0947016472838 54.85698039535282 154.85698039535282
731 702.17175 387.3244 531.0851801258791 631.0851801258791 51.84158795097835 151.84158795097835
748 741.92725 388.97232 539.158255286693 639.158255286693 49.0548702834833 149.0548702834833
766 741.92725 388.97232 547.7889724557664 647.7889724557664 46.355982532478436 146.35598253247844
782 732.78455 388.87805 555.5259627803556 655.5259627803556 44.176306080939696 144.1763060809397
799 732.78455 388.87805 563.8073299341439 663.8073299341439 42.08841336946284 142.08841336946284
817 732.78455 388.87805 572.6368142040386 672.6368142040386 40.13559963724384 140.13559963724384
833 757.40564 381.9242 580.531538399579 680.531538399579 38.62386599915499 138.623865999155
850 743.95337 377.96835 588.960825606595 688.960825606595 37.25001917650059 137.2500191765006
868 743.95337 377.96835 597.9247092126128 697.9247092126128 36.05751565750103 136.05751565750103
884 770.49774 371.5171 605.9196140026227 705.9196140026227 35.2247455122278 135.2247455122278
901 770.49774 371.5171 614.4353709721212 714.4353709721212 34.574960050003085 134.57496005000309
918 790.3618 362.17535 622.9661736117806 722.9661736117806 34.167843072143 134.167843072143
936 790.3618 362.17535 632.0075037720162 732.0075037720162 34.00164175242986 134.00164175242986
952 778.75024 378.46597 640.0452542165596 740.0452542165596 34.08273742076125 134.08273742076125
969 778.75024 378.46597 648.5796904715623 748.5796904715623 34.40481772096149 134.4048177209615
987 762.86 378.2038 657.6022422323567 757.6022422323567 35.01048567359351 135.0104856735935
1003 762.86 378.2038 665.6037768999744 765.6037768999744 35.77693963769889 135.7769396376989
1020 751.54645 364.21274 674.0796299331981 774.0796299331981 36.82586922049978 136.82586922049978
1037 751.54645 364.21274 682.5221900543268 782.5221900543268 38.115643042381976 138.11564304238198
1054 742.1668 326.15952 690.9246150057149 790.9246150057149 39.645215808474234 139.64521580847423
1071 742.1668 326.15952 699.2800950571935 799.2800950571935 41.41334787928315 141.41334787928315
1088 734.7075 285.43295 707.5818585250034 807.5818585250034 43.41860627535635 143.41860627535635
1105 734.7075 285.43295 715.8231772598931 815.8231772598931 45.65936583863811 145.6593658386381
1123 724.7777 260.9395 724.4759748533495 824.4759748533495 48.286601601133555 148.28660160113355
1140 724.7777 260.9395 732.5718778238853 832.5718778238853 51.006287796662775 151.00628779666278
1156 727.2799 239.11891 740.117950819005 840.117950819005 53.77554601295549 153.7755460129555
1173 727.2799 239.11891 748.0512698040402 848.0512698040402 56.93826443105149 156.9382644310515
1190 737.98816 227.96184 755.8913456946693 855.8913456946693 60.32552703375262 160.32552703375262
1208 737.98816 227.96184 764.0839106673807 864.0839106673807 64.15373198032523 164.15373198032523
1224 749.06006 212.00885 771.2664330094331 871.2664330094331 67.76252423287974 167.76252423287974
1241 752.15875 197.1547 778.788983721744 878.788983721744 71.80623152831976 171.80623152831976
1258 752.15875 197.1547 786.1933800147626 886.1933800147626 76.06243329120804 176.06243329120804
1275 772.15137 193.89517 793.4736210088488 893.4736210088488 80.52768009049117 180.52768009049117
1293 772.15137 193.89517 801.040231024628 901.040231024628 85.47941582800502 185.47941582800502
1309 772.15137 193.89517 807.638141470708 907.638141470708 90.0706669060545 190.0706669060545
1326 784.6335 179.70586 814.5109413283826 914.5109413283826 95.14067282585665 195.14067282585665
1344 784.6335 179.70586 821.6275668282935 921.6275668282935 100.71982289007568 200.71982289007568
1360 803.0233 169.06636 827.809774570124 927.809774570124 105.85716813378187 205.85716813378187
1377 803.0233 169.06636 834.2250299387413 934.2250299387413 111.49497235758312 211.49497235758312
1394 811.3417 173.61441 840.4772028442499 940.4772028442499 117.31310538030687 217.31310538030687
1411 811.3417 173.61441 846.5612262243785 946.5612262243785 123.30685190652298 223.30685190652298
1428 821.24316 169.3472 852.4721692933363 952.4721692933363 129.47135431515434 229.47135431515434
1446 837.2896 166.67738 858.5368418139614 958.5368418139614 136.17903805565956 236.17903805565956
1462 837.2896 166.67738 863.7557966001699 963.7557966001699 142.29250840037312 242.29250840037312
1479 846.25366 168.79002 869.1193360426164 969.1193360426164 148.93876919572267 248.93876919572267
1496 846.25366 168.79002 874.2915129944168 974.2915129944168 155.73501253228335 255.73501253228335
1514 846.25366 168.79002 879.5547012529947 979.5547012529947 163.08838749211185 263.08838749211185
1530 860.7473 164.81744 884.0451707867052 984.0451707867052 169.7552977272204 269.7552977272204
1547 860.7473 164.81744 888.6187467928016 988.6187467928016 176.96797687071094 276.9679768707109
1564 882.9451 167.63785 892.9851570459276 992.9851570459276 184.30792233453255 284.3079223345326
1581 882.9451 167.63785 897.1408627967578 997.1408627967578 191.76918547310373 291.76918547310373
1598 850.95013 177.59367 901.0824960610505 1001.0824960610505 199.34571931915121 299.3457193191512
1615 881.354 184.44737 904.8068623492258 1004.8068623492258 207.03138348446487 307.03138348446487
1633 881.354 184.44737 908.5101439647128 1008.5101439647128 215.28117010118746 315.28117010118746
1649 891.0697 188.2294 911.5918989033121 1011.5918989033121 222.7051040458423 322.7051040458423
1667 891.0697 188.2294 914.8197010204906 1014.8197010204906 231.15226732338112 331.1522673233811
1683 902.38074 201.94551 917.4739812329851 1017.4739812329851 238.73954649774532 338.7395464977453
1700 902.38074 201.94551 920.0703407916484 1020.0703407916484 246.87583895516212 346.8758389551621
1717 927.06555 205.32372 922.4340447096293 1022.4340447096293 255.08274103198784 355.08274103198784
1735 927.06555 205.32372 924.6810775952 1024.6810775952 263.8419714294728 363.8419714294728
1751 947.2588 225.98549 926.4560130930984 1026.4560130930984 271.6817171329047 371.6817171329047
1768 947.2588 225.98549 928.1110179615537 1028.1110179615537 280.0603385467098 380.0603385467098
1786 963.6183 242.60397 929.6026611419293 1029.6026611419293 288.97932248926173 388.97932248926173
1803 963.6183 242.60397 930.7640061395116 1030.7640061395116 297.4405053679775 397.4405053679775
1819 963.6183 242.60397 931.6366043392997 1031.6366043392995 305.4311612295389 405.4311612295389
1836 979.39105 251.36118 932.3288155200738 1032.328815520074 313.9435746118702 413.9435746118702
1853 998.61536 259.00314 932.7784362013994 1032.7784362013995 322.4722426880359 422.4722426880359
1870 998.61536 259.00314 932.9851019890048 1032.9851019890048 331.01025341435343 431.01025341435343
1887 1007.97687 265.73178 932.9486453909749 1032.948645390975 339.5506871754069 439.5506871754069
1904 1007.97687 265.73178 932.6690959534936 1032.6690959534935 348.08662239203596 448.08662239203596
1921 1014.3927 277.76025 932.1466802368993 1032.1466802368993 356.6111411309172 456.6111411309172
1939 1014.3927 277.76025 931.3292920861586 1031.3292920861586 365.61698093385 465.61698093385
1955 1021.2163 294.62698 930.3751400172805 1030.3751400172805 373.5983093035911 473.5983093035911
1972 1021.2163 294.62698 929.1274512558361 1029.1274512558361 382.04719151753216 482.04719151753216
1989 1022.79285 324.7359 927.6397665348454 1027.6397665348454 390.4571339716405 490.4571339716405
2006 1022.79285 324.7359 925.9132915457113 1025.9132915457112 398.8213208432003 498.8213208432003
2023 1019.30597 339.55414 923.9494255069792 1023.9494255069792 407.13297339202586 507.13297339202586
2041 1019.30597 339.55414 921.6130618516396 1021.6130618516396 415.86880070345273 515.8688007034527
2057 1024.6409 353.2149 919.3160778307275 1019.3160778307275 423.5717789017766 523.5717789017766
2074 1024.6409 353.2149 916.6503512814876 1016.6503512814876 431.68560906238275 531.6856090623828
2091 1029.4619 354.75964 913.7547408159044 1013.7547408159044 439.7202700970553 539.7202700970553
2108 1029.4619 354.75964 910.6315931762647 1010.6315931762647 447.6692503292295 547.6692503292295
2125 1032.9058 372.67514 907.2834395119482 1007.2834395119482 455.52610752219204 555.526107522192
2142 1032.9058 372.67514 903.7129933280626 1003.7129933280626 463.2844741001809 563.2844741001809
2159 1034.2583 391.3234 899.9231482862865 999.9231482862865 470.9380623089762 570.9380623089762
2177 1034.2583 391.3234 895.6746503355766 995.6746503355766 478.92076480298647 578.9207648029865
2193 1033.1545 410.7955 891.6977228435584 991.6977228435584 485.90618221638465 585.9061822163847
2210 1037.9836 427.53848 887.2688087238421 987.2688087238421 493.20858302917645 593.2085830291765
2227 1037.9836 427.53848 882.6338229060326 982.6338229060326 500.38195353258584 600.3819535325858
2244 1038.7902 440.54596 877.7965218060378 977.7965218060378 507.42048008140796 607.420480081408
2261 1038.7902 440.54596 872.7608258058228 972.7608258058228 514.3184583144773 614.3184583144773
2278 1036.3809 459.44788 867.5308160761413 967.5308160761413 521.0702977777584 621.0702977777584
2296 1036.3809 459.44788 861.7860765741736 961.7860765741736 528.0539388051589 628.0539388051589
2312 1036.3809 459.44788 856.5049640822481 956.5049640822481 534.1137952031119 634.1137952031119
2329 1024.2146 472.1465 850.7180576999276 950.7180576999276 540.394882086187 640.394882086187
2347 1024.2146 472.1465 844.398524111755 944.398524111755 546.8630169930223 646.8630169930223
2363 1012.5405 518.5155 838.6197303028227 938.6197303028227 552.4502838409564 652.4502838409564
2380 1012.5405 518.5155 832.3181143556885 932.3181143556885 558.2148284340103 658.2148284340103
2397 996.51 541.50073 825.8549614017456 925.8549614017456 563.7976585231695 663.7976585231695
2415 1000.3845 545.4802 818.8413765564474 918.8413765564474 569.5058019659065 669.5058019659065
2432 1000.3845 545.4802 812.0622816327669 912.0622816327669 574.7004347658467 674.7004347658467
2448 997.4272 546.55817 805.5492900189863 905.5492900189863 579.4113740517007 679.4113740517007
2465 997.4272 546.55817 798.4936144283101 898.4936144283101 584.2236271487043 684.2236271487043
2482 993.1443 549.2953 791.3038148358737 891.3038148358737 588.8330869577367 688.8330869577367
2499 993.1443 549.2953 783.9857182018081 883.9857182018081 593.2360177503971 693.2360177503971
2516 992.2367 547.7272 776.54525546435 876.54525546435 597.4288511793545 697.4288511793545
2534 992.2367 547.7272 768.5404466713042 868.5404466713042 601.6355494252274 701.6355494252274
2550 976.5696 552.3436 761.3214464020558 861.3214464020558 605.1708066759479 705.1708066759479
2567 976.5696 552.3436 753.5504381858558 853.5504381858558 608.7136542896951 708.7136542896951
2584 974.627 573.6751 745.6817300841386 845.6817300841386 612.0338607170812 712.0338607170812
2601 974.627 573.6751 737.721699277214 837.721699277214 615.1287351027865 715.1287351027865
2618 970.3351 579.40924 729.6767969577133 829.6767969577133 617.9957692114392 717.9957692114392
2636 970.3351 579.40924 721.0734050251664 821.0734050251664 620.7805351262059 720.7805351262059
2652 963.82086 600.3761 713.3585211872297 813.3585211872297 623.0372088029525 723.0372088029525
2669 963.82086 600.3761 705.0983728534557 805.0983728534557 625.2075284601758 725.2075284601758
2686 933.3942 615.0719 696.7797925232513 796.7797925232513 627.1418395004217 727.1418395004217
2703 933.3942 615.0719 688.4095219750633 788.4095219750633 628.8385742647915 728.8385742647915
2720 914.1207 642.755 679.9943448795832 779.9943448795832 630.296357637651 730.296357637651
2737 914.1207 642.755 671.5410813019316 771.5410813019316 631.5140081610913 731.5140081610913
2755 893.9433 659.3584 662.5566681050749 762.5566681050749 632.5404551656717 732.5404551656717
2771 878.58264 670.92163 654.5477237438794 754.5477237438794 633.2251587040392 733.2251587040392
2789 878.58264 670.92163 645.5194574500881 745.5194574500881 633.7386581426483 733.7386581426483
2805 878.58264 670.92163 637.4845270833351 737.4845270833351 633.9664798220608 733.9664798220608
2822 862.8124 680.12756 628.9440176902656 728.9440176902656 633.9725804261168 733.9725804261168
2839 862.8124 680.12756 620.4067954607539 720.4067954607539 633.7355687926154 733.7355687926154
2856 841.6079 681.1036 611.8797793711809 711.8797793711809 633.2556370072082 733.2556370072082
2873 841.6079 681.1036 603.3698801263789 703.3698801263789 632.5331740297464 732.5331740297464
2890 826.63617 694.85693 594.8839945588649 694.8839945588649 631.5687653790487 731.5687653790487
2908 826.63617 694.85693 585.9327560156919 685.9327560156919 630.2847862171152 730.2847862171152
2924 811.3203 709.862 578.0117489028069 678.0117489028069 628.9174329219486 728.9174329219486
2942 811.3203 709.862 569.1480850152877 669.1480850152877 627.1261382967836 727.1261382967836
2958 788.16846 707.9994 561.3177276452934 661.3177276452934 625.3102329649023 725.3102329649023
2975 765.57324 702.73 553.0544871637487 653.0544871637487 623.1517161929854 723.1517161929854
2992 765.57324 702.73 544.8560383791012 644.8560383791012 620.7588569334407 720.7588569334407
3009 748.9385 707.8618 536.7290257094023 636.7290257094023 618.1335944747455 718.1335944747455
3026 748.9385 707.8618 528.6800356774336 628.6800356774336 615.278056456131 715.278056456131
3044 748.9385 707.8618 520.2498660899855 620.2498660899855 612.0061281757542 712.0061281757542
3060 735.4453 714.426 512.8421481644934 612.8421481644934 608.8855955525434 708.8855955525434
3077 735.4453 714.426 505.066086470933 605.066086470933 605.3538534259965 705.3538534259965
3094 725.8573 713.0057 497.3937085871838 597.3937085871838 601.6021930576474 701.6021930576474
3111 725.8573 713.0057 489.8312325780845 589.8312325780845 597.6336549738851 697.6336549738851
3128 727.6212 713.6596 482.38478743869564 582.3847874386956 593.4514554692516 693.4514554692516
3146 727.6212 713.6596 474.6334910195917 574.6334910195917 588.7941302961241 688.7941302961241
3162 711.35 712.5817 467.8640306732291 567.8640306732291 584.4598004361334 684.4598004361334
3180 700.04266 706.4551 460.39033437862736 560.3903343786274 579.3689127295427 679.3689127295427
3196 700.04266 706.4551 453.87850203784535 553.8785020378454 574.6563711348483 674.6563711348483
3213 677.86847 693.0242 447.10068540279684 547.1006854027969 569.4600705688548 669.4600705688548
3231 677.86847 693.0242 440.08850519699024 540.0885051969902 563.7502016818883 663.7502016818883
3247 658.4949 682.8196 434.0024083925641 534.0024083925641 558.4993508552757 658.4993508552757
3264 658.4949 682.8196 427.69256349239276 527.6925634923928 552.7438148032415 652.7438148032415
3281 633.13226 662.7281 421.54910963438175 521.5491096343817 546.8109982204569 646.8109982204569
3298 633.13226 662.7281 415.5770257696452 515.5770257696452 540.7057093474355 640.7057093474355
3316 633.13226 662.7281 409.4458068390105 509.4458068390105 534.0587981572892 634.0587981572892
3332 625.1516 669.6071 404.1661854693228 504.1661854693228 527.9976425819129 627.9976425819129
3349 625.1516 669.6071 398.7366769287074 498.7366769287074 521.4051639192346 621.4051639192346
3367 606.3091 660.3653 393.19481603687143 493.19481603687143 514.259462288142 614.259462288142
3383 584.8443 655.0214 388.45148117741576 488.45148117741576 507.7700260162269 607.7700260162269
3400 584.8443 655.0214 383.6041295851123 483.6041295851123 500.7384173488538 600.7384173488538
3417 564.51447 635.6541 378.95890042682595 478.95890042682595 493.5716758314352 593.5716758314352
3434 564.51447 635.6541 374.519558420162 474.519558420162 486.2756097367269 586.2756097367269
3451 541.25134 620.5382 370.28970142185455 470.28970142185455 478.85613214835485 578.8561321483548
3468 541.25134 620.5382 366.2727575118902 466.2727575118902 471.3192561685689 571.3192561685689
3485 520.28516 601.5013 362.4719822152257 462.4719822152257 463.6710900449318 563.6710900449318
3502 520.28516 601.5013 358.8904558633554 458.8904558633554 455.9178322199049 555.9178322199049
3520 499.37726 584.0797 355.3404481323775 455.3404481323775 447.60093862583636 547.6009386258363
3536 499.37726 584.0797 352.3965805179704 452.3965805179704 440.1212559998803 540.1212559998803
3553 480.12128 567.82446 349.4894944740342 449.4894944740342 432.0907399116313 532.0907399116313
3570 480.12128 567.82446 346.8121790087004 446.8121790087004 423.9807263598813 523.9807263598814
3587 463.46136 549.2699 344.3668039474663 444.3668039474663 415.79778809050777 515.7977880905078
3604 463.46136 549.2699 342.155351140146 442.155351140146 407.5485569510936 507.5485569510936
3621 444.59604 550.33954 340.17961285468476 440.17961285468476 399.23971851615926 499.23971851615926
3638 444.59604 550.33954 338.44119032461737 438.44119032461737 390.87800666884965 490.87800666884965
3655 429.37094 546.7507 336.9414924513526 436.9414924513526 382.4701981434725 482.4701981434725
3672 429.37094 546.7507 335.68173466233077 435.68173466233077 374.02310703330426 474.02310703330426
3689 461.47253 530.75104 334.66293792598333 434.66293792598333 365.5435792681223 465.5435792681223
3706 461.47253 530.75104 333.8859279242903 433.8859279242903 357.03848706593226 457.03848706593226
3723 435.33743 516.4988 333.35133438360816 433.35133438360816 348.5147233633919 448.5147233633919
3740 435.33743 516.4988 333.05959056430925 433.05959056430925 339.9791962294431 439.9791962294431
3757 413.9446 502.1024 453.02406576024066 553.0240657602407 331.056686471707 431.056686471707
3774 398.34393 479.1626 453.36623095517183 553.3662309551719 322.5235450269113 422.5235450269113
3792 398.34393 479.1626 454.16922084104294 554.1692208410429 313.5170210808991 413.5170210808991
3808 384.13547 464.31885 455.26193415828243 555.2619341582824 305.553911501838 405.553911501838
3826 384.13547 464.31885 456.91472789945465 556.9147278994546 296.66399928652106 396.66399928652106
3842 384.13547 464.31885 458.7570723329198 558.7570723329197 288.84025954453836 388.84025954453836
3860 370.0646 445.43567 461.2447967163995 561.2447967163995 280.14695788528695 380.14695788528695
3876 370.0646 445.43567 463.8201933182859 563.8201933182859 272.53299249891984 372.53299249891984
3893 357.3749 429.71725 466.92605000007745 566.9260500000775 264.5777907912517 364.5777907912517
3910 357.3749 429.71725 470.40573493989234 570.4057349398923 256.7788567193968 356.7788567193968
3927 347.8263 410.77182 474.251415455004 574.251415455004 249.15374548655507 349.15374548655507
3944 334.7911 395.96484 478.4544350159092 578.4544350159092 241.71962102511617 341.71962102511617
3961 334.7911 395.96484 483.0053327319572 583.0053327319572 234.49321736108072 334.4932173610807
3978 335.9897 386.81934 487.893864647575 587.893864647575 227.49080094619188 327.4908009461919
3995 335.9897 386.81934 493.109026801152 593.109026801152 220.7281340425647 320.7281340425647
4013 363.5757 374.00726 498.9739209792019 598.9739209792019 213.84589003154827 313.84589003154827
4029 363.5757 374.00726 504.47157621838664 604.4715762183866 207.98236520147657 307.98236520147657
4046 398.1297 357.9436 510.59338667089924 610.5933866708992 202.0279536670738 302.0279536670738
4063 398.1297 357.9436 516.9907313118342 616.9907313118342 196.37060786867886 296.37060786867886
4080 398.1297 357.9436 523.6492098803254 623.6492098803254 191.0230623484931 291.0230623484931
4098 427.333 337.10068 530.9673246451781 630.9673246451781 185.71199252826437 285.7119925282644
4115 427.333 337.10068 538.1156224410547 638.1156224410547 181.0393681522872 281.03936815228724
4131 451.21677 323.5501 545.0388331282979 645.0388331282979 176.95595164869005 276.9559516486901
4148 476.0439 310.48553 552.5866021519138 652.5866021519138 172.9606090221234 272.96060902212344
4165 476.0439 310.48553 560.3153796987771 660.3153796987771 169.32776198864897 269.32776198864894
4182 494.2531 295.24387 568.2077684862486 668.2077684862486 166.06558799499004 266.06558799499004
4199 494.2531 295.24387 576.2460029469295 676.2460029469295 163.1814301122385 263.1814301122385
4216 514.0115 283.12296 584.4119892185008 684.4119892185008 160.68178050678887 260.68178050678887
4233 514.0115 283.12296 592.6873458725511 692.6873458725511 158.57226582663537 258.5722658266354
4250 534.54535 276.22003 601.053445290706 701.053445290706 156.85763453593017 256.8576345359302
4267 534.54535 276.22003 609.4914555949256 709.4914555949256 155.54174622631027 255.54174622631027
4284 553.52625 265.96042 617.9823830375866 717.9823830375866 154.6275629290547 254.6275629290547
4302 553.52625 265.96042 627.009212437205 727.009212437205 154.09972077737774 254.09972077737774
4318 562.16675 261.11517 635.0464617946108 735.0464617946108 154.01163372561214 254.01163372561214
4335 562.16675 261.11517 643.581202299593 743.581202299593 154.31127426047263 254.31127426047263
4352 579.3636 254.94383 652.0921247860152 752.0921247860152 155.01538956894865 255.01538956894865
4369 579.3636 254.94383 660.5600713827765 760.5600713827765 156.12239470530233 256.1223947053023
4386 609.93085 245.28598 668.9659809564164 768.9659809564164 157.6297978289907 257.6297978289907
4404 609.93085 245.28598 677.7777122819134 777.7777122819134 159.65850613580778 259.6585061358078
4421 632.38116 242.28186 685.9965220114407 785.9965220114407 161.97858082584344 261.97858082584344
4437 632.38116 242.28186 693.6232260010909 793.6232260010909 164.5160052712332 264.5160052712332
4454 655.3985 237.1005 701.5938053437343 801.5938053437343 167.58218283949915 267.5821828394992
4471 655.3985 237.1005 709.4099817666976 809.4099817666976 171.0229627020636 271.02296270206364
4488 676.508 237.53923 717.0541612546845 817.0541612546845 174.83059975054408 274.8305997505441
4505 676.508 237.53923 724.5091369531456 824.5091369531456 178.99652309031762 278.9965230903176
4522 698.5051 241.12367 731.7581279004737 831.7581279004737 183.51135533338842 283.51135533338845
4540 712.0065 239.21915 739.1908878779227 839.1908878779227 188.66075777100514 288.66075777100514
4556 712.0065 239.21915 745.5733867574248 845.5733867574248 193.54633292803192 293.5463329280319
4573 712.0065 239.21915 752.108556869033 852.108556869033 199.0438897990301 299.0438897990301
4590 726.46826 231.87764 758.3756166338345 858.3756166338345 204.8452294582745 304.8452294582745
4607 726.46826 231.87764 764.3604590589218 864.3604590589218 210.9372932370277 310.9372932370277
4624 747.21545 238.8887 770.0496124154753 870.0496124154753 217.30636805391646 317.30636805391646
4641 747.21545 238.8887 775.4302705632856 875.4302705632856 223.93811728273374 323.93811728273374
4658 772.9968 250.88406 780.4903217770493 880.4903217770493 230.81761302381858 330.8176130238186
4675 772.9968 250.88406 785.2183760095571 885.2183760095571 237.9293697063817 337.9293697063817
4693 790.3568 263.49924 789.8508707295014 889.8508707295014 245.69482262405427 345.69482262405427
4710 807.43933 263.91968 793.8627475670244 893.8627475670244 253.233816202647 353.233816202647
4726 807.43933 263.91968 797.3080081024611 897.3080081024611 260.4957247950736 360.4957247950736
4744 818.61346 256.40317 800.7919917624882 900.7919917624882 268.8398319494411 368.8398319494411
4761 818.61346 256.40317 803.6937615671286 903.6937615671286 276.8717253711941 376.8717253711941
4777 838.5731 267.38577 806.0739549944915 906.0739549944915 284.5489524624127 384.5489524624127
4795 838.5731 267.38577 808.3389522412413 908.3389522412413 293.3029260641045 393.3029260641045
4811 855.45483 272.65652 809.980977411876 909.980977411876 301.17114631399613 401.17114631399613
4828 855.45483 272.65652 811.3388957607996 911.3388957607996 309.60249482388303 409.60249482388303
4846 870.80566 287.83496 812.3390893640834 912.3390893640834 318.5892561483454 418.5892561483454
4862 870.80566 287.83496 812.84827042036 912.84827042036 326.6108439720703 426.6108439720703
4879 870.80566 287.83496 812.9963291668411 912.9963291668411 335.1495592469291 435.1495592469291
4897 866.5919 305.66147 812.7114868280897 912.7114868280897 344.18732065055974 444.18732065055974
4913 862.5491 319.0558 812.0775238609478 912.0775238609478 352.200012303063 452.200012303063
4930 862.5491 319.0558 811.0127280160616 911.0127280160616 360.6733699460652 460.6733699460652
4947 860.0034 341.72668 809.5472300260149 909.5472300260149 369.0866865084376 469.0866865084376
4964 860.0034 341.72668 807.6843286896907 907.6843286896907 377.4210238275436 477.4210238275436
4981 854.75446 368.8082 805.4282173508461 905.4282173508461 385.65762152102405 485.65762152102405
4998 854.75446 368.8082 802.7839744590015 902.7839744590015 393.77793921594457 493.77793921594457
5015 857.73895 399.59515 799.7575521379785 899.7575521379785 401.7636982827043 501.7636982827043
5033 857.73895 399.59515 796.1441273551981 896.1441273551981 410.05257201114836 510.05257201114836
5049 858.13196 422.32675 792.5862637502574 892.5862637502574 417.25998091660404 517.259980916604
5066 858.13196 422.32675 788.4575400722103 888.4575400722103 424.73562274375536 524.7356227437554
5083 854.2681 440.1617 783.9788854061801 883.9788854061801 432.00702098068035 532.0070209806804
5101 854.2681 440.1617 778.8665841399335 878.8665841399335 439.4653480122629 539.4653480122629
5117 843.54895 450.55438 774.0128734563121 874.0128734563121 445.8721123408068 545.8721123408068
5134 843.54895 450.55438 768.5479494131282 868.5479494131282 452.4345954942897 552.4345954942896
5151 841.66254 464.28885 762.7779103666112 862.7779103666112 458.73048537096236 558.7304853709624
5168 841.66254 464.28885 756.7157445286122 856.7157445286122 464.7456100820642 564.7456100820642
5185 842.7199 478.90817 750.3750976809954 850.3750976809954 470.46642973411736 570.4664297341174
5202 842.7199 478.90817 743.7702424593289 843.7702424593289 475.8800669068827 575.8800669068827
5219 843.6584 486.00403 736.9160462255444 836.9160462255444 480.9743356401059 580.9743356401059
5236 843.6584 486.00403 729.8279376018812 829.8279376018812 485.73776886380733 585.7377688638073
5253 848.7368 506.82205 722.5218717414465 822.5218717414465 490.15964421036574 590.1596442103657
5270 848.7368 506.82205 715.014294413571 815.014294413571 494.2300081502966 594.2300081502966
5287 849.43823 505.15552 707.3221049847989 807.3221049847989 497.93969839739407 597.9396983973941
5304 849.43823 505.15552 699.4626183788416 799.4626183788416 501.28036453280606 601.2803645328061
5321 842.9617 516.3951 691.4535261011198 791.4535261011198 504.2444868016163 604.2444868016163
5338 827.8181 529.76636 683.3128564156366 783.3128564156366 506.8253930396211 606.8253930396211
5355 827.8181 529.76636 675.0589337638094 775.0589337638094 509.01727369220305 609.017273692203
5372 827.8181 529.76636 666.710337516615 766.710337516615 510.8151948914908 610.8151948914908
5389 820.0544 525.16345 658.2858601528986 758.2858601528986 512.2151095623715 612.2151095623715
5407 820.0544 525.16345 649.3041943374132 749.3041943374132 513.2600715357657 613.2600715357657
5424 804.0001 530.42584 640.7833442119403 740.7833442119403 513.8316422459586 613.8316422459586
5440 804.0001 530.42584 632.7473718445073 732.7473718445073 513.9998227193989 613.9998227193989
5458 831.24365 541.40405 623.7083032838261 723.7083032838261 513.7600188365996 613.7600188365996
5474 831.24365 541.40405 615.692552089333 715.692552089333 513.1659907650433 613.1659907650433
5491 817.6109 550.083 607.2139937950213 707.2139937950213 512.1434306506889 612.1434306506889
5508 808.5981 561.50525 598.7934791480179 698.7934791480179 510.71987418285164 610.7198741828516
5525 808.5981 561.50525 590.4499625136663 690.4499625136663 508.8985257511097 608.8985257511097
5542 789.24 571.91925 582.2022249367301 682.2022249367301 506.68348516468336 606.6834851646834
5559 789.24 571.91925 574.0688318657412 674.0688318657412 504.079738423869 604.079738423869
5576 769.031 583.619 566.0680913626405 666.0680913626405 501.0931464966776 601.0931464966776
5593 769.031 583.619 558.218012891798 658.218012891798 497.7304321259451 597.7304321259451
5610 769.031 583.619 550.5362667811617 650.5362667811617 493.99916469660786 593.9991646966079
5627 747.88153 579.5859 543.0401444467964 643.0401444467964 489.90774319720856 589.9077431972086
5645 747.88153 579.5859 535.3241421383856 635.3241421383856 485.19334241625086 585.1933424162509
5661 725.0498 575.6187 528.6718096170268 628.6718096170268 480.6820667001052 580.6820667001052
5679 717.0369 590.31555 521.4372397764029 621.4372397764029 475.25774503117407 575.2577450311741
5695 717.0369 590.31555 515.2423066318847 615.2423066318847 470.13642294632587 570.1364229463259
5712 695.1737 605.8448 508.91774297137306 608.9177429713731 464.3978277836013 564.3978277836013
5729 695.1737 605.8448 502.8724853308397 602.8724853308397 458.36571041097886 558.3657104109789
5746 678.0364 597.50116 497.1201414322254 597.1201414322254 452.0536489719888 552.0536489719889
5763 678.0364 597.50116 491.67365965604995 591.67365965605 445.47585175716756 545.4758517571676
5780 656.57825 574.7879 486.5452998949387 586.5452998949387 438.6471252215585 538.6471252215586
5798 656.57825 574.7879 481.47483091410595 581.474830914106 431.16029607556385 531.1602960755638
5814 636.2748 563.23804 477.2883795805666 577.2883795805666 424.29889958551144 524.2988995855114
5832 636.2748 563.23804 472.9501422903951 572.9501422903951 416.3653024466931 516.365302446693
5848 636.2748 563.23804 469.43268195865755 569.4326819586576 409.1380893339877 509.1380893339877
5865 619.0533 540.7346 466.05289368960894 566.0528936896089 401.295346752855 501.295346752855
5882 609.50146 519.08594 463.04889913133843 563.0488991313384 393.30112404946493 493.30112404946493
5899 609.50146 519.08594 460.427460199564 560.4274601995639 385.1734160167848 485.1734160167848
5916 598.61005 501.84384 458.1944776869708 558.1944776869708 376.9305179198789 476.9305179198789
5933 598.61005 501.84384 456.35497798067684 556.3549779806768 368.59098431373195 468.59098431373195
5950 630.84375 488.36664 454.91310174796206 554.9131017479621 360.1735872774116 460.1735872774116
5967 630.84375 488.36664 453.8720946157316 553.8720946157316 351.69727415859836 451.69727415859836
5984 609.08545 478.73785 453.23429986469176 553.2342998646918 343.18112492358273 443.18112492358273
6001 609.08545 478.73785 453.0036526131048 553.0036526131048 335.1467028281774 435.1467028281774
