299.0 683.0 0.0 384.0
5 621.8288 475.57544
17 621.55383 474.46463
34 621.55383 474.46463
52 622.9375 474.7783
68 622.9375 474.7783
85 621.0001 474.4242
102 621.0001 474.4242
119 621.91656 475.3814
136 623.0716 477.86646
153 623.0716 477.86646
170 623.0716 477.86646
187 621.27795 482.09814
204 621.27795 482.09814
221 619.7018 484.97754
238 619.7018 484.97754
255 620.28284 483.4831
272 620.28284 483.4831
289 619.51636 484.85156
306 618.0886 485.9816
324 618.0886 485.9816
340 609.4988 483.3517
357 609.4988 483.3517
374 599.27045 466.98172
391 599.27045 466.98172
408 599.27045 466.98172
425 593.451 454.71094
442 593.451 454.71094
459 588.7754 445.5032
476 588.7754 445.5032
493 584.0646 438.16275
510 579.10236 431.04877
527 579.10236 431.04877
544 576.42004 426.72525
561 576.42004 426.72525
578 573.2114 421.70413
595 573.2114 421.70413
612 575.0438 416.979
629 575.0438 416.979
646 575.0438 416.979
663 572.9994 415.416
681 572.9994 415.416
697 570.47253 413.78888
714 568.5051 409.81433
731 568.5051 409.81433
748 566.9487 409.33948
765 566.9487 409.33948
782 566.82 411.30008
799 566.82 411.30008
816 564.0297 411.52783
833 564.0297 411.52783
850 570.4766 415.02554
867 570.4766 415.02554
884 628.17334 452.72308
901 628.17334 452.72308
918 676.35803 483.90787
935 676.35803 483.90787
952 714.47266 512.0906
969 714.47266 512.0906
987 745.45605 530.378
1003 745.45605 530.378
1020 767.41077 548.0361
1037 767.41077 548.0361
1054 787.2506 552.9461
1071 800.0221 564.2449
1088 800.0221 564.2449
1105 811.85394 573.0588
1122 811.85394 573.0588
1139 824.4977 580.76794
1156 824.4977 580.76794
1173 824.4977 580.76794
1190 829.5337 585.85803
1207 829.5337 585.85803
1224 836.41846 587.85254
1242 836.41846 587.85254
1258 792.6133 565.47314
1276 743.5238 522.502
1292 743.5238 522.502
1309 700.28186 490.29337
1326 700.28186 490.29337
1343 669.612 465.9809
1360 669.612 465.9809
1377 643.2558 444.29993
1394 643.2558 444.29993
1411 621.33887 428.73914
1428 621.33887 428.73914
1446 605.3432 415.3877
1462 605.3432 415.3877
1479 590.39056 407.15338
1496 590.39056 407.15338
1513 579.42584 398.982
1530 579.42584 398.982
1547 565.6757 388.14923
1564 565.6757 388.14923
1581 552.551 378.16998
1598 552.551 378.16998
1616 536.91406 371.95105
1632 536.91406 371.95105
1649 527.94006 364.541
1666 527.94006 364.541
1683 518.8102 357.02527
1700 518.8102 357.02527
1717 512.4952 352.912
1734 512.4952 352.912
1751 504.6245 347.70844
1768 504.6245 347.70844
1785 500.61066 343.85684
1802 500.61066 343.85684
1819 520.87885 370.08148
1836 520.87885 370.08148
1853 565.9528 422.61896
1870 599.7809 466.1151
1887 599.7809 466.1151
1904 599.7809 466.1151
1921 629.4302 500.99808
1938 629.4302 500.99808
1955 649.7424 529.6528
1972 649.7424 529.6528
1990 663.9967 551.0629
2006 663.9967 551.0629
2023 677.9207 568.648
2040 684.83954 586.10095
2057 684.83954 586.10095
2074 693.4793 599.4481
2091 693.4793 599.4481
2108 702.5918 609.967
2125 702.5918 609.967
2142 709.05426 619.09656
2159 709.05426 619.09656
2176 709.05426 619.09656
2193 706.4508 614.60803
2210 706.4508 614.60803
2227 673.9662 573.4772
2244 650.5382 538.81793
2261 650.5382 538.81793
2278 631.1864 510.29016
2295 631.1864 510.29016
2313 615.0976 488.8094
2329 615.0976 488.8094
2346 601.18677 472.88495
2363 601.18677 472.88495
2380 589.8939 457.23566
2397 589.8939 457.23566
2414 583.25745 447.54437
2432 583.25745 447.54437
2448 583.69415 436.85715
2465 583.69415 436.85715
2482 580.2657 430.47354
2499 580.2657 430.47354
2516 557.8358 411.09442
2533 557.8358 411.09442
2550 543.29376 395.01193
2567 543.29376 395.01193
2584 531.07825 382.34265
2601 531.07825 382.34265
2618 523.7543 374.87616
2635 515.2354 369.36035
2652 515.2354 369.36035
2669 515.2354 369.36035
2687 509.10834 364.00143
2703 509.10834 364.00143
2720 505.63745 359.12973
2737 505.63745 359.12973
2754 498.7296 354.6391
2771 498.7296 354.6391
2788 497.1124 350.75888
2805 497.1124 350.75888
2822 494.18887 349.45032
2839 494.28577 346.89157
2856 494.28577 346.89157
2873 491.01416 347.28174
2890 491.01416 347.28174
2907 489.5602 347.13593
2924 489.5602 347.13593
2941 489.5602 347.13593
2958 470.47168 392.71912
2975 470.47168 392.71912
2992 413.47202 502.33224
3009 323.3561 682.82916
3026 323.3561 682.82916
3043 179.84853 901.85254
3061 179.84853 901.85254
3077 80.30375 1075.1436
3094 80.30375 1075.1436
3111 3.219345 1214.6427
3128 3.219345 1214.6427
3145 -60.1726 1324.9492
3162 -60.1726 1324.9492
3179 -60.1726 1324.9492
3196 -14.69418 1280.7883
3213 87.49762 1167.4655
3230 87.49762 1167.4655
3247 171.4917 1083.3656
3264 171.4917 1083.3656
3281 237.34851 1011.65686
3298 237.34851 1011.65686
3315 290.72345 956.86755
3332 290.72345 956.86755
3349 336.2746 914.6514
3366 336.2746 914.6514
3383 369.16656 879.67206
3400 399.95316 849.5109
3417 399.95316 849.5109
3435 399.95316 849.5109
3451 424.4425 822.1864
3468 424.4425 822.1864
3485 444.77625 803.2572
3502 444.77625 803.2572
3519 458.68405 789.61255
3536 458.68405 789.61255
3553 470.00406 776.0753
3570 470.00406 776.0753
3587 482.23532 765.2187
3604 491.56113 758.0189
3621 491.56113 758.0189
3638 490.04474 724.35706
3655 490.04474 724.35706
3672 490.04474 724.35706
3689 485.56424 671.879
3706 485.56424 671.879
3723 485.80945 628.2174
3741 485.80945 628.2174
3757 484.7636 595.5078
3775 484.7636 595.5078
3791 484.65002 566.2885
3808 484.1145 546.50543
3825 484.1145 546.50543
3842 485.44122 528.7603
3859 485.44122 528.7603
3876 484.8189 513.6208
3893 484.8189 513.6208
3910 484.6445 499.55676
3927 484.6445 499.55676
3944 484.6445 499.55676
3961 484.93915 491.22858
3978 486.44373 464.49567
3995 486.44373 464.49567
