1 805.7582 228.11868 297.62542067616835 468.37542067616835 335.4976002348308 431.4976002348308
17 794.71173 234.53421 297.7465672298508 468.4965672298508 327.460353677165 423.460353677165
34 785.42004 224.37057 298.1111703954607 468.8611703954607 318.92762829531256 414.92762829531256
51 785.42004 224.37057 298.7185140048509 469.4685140048509 310.4087391863609 406.4087391863609
68 780.141 221.46658 299.56810583748677 470.31810583748677 301.91059046864586 397.91059046864586
85 780.141 221.46658 300.6592573431978 471.4092573431978 293.44006945149073 389.44006945149073
102 772.6546 228.21071 301.9910842002114 472.7410842002114 285.00404105339845 381.00404105339845
119 772.6546 228.21071 303.56250703184975 474.31250703184975 276.6093422383909 372.6093422383909
138 766.96423 229.14465 305.60076564685346 476.35076564685346 267.2843063743184 363.2843063743184
154 766.96423 229.14465 307.54658317776153 478.29658317776153 259.4852165009684 355.4852165009684
170 765.2292 230.79665 309.7006512552929 480.4506512552929 251.74105744826687 347.7410574482669
187 765.2292 230.79665 312.21579703666407 482.96579703666407 243.57929418234613 339.57929418234613
204 761.7133 229.95142 314.9622521925565 485.7122521925565 235.4924331110061 331.4924331110061
222 761.7133 229.95142 318.1199060276202 488.8699060276202 227.01879775167134 323.01879775167134
238 758.80115 230.4521 321.14000152904384 491.89000152904384 219.5695674640201 315.5695674640201
255 758.80115 230.4521 324.5662889638151 495.3162889638151 211.74646754616077 307.7464675461608
272 760.2253 231.4752 328.2138763391684 498.9638763391684 204.0240686798987 300.02406867989873
289 760.2253 231.4752 332.0798074744846 502.8298074744846 196.40862946948707 292.4086294694871
306 761.26715 233.09723 336.16094923283765 506.91094923283765 188.90632183391858 284.9063218339186
323 761.26715 233.09723 340.4539940602396 511.2039940602396 181.52322600490484 277.5232260049048
340 764.6035 234.43323 344.9554626662418 515.7054626662418 174.26532559916362 270.2653255991636
358 764.6035 234.43323 349.94484113972976 520.6948411397298 166.72348388819168 262.7234838881917
374 766.0873 238.51717 354.5689124255555 525.3189124255555 160.14853343516307 256.1485334351631
392 765.1684 240.79077 359.9793956887837 530.7293956887837 152.90284887099742 248.90284887099742
408 765.1684 240.79077 364.97014001297055 535.7201400129705 146.601699784777 242.601699784777
426 767.2343 239.82301 370.78419195402086 541.5341919540208 139.675656616284 235.675656616284
442 767.2343 239.82301 376.12543363562395 546.875433635624 133.66873177782583 229.66873177782583
459 767.2343 239.82301 381.9746488335043 552.7246488335043 127.44562809241546 223.44562809241546
476 769.8568 243.28258 387.9986374701024 558.7486374701024 121.39154692211227 217.39154692211227
493 769.8568 243.28258 394.1925174146769 564.9425174146769 115.51139478609738 211.51139478609738
510 770.0427 245.2967 400.5512688483818 571.3012688483818 109.8099372430793 205.8099372430793
527 770.0427 245.2967 407.06973833256984 577.8197383325698 104.29179502905546 200.29179502905546
544 772.127 243.06061 413.7426429853873 584.4926429853873 98.96144031244515 194.96144031244515
562 772.127 243.06061 420.97038828338435 591.7203882833844 93.52701560946679 189.5270156094668
578 777.7471 244.75197 427.53000484391305 598.280004843913 88.88121758382923 184.88121758382923
595 780.7529 242.64325 434.6332881070341 605.3832881070341 84.13951907017963 180.13951907017963
612 780.7529 242.64325 441.86866770951156 612.6186677095116 79.60194042970028 175.60194042970028
630 779.08234 242.11867 449.6671198581312 620.4171198581312 75.02401316610684 171.02401316610684
646 779.08234 242.11867 456.71215802621145 627.4621580262115 71.15368424901567 167.15368424901567
663 774.0036 239.03586 464.3082388604396 635.0582388604396 67.24985358281685 163.24985358281685
693 782.1209 238.1867 477.9727811649309 648.7227811649309 60.893935857740985 156.89393585774098
698 782.1209 238.1867 480.2805035702502 651.0305035702502 59.90170381248561 155.9017038124856
715 782.1209 238.1867 488.1873270540765 658.9373270540765 56.6733171711283 152.6733171711283
731 782.1209 238.1867 495.7101801258791 666.4601801258791 53.84158795097835 149.84158795097835
748 782.45654 235.87114 503.783255286693 674.533255286693 51.0548702834833 147.0548702834833
765 782.45654 235.87114 511.93238432050157 682.6823843205016 48.49908588318232 144.49908588318232
782 787.3549 234.83224 520.1509627803556 690.9009627803556 46.176306080939696 142.1763060809397
800 790.5874 237.59062 528.9212813350795 699.6712813350795 43.972948099647 139.972948099647
816 790.5874 237.59062 536.7697741627716 707.5197741627716 42.23709987763954 138.23709987763954
833 786.2862 231.42209 545.156538399579 715.906538399579 40.62386599915499 136.623865999155
850 786.2862 231.42209 553.585825606595 724.335825606595 39.25001917650059 135.2500191765006
867 788.05035 230.40184 562.0508042831839 732.8008042831839 38.116672841359446 134.11667284135945
884 788.05035 230.40184 570.5446140026227 741.2946140026227 37.2247455122278 133.2247455122278
901 790.2117 228.34558 579.0603709721212 749.8103709721212 36.574960050003085 132.57496005000309
918 790.2117 228.34558 587.5911736117806 758.3411736117806 36.167843072143 132.167843072143
935 790.4748 224.5158 596.1301081479654 766.8801081479654 36.00372452586896 132.00372452586896
952 790.4748 224.5158 604.6702542165596 775.4202542165596 36.08273742076125 132.08273742076125
969 790.4748 224.5158 613.2046904715623 783.9546904715623 36.40481772096149 132.4048177209615
986 790.443 221.33696 621.7265001944813 792.4765001944813 36.96970439707047 132.96970439707047
1003 791.97473 218.40665 630.2287768999744 800.9787768999744 37.77693963769889 133.7769396376989
1020 791.97473 218.40665 638.7046299331981 809.4546299331981 38.82586922049978 134.82586922049978
1037 794.7607 213.9887 647.1471900543268 817.8971900543268 40.115643042381976 136.11564304238198
1054 794.7607 213.9887 655.5496150057149 826.2996150057149 41.645215808474234 137.64521580847423
1072 797.5195 210.30135 664.3949870000625 835.1449870000625 43.52475517402934 139.52475517402934
1088 797.5195 210.30135 672.2068585250034 842.9568585250034 45.41860627535635 141.41860627535635
1105 795.1471 209.94897 680.4481772598931 851.1981772598931 47.65936583863811 143.6593658386381
1122 795.1471 209.94897 688.6223720999366 859.3723720999366 50.133810549576026 146.13381054957603
1139 798.5303 209.7982 696.7228182836474 867.4728182836474 52.839934998910564 148.83993499891056
1157 798.5303 209.7982 705.2120829453671 875.9620829453671 55.95532573657704 151.95532573657704
1173 796.7075 214.31104 712.6762698040402 883.4262698040402 58.93826443105149 154.9382644310515
1190 795.60767 213.41286 720.5163456946693 891.2663456946693 62.32552703375262 158.32552703375262
1207 795.60767 213.41286 728.2568245155068 899.0068245155068 65.93458862018292 161.93458862018292
1224 795.60767 213.41286 735.8914330094331 906.6414330094331 69.76252423287974 165.76252423287974
1241 796.12915 211.89775 743.413983721744 914.163983721744 73.80623152831976 169.80623152831976
1259 796.12915 211.89775 751.2501244418916 922.0001244418916 78.31934271231506 174.31934271231506
1275 796.7881 213.55792 758.0986210088488 928.8486210088488 82.52768009049117 178.52768009049117
1292 796.7881 213.55792 765.2488064458005 935.9988064458005 87.19835307494287 183.19835307494287
1310 796.7466 215.69905 772.671396715908 943.421396715908 92.36346949445999 188.36346949446
1327 796.7466 215.69905 779.5356963702274 950.2856963702274 97.4449779482751 193.4449779482751
1343 831.7931 210.72217 785.8616359705578 956.6116359705578 102.40426185718263 198.40426185718263
1360 822.14026 214.86792 792.434774570124 963.184774570124 107.85716813378187 203.85716813378187
1378 822.14026 214.86792 799.2223693489477 969.9723693489477 113.83226905874935 209.83226905874935
1394 817.82434 216.73973 805.1022028442499 975.8522028442499 119.31310538030687 215.31310538030687
1411 817.82434 216.73973 811.1862262243785 981.9362262243785 125.30685190652298 221.30685190652298
1428 811.08344 218.92308 817.0971692933363 987.8471692933363 131.47135431515434 227.47135431515434
1445 811.08344 218.92308 822.8302415379586 993.5802415379586 137.80161659632608 233.80161659632608
1462 811.08344 218.92308 828.3807966001699 999.1307966001699 144.29250840037312 240.29250840037312
1479 806.006 220.13617 833.7443360426164 1004.4943360426164 150.93876919572267 246.93876919572267
1497 806.006 220.13617 839.2147089352587 1009.9647089352587 158.13934516994212 254.13934516994212
1513 802.84186 215.42093 843.8931356740757 1014.6431356740757 164.675730406883 260.67573040688296
1531 802.84186 215.42093 848.9448737571439 1019.6948737571439 172.1759448228275 268.1759448228275
1547 801.5456 215.91225 853.2437467928016 1023.9937467928016 178.96797687071094 274.9679768707109
1565 797.21497 217.48442 857.8604766962846 1028.6104766962846 186.74352051365594 282.74352051365594
1581 797.21497 217.48442 861.7658627967578 1032.5158627967578 193.76918547310373 289.76918547310373
1598 797.5263 219.99872 865.7074960610505 1036.4574960610505 201.34571931915121 297.3457193191512
1615 797.5263 219.99872 869.4318623492258 1040.1818623492259 209.03138348446487 305.03138348446487
1632 797.64685 221.44543 872.9359432553329 1043.6859432553329 216.8199491363638 312.8199491363638
1649 797.64685 221.44543 876.2168989033121 1046.966898903312 224.7051040458423 320.7051040458423
1666 834.2554 214.06664 879.2720702485676 1050.0220702485676 232.6804577033056 328.6804577033056
1683 834.2554 214.06664 882.0989812329851 1052.8489812329851 240.73954649774532 336.7395464977453
1700 824.42566 211.03883 884.6953407916484 1055.4453407916485 248.87583895516212 344.8758389551621
1718 824.42566 211.03883 887.1907988908573 1057.9407988908574 257.5675570143351 353.5675570143351
1734 824.42566 211.03883 889.1881773273444 1059.9381773273444 265.35360145921436 361.35360145921436
1751 856.39264 206.3937 891.0810130930984 1061.8310130930984 273.6817171329047 369.6817171329047
1768 841.99854 207.37547 892.7360179615537 1063.4860179615537 282.0603385467098 378.0603385467098
1785 841.99854 207.37547 894.1518506369953 1064.9018506369953 290.4826752619944 386.4826752619944
1802 835.34485 213.61746 895.3273636603816 1066.0773636603817 298.94190141113677 394.94190141113677
1819 835.34485 213.61746 896.2616043392997 1067.0116043392995 307.4311612295389 403.4311612295389
1836 835.9921 215.1228 896.9538155200738 1067.703815520074 315.9435746118702 411.9435746118702
1853 835.9921 215.1228 897.4034362013994 1068.1534362013995 324.4722426880359 420.4722426880359
1870 831.7765 216.68799 897.6101019890048 1068.3601019890048 333.01025341435343 429.01025341435343
1887 831.7765 216.68799 897.5736453909749 1068.323645390975 341.5506871754069 437.5506871754069
1904 827.2448 217.6495 897.2940959534936 1068.0440959534935 350.08662239203596 446.08662239203596
1921 827.2448 217.6495 896.7716802368993 1067.5216802368993 358.6111411309172 454.6111411309172
1938 821.66565 219.4955 896.0068216320687 1066.7568216320687 367.1173347111916 463.1173347111916
1955 816.4058 219.57916 895.0001400172805 1065.7501400172805 375.5983093035911 471.5983093035911
1973 816.4058 219.57916 893.6715730175129 1064.4215730175129 384.54303868307437 480.54303868307437
1989 816.4058 219.57916 892.2647665348454 1063.0147665348454 392.4571339716405 488.4571339716405
2006 814.33734 220.42789 890.5382915457113 1061.2882915457112 400.8213208432003 496.8213208432003
2024 814.33734 220.42789 888.4515442264865 1059.2015442264865 409.6201139178652 505.6201139178652
2040 813.018 219.6685 886.3747600303433 1057.1247600303432 417.385355454278 513.3853554542779
2057 813.018 219.6685 883.9410778307275 1054.6910778307274 425.5717789017766 521.5717789017766
2075 806.07 217.69736 881.1113627748334 1051.8613627748334 434.1604916486035 530.1604916486035
2092 806.07 217.69736 878.2023009969078 1048.9523009969078 442.19029223658174 538.1902922365817
2108 808.2766 212.71144 875.2565931762647 1046.0065931762647 449.6692503292295 545.6692503292295
2125 808.2766 212.71144 871.9084395119482 1042.6584395119482 457.52610752219204 553.526107522192
2142 808.59766 212.94579 868.3379933280626 1039.0879933280626 465.2844741001809 561.2844741001809
2159 806.3308 212.89915 864.5481482862865 1035.2981482862865 472.9380623089762 568.9380623089762
2176 806.3308 212.89915 860.5419758597092 1031.291975859709 480.4806693117979 576.4806693117979
2193 806.49084 213.24722 856.3227228435584 1027.0727228435585 487.90618221638465 583.9061822163847
2210 806.49084 213.24722 851.8938087238421 1022.6438087238421 495.20858302917645 591.2085830291765
2227 806.49084 213.24722 847.2588229060326 1018.0088229060326 502.38195353258584 598.3819535325858
2245 801.2342 213.54443 842.1307571776003 1012.8807571776003 509.8301892854297 605.8301892854297
2261 801.2342 213.54443 837.3858258058228 1008.1358258058228 516.3184583144773 612.3184583144773
2279 802.6703 214.47374 831.8422069588121 1002.5922069588121 523.4627962141102 619.4627962141102
2295 802.6703 214.47374 826.7357312689596 997.4857312689596 529.6705264551181 625.6705264551181
2312 801.5686 216.5875 821.1299640822481 991.8799640822481 536.1137952031119 632.1137952031119
2329 796.0169 222.4292 815.3430576999276 986.0930576999276 542.394882086187 638.394882086187
2346 796.0169 222.4292 809.379702109853 980.129702109853 548.5086966087915 644.5086966087915
2364 794.0498 228.76852 802.8786107340788 973.6286107340788 554.7943218655896 650.7943218655896
2380 794.0498 228.76852 796.9431143556885 967.6931143556885 560.2148284340103 656.2148284340103
2398 792.7243 229.64868 790.0948566711968 960.8448566711968 566.1203039129076 662.1203039129076
2414 792.7243 229.64868 783.8605094916655 954.6105094916655 571.1942495138428 667.1942495138428
2431 791.08887 231.91035 777.0901233483269 947.8401233483269 576.4002277485814 672.4002277485814
2448 791.08887 231.91035 770.1742900189863 940.9242900189863 581.4113740517007 677.4113740517007
2466 790.40826 233.0819 762.6993413925139 933.4493413925139 586.5004227817345 682.5004227817345
2482 790.40826 233.0819 755.9288148358737 926.6788148358737 590.8330869577367 686.8330869577367
2499 790.40826 233.0819 748.6107182018081 919.3607182018081 595.2360177503971 691.2360177503971
2516 789.50604 234.97894 741.17025546435 911.92025546435 599.4288511793545 695.4288511793545
2533 790.3897 238.96004 733.6134567331254 904.3634567331254 603.4081891703074 699.4081891703074
2550 790.3897 238.96004 725.9464464020558 896.6964464020558 607.1708066759479 703.1708066759479
2567 790.87476 237.48581 718.1754381858558 888.9254381858558 610.7136542896951 706.7136542896951
2584 790.87476 237.48581 710.3067300841386 881.0567300841386 614.0338607170812 710.0338607170812
2601 790.13837 238.46059 702.346699277214 873.096699277214 617.1287351027865 713.1287351027865
2619 790.13837 238.46059 693.8260633664289 864.5760633664289 620.1572723108953 716.1572723108953
2635 786.1332 241.32292 686.178543102233 856.928543102233 622.6326394604092 718.6326394604092
2652 786.1332 241.32292 677.9835211872297 848.7335211872297 625.0372088029525 721.0372088029525
2669 785.7993 243.81851 669.7233728534557 840.4733728534557 627.2075284601758 723.2075284601758
2686 785.7993 243.81851 661.4047925232513 832.1547925232513 629.1418395004217 725.1418395004217
2703 782.6705 243.03743 653.0345219750633 823.7845219750633 630.8385742647915 726.8385742647915
2720 782.6705 243.03743 644.6193448795832 815.3693448795832 632.296357637651 728.296357637651
2738 781.6005 236.61224 635.6677906981013 806.4177906981013 633.5781344048996 729.5781344048996
2755 781.6005 236.61224 627.1816681050749 797.9316681050749 634.5404551656717 730.5404551656717
2771 782.73676 230.2538 619.1727237438794 789.9227237438794 635.2251587040392 731.2251587040392
2788 782.73676 230.2538 610.6464019995067 781.3964019995067 635.7172719246712 731.7172719246712
2805 787.9507 230.80966 602.1095270833351 772.8595270833351 635.9664798220608 731.9664798220608
2823 787.9507 230.80966 593.0666695312384 763.8166695312384 635.9653673731979 731.9653673731979
2839 784.5086 226.36649 585.0317954607539 755.7817954607539 635.7355687926154 731.7355687926154
2856 784.5086 226.36649 576.5047793711809 747.2547793711809 635.2556370072082 731.2556370072082
2873 785.78613 223.45866 567.9948801263789 738.7448801263789 634.5331740297464 730.5331740297464
2890 785.78613 223.45866 559.5089945588649 730.2589945588649 633.5687653790487 729.5687653790487
2908 787.67126 227.45576 550.5577560156919 721.3077560156919 632.2847862171152 728.2847862171152
2924 785.95874 228.48416 542.6367489028069 713.3867489028069 630.9174329219486 726.9174329219486
2941 785.95874 228.48416 534.2640628953682 705.0140628953682 629.232657883161 725.232657883161
2958 785.28937 227.94286 525.9427276452934 696.6927276452934 627.3102329649023 723.3102329649023
2975 785.28937 227.94286 517.6794871637487 688.4294871637487 625.1517161929854 721.1517161929854
2992 784.1297 229.39894 509.48103837910116 680.2310383791012 622.7588569334407 718.7588569334407
3009 784.1297 229.39894 501.3540257094023 672.1040257094023 620.1335944747455 716.1335944747455
3027 784.1297 229.39894 492.83413519547366 663.5841351954737 617.1029609476205 713.1029609476205
3043 788.0863 228.29509 485.3405915726703 656.0905915726703 614.1945571432422 710.1945571432422
3061 788.0863 228.29509 477.0069751274623 647.7569751274623 610.6839858379951 706.6839858379951
3077 785.61456 223.49652 469.691086470933 640.441086470933 607.3538534259965 703.3538534259965
3095 782.3367 222.05772 461.57075447846444 632.3207544784644 603.3747225815591 699.3747225815591
3111 782.3367 222.05772 454.4562325780845 625.2062325780845 599.6336549738851 695.6336549738851
3129 776.82416 215.84442 446.5755041384623 617.3255041384623 595.1988614943655 691.1988614943655
3145 776.82416 215.84442 439.68540812706976 610.4354081270698 591.058983999804 687.058983999804
3162 777.8195 216.69987 432.4890306732291 603.2390306732291 586.4598004361334 682.4598004361334
3179 777.8195 216.69987 425.4264873683203 596.1764873683203 581.6576321782761 677.6576321782761
3196 773.0646 220.28535 418.50350203784535 589.2535020378454 576.6563711348483 672.6563711348483
3213 773.0646 220.28535 411.72568540279684 582.4756854027969 571.4600705688548 667.4600705688548
3230 772.5709 223.13487 405.09853053246013 575.8485305324601 566.0729418127313 662.0729418127313
3248 772.5709 223.13487 398.2517260338776 569.0017260338776 560.165781572544 656.165781572544
3264 772.5709 223.13487 392.31756349239276 563.0675634923928 554.7438148032415 650.7438148032415
3281 771.89325 225.84833 386.17410963438175 556.9241096343817 548.8109982204569 644.8109982204569
3298 771.89325 225.84833 380.2020257696452 550.9520257696452 542.7057093474355 638.7057093474355
3316 768.152 222.90349 374.0708068390105 544.8208068390105 536.0587981572892 632.0587981572892
3332 766.63354 220.70976 368.7911854693228 539.5411854693227 529.9976425819129 625.9976425819129
3349 766.63354 220.70976 363.3616769287074 534.1116769287074 523.4051639192346 619.4051639192346
3366 766.5186 220.39897 358.12202667636814 528.8720266763681 516.6608030789737 612.6608030789737
3383 766.5186 220.39897 353.07648117741576 523.8264811774158 509.7700260162269 605.7700260162269
3400 767.816 218.83655 348.2291295851123 518.9791295851123 502.7384173488538 598.7384173488538
3417 767.816 218.83655 343.58390042682595 514.333900426826 495.5716758314352 591.5716758314352
3435 765.7028 221.6219 338.8899101067921 509.6399101067921 487.8425278304917 583.8425278304917
3451 765.7028 221.6219 334.91470142185455 505.66470142185455 480.85613214835485 576.8561321483548
3468 766.3883 223.0519 330.8977575118902 501.6477575118902 473.3192561685689 569.3192561685689
3485 766.3883 223.0519 327.0969822152257 497.8469822152257 465.6710900449318 561.6710900449318
3503 766.9668 224.65321 323.31166860027383 494.06166860027383 457.45861935813366 553.4586193581337
3519 766.9668 224.65321 320.1560810978608 490.9060810978608 450.06576630732854 546.0657663073285
3536 763.89966 225.42609 317.0215805179704 487.7715805179704 442.1212559998803 538.1212559998803
3553 763.89966 225.42609 314.1144944740342 484.8644944740342 434.0907399116313 530.0907399116313
3570 765.52423 222.95047 311.4371790087004 482.1871790087004 425.9807263598813 521.9807263598814
3587 765.52423 222.95047 308.9918039474663 479.7418039474663 417.79778809050777 513.7977880905078
3604 767.6843 224.01346 306.780351140146 477.530351140146 409.5485569510936 505.5485569510936
3621 767.6843 224.01346 304.80461285468476 475.55461285468476 401.23971851615926 497.23971851615926
3638 766.43066 220.79843 303.06619032461737 473.81619032461737 392.87800666884965 488.87800666884965
3656 766.43066 220.79843 301.4857362133312 472.2357362133312 383.97433109371923 479.97433109371923
3672 769.5767 217.74379 300.30673466233077 471.05673466233077 376.02310703330426 472.02310703330426
3689 764.218 220.80254 299.28793792598333 470.03793792598333 367.5435792681223 463.5435792681223
3706 764.218 220.80254 298.5109279242903 469.2609279242903 359.03848706593226 455.03848706593226
3724 767.0813 219.62187 297.95244725508564 468.70244725508564 350.0128916126015 446.0128916126015
3740 767.0813 219.62187 297.68459056430925 468.43459056430925 341.9791962294431 437.9791962294431
3757 808.8003 212.5747 417.64906576024066 588.3990657602407 333.056686471707 429.056686471707
3774 808.8003 212.5747 417.99123095517183 588.7412309551719 324.5235450269113 420.5235450269113
3791 808.8003 212.5747 418.73774721758974 589.4877472175897 316.01623679178385 412.01623679178385
3809 804.47107 213.25603 419.96702256495803 590.717022564958 307.0579362572376 403.0579362572376
3825 804.47107 213.25603 421.43620498653286 592.1862049865329 299.15561763711503 395.15561763711503
3843 798.60767 215.60835 423.5087967246308 594.2587967246309 290.35410470841526 386.35410470841526
3859 798.60767 215.60835 425.72015609929747 596.4701560992975 282.62655488470796 378.62655488470796
3876 792.36176 216.5883 428.4451933182859 599.1951933182859 274.53299249891984 370.53299249891984
3893 795.344 219.13649 431.55105000007745 602.3010500000775 266.5777907912517 362.5777907912517
3910 795.344 219.13649 435.03073493989234 605.7807349398923 258.7788567193968 354.7788567193968
3927 795.5621 225.63615 438.876415455004 609.626415455004 251.15374548655507 347.15374548655507
3945 795.5621 225.63615 443.3376014504479 614.0876014504479 243.28862718732034 339.28862718732034
3961 792.0356 226.91269 447.6303327319572 618.3803327319572 236.49321736108072 332.4932173610807
3978 792.0356 226.91269 452.518864647575 623.268864647575 229.49080094619188 325.4908009461919
3995 791.9201 222.45284 457.734026801152 628.484026801152 222.7281340425647 318.7281340425647
4012 791.9201 222.45284 463.26407999467915 634.0140799946792 216.22043924223226 312.22043924223226
4030 791.9201 222.45284 469.44880561963384 640.1988056196338 209.62411941289355 305.62411941289355
4046 793.1157 222.38287 475.21838667089924 645.9683866708992 204.0279536670738 300.0279536670738
4063 793.1157 222.38287 481.6157313118342 652.3657313118342 198.37060786867886 294.37060786867886
4081 791.2312 223.59868 488.6736998190197 659.4236998190197 192.7184094558065 288.7184094558065
4097 793.9365 219.89783 495.1788343096449 665.9288343096449 187.9973542961332 283.9973542961332
4114 793.9365 219.89783 502.31406246496294 673.064062464963 183.30479645322103 279.304796453221
4131 793.8685 222.09534 509.66383312829794 680.4138331282979 178.95595164869005 274.9559516486901
4148 793.8685 222.09534 517.2116021519138 687.9616021519138 174.9606090221234 270.96060902212344
4165 794.02637 220.92746 524.9403796987771 695.6903796987771 171.32776198864897 267.32776198864894
4183 794.02637 220.92746 533.3017438562879 704.0517438562879 167.88540004190477 263.88540004190475
4199 798.94403 222.39046 540.8710029469295 711.6210029469295 165.1814301122385 261.1814301122385
4216 798.94403 222.39046 549.0369892185008 719.7869892185008 162.68178050678887 258.68178050678887
4233 800.25146 223.93813 557.3123458725511 728.0623458725511 160.57226582663537 256.5722658266354
4250 800.25146 223.93813 565.678445290706 736.428445290706 158.85763453593017 254.85763453593017
4267 800.1387 223.81541 574.1164555949256 744.8664555949256 157.54174622631027 253.54174622631027
4284 800.1387 223.81541 582.6073830375866 753.3573830375866 156.6275629290547 252.6275629290547
4301 801.6466 220.44504 591.132114755926 761.882114755926 156.1171424476271 252.1171424476271
4318 801.6466 220.44504 599.6714617946108 770.4214617946108 156.01163372561214 252.01163372561214
4335 798.6699 218.26624 608.206202299593 778.956202299593 156.31127426047263 252.31127426047263
4352 798.6699 218.26624 616.7171247860152 787.4671247860152 157.01538956894865 253.01538956894865
4370 794.8794 212.45065 625.6814395481568 796.4314395481568 158.20001068650026 254.20001068650026
4386 794.8794 212.45065 633.5909809564164 804.3409809564164 159.6297978289907 255.6297978289907
4403 792.5117 208.88844 641.9159320172428 812.6659320172428 161.53420581373558 257.5342058137356
4420 792.5117 208.88844 650.1411853111272 820.8911853111272 163.83133188536496 259.831331885365
4438 792.6898 209.56343 658.7210379112927 829.4710379112927 166.68587137647998 262.68587137648
4454 792.6898 209.56343 666.2188053437343 836.9688053437343 169.58218283949915 265.5821828394992
4471 789.13354 208.99942 674.0349817666976 844.7849817666976 173.0229627020636 269.02296270206364
4488 783.6511 213.20181 681.6791612546845 852.4291612546845 176.83059975054408 272.8305997505441
4505 783.6511 213.20181 689.1341369531456 859.8841369531456 180.99652309031762 276.9965230903176
4522 787.27094 212.19865 696.3831279004737 867.1331279004737 185.51135533338842 281.51135533338845
4540 787.27094 212.19865 703.8158878779227 874.5658878779227 190.66075777100514 286.66075777100514
4556 787.27094 212.19865 710.1983867574248 880.9483867574248 195.54633292803192 291.5463329280319
4573 788.2224 215.73193 716.733556869033 887.483556869033 201.0438897990301 297.0438897990301
4591 788.2224 215.73193 723.360613124305 894.110613124305 207.19566935752866 303.1956693575287
4607 789.0023 212.69658 728.9854590589218 899.7354590589218 212.9372932370277 308.9372932370277
4624 789.0023 212.69658 734.6746124154753 905.4246124154753 219.30636805391646 315.30636805391646
4641 790.9824 212.65733 740.0552705632856 910.8052705632856 225.93811728273374 321.93811728273374
4659 790.18286 210.78922 745.4027404132385 916.1527404132385 233.2296762758943 329.2296762758943
4675 790.18286 210.78922 749.8433760095571 920.5933760095571 239.9293697063817 335.9293697063817
4692 790.3234 214.99908 754.2287905304013 924.9787905304013 247.25737894613326 343.25737894613326
4709 790.3234 214.99908 758.2616938824929 929.0116938824929 254.78514557975075 350.78514557975075
4727 791.1682 214.10043 762.1375264313018 932.8875264313018 262.95461241672945 358.95461241672945
4743 791.1682 214.10043 765.2344691549205 935.9844691549205 270.3717602734482 366.3717602734482
4760 790.3772 210.30846 768.1586455346032 938.9086455346032 278.3955232583588 374.3955232583588
4778 790.3772 210.30846 770.8363040348377 941.5863040348377 287.032213093187 383.032213093187
4794 790.3772 210.30846 772.8496793622878 943.5996793622878 294.8136947228397 390.8136947228397
4811 790.0349 206.60864 774.605977411876 945.355977411876 303.17114631399613 399.17114631399613
4828 790.0349 206.60864 775.9638957607996 946.7138957607996 311.60249482388303 407.60249482388303
4846 788.5973 199.05261 776.9640893640834 947.7140893640834 320.5892561483454 416.5892561483454
4862 789.1781 198.24654 777.47327042036 948.22327042036 328.6108439720703 424.6108439720703
4880 789.1781 198.24654 777.6174195110625 948.3674195110625 337.6519438712278 433.6519438712278
4896 792.34595 200.51645 777.3642207321774 948.1142207321774 345.68568689301895 441.68568689301895
4913 792.34595 200.51645 776.7025238609478 947.4525238609478 354.200012303063 450.200012303063
4931 791.4383 198.58153 775.5625863875596 946.3125863875596 363.1701187073185 459.1701187073185
4948 791.4383 198.58153 774.0736116349954 944.8236116349954 371.57931213616394 467.57931213616394
4964 790.44824 192.53726 772.3093286896907 943.0593286896907 379.4210238275436 475.4210238275436
4981 790.44824 192.53726 770.0532173508461 940.8032173508461 387.65762152102405 483.65762152102405
4998 790.4467 190.70384 767.4089744590015 938.1589744590015 395.77793921594457 491.77793921594457
5015 790.4467 190.70384 764.3825521379785 935.1325521379785 403.7636982827043 499.7636982827043
5032 792.5498 196.80836 760.9807627878217 931.7307627878217 411.59692297976756 507.59692297976756
5049 792.5498 196.80836 757.2112637502574 927.9612637502574 419.25998091660404 515.259980916604
5066 793.18524 199.34326 753.0825400722103 923.8325400722103 426.73562274375536 522.7356227437554
5083 793.18524 199.34326 748.6038854061801 919.3538854061801 434.00702098068035 530.0070209806804
5100 797.6499 190.73122 743.7853810904619 914.5353810904619 441.057807893992 537.057807893992
5118 797.6499 190.73122 738.3250770999266 909.0750770999266 448.265258669255 544.265258669255
5134 803.2926 193.29568 733.1729494131282 903.9229494131282 454.4345954942897 550.4345954942896
5151 803.2926 193.29568 727.4029103666112 898.1529103666112 460.73048537096236 556.7304853709624
5169 807.1402 196.99417 720.9753375862501 891.7253375862501 467.09040474938706 563.0904047493871
5186 807.1402 196.99417 714.618748013828 885.368748013828 472.79350469111057 568.7935046911106
5203 803.3459 194.61539 707.9988084758055 878.7488084758055 478.1886859160961 574.1886859160961
5219 803.3459 194.61539 701.5410462255444 872.2910462255444 482.9743356401059 578.9743356401059
5237 840.38184 185.84845 694.029044019961 864.779044019961 488.007435004336 584.007435004336
5253 829.23413 185.55579 687.1468717414465 857.8968717414465 492.15964421036574 588.1596442103657
5271 829.23413 185.55579 679.1917557803298 849.9417557803298 496.45829474187997 592.45829474188
5287 829.23413 185.55579 671.9471049847989 842.6971049847989 499.93969839739407 595.9396983973941
5305 824.81067 184.75917 663.620462019195 834.370462019195 503.46521726278866 599.4652172627887
5321 824.81067 184.75917 656.0785261011198 826.8285261011198 506.2444868016163 602.2444868016163
5338 817.23627 191.49187 647.9378564156366 818.6878564156366 508.8253930396211 604.8253930396211
5356 817.23627 191.49187 639.1952779150454 809.9452779150454 511.133982978935 607.133982978935
5373 813.72534 191.26912 630.8416959955493 801.5916959955493 512.9085953455605 608.9085953455605
5389 813.72534 191.26912 622.9108601528986 793.6608601528986 514.2151095623715 610.2151095623715
5406 804.9731 194.34396 614.4294649579773 785.1794649579773 515.2138665323532 611.2138665323532
5424 804.4784 197.36446 605.4083442119403 776.1583442119403 515.8316422459586 611.8316422459586
5440 804.4784 197.36446 597.3723718445073 768.1223718445073 515.9998227193989 611.9998227193989
5457 805.0958 194.6708 588.8350690108309 759.5850690108309 515.7852527689789 611.7852527689789
5475 805.0958 194.6708 579.8175479661336 750.5675479661336 515.1169859395293 611.1169859395293
5491 803.96387 198.76085 571.8389937950213 742.5889937950213 514.1434306506889 610.1434306506889
5508 803.96387 198.76085 563.4184791480179 734.1684791480179 512.7198741828516 608.7198741828516
5526 801.815 195.15639 554.5869676676424 725.3369676676424 510.7790827672435 606.7790827672435
5542 801.815 195.15639 546.8272249367301 717.5772249367301 508.68348516468336 604.6834851646834
5559 801.815 195.15639 538.6938318657412 709.4438318657412 506.079738423869 602.079738423869
5576 800.5047 190.97708 530.6930913626405 701.4430913626405 503.0931464966776 599.0931464966776
5594 799.5712 189.53696 522.3863149437265 693.1363149437265 499.5210698075416 595.5210698075416
5610 799.5712 189.53696 515.1612667811617 685.9112667811617 495.99916469660786 591.9991646966079
5627 795.43994 190.4532 507.6651444467964 678.4151444467964 491.90774319720856 587.9077431972086
5645 795.43994 190.4532 499.9491421383856 670.6991421383856 487.19334241625086 583.1933424162509
5661 786.1428 192.98627 493.29680961702684 664.0468096170268 482.6820667001052 578.6820667001052
5678 786.1428 192.98627 486.4569398796541 657.2069398796541 477.56857846668925 573.5685784666892
5695 784.987 190.69188 479.86730663188473 650.6173066318847 472.13642294632587 568.1364229463259
5713 784.987 190.69188 473.1792719367003 643.9292719367003 466.0509929481327 562.0509929481327
5729 787.15186 192.0353 467.4974853308397 638.2474853308397 460.36571041097886 556.3657104109789
5746 787.15186 192.0353 461.7451414322254 632.4951414322254 454.0536489719888 550.0536489719889
5763 789.7522 195.84712 456.29865965604995 627.04865965605 447.47585175716756 543.4758517571676
5781 789.7522 195.84712 450.87878898296606 621.6287889829661 440.23794679551276 536.2379467955127
5797 797.3987 190.21759 446.37160595691194 617.1216059569119 433.58284065575424 529.5828406557542
5814 797.3987 190.21759 441.9133795805666 612.6633795805666 426.29889958551144 522.2988995855114
5831 794.5875 190.2965 437.80565612063515 608.5556561206351 418.8116979778178 514.8116979778179
5848 794.5875 190.2965 434.05768195865755 604.8076819586576 411.1380893339877 507.1380893339877
5865 796.1985 193.72513 430.67789368960894 601.4278936896089 403.295346752855 499.295346752855
5882 796.1985 193.72513 427.67389913133843 598.4238991313384 395.30112404946493 491.30112404946493
5899 797.5429 197.31282 425.052460199564 595.8024601995639 387.1734160167848 483.1734160167848
5916 797.5429 197.31282 422.8194776869708 593.5694776869708 378.9305179198789 474.9305179198789
5933 799.35913 194.96907 420.97997798067684 591.7299779806768 370.59098431373195 466.59098431373195
5950 799.35913 194.96907 419.53810174796206 590.2881017479621 362.1735872774116 458.1735872774116
5967 789.6175 201.02345 418.4970946157316 589.2470946157316 353.69727415859836 449.69727415859836
5984 789.6175 201.02345 417.85929986469176 588.6092998646918 345.18112492358273 441.18112492358273
