1 729.7014 352.76028 297.62542067616835 468.37542067616835 335.4976002348308 431.4976002348308
17 731.1152 354.24057 297.7465672298508 468.4965672298508 327.460353677165 423.460353677165
34 731.1152 354.24057 298.1111703954607 468.8611703954607 318.92762829531256 414.92762829531256
51 737.02905 353.35245 298.7185140048509 469.4685140048509 310.4087391863609 406.4087391863609
68 737.02905 353.35245 299.56810583748677 470.31810583748677 301.91059046864586 397.91059046864586
85 738.24615 353.66324 300.6592573431978 471.4092573431978 293.44006945149073 389.44006945149073
103 741.02155 351.91882 302.0768999466856 472.8268999466856 284.5090245297676 380.5090245297676
119 741.02155 351.91882 303.56250703184975 474.31250703184975 276.6093422383909 372.6093422383909
136 742.68866 348.41827 305.37225228130916 476.12225228130916 268.2627764750041 364.2627764750041
153 742.68866 348.41827 307.4188532438116 478.1688532438116 259.9711082224287 355.9711082224287
170 743.98596 346.96036 309.7006512552929 480.4506512552929 251.74105744826687 347.7410574482669
187 743.98596 346.96036 312.21579703666407 482.96579703666407 243.57929418234613 339.57929418234613
204 745.0969 347.3642 314.9622521925565 485.7122521925565 235.4924331110061 331.4924331110061
222 745.0969 347.3642 318.1199060276202 488.8699060276202 227.01879775167134 323.01879775167134
238 745.0969 347.3642 321.14000152904384 491.89000152904384 219.5695674640201 315.5695674640201
256 744.4956 353.34708 324.77475501321027 495.52475501321027 211.2893596734873 307.2893596734873
272 744.4956 353.34708 328.2138763391684 498.9638763391684 204.0240686798987 300.02406867989873
289 746.95526 351.28152 332.0798074744846 502.8298074744846 196.40862946948707 292.4086294694871
306 748.766 351.57193 336.16094923283765 506.91094923283765 188.90632183391858 284.9063218339186
323 748.766 351.57193 340.4539940602396 511.2039940602396 181.52322600490484 277.5232260049048
341 751.20593 350.7843 345.2266685145469 515.9766685145469 173.84241533816768 269.8424153381677
358 751.20593 350.7843 349.94484113972976 520.6948411397298 166.72348388819168 262.7234838881917
375 751.9148 351.9626 354.8637457035903 525.6137457035903 159.7417422858324 255.7417422858324
392 751.9148 351.9626 359.9793956887837 530.7293956887837 152.90284887099742 248.90284887099742
408 754.5242 352.35236 364.97014001297055 535.7201400129705 146.601699784777 242.601699784777
426 754.5242 352.35236 370.78419195402086 541.5341919540208 139.675656616284 235.675656616284
442 752.2231 355.2222 376.12543363562395 546.875433635624 133.66873177782583 229.66873177782583
459 752.2231 355.2222 381.9746488335043 552.7246488335043 127.44562809241546 223.44562809241546
476 753.41077 356.32715 387.9986374701024 558.7486374701024 121.39154692211227 217.39154692211227
493 753.41077 356.32715 394.1925174146769 564.9425174146769 115.51139478609738 211.51139478609738
510 756.1196 357.40662 400.5512688483818 571.3012688483818 109.8099372430793 205.8099372430793
527 756.1196 357.40662 407.06973833256984 577.8197383325698 104.29179502905546 200.29179502905546
544 749.968 356.4313 413.7426429853873 584.4926429853873 98.96144031244515 194.96144031244515
561 749.968 356.4313 420.564574763276 591.314574763276 93.82319306962836 189.82319306962836
578 744.47614 357.7837 427.53000484391305 598.280004843913 88.88121758382923 184.88121758382923
595 744.47614 357.7837 434.6332881070341 605.3832881070341 84.13951907017963 180.13951907017963
612 744.3766 359.05875 441.86866770951156 612.6186677095116 79.60194042970028 175.60194042970028
629 744.3766 359.05875 449.2302797509776 619.9802797509776 75.27215913482809 171.2721591348281
647 741.1317 356.99246 457.15588471125693 627.9058847112569 70.91807370173689 166.9180737017369
664 741.1317 356.99246 464.7584925058843 635.5084925058843 67.02696940712423 163.02696940712423
680 737.7639 356.16278 472.0123660236304 642.7623660236304 63.563830988764266 159.56383098876427
697 740.36945 351.40567 479.81829571979983 650.5682957197998 60.09860379723074 156.09860379723074
714 740.36945 351.40567 487.71970164728384 658.4697016472838 56.85698039535282 152.85698039535282
732 740.36945 351.40567 496.18284410284525 666.9328441028453 53.6713103368038 149.6713103368038
748 740.03564 346.79437 503.783255286693 674.533255286693 51.0548702834833 147.0548702834833
766 740.03564 346.79437 512.4139724557664 683.1639724557664 48.355982532478436 144.35598253247844
782 740.79944 349.06085 520.1509627803556 690.9009627803556 46.176306080939696 142.1763060809397
799 740.79944 349.06085 528.4323299341439 699.1823299341439 44.08841336946284 140.08841336946284
816 742.4255 349.75284 536.7697741627716 707.5197741627716 42.23709987763954 138.23709987763954
834 742.4255 349.75284 545.6512683082123 716.4012683082123 40.53641304886645 136.53641304886645
850 740.3668 348.33487 553.585825606595 724.335825606595 39.25001917650059 135.2500191765006
867 739.60474 346.35068 562.0508042831839 732.8008042831839 38.116672841359446 134.11667284135945
884 739.60474 346.35068 570.5446140026227 741.2946140026227 37.2247455122278 133.2247455122278
902 739.6572 347.23337 579.5618339036334 750.3118339036334 36.54429036905128 132.54429036905128
918 739.6572 347.23337 587.5911736117806 758.3411736117806 36.167843072143 132.167843072143
936 737.7506 347.0092 596.6325037720162 767.3825037720162 36.00164175242986 132.00164175242986
953 737.7506 347.0092 605.1725055449577 775.9225055449577 36.09495642779058 132.09495642779058
969 736.5252 344.5218 613.2046904715623 783.9546904715623 36.40481772096149 132.4048177209615
986 736.5252 344.5218 621.7265001944813 792.4765001944813 36.96970439707047 132.96970439707047
1004 736.5252 344.5218 630.7281551661815 801.4781551661815 37.831958255007294 133.8319582550073
1020 736.2059 342.76776 638.7046299331981 809.4546299331981 38.82586922049978 134.82586922049978
1037 736.2059 342.76776 647.1471900543268 817.8971900543268 40.115643042381976 136.11564304238198
1054 738.87036 344.55344 655.5496150057149 826.2996150057149 41.645215808474234 137.64521580847423
1072 739.0123 342.9162 664.3949870000625 835.1449870000625 43.52475517402934 139.52475517402934
1088 739.0123 342.9162 672.2068585250034 842.9568585250034 45.41860627535635 141.41860627535635
1105 737.6079 341.8209 680.4481772598931 851.1981772598931 47.65936583863811 143.6593658386381
1123 737.6079 341.8209 689.1009748533495 859.8509748533495 50.286601601133555 146.28660160113355
1140 735.2244 344.36597 697.1968778238853 867.9468778238853 53.006287796662775 149.00628779666278
1156 735.2244 344.36597 704.742950819005 875.492950819005 55.77554601295549 151.7755460129555
1173 732.0006 345.11667 712.6762698040402 883.4262698040402 58.93826443105149 154.9382644310515
1190 732.0006 345.11667 720.5163456946693 891.2663456946693 62.32552703375262 158.32552703375262
1208 736.1247 342.5344 728.7089106673807 899.4589106673807 66.15373198032523 162.15373198032523
1224 736.1247 342.5344 735.8914330094331 906.6414330094331 69.76252423287974 165.76252423287974
1241 740.1152 340.7175 743.413983721744 914.163983721744 73.80623152831976 169.80623152831976
1258 740.1152 340.7175 750.8183800147626 921.5683800147626 78.06243329120804 174.06243329120804
1275 741.0417 338.38217 758.0986210088488 928.8486210088488 82.52768009049117 178.52768009049117
1292 741.0417 338.38217 765.2488064458005 935.9988064458005 87.19835307494287 183.19835307494287
1310 741.36755 338.42606 772.671396715908 943.421396715908 92.36346949445999 188.36346949446
1327 741.36755 338.42606 779.5356963702274 950.2856963702274 97.4449779482751 193.4449779482751
1343 738.59705 338.8786 785.8616359705578 956.6116359705578 102.40426185718263 198.40426185718263
1361 738.59705 338.8786 792.8165644145411 963.5665644145411 108.18372933127876 204.18372933127876
1377 736.24585 340.4568 798.8500299387413 969.6000299387413 113.49497235758312 209.49497235758312
1394 736.24585 340.4568 805.1022028442499 975.8522028442499 119.31310538030687 215.31310538030687
1411 735.94324 337.26978 811.1862262243785 981.9362262243785 125.30685190652298 221.30685190652298
1428 735.94324 337.26978 817.0971692933363 987.8471692933363 131.47135431515434 227.47135431515434
1445 735.7333 340.54984 822.8302415379586 993.5802415379586 137.80161659632608 233.80161659632608
1462 734.6168 340.56573 828.3807966001699 999.1307966001699 144.29250840037312 240.29250840037312
1479 734.6168 340.56573 833.7443360426164 1004.4943360426164 150.93876919572267 246.93876919572267
1496 734.6168 340.56573 838.9165129944168 1009.6665129944168 157.73501253228335 253.73501253228335
1513 736.2386 339.0738 843.8931356740757 1014.6431356740757 164.675730406883 260.67573040688296
1531 736.2386 339.0738 848.9448737571439 1019.6948737571439 172.1759448228275 268.1759448228275
1547 734.59845 340.69534 853.2437467928016 1023.9937467928016 178.96797687071094 274.9679768707109
1564 734.59845 340.69534 857.6101570459276 1028.3601570459277 186.30792233453255 282.3079223345326
1581 734.9632 340.22012 861.7658627967578 1032.5158627967578 193.76918547310373 289.76918547310373
1598 734.9632 340.22012 865.7074960610505 1036.4574960610505 201.34571931915121 297.3457193191512
1616 763.86505 328.82147 869.6441112173986 1040.3941112173986 209.48674720608716 305.48674720608716
1632 799.1163 311.89896 872.9359432553329 1043.6859432553329 216.8199491363638 312.8199491363638
1650 799.1163 311.89896 876.4028900120431 1047.1528900120431 225.17180845816728 321.1718084581673
1666 827.69104 299.7391 879.2720702485676 1050.0220702485676 232.6804577033056 328.6804577033056
1683 827.69104 299.7391 882.0989812329851 1052.8489812329851 240.73954649774532 336.7395464977453
1701 848.7183 289.7802 884.84084210631 1055.59084210631 249.35670803135872 345.3567080313587
1718 848.7183 289.7802 887.1907988908573 1057.9407988908574 257.5675570143351 353.5675570143351
1735 848.7183 289.7802 889.3060775952 1060.0560775952 265.8419714294728 361.8419714294728
1751 865.8307 289.35394 891.0810130930984 1061.8310130930984 273.6817171329047 369.6817171329047
1768 865.8307 289.35394 892.7360179615537 1063.4860179615537 282.0603385467098 378.0603385467098
1786 881.4338 292.5836 894.2276611419293 1064.9776611419293 290.97932248926173 386.97932248926173
1802 881.4338 292.5836 895.3273636603816 1066.0773636603817 298.94190141113677 394.94190141113677
1819 852.0494 298.61557 896.2616043392997 1067.0116043392995 307.4311612295389 403.4311612295389
1836 829.08606 306.5613 896.9538155200738 1067.703815520074 315.9435746118702 411.9435746118702
1853 829.08606 306.5613 897.4034362013994 1068.1534362013995 324.4722426880359 420.4722426880359
1870 810.5229 308.95865 897.6101019890048 1068.3601019890048 333.01025341435343 429.01025341435343
1888 810.5229 308.95865 897.5639292403739 1068.313929240374 342.0529931552917 438.0529931552917
1904 797.5311 313.71414 897.2940959534936 1068.0440959534935 350.08662239203596 446.08662239203596
1921 797.5311 313.71414 896.7716802368993 1067.5216802368993 358.6111411309172 454.6111411309172
1938 782.87067 317.15912 896.0068216320687 1066.7568216320687 367.1173347111916 463.1173347111916
1955 782.87067 317.15912 895.0001400172805 1065.7501400172805 375.5983093035911 471.5983093035911
1973 771.7426 317.13556 893.6715730175129 1064.4215730175129 384.54303868307437 480.54303868307437
1989 771.7426 317.13556 892.2647665348454 1063.0147665348454 392.4571339716405 488.4571339716405
2006 771.7426 317.13556 890.5382915457113 1061.2882915457112 400.8213208432003 496.8213208432003
2024 762.9259 320.1286 888.4515442264865 1059.2015442264865 409.6201139178652 505.6201139178652
2040 754.8602 323.42603 886.3747600303433 1057.1247600303432 417.385355454278 513.3853554542779
2057 754.8602 323.42603 883.9410778307275 1054.6910778307274 425.5717789017766 521.5717789017766
2075 749.2012 326.1371 881.1113627748334 1051.8613627748334 434.1604916486035 530.1604916486035
2092 749.2012 326.1371 878.2023009969078 1048.9523009969078 442.19029223658174 538.1902922365817
2108 745.1937 323.11432 875.2565931762647 1046.0065931762647 449.6692503292295 545.6692503292295
2125 745.1937 323.11432 871.9084395119482 1042.6584395119482 457.52610752219204 553.526107522192
2142 744.4108 322.6981 868.3379933280626 1039.0879933280626 465.2844741001809 561.2844741001809
2159 744.4108 322.6981 864.5481482862865 1035.2981482862865 472.9380623089762 568.9380623089762
2176 741.6946 320.58368 860.5419758597092 1031.291975859709 480.4806693117979 576.4806693117979
2193 741.6946 320.58368 856.3227228435584 1027.0727228435585 487.90618221638465 583.9061822163847
2211 739.52576 320.4742 851.6268309919924 1022.3768309919924 495.63417507762983 591.6341750776298
2227 739.52576 320.4742 847.2588229060326 1018.0088229060326 502.38195353258584 598.3819535325858
2244 736.61414 319.14755 842.4215218060378 1013.1715218060378 509.42048008140796 605.420480081408
2261 736.61414 319.14755 837.3858258058228 1008.1358258058228 516.3184583144773 612.3184583144773
2278 736.4837 319.41357 832.1558160761413 1002.9058160761413 523.0702977777584 619.0702977777584
2295 736.4837 319.41357 826.7357312689596 997.4857312689596 529.6705264551181 625.6705264551181
2312 734.1907 312.55667 821.1299640822481 991.8799640822481 536.1137952031119 632.1137952031119
2329 734.1907 312.55667 815.3430576999276 986.0930576999276 542.394882086187 638.394882086187
2346 736.22797 309.33844 809.379702109853 980.129702109853 548.5086966087915 644.5086966087915
2364 736.22797 309.33844 802.8786107340788 973.6286107340788 554.7943218655896 650.7943218655896
2381 734.0416 308.16278 796.5673499372441 967.3173499372441 560.5483052740481 656.5483052740481
2397 734.0416 308.16278 790.4799614017456 961.2299614017456 565.7976585231695 661.7976585231695
2414 734.21533 305.93384 783.8605094916655 954.6105094916655 571.1942495138428 667.1942495138428
2431 734.67444 305.92596 777.0901233483269 947.8401233483269 576.4002277485814 672.4002277485814
2449 734.67444 305.92596 769.7630660054275 940.5130660054275 581.6999923319313 677.6999923319313
2465 735.336 305.5864 763.1186144283101 933.8686144283101 586.2236271487043 682.2236271487043
2482 735.336 305.5864 755.9288148358737 926.6788148358737 590.8330869577367 686.8330869577367
2499 735.336 305.5864 748.6107182018081 919.3607182018081 595.2360177503971 691.2360177503971
2516 736.67896 304.81024 741.17025546435 911.92025546435 599.4288511793545 695.4288511793545
2533 736.67896 304.81024 733.6134567331254 904.3634567331254 603.4081891703074 699.4081891703074
2551 738.73267 304.8289 725.4921459641587 896.2421459641587 607.3853219740902 703.3853219740902
2568 738.73267 304.8289 717.7152155588545 888.4652155588545 610.9151507775223 706.9151507775223
2584 739.12213 308.66602 710.3067300841386 881.0567300841386 614.0338607170812 710.0338607170812
2602 737.16113 305.63647 701.8757557291436 872.6257557291436 617.3037147460062 713.3037147460062
2619 737.16113 305.63647 693.8260633664289 864.5760633664289 620.1572723108953 716.1572723108953
2635 732.7282 303.0504 686.178543102233 856.928543102233 622.6326394604092 718.6326394604092
2652 732.7282 303.0504 677.9835211872297 848.7335211872297 625.0372088029525 721.0372088029525
2669 732.4128 305.63263 669.7233728534557 840.4733728534557 627.2075284601758 723.2075284601758
2686 732.4128 305.63263 661.4047925232513 832.1547925232513 629.1418395004217 725.1418395004217
2704 734.70496 303.8865 652.5406881752673 823.2906881752673 630.9309532623472 726.9309532623472
2720 734.70496 303.8865 644.6193448795832 815.3693448795832 632.296357637651 728.296357637651
2737 732.6773 305.3659 636.1660813019316 806.9160813019316 633.5140081610913 729.5140081610913
2754 732.6773 305.3659 627.6815821743512 798.4315821743512 634.4905389924386 730.4905389924386
2771 732.6773 305.3659 619.1727237438794 789.9227237438794 635.2251587040392 731.2251587040392
2788 731.97736 307.11383 610.6464019995067 781.3964019995067 635.7172719246712 731.7172719246712
2806 733.48895 313.4785 601.607177164819 772.357177164819 635.9735692774082 731.9735692774082
2822 733.48895 313.4785 593.5690176902656 764.3190176902656 635.9725804261168 731.9725804261168
2839 725.7087 316.79416 585.0317954607539 755.7817954607539 635.7355687926154 731.7355687926154
2857 725.7087 316.79416 576.0036557812324 746.7536557812324 635.2198480618783 731.2198480618783
2873 717.8601 319.47925 567.9948801263789 738.7448801263789 634.5331740297464 730.5331740297464
2891 717.8601 319.47925 559.0107197476881 729.7607197476881 633.5045165381459 729.5045165381459
2907 715.27185 316.1655 551.0540000393138 721.8040000393138 632.3631926583694 728.3631926583694
2924 715.27185 316.1655 542.6367489028069 713.3867489028069 630.9174329219486 726.9174329219486
2941 712.87646 314.70047 534.2640628953682 705.0140628953682 629.232657883161 725.232657883161
2958 712.87646 314.70047 525.9427276452934 696.6927276452934 627.3102329649023 723.3102329649023
2975 711.42065 313.5935 517.6794871637487 688.4294871637487 625.1517161929854 721.1517161929854
2992 711.42065 313.5935 509.48103837910116 680.2310383791012 622.7588569334407 718.7588569334407
3010 711.3706 310.92136 500.8783318686146 671.6283318686146 619.9719743310518 715.9719743310518
3026 711.3706 310.92136 493.3050356774336 664.0550356774336 617.278056456131 713.278056456131
3043 709.80273 310.78754 485.3405915726703 656.0905915726703 614.1945571432422 710.1945571432422
3060 709.80273 310.78754 477.46714816449344 648.2171481644934 610.8855955525434 706.8855955525434
3077 707.73474 305.73346 469.691086470933 640.441086470933 607.3538534259965 703.3538534259965
3094 707.73474 305.73346 462.0187085871838 632.7687085871838 603.6021930576474 699.6021930576474
3111 705.79254 307.21262 454.4562325780845 625.2062325780845 599.6336549738851 695.6336549738851
3128 705.79254 307.21262 447.00978743869564 617.7597874386956 595.4514554692516 691.4514554692516
3146 705.26404 311.2631 439.2584910195917 610.0084910195917 590.7941302961241 686.7941302961241
3162 705.26404 311.2631 432.4890306732291 603.2390306732291 586.4598004361334 682.4598004361334
3179 703.79675 309.5922 425.4264873683203 596.1764873683203 581.6576321782761 677.6576321782761
3196 707.974 309.02158 418.50350203784535 589.2535020378454 576.6563711348483 672.6563711348483
3213 707.974 309.02158 411.72568540279684 582.4756854027969 571.4600705688548 667.4600705688548
3230 710.44336 314.4405 405.09853053246013 575.8485305324601 566.0729418127313 662.0729418127313
3248 710.44336 314.4405 398.2517260338776 569.0017260338776 560.165781572544 656.165781572544
3264 710.44336 314.4405 392.31756349239276 563.0675634923928 554.7438148032415 650.7438148032415
3281 713.2749 318.01413 386.17410963438175 556.9241096343817 548.8109982204569 644.8109982204569
3298 713.2749 318.01413 380.2020257696452 550.9520257696452 542.7057093474355 638.7057093474355
3315 715.354 316.46982 374.4061519627961 545.1561519627961 536.4328962045494 632.4328962045494
3333 715.354 316.46982 368.4666251188419 539.2166251188419 529.6141503656863 625.6141503656863
3349 718.6603 318.3322 363.3616769287074 534.1116769287074 523.4051639192346 619.4051639192346
3366 718.6603 318.3322 358.12202667636814 528.8720266763681 516.6608030789737 612.6608030789737
3383 718.4385 316.8488 353.07648117741576 523.8264811774158 509.7700260162269 605.7700260162269
3401 716.80475 319.3382 347.9502481623738 518.7002481623738 502.3205287834901 598.3205287834901
3418 716.80475 319.3382 343.31702741539596 514.067027415396 495.1460181088685 591.1460181088685
3434 715.3388 317.98007 339.144558420162 509.894558420162 488.2756097367269 584.2756097367269
3452 715.3388 317.98007 334.67248418581175 505.42248418581175 480.4159770489023 576.4159770489023
3468 716.4817 320.45233 330.8977575118902 501.6477575118902 473.3192561685689 569.3192561685689
3486 716.4817 320.45233 326.8802058135661 497.6302058135661 465.2178641711182 561.2178641711182
3502 716.4817 320.45233 323.5154558633554 494.2654558633554 457.9178322199049 553.9178322199049
3519 718.9498 315.57895 320.1560810978608 490.9060810978608 450.06576630732854 546.0657663073285
3536 718.9498 315.57895 317.0215805179704 487.7715805179704 442.1212559998803 538.1212559998803
3554 726.83154 315.41196 313.9506228120883 484.7006228120883 433.61581699217805 529.615816992178
3570 727.82385 319.897 311.4371790087004 482.1871790087004 425.9807263598813 521.9807263598814
3587 727.82385 319.897 308.9918039474663 479.7418039474663 417.79778809050777 513.7977880905078
3605 730.6837 323.00864 306.65758971905177 477.40758971905177 409.06138620638365 505.06138620638365
3621 730.6837 323.00864 304.80461285468476 475.55461285468476 401.23971851615926 497.23971851615926
3638 733.02527 323.1077 303.06619032461737 473.81619032461737 392.87800666884965 488.87800666884965
3656 733.02527 323.1077 301.4857362133312 472.2357362133312 383.97433109371923 479.97433109371923
3672 734.6555 320.93826 300.30673466233077 471.05673466233077 376.02310703330426 472.02310703330426
3689 734.6555 320.93826 299.28793792598333 470.03793792598333 367.5435792681223 463.5435792681223
3706 733.5912 319.7543 298.5109279242903 469.2609279242903 359.03848706593226 455.03848706593226
3723 733.5912 319.7543 297.97633438360816 468.72633438360816 350.5147233633919 446.5147233633919
3740 731.9747 320.1752 297.68459056430925 468.43459056430925 341.9791962294431 437.9791962294431
3758 734.0309 318.579 417.6579818975829 588.4079818975829 332.55436575878036 428.55436575878036
3774 734.0309 318.579 417.99123095517183 588.7412309551719 324.5235450269113 420.5235450269113
3791 734.0309 318.579 418.73774721758974 589.4877472175897 316.01623679178385 412.01623679178385
3808 729.6265 323.56958 419.88693415828243 590.6369341582824 307.553911501838 403.553911501838
3826 729.6265 323.56958 421.53972789945465 592.2897278994546 298.66399928652106 394.66399928652106
3842 733.5675 322.42685 423.3820723329198 594.1320723329197 290.84025954453836 386.84025954453836
3859 733.5675 322.42685 425.72015609929747 596.4701560992975 282.62655488470796 378.62655488470796
3876 733.4413 326.0753 428.4451933182859 599.1951933182859 274.53299249891984 370.53299249891984
3893 733.4413 326.0753 431.55105000007745 602.3010500000775 266.5777907912517 362.5777907912517
3911 733.52295 325.81244 435.2469007798122 605.9969007798122 258.3253394366035 354.3253394366035
3927 733.52295 325.81244 438.876415455004 609.626415455004 251.15374548655507 347.15374548655507
3944 732.43884 327.49088 443.0794350159092 613.8294350159092 243.71962102511617 339.71962102511617
3961 732.43884 327.49088 447.6303327319572 618.3803327319572 236.49321736108072 332.4932173610807
3978 732.21313 329.97668 452.518864647575 623.268864647575 229.49080094619188 325.4908009461919
3995 731.53125 324.65457 457.734026801152 628.484026801152 222.7281340425647 318.7281340425647
4012 731.53125 324.65457 463.26407999467915 634.0140799946792 216.22043924223226 312.22043924223226
4029 731.53125 324.65457 469.09657621838664 639.8465762183866 209.98236520147657 305.98236520147657
4047 731.0386 323.55408 475.5872116294033 646.3372116294033 203.6868177027948 299.68681770279477
4063 731.0386 323.55408 481.6157313118342 652.3657313118342 198.37060786867886 294.37060786867886
4080 733.1571 326.7425 488.27420988032543 659.0242098803254 193.0230623484931 289.0230623484931
4097 733.1571 326.7425 495.1788343096449 665.9288343096449 187.9973542961332 283.9973542961332
4115 736.80566 329.85324 502.7406224410547 673.4906224410547 183.0393681522872 279.03936815228724
4131 736.80566 329.85324 509.66383312829794 680.4138331282979 178.95595164869005 274.9559516486901
4149 738.93115 332.71912 517.6613936238961 688.4113936238961 174.73679385759596 270.73679385759596
4165 744.0868 331.66403 524.9403796987771 695.6903796987771 171.32776198864897 267.32776198864894
4183 744.0868 331.66403 533.3017438562879 704.0517438562879 167.88540004190477 263.88540004190475
4199 743.1057 334.50812 540.8710029469295 711.6210029469295 165.1814301122385 261.1814301122385
4216 743.1057 334.50812 549.0369892185008 719.7869892185008 162.68178050678887 258.68178050678887
4234 742.5469 334.42474 557.8021405586188 728.5521405586188 160.46043219287566 256.46043219287566
4250 742.5469 334.42474 565.678445290706 736.428445290706 158.85763453593017 254.85763453593017
4267 742.5469 334.42474 574.1164555949256 744.8664555949256 157.54174622631027 253.54174622631027
4284 741.885 336.87268 582.6073830375866 753.3573830375866 156.6275629290547 252.6275629290547
4301 741.885 336.87268 591.132114755926 761.882114755926 156.1171424476271 252.1171424476271
4319 745.4558 337.40802 600.1738207000526 770.9238207000526 156.01804670179018 252.01804670179018
4335 747.7777 336.4054 608.206202299593 778.956202299593 156.31127426047263 252.31127426047263
4353 747.7777 336.4054 617.2166157056257 787.9666157056257 157.06937491294823 253.06937491294823
4369 748.304 335.29556 625.1850713827765 795.9350713827765 158.12239470530233 254.12239470530233
4386 748.304 335.29556 633.5909809564164 804.3409809564164 159.6297978289907 255.6297978289907
4403 743.33496 333.53433 641.9159320172428 812.6659320172428 161.53420581373558 257.5342058137356
4421 743.33496 333.53433 650.6215220114407 821.3715220114407 163.97858082584344 259.97858082584344
4437 740.02515 331.799 658.2482260010909 828.9982260010909 166.5160052712332 262.5160052712332
4454 740.02515 331.799 666.2188053437343 836.9688053437343 169.58218283949915 265.5821828394992
4471 738.047 332.82407 674.0349817666976 844.7849817666976 173.0229627020636 269.02296270206364
4489 738.047 332.82407 682.1230927560449 852.8730927560449 177.0658239377357 273.0658239377357
4505 737.22577 329.64572 689.1341369531456 859.8841369531456 180.99652309031762 276.9965230903176
4522 737.22577 329.64572 696.3831279004737 867.1331279004737 185.51135533338842 281.51135533338845
4539 734.1289 330.21265 703.4098168015221 874.1598168015221 190.36493370665013 286.36493370665016
4556 734.1289 330.21265 710.1983867574248 880.9483867574248 195.54633292803192 291.5463329280319
4573 733.46075 331.9547 716.733556869033 887.483556869033 201.0438897990301 297.0438897990301
4590 733.46075 331.9547 723.0006166338345 893.7506166338345 206.8452294582745 302.8452294582745
4607 728.85114 333.34555 728.9854590589218 899.7354590589218 212.9372932370277 308.9372932370277
4625 728.85114 333.34555 734.9997830567704 905.7497830567704 219.68934279222185 315.68934279222185
4642 728.22687 333.72134 740.3619103211945 911.1119103211945 226.33608418463587 322.33608418463587
4658 728.22687 333.72134 745.1153217770493 915.8653217770493 232.81761302381858 328.8176130238186
4675 728.4538 337.92545 749.8433760095571 920.5933760095571 239.9293697063817 335.9293697063817
4693 728.4538 337.92545 754.4758707295014 925.2258707295014 247.69482262405427 343.69482262405427
4709 730.6686 335.97223 758.2616938824929 929.0116938824929 254.78514557975075 350.78514557975075
4726 730.6686 335.97223 761.9330081024611 932.6830081024611 262.4957247950736 358.4957247950736
4743 731.9404 332.02753 765.2344691549205 935.9844691549205 270.3717602734482 366.3717602734482
4760 731.9404 332.02753 768.1586455346032 938.9086455346032 278.3955232583588 374.3955232583588
4778 728.6438 333.42355 770.8363040348377 941.5863040348377 287.032213093187 383.032213093187
4794 728.6438 333.42355 772.8496793622878 943.5996793622878 294.8136947228397 390.8136947228397
4811 727.3804 332.6607 774.605977411876 945.355977411876 303.17114631399613 399.17114631399613
4828 727.3804 332.6607 775.9638957607996 946.7138957607996 311.60249482388303 407.60249482388303
4846 727.4038 335.16354 776.9640893640834 947.7140893640834 320.5892561483454 416.5892561483454
4862 727.4038 335.16354 777.47327042036 948.22327042036 328.6108439720703 424.6108439720703
4879 729.6093 334.49655 777.6213291668411 948.3713291668411 337.1495592469291 433.1495592469291
4896 729.6093 334.49655 777.3642207321774 948.1142207321774 345.68568689301895 441.68568689301895
4913 728.9098 339.99652 776.7025238609478 947.4525238609478 354.200012303063 450.200012303063
4931 732.46027 340.56674 775.5625863875596 946.3125863875596 363.1701187073185 459.1701187073185
4947 732.46027 340.56674 774.1722300260149 944.9222300260149 371.0866865084376 467.0866865084376
4964 730.95984 339.258 772.3093286896907 943.0593286896907 379.4210238275436 475.4210238275436
4982 730.95984 339.258 769.9083637432075 940.6583637432075 388.13868599538773 484.13868599538773
4998 729.603 338.24292 767.4089744590015 938.1589744590015 395.77793921594457 491.77793921594457
5015 729.603 338.24292 764.3825521379785 935.1325521379785 403.7636982827043 499.7636982827043
5032 729.603 338.24292 760.9807627878217 931.7307627878217 411.59692297976756 507.59692297976756
5050 729.65564 337.51047 756.9782545820084 927.7282545820084 419.70507902225296 515.7050790222529
5066 729.65564 337.51047 753.0825400722103 923.8325400722103 426.73562274375536 522.7356227437554
5083 729.54474 334.99808 748.6038854061801 919.3538854061801 434.00702098068035 530.0070209806804
5102 729.54474 334.99808 743.196650845512 913.946650845512 441.8720665242365 537.8720665242365
5117 730.51154 335.4417 738.6378734563121 909.3878734563121 447.8721123408068 543.8721123408068
5134 732.19995 337.63498 733.1729494131282 903.9229494131282 454.4345954942897 550.4345954942896
5152 732.19995 337.63498 727.0542686708334 897.8042686708334 461.0922236245453 557.0922236245453
5168 731.78253 342.13385 721.3407445286122 892.0907445286122 466.7456100820642 562.7456100820642
5185 731.78253 342.13385 715.0000976809954 885.7500976809954 472.46642973411736 568.4664297341174
5202 732.8518 340.66217 708.3952424593289 879.1452424593289 477.8800669068827 573.8800669068827
5219 732.8518 340.66217 701.5410462255444 872.2910462255444 482.9743356401059 578.9743356401059
5236 735.5484 338.45334 694.4529376018812 865.2029376018812 487.73776886380733 583.7377688638073
5254 735.5484 338.45334 686.7106646883476 857.4606646883476 492.40890111191015 588.4089011119102
5270 735.5484 338.45334 679.639294413571 850.389294413571 496.2300081502966 592.2300081502966
5287 733.8693 340.69824 671.9471049847989 842.6971049847989 499.93969839739407 595.9396983973941
5305 737.8779 340.97464 663.620462019195 834.370462019195 503.46521726278866 599.4652172627887
5321 737.8779 340.97464 656.0785261011198 826.8285261011198 506.2444868016163 602.2444868016163
5338 740.0747 341.56494 647.9378564156366 818.6878564156366 508.8253930396211 604.8253930396211
5356 740.0747 341.56494 639.1952779150454 809.9452779150454 511.133982978935 607.133982978935
5372 746.3295 342.47955 631.335337516615 802.085337516615 512.8151948914908 608.8151948914908
5389 746.3295 342.47955 622.9108601528986 793.6608601528986 514.2151095623715 610.2151095623715
5407 749.9794 339.86322 613.9291943374132 784.6791943374132 515.2600715357657 611.2600715357657
5423 749.9794 339.86322 605.9102433377668 776.6602433377668 515.8092176247758 611.8092176247758
5441 748.69635 343.84674 596.8699739756478 767.6199739756478 515.9984164810973 611.9984164810973
5457 748.69635 343.84674 588.8350690108309 759.5850690108309 515.7852527689789 611.7852527689789
5475 747.9866 346.8533 579.8175479661336 750.5675479661336 515.1169859395293 611.1169859395293
5491 747.9866 346.8533 571.8389937950213 742.5889937950213 514.1434306506889 610.1434306506889
5508 746.99963 347.5843 563.4184791480179 734.1684791480179 512.7198741828516 608.7198741828516
5525 746.99963 347.5843 555.0749625136663 725.8249625136663 510.8985257511097 606.8985257511097
5542 746.12775 345.98312 546.8272249367301 717.5772249367301 508.68348516468336 604.6834851646834
5559 746.12775 345.98312 538.6938318657412 709.4438318657412 506.079738423869 602.079738423869
5576 744.8943 346.6386 530.6930913626405 701.4430913626405 503.0931464966776 599.0931464966776
5593 744.8943 346.6386 522.843012891798 693.593012891798 499.7304321259451 595.7304321259451
5610 742.63196 348.8536 515.1612667811617 685.9112667811617 495.99916469660786 591.9991646966079
5627 742.63196 348.8536 507.6651444467964 678.4151444467964 491.90774319720856 587.9077431972086
5644 736.6912 350.05917 500.37151947034613 671.1215194703461 487.4653773139863 583.4653773139863
5661 736.6912 350.05917 493.29680961702684 664.0468096170268 482.6820667001052 578.6820667001052
5678 731.18787 350.01123 486.4569398796541 657.2069398796541 477.56857846668925 573.5685784666892
5695 727.87756 349.14526 479.86730663188473 650.6173066318847 472.13642294632587 568.1364229463259
5712 727.87756 349.14526 473.54274297137306 644.2927429713731 466.3978277836013 562.3978277836013
5729 725.5393 351.80588 467.4974853308397 638.2474853308397 460.36571041097886 556.3657104109789
5746 725.5393 351.80588 461.7451414322254 632.4951414322254 454.0536489719888 550.0536489719889
5764 724.5116 352.67993 455.98806905859533 626.7380690585953 447.0809605355471 543.0809605355471
5781 724.5116 352.67993 450.87878898296606 621.6287889829661 440.23794679551276 536.2379467955127
5797 724.5116 352.67993 446.37160595691194 617.1216059569119 433.58284065575424 529.5828406557542
5814 724.3378 351.87442 441.9133795805666 612.6633795805666 426.29889958551144 522.2988995855114
5832 724.3378 351.87442 437.5751422903951 608.3251422903951 418.3653024466931 514.365302446693
5848 727.1643 350.52496 434.05768195865755 604.8076819586576 411.1380893339877 507.1380893339877
5865 727.1643 350.52496 430.67789368960894 601.4278936896089 403.295346752855 499.295346752855
5882 727.2503 349.9781 427.67389913133843 598.4238991313384 395.30112404946493 491.30112404946493
5900 724.1667 347.08978 424.9103018905736 595.6603018905736 386.6915481808328 482.6915481808328
5916 724.1667 347.08978 422.8194776869708 593.5694776869708 378.9305179198789 474.9305179198789
5933 727.31683 345.7307 420.97997798067684 591.7299779806768 370.59098431373195 466.59098431373195
5950 727.31683 345.7307 419.53810174796206 590.2881017479621 362.1735872774116 458.1735872774116
5967 725.0045 343.94797 418.4970946157316 589.2470946157316 353.69727415859836 449.69727415859836
5984 725.0045 343.94797 417.85929986469176 588.6092998646918 345.18112492358273 441.18112492358273
6001 726.2736 345.0701 417.6286526131048 588.3786526131048 337.1467028281774 433.1467028281774
