1 504.57202 466.99765 297.62542067616835 468.37542067616835 335.4976002348308 431.4976002348308
17 504.57202 466.99765 297.7465672298508 468.4965672298508 327.460353677165 423.460353677165
34 493.14447 469.78128 298.1111703954607 468.8611703954607 318.92762829531256 414.92762829531256
52 493.14447 469.78128 298.7617899590455 469.5117899590455 309.9082065772343 405.9082065772343
68 485.74475 474.48718 299.56810583748677 470.31810583748677 301.91059046864586 397.91059046864586
85 513.70233 469.681 300.6592573431978 471.4092573431978 293.44006945149073 389.44006945149073
103 513.70233 469.681 302.0768999466856 472.8268999466856 284.5090245297676 380.5090245297676
119 533.00433 466.39386 303.56250703184975 474.31250703184975 276.6093422383909 372.6093422383909
137 533.00433 466.39386 305.4860993111701 476.2360993111701 267.7734457537099 363.7734457537099
153 552.0968 461.0824 307.4188532438116 478.1688532438116 259.9711082224287 355.9711082224287
171 552.0968 461.0824 309.84216057483684 480.59216057483684 251.25899851671107 347.2589985167111
188 565.4045 458.41385 312.370971055829 483.120971055829 243.10145872448777 339.10145872448777
204 565.4045 458.41385 314.9622521925565 485.7122521925565 235.4924331110061 331.4924331110061
221 565.4045 458.41385 317.93779086333535 488.68779086333535 227.48702821623766 323.48702821623766
238 574.78046 454.4999 321.14000152904384 491.89000152904384 219.5695674640201 315.5695674640201
256 574.78046 454.4999 324.77475501321027 495.52475501321027 211.2893596734873 307.2893596734873
272 583.773 448.88727 328.2138763391684 498.9638763391684 204.0240686798987 300.02406867989873
289 572.7608 449.13193 332.0798074744846 502.8298074744846 196.40862946948707 292.4086294694871
306 572.7608 449.13193 336.16094923283765 506.91094923283765 188.90632183391858 284.9063218339186
323 555.6499 450.18964 340.4539940602396 511.2039940602396 181.52322600490484 277.5232260049048
340 555.6499 450.18964 344.9554626662418 515.7054626662418 174.26532559916362 270.2653255991636
357 538.3792 449.3014 349.6617068437197 520.4117068437197 167.13850276900726 263.13850276900723
375 538.3792 449.3014 354.8637457035903 525.6137457035903 159.7417422858324 255.7417422858324
391 523.6569 449.88394 359.6731023758233 530.4231023758233 153.30108260568883 249.30108260568883
408 523.6569 449.88394 364.97014001297055 535.7201400129705 146.601699784777 242.601699784777
425 513.9856 451.9095 370.45573236238414 541.2057323623842 140.05581447516937 236.05581447516937
442 513.9856 451.9095 376.12543363562395 546.875433635624 133.66873177782583 229.66873177782583
459 502.13425 450.30817 381.9746488335043 552.7246488335043 127.44562809241546 223.44562809241546
477 502.13425 450.30817 388.35832887425113 559.1083288742511 121.04079373995708 217.04079373995708
493 497.45135 450.50824 394.1925174146769 564.9425174146769 115.51139478609738 211.51139478609738
510 497.45135 450.50824 400.5512688483818 571.3012688483818 109.8099372430793 205.8099372430793
527 537.13464 453.36978 407.06973833256984 577.8197383325698 104.29179502905546 200.29179502905546
545 537.13464 453.36978 414.13986122421545 584.8898612242155 98.65383119074559 194.6538311907456
561 568.2198 452.82193 420.564574763276 591.314574763276 93.82319306962836 189.82319306962836
579 568.2198 452.82193 427.94408475446505 598.694084754465 88.5967118216947 184.5967118216947
596 593.92175 447.287 435.055298817712 605.805298817712 83.86691558325475 179.86691558325475
612 593.92175 447.287 441.86866770951156 612.6186677095116 79.60194042970028 175.60194042970028
629 617.3888 444.2199 449.2302797509776 619.9802797509776 75.27215913482809 171.2721591348281
647 634.63794 436.6287 457.15588471125693 627.9058847112569 70.91807370173689 166.9180737017369
663 634.63794 436.6287 464.3082388604396 635.0582388604396 67.24985358281685 163.24985358281685
680 620.05444 415.3213 472.0123660236304 642.7623660236304 63.563830988764266 159.56383098876427
697 620.05444 415.3213 479.81829571979983 650.5682957197998 60.09860379723074 156.09860379723074
714 594.31305 383.61914 487.71970164728384 658.4697016472838 56.85698039535282 152.85698039535282
731 594.31305 383.61914 495.7101801258791 666.4601801258791 53.84158795097835 149.84158795097835
748 594.31305 383.61914 503.783255286693 674.533255286693 51.0548702834833 147.0548702834833
765 569.89734 350.4899 511.93238432050157 682.6823843205016 48.49908588318232 144.49908588318232
782 569.89734 350.4899 520.1509627803556 690.9009627803556 46.176306080939696 142.1763060809397
799 555.4259 321.7036 528.4323299341439 699.1823299341439 44.08841336946284 140.08841336946284
816 555.4259 321.7036 536.7697741627716 707.5197741627716 42.23709987763954 138.23709987763954
833 545.1977 298.33722 545.156538399579 715.906538399579 40.62386599915499 136.623865999155
850 545.1977 298.33722 553.585825606595 724.335825606595 39.25001917650059 135.2500191765006
867 540.7188 276.09622 562.0508042831839 732.8008042831839 38.116672841359446 134.11667284135945
884 543.3692 257.04706 570.5446140026227 741.2946140026227 37.2247455122278 133.2247455122278
901 543.3692 257.04706 579.0603709721212 749.8103709721212 36.574960050003085 132.57496005000309
920 546.91284 239.67941 588.5954658516387 759.3454658516387 36.1359182678533 132.1359182678533
935 546.91284 239.67941 596.1301081479654 766.8801081479654 36.00372452586896 132.00372452586896
952 554.7648 223.42549 604.6702542165596 775.4202542165596 36.08273742076125 132.08273742076125
969 554.7648 223.42549 613.2046904715623 783.9546904715623 36.40481772096149 132.4048177209615
986 554.7648 223.42549 621.7265001944813 792.4765001944813 36.96970439707047 132.96970439707047
1004 558.39307 208.3681 630.7281551661815 801.4781551661815 37.831958255007294 133.8319582550073
1020 558.39307 208.3681 638.7046299331981 809.4546299331981 38.82586922049978 134.82586922049978
1037 568.9615 196.69994 647.1471900543268 817.8971900543268 40.115643042381976 136.11564304238198
1055 581.40546 186.6455 656.0424796955454 826.7924796955454 41.74263294520472 137.74263294520472
1071 581.40546 186.6455 663.9050950571935 834.6550950571935 43.41334787928315 139.41334787928315
1088 592.18 177.81563 672.2068585250034 842.9568585250034 45.41860627535635 141.41860627535635
1106 592.18 177.81563 680.9309353437416 851.6809353437416 47.79847131476845 143.79847131476845
1122 603.20886 171.31476 688.6223720999366 859.3723720999366 50.133810549576026 146.13381054957603
1140 603.20886 171.31476 697.1968778238853 867.9468778238853 53.006287796662775 149.00628779666278
1156 615.73425 164.28758 704.742950819005 875.492950819005 55.77554601295549 151.7755460129555
1173 615.73425 164.28758 712.6762698040402 883.4262698040402 58.93826443105149 154.9382644310515
1190 628.0931 159.57507 720.5163456946693 891.2663456946693 62.32552703375262 158.32552703375262
1208 628.0931 159.57507 728.7089106673807 899.4589106673807 66.15373198032523 162.15373198032523
1224 630.40765 186.01947 735.8914330094331 906.6414330094331 69.76252423287974 165.76252423287974
1242 630.40765 186.01947 743.8528662476037 914.6028662476037 74.05074702783952 170.05074702783952
1259 628.13214 247.34277 751.2501244418916 922.0001244418916 78.31934271231506 174.31934271231506
1276 628.13214 247.34277 758.5228774307536 929.2728774307536 82.79677522140798 178.79677522140798
1292 627.88434 288.04047 765.2488064458005 935.9988064458005 87.19835307494287 183.19835307494287
1309 627.88434 288.04047 772.263141470708 943.013141470708 92.0706669060545 188.0706669060545
1326 628.9441 322.87344 779.1359413283826 949.8859413283826 97.14067282585665 193.14067282585665
1344 628.9441 322.87344 786.2525668282935 957.0025668282935 102.71982289007568 198.71982289007568
1360 631.07697 351.87323 792.434774570124 963.184774570124 107.85716813378187 203.85716813378187
1377 631.07697 351.87323 798.8500299387413 969.6000299387413 113.49497235758312 209.49497235758312
1394 638.10187 368.13797 805.1022028442499 975.8522028442499 119.31310538030687 215.31310538030687
1411 638.10187 368.13797 811.1862262243785 981.9362262243785 125.30685190652298 221.30685190652298
1428 643.30023 380.95016 817.0971692933363 987.8471692933363 131.47135431515434 227.47135431515434
1445 650.6289 384.86566 822.8302415379586 993.5802415379586 137.80161659632608 233.80161659632608
1462 650.6289 384.86566 828.3807966001699 999.1307966001699 144.29250840037312 240.29250840037312
1479 657.6425 390.14844 833.7443360426164 1004.4943360426164 150.93876919572267 246.93876919572267
1497 657.6425 390.14844 839.2147089352587 1009.9647089352587 158.13934516994212 254.13934516994212
1513 657.6425 390.14844 843.8931356740757 1014.6431356740757 164.675730406883 260.67573040688296
1530 662.47205 394.90128 848.6701707867052 1019.4201707867052 171.7552977272204 267.7552977272204
1547 662.47205 394.90128 853.2437467928016 1023.9937467928016 178.96797687071094 274.9679768707109
1564 665.66113 398.49246 857.6101570459276 1028.3601570459277 186.30792233453255 282.3079223345326
1581 665.66113 398.49246 861.7658627967578 1032.5158627967578 193.76918547310373 289.76918547310373
1598 670.17346 402.55716 865.7074960610505 1036.4574960610505 201.34571931915121 297.3457193191512
1615 670.17346 402.55716 869.4318623492258 1040.1818623492259 209.03138348446487 305.03138348446487
1632 668.80005 406.82507 872.9359432553329 1043.6859432553329 216.8199491363638 312.8199491363638
1650 666.68536 412.32996 876.4028900120431 1047.1528900120431 225.17180845816728 321.1718084581673
1666 666.68536 412.32996 879.2720702485676 1050.0220702485676 232.6804577033056 328.6804577033056
1683 667.1376 414.62234 882.0989812329851 1052.8489812329851 240.73954649774532 336.7395464977453
1700 667.1376 414.62234 884.6953407916484 1055.4453407916485 248.87583895516212 344.8758389551621
1717 668.3988 418.91928 887.0590447096293 1057.8090447096292 257.08274103198784 353.08274103198784
1735 668.3988 418.91928 889.3060775952 1060.0560775952 265.8419714294728 361.8419714294728
1751 672.35474 420.01514 891.0810130930984 1061.8310130930984 273.6817171329047 369.6817171329047
1768 672.35474 420.01514 892.7360179615537 1063.4860179615537 282.0603385467098 378.0603385467098
1785 672.35474 420.01514 894.1518506369953 1064.9018506369953 290.4826752619944 386.4826752619944
1802 672.17285 423.9536 895.3273636603816 1066.0773636603817 298.94190141113677 394.94190141113677
1819 672.17285 423.9536 896.2616043392997 1067.0116043392995 307.4311612295389 403.4311612295389
1836 674.37854 425.74033 896.9538155200738 1067.703815520074 315.9435746118702 411.9435746118702
1853 674.2969 429.54675 897.4034362013994 1068.1534362013995 324.4722426880359 420.4722426880359
1870 674.2969 429.54675 897.6101019890048 1068.3601019890048 333.01025341435343 429.01025341435343
1887 676.3916 434.75354 897.5736453909749 1068.323645390975 341.5506871754069 437.5506871754069
1905 676.3916 434.75354 897.2700853553974 1068.0200853553974 350.5884482504665 446.5884482504665
1921 677.7259 436.73212 896.7716802368993 1067.5216802368993 358.6111411309172 454.6111411309172
1938 677.7259 436.73212 896.0068216320687 1066.7568216320687 367.1173347111916 463.1173347111916
1955 679.9899 439.56915 895.0001400172805 1065.7501400172805 375.5983093035911 471.5983093035911
1972 679.9899 439.56915 893.7524512558361 1064.5024512558361 384.04719151753216 480.04719151753216
1989 678.4408 443.65082 892.2647665348454 1063.0147665348454 392.4571339716405 488.4571339716405
2006 678.4408 443.65082 890.5382915457113 1061.2882915457112 400.8213208432003 496.8213208432003
2024 687.2177 441.58163 888.4515442264865 1059.2015442264865 409.6201139178652 505.6201139178652
2040 687.2177 441.58163 886.3747600303433 1057.1247600303432 417.385355454278 513.3853554542779
2057 693.40686 443.8824 883.9410778307275 1054.6910778307274 425.5717789017766 521.5717789017766
2075 693.40686 443.8824 881.1113627748334 1051.8613627748334 434.1604916486035 530.1604916486035
2091 696.1542 441.71176 878.3797408159044 1049.1297408159044 441.7202700970553 537.7202700970553
2108 696.1542 441.71176 875.2565931762647 1046.0065931762647 449.6692503292295 545.6692503292295
2125 700.98834 438.61084 871.9084395119482 1042.6584395119482 457.52610752219204 553.526107522192
2142 700.98834 438.61084 868.3379933280626 1039.0879933280626 465.2844741001809 561.2844741001809
2159 705.50653 439.14398 864.5481482862865 1035.2981482862865 472.9380623089762 568.9380623089762
2177 705.50653 439.14398 860.2996503355766 1031.0496503355766 480.92076480298647 576.9207648029865
2193 706.2058 441.79086 856.3227228435584 1027.0727228435585 487.90618221638465 583.9061822163847
2210 707.90106 441.6574 851.8938087238421 1022.6438087238421 495.20858302917645 591.2085830291765
2228 707.90106 441.6574 846.9798386747549 1017.7298386747549 502.79977346953126 598.7997734695313
2244 708.1846 438.16873 842.4215218060378 1013.1715218060378 509.42048008140796 605.420480081408
2262 708.1846 438.16873 837.0835164298949 1007.8335164298949 516.719724737489 612.719724737489
2279 708.1846 438.16873 831.8422069588121 1002.5922069588121 523.4627962141102 619.4627962141102
2296 710.28394 434.52563 826.4110765741736 997.1610765741736 530.0539388051589 626.0539388051589
2312 710.28394 434.52563 821.1299640822481 991.8799640822481 536.1137952031119 632.1137952031119
2329 712.3333 433.56628 815.3430576999276 986.0930576999276 542.394882086187 638.394882086187
2347 712.3333 433.56628 809.023524111755 979.773524111755 548.8630169930223 644.8630169930223
2363 714.3015 432.9328 803.2447303028227 973.9947303028227 554.4502838409564 650.4502838409564
2380 714.3015 432.9328 796.9431143556885 967.6931143556885 560.2148284340103 656.2148284340103
2398 714.43506 433.6154 790.0948566711968 960.8448566711968 566.1203039129076 662.1203039129076
2414 715.0076 435.73822 783.8605094916655 954.6105094916655 571.1942495138428 667.1942495138428
2431 715.0076 435.73822 777.0901233483269 947.8401233483269 576.4002277485814 672.4002277485814
2448 717.5949 436.2641 770.1742900189863 940.9242900189863 581.4113740517007 677.4113740517007
2465 717.5949 436.2641 763.1186144283101 933.8686144283101 586.2236271487043 682.2236271487043
2482 714.1126 436.1192 755.9288148358737 926.6788148358737 590.8330869577367 686.8330869577367
2499 714.1126 436.1192 748.6107182018081 919.3607182018081 595.2360177503971 691.2360177503971
2516 714.1126 436.1192 741.17025546435 911.92025546435 599.4288511793545 695.4288511793545
2533 715.02344 438.18915 733.6134567331254 904.3634567331254 603.4081891703074 699.4081891703074
2551 715.02344 438.18915 725.4921459641587 896.2421459641587 607.3853219740902 703.3853219740902
2567 714.706 438.18042 718.1754381858558 888.9254381858558 610.7136542896951 706.7136542896951
2584 712.79443 440.4361 710.3067300841386 881.0567300841386 614.0338607170812 710.0338607170812
2602 712.79443 440.4361 701.8757557291436 872.6257557291436 617.3037147460062 713.3037147460062
2618 713.99854 438.01935 694.3017969577133 865.0517969577133 619.9957692114392 715.9957692114392
2635 713.99854 438.01935 686.178543102233 856.928543102233 622.6326394604092 718.6326394604092
2652 714.7518 434.2829 677.9835211872297 848.7335211872297 625.0372088029525 721.0372088029525
2669 714.7518 434.2829 669.7233728534557 840.4733728534557 627.2075284601758 723.2075284601758
2687 715.4863 433.97742 660.9137884500344 831.6637884500344 629.2482382837565 725.2482382837565
2703 715.4863 433.97742 653.0345219750633 823.7845219750633 630.8385742647915 726.8385742647915
2720 716.64795 436.0213 644.6193448795832 815.3693448795832 632.296357637651 728.296357637651
2737 716.64795 436.0213 636.1660813019316 806.9160813019316 633.5140081610913 729.5140081610913
2755 715.64355 432.44754 627.1816681050749 797.9316681050749 634.5404551656717 730.5404551656717
2771 715.64355 432.44754 619.1727237438794 789.9227237438794 635.2251587040392 731.2251587040392
2788 717.0359 428.5805 610.6464019995067 781.3964019995067 635.7172719246712 731.7172719246712
2805 717.0359 428.5805 602.1095270833351 772.8595270833351 635.9664798220608 731.9664798220608
2822 715.6099 430.3218 593.5690176902656 764.3190176902656 635.9725804261168 731.9725804261168
2839 715.6099 430.3218 585.0317954607539 755.7817954607539 635.7355687926154 731.7355687926154
2856 718.54315 428.21194 576.5047793711809 747.2547793711809 635.2556370072082 731.2556370072082
2873 718.54315 428.21194 567.9948801263789 738.7448801263789 634.5331740297464 730.5331740297464
2890 716.6778 430.36145 559.5089945588649 730.2589945588649 633.5687653790487 729.5687653790487
2907 716.6778 430.36145 551.0540000393138 721.8040000393138 632.3631926583694 728.3631926583694
2925 716.22797 434.31436 542.1429378468152 712.8929378468152 630.8249324247021 726.8249324247021
2941 716.22797 434.31436 534.2640628953682 705.0140628953682 629.232657883161 725.232657883161
2959 715.5946 430.94736 525.4549808532626 696.2049808532626 627.189780618001 723.189780618001
2976 715.6666 428.16956 517.1953667532769 687.9453667532769 625.0174287059479 721.0174287059479
2992 715.6666 428.16956 509.48103837910116 680.2310383791012 622.7588569334407 718.7588569334407
3009 716.51196 427.4686 501.3540257094023 672.1040257094023 620.1335944747455 716.1335944747455
3026 716.51196 427.4686 493.3050356774336 664.0550356774336 617.278056456131 713.278056456131
3043 716.51196 427.4686 485.3405915726703 656.0905915726703 614.1945571432422 710.1945571432422
3060 715.1779 424.71042 477.46714816449344 648.2171481644934 610.8855955525434 706.8855955525434
3078 715.1779 424.71042 469.2368388259649 639.9868388259649 607.1392263586182 703.1392263586182
3094 714.37537 428.12503 462.0187085871838 632.7687085871838 603.6021930576474 699.6021930576474
3111 714.37537 428.12503 454.4562325780845 625.2062325780845 599.6336549738851 695.6336549738851
3128 713.97034 428.0813 447.00978743869564 617.7597874386956 595.4514554692516 691.4514554692516
3146 713.97034 428.0813 439.2584910195917 610.0084910195917 590.7941302961241 686.7941302961241
3162 713.2844 432.14355 432.4890306732291 603.2390306732291 586.4598004361334 682.4598004361334
3179 713.0165 432.34155 425.4264873683203 596.1764873683203 581.6576321782761 677.6576321782761
3197 713.0165 432.34155 418.1007341971813 588.8507341971813 576.3560650118047 672.3560650118047
3213 711.86676 435.35184 411.72568540279684 582.4756854027969 571.4600705688548 667.4600705688548
3231 711.86676 435.35184 404.71350519699024 575.4635051969902 565.7502016818883 661.7502016818883
3247 709.03345 437.17563 398.6274083925641 569.3774083925641 560.4993508552757 656.4993508552757
3264 709.03345 437.17563 392.31756349239276 563.0675634923928 554.7438148032415 650.7438148032415
3282 709.03345 437.17563 385.818018823778 556.568018823778 548.4565902131905 644.4565902131905
3298 706.2355 438.56586 380.2020257696452 550.9520257696452 542.7057093474355 638.7057093474355
3315 706.2355 438.56586 374.4061519627961 545.1561519627961 536.4328962045494 632.4328962045494
3333 703.703 442.50333 368.4666251188419 539.2166251188419 529.6141503656863 625.6141503656863
3349 703.703 442.50333 363.3616769287074 534.1116769287074 523.4051639192346 619.4051639192346
3366 704.25055 441.7853 358.12202667636814 528.8720266763681 516.6608030789737 612.6608030789737
3383 704.70917 444.28357 353.07648117741576 523.8264811774158 509.7700260162269 605.7700260162269
3400 704.70917 444.28357 348.2291295851123 518.9791295851123 502.7384173488538 598.7384173488538
3417 701.21356 445.1015 343.58390042682595 514.333900426826 495.5716758314352 591.5716758314352
3434 701.21356 445.1015 339.144558420162 509.894558420162 488.2756097367269 584.2756097367269
3451 699.4492 444.82626 334.91470142185455 505.66470142185455 480.85613214835485 576.8561321483548
3468 699.4492 444.82626 330.8977575118902 501.6477575118902 473.3192561685689 569.3192561685689
3485 699.1434 442.28052 327.0969822152257 497.8469822152257 465.6710900449318 561.6710900449318
3502 699.1434 442.28052 323.5154558633554 494.2654558633554 457.9178322199049 553.9178322199049
3519 699.1434 442.28052 320.1560810978608 490.9060810978608 450.06576630732854 546.0657663073285
3536 698.9092 442.1665 317.0215805179704 487.7715805179704 442.1212559998803 538.1212559998803
3553 696.67993 437.53516 314.1144944740342 484.8644944740342 434.0907399116313 530.0907399116313
3571 696.67993 437.53516 311.28689266404376 482.03689266404376 425.5013312038564 521.5013312038564
3587 695.70917 438.28638 308.9918039474663 479.7418039474663 417.79778809050777 513.7977880905078
3604 695.70917 438.28638 306.780351140146 477.530351140146 409.5485569510936 505.5485569510936
3621 694.5941 438.80682 304.80461285468476 475.55461285468476 401.23971851615926 497.23971851615926
3638 694.5941 438.80682 303.06619032461737 473.81619032461737 392.87800666884965 488.87800666884965
3655 693.0288 439.4201 301.5664924513526 472.3164924513526 384.4701981434725 480.4701981434725
3672 693.0288 439.4201 300.30673466233077 471.05673466233077 376.02310703330426 472.02310703330426
3689 696.05396 438.3454 299.28793792598333 470.03793792598333 367.5435792681223 463.5435792681223
3706 696.05396 438.3454 298.5109279242903 469.2609279242903 359.03848706593226 455.03848706593226
3723 697.6648 439.40274 297.97633438360816 468.72633438360816 350.5147233633919 446.5147233633919
3740 697.6648 439.40274 297.68459056430925 468.43459056430925 341.9791962294431 437.9791962294431
3757 688.95276 443.04095 417.64906576024066 588.3990657602407 333.056686471707 429.056686471707
3774 688.95276 443.04095 417.99123095517183 588.7412309551719 324.5235450269113 420.5235450269113
3791 691.2798 445.0923 418.73774721758974 589.4877472175897 316.01623679178385 412.01623679178385
3808 691.2798 445.0923 419.88693415828243 590.6369341582824 307.553911501838 403.553911501838
3825 688.77313 449.09177 421.43620498653286 592.1862049865329 299.15561763711503 395.15561763711503
3842 688.77313 449.09177 423.3820723329198 594.1320723329197 290.84025954453836 386.84025954453836
3859 688.33887 449.8908 425.72015609929747 596.4701560992975 282.62655488470796 378.62655488470796
3877 688.33887 449.8908 428.61741332353733 599.3674133235373 274.0610328969076 370.0610328969076
3893 692.1334 445.70306 431.55105000007745 602.3010500000775 266.5777907912517 362.5777907912517
3910 692.1334 445.70306 435.03073493989234 605.7807349398923 258.7788567193968 354.7788567193968
3927 693.8094 449.2281 438.876415455004 609.626415455004 251.15374548655507 347.15374548655507
3945 694.7769 449.25128 443.3376014504479 614.0876014504479 243.28862718732034 339.28862718732034
3961 694.7769 449.25128 447.6303327319572 618.3803327319572 236.49321736108072 332.4932173610807
3978 696.04553 449.45947 452.518864647575 623.268864647575 229.49080094619188 325.4908009461919
3995 696.04553 449.45947 457.734026801152 628.484026801152 222.7281340425647 318.7281340425647
4012 696.10364 446.53506 463.26407999467915 634.0140799946792 216.22043924223226 312.22043924223226
4029 696.10364 446.53506 469.09657621838664 639.8465762183866 209.98236520147657 305.98236520147657
4047 696.10364 446.53506 475.5872116294033 646.3372116294033 203.6868177027948 299.68681770279477
4063 696.4218 441.66357 481.6157313118342 652.3657313118342 198.37060786867886 294.37060786867886
4080 696.4218 441.66357 488.27420988032543 659.0242098803254 193.0230623484931 289.0230623484931
4097 696.1422 439.62964 495.1788343096449 665.9288343096449 187.9973542961332 283.9973542961332
4114 696.1422 439.62964 502.31406246496294 673.064062464963 183.30479645322103 279.304796453221
4131 695.98676 440.19797 509.66383312829794 680.4138331282979 178.95595164869005 274.9559516486901
4148 695.98676 440.19797 517.2116021519138 687.9616021519138 174.9606090221234 270.96060902212344
4165 696.4679 441.83337 524.9403796987771 695.6903796987771 171.32776198864897 267.32776198864894
4182 692.0532 440.93286 532.8327684862486 703.5827684862486 168.06558799499004 264.06558799499004
4199 692.0532 440.93286 540.8710029469295 711.6210029469295 165.1814301122385 261.1814301122385
4216 691.6312 437.87012 549.0369892185008 719.7869892185008 162.68178050678887 258.68178050678887
4233 691.6312 437.87012 557.3123458725511 728.0623458725511 160.57226582663537 256.5722658266354
4250 692.1974 436.91705 565.678445290706 736.428445290706 158.85763453593017 254.85763453593017
4267 692.1974 436.91705 574.1164555949256 744.8664555949256 157.54174622631027 253.54174622631027
4284 692.1974 436.91705 582.6073830375866 753.3573830375866 156.6275629290547 252.6275629290547
4301 688.5745 439.08844 591.132114755926 761.882114755926 156.1171424476271 252.1171424476271
4319 688.6046 438.10516 600.1738207000526 770.9238207000526 156.01804670179018 252.01804670179018
4335 688.6046 438.10516 608.206202299593 778.956202299593 156.31127426047263 252.31127426047263
4352 688.561 437.8211 616.7171247860152 787.4671247860152 157.01538956894865 253.01538956894865
4369 688.561 437.8211 625.1850713827765 795.9350713827765 158.12239470530233 254.12239470530233
4386 689.1896 439.7733 633.5909809564164 804.3409809564164 159.6297978289907 255.6297978289907
4404 689.1896 439.7733 642.4027122819134 813.1527122819134 161.65850613580778 257.6585061358078
4420 692.4712 442.9999 650.1411853111272 820.8911853111272 163.83133188536496 259.831331885365
4437 692.4712 442.9999 658.2482260010909 828.9982260010909 166.5160052712332 262.5160052712332
4454 693.0486 443.90955 666.2188053437343 836.9688053437343 169.58218283949915 265.5821828394992
4472 693.0486 443.90955 674.4895705675439 845.2395705675439 173.23686599396328 269.2368659939633
4488 692.2958 441.53918 681.6791612546845 852.4291612546845 176.83059975054408 272.8305997505441
4505 692.2958 441.53918 689.1341369531456 859.8841369531456 180.99652309031762 276.9965230903176
4522 693.00024 438.75082 696.3831279004737 867.1331279004737 185.51135533338842 281.51135533338845
4539 693.00024 438.75082 703.4098168015221 874.1598168015221 190.36493370665013 286.36493370665016
4556 691.0792 440.27765 710.1983867574248 880.9483867574248 195.54633292803192 291.5463329280319
4573 691.0792 440.27765 716.733556869033 887.483556869033 201.0438897990301 297.0438897990301
4590 691.90015 437.4239 723.0006166338345 893.7506166338345 206.8452294582745 302.8452294582745
4607 691.90015 437.4239 728.9854590589218 899.7354590589218 212.9372932370277 308.9372932370277
4624 690.29865 438.5024 734.6746124154753 905.4246124154753 219.30636805391646 315.30636805391646
4642 690.29865 438.5024 740.3619103211945 911.1119103211945 226.33608418463587 322.33608418463587
4658 690.8246 438.21982 745.1153217770493 915.8653217770493 232.81761302381858 328.8176130238186
4675 690.8246 438.21982 749.8433760095571 920.5933760095571 239.9293697063817 335.9293697063817
4693 690.6196 436.3101 754.4758707295014 925.2258707295014 247.69482262405427 343.69482262405427
4709 690.6196 436.3101 758.2616938824929 929.0116938824929 254.78514557975075 350.78514557975075
4726 690.82556 432.2448 761.9330081024611 932.6830081024611 262.4957247950736 358.4957247950736
4743 692.02374 434.24274 765.2344691549205 935.9844691549205 270.3717602734482 366.3717602734482
4761 692.02374 434.24274 768.3187615671286 939.0687615671286 278.8717253711941 374.8717253711941
4777 691.8985 433.84576 770.6989549944915 941.4489549944915 286.5489524624127 382.5489524624127
4794 691.8985 433.84576 772.8496793622878 943.5996793622878 294.8136947228397 390.8136947228397
4812 691.8985 433.84576 774.6969169040786 945.4469169040786 303.6652471183856 399.6652471183856
4828 693.13306 433.33722 775.9638957607996 946.7138957607996 311.60249482388303 407.60249482388303
4845 693.13306 433.33722 776.9203777692248 947.6703777692248 320.08876150040663 416.08876150040663
4862 693.112 436.10916 777.47327042036 948.22327042036 328.6108439720703 424.6108439720703
4880 693.112 436.10916 777.6174195110625 948.3674195110625 337.6519438712278 433.6519438712278
4896 693.6945 435.2716 777.3642207321774 948.1142207321774 345.68568689301895 441.68568689301895
4913 692.0097 437.15784 776.7025238609478 947.4525238609478 354.200012303063 450.200012303063
4930 692.0097 437.15784 775.6377280160616 946.3877280160616 362.6733699460652 458.6733699460652
4947 691.3524 434.02197 774.1722300260149 944.9222300260149 371.0866865084376 467.0866865084376
4964 691.3524 434.02197 772.3093286896907 943.0593286896907 379.4210238275436 475.4210238275436
4981 690.9536 436.7964 770.0532173508461 940.8032173508461 387.65762152102405 483.65762152102405
4998 690.9536 436.7964 767.4089744590015 938.1589744590015 395.77793921594457 491.77793921594457
5015 689.231 441.6875 764.3825521379785 935.1325521379785 403.7636982827043 499.7636982827043
5033 689.231 441.6875 760.7691273551981 931.5191273551981 412.05257201114836 508.05257201114836
5050 689.231 441.6875 756.9782545820084 927.7282545820084 419.70507902225296 515.7050790222529
5066 689.0768 440.46292 753.0825400722103 923.8325400722103 426.73562274375536 522.7356227437554
5083 689.0768 440.46292 748.6038854061801 919.3538854061801 434.00702098068035 530.0070209806804
5100 691.3767 436.12744 743.7853810904619 914.5353810904619 441.057807893992 537.057807893992
5117 692.6347 435.57822 738.6378734563121 909.3878734563121 447.8721123408068 543.8721123408068
5134 692.6347 435.57822 733.1729494131282 903.9229494131282 454.4345954942897 550.4345954942896
5151 692.9207 439.16638 727.4029103666112 898.1529103666112 460.73048537096236 556.7304853709624
5168 692.9207 439.16638 721.3407445286122 892.0907445286122 466.7456100820642 562.7456100820642
5185 692.35455 442.19107 715.0000976809954 885.7500976809954 472.46642973411736 568.4664297341174
5203 692.35455 442.19107 707.9988084758055 878.7488084758055 478.1886859160961 574.1886859160961
5219 693.1678 446.1034 701.5410462255444 872.2910462255444 482.9743356401059 578.9743356401059
5236 693.1678 446.1034 694.4529376018812 865.2029376018812 487.73776886380733 583.7377688638073
5253 691.8015 445.51755 687.1468717414465 857.8968717414465 492.15964421036574 588.1596442103657
5271 691.8015 445.51755 679.1917557803298 849.9417557803298 496.45829474187997 592.45829474188
5287 690.02606 444.37738 671.9471049847989 842.6971049847989 499.93969839739407 595.9396983973941
5304 690.02606 444.37738 664.0876183788416 834.8376183788416 503.28036453280606 599.2803645328061
5321 690.0103 445.26532 656.0785261011198 826.8285261011198 506.2444868016163 602.2444868016163
5338 690.0103 445.26532 647.9378564156366 818.6878564156366 508.8253930396211 604.8253930396211
5355 687.2045 443.47952 639.6839337638094 810.4339337638094 511.01727369220305 607.017273692203
5372 687.2045 443.47952 631.335337516615 802.085337516615 512.8151948914908 608.8151948914908
5390 689.5999 445.0041 622.413344134101 793.163344134101 514.2849909417206 610.2849909417206
5406 689.5999 445.0041 614.4294649579773 785.1794649579773 515.2138665323532 611.2138665323532
5424 691.4076 447.44968 605.4083442119403 776.1583442119403 515.8316422459586 611.8316422459586
5440 691.4076 447.44968 597.3723718445073 768.1223718445073 515.9998227193989 611.9998227193989
5457 689.2268 448.19913 588.8350690108309 759.5850690108309 515.7852527689789 611.7852527689789
5474 689.2268 448.19913 580.317552089333 751.067552089333 515.1659907650433 611.1659907650433
5491 689.2396 451.03906 571.8389937950213 742.5889937950213 514.1434306506889 610.1434306506889
5508 686.9678 454.0939 563.4184791480179 734.1684791480179 512.7198741828516 608.7198741828516
5525 686.9678 454.0939 555.0749625136663 725.8249625136663 510.8985257511097 606.8985257511097
5542 686.9678 454.0939 546.8272249367301 717.5772249367301 508.68348516468336 604.6834851646834
5559 686.36804 454.71408 538.6938318657412 709.4438318657412 506.079738423869 602.079738423869
5576 686.36804 454.71408 530.6930913626405 701.4430913626405 503.0931464966776 599.0931464966776
5593 686.8367 449.24338 522.843012891798 693.593012891798 499.7304321259451 595.7304321259451
5610 686.8367 449.24338 515.1612667811617 685.9112667811617 495.99916469660786 591.9991646966079
5627 684.8105 451.33807 507.6651444467964 678.4151444467964 491.90774319720856 587.9077431972086
5644 684.8105 451.33807 500.37151947034613 671.1215194703461 487.4653773139863 583.4653773139863
5661 688.2969 452.25214 493.29680961702684 664.0468096170268 482.6820667001052 578.6820667001052
5678 689.38635 452.5076 486.4569398796541 657.2069398796541 477.56857846668925 573.5685784666892
5695 689.38635 452.5076 479.86730663188473 650.6173066318847 472.13642294632587 568.1364229463259
5712 691.39453 452.3328 473.54274297137306 644.2927429713731 466.3978277836013 562.3978277836013
5729 691.39453 452.3328 467.4974853308397 638.2474853308397 460.36571041097886 556.3657104109789
5746 693.54156 451.3438 461.7451414322254 632.4951414322254 454.0536489719888 550.0536489719889
5763 693.54156 451.3438 456.29865965604995 627.04865965605 447.47585175716756 543.4758517571676
5781 694.35046 449.25345 450.87878898296606 621.6287889829661 440.23794679551276 536.2379467955127
5798 694.35046 449.25345 446.09983091410595 616.849830914106 433.16029607556385 529.1602960755638
5814 694.35046 449.25345 441.9133795805666 612.6633795805666 426.29889958551144 522.2988995855114
5831 695.92816 449.1509 437.80565612063515 608.5556561206351 418.8116979778178 514.8116979778179
5848 695.92816 449.1509 434.05768195865755 604.8076819586576 411.1380893339877 507.1380893339877
5865 694.6847 447.85303 430.67789368960894 601.4278936896089 403.295346752855 499.295346752855
5882 692.91907 444.35062 427.67389913133843 598.4238991313384 395.30112404946493 491.30112404946493
5902 692.91907 444.35062 424.6300228655232 595.3800228655232 385.7266315593751 481.7266315593751
5916 690.14795 446.1792 422.8194776869708 593.5694776869708 378.9305179198789 474.9305179198789
5934 690.14795 446.1792 420.8841188838897 591.6341188838896 370.0978143331939 466.0978143331939
5950 689.8577 449.94647 419.53810174796206 590.2881017479621 362.1735872774116 458.1735872774116
5967 689.8577 449.94647 418.4970946157316 589.2470946157316 353.69727415859836 449.69727415859836
5984 690.3762 450.39297 417.85929986469176 588.6092998646918 345.18112492358273 441.18112492358273
6001 690.3762 450.39297 417.6286526131048 588.3786526131048 337.1467028281774 433.1467028281774
6018 690.3762 450.39297 417.6286526131048 588.3786526131048 337.1467028281774 433.1467028281774
6035 687.44196 450.98004 417.6286526131048 588.3786526131048 337.1467028281774 433.1467028281774
6052 686.49225 456.53232 417.6286526131048 588.3786526131048 337.1467028281774 433.1467028281774
6069 686.49225 456.53232 417.6286526131048 588.3786526131048 337.1467028281774 433.1467028281774
6086 685.8594 453.76978 417.6286526131048 588.3786526131048 337.1467028281774 433.1467028281774
6103 685.8594 453.76978 417.6286526131048 588.3786526131048 337.1467028281774 433.1467028281774
6121 684.1163 455.52005 417.6286526131048 588.3786526131048 337.1467028281774 433.1467028281774
6138 684.1163 455.52005 417.6286526131048 588.3786526131048 337.1467028281774 433.1467028281774
6154 682.19995 457.5215 417.6286526131048 588.3786526131048 337.1467028281774 433.1467028281774
6171 682.19995 457.5215 417.6286526131048 588.3786526131048 337.1467028281774 433.1467028281774
6189 680.08154 457.27798 417.6286526131048 588.3786526131048 337.1467028281774 433.1467028281774
