2 645.2712 232.27397 297.6266827034936 468.3766827034936 334.9952018786457 430.9952018786457
18 678.1241 226.86473 297.76128878990846 468.51128878990846 326.9581694712406 422.9581694712406
34 678.1241 226.86473 298.1111703954607 468.8611703954607 318.92762829531256 414.92762829531256
51 672.4038 220.68547 298.7185140048509 469.4685140048509 310.4087391863609 406.4087391863609
69 672.4038 220.68547 299.62561216007174 470.37561216007174 301.41149255853884 397.41149255853884
85 677.421 217.44913 300.6592573431978 471.4092573431978 293.44006945149073 389.44006945149073
102 677.421 217.44913 301.9910842002114 472.7410842002114 285.00404105339845 381.00404105339845
119 679.4567 215.78955 303.56250703184975 474.31250703184975 276.6093422383909 372.6093422383909
137 679.4567 215.78955 305.4860993111701 476.2360993111701 267.7734457537099 363.7734457537099
154 682.2425 210.87216 307.54658317776153 478.29658317776153 259.4852165009684 355.4852165009684
170 682.2425 210.87216 309.7006512552929 480.4506512552929 251.74105744826687 347.7410574482669
187 680.60974 209.3382 312.21579703666407 482.96579703666407 243.57929418234613 339.57929418234613
204 680.60974 209.3382 314.9622521925565 485.7122521925565 235.4924331110061 331.4924331110061
221 681.55396 205.3625 317.93779086333535 488.68779086333535 227.48702821623766 323.48702821623766
238 681.55396 205.3625 321.14000152904384 491.89000152904384 219.5695674640201 315.5695674640201
256 682.19586 204.79233 324.77475501321027 495.52475501321027 211.2893596734873 307.2893596734873
273 682.19586 204.79233 328.4352697116431 499.1852697116431 203.57308012612515 299.57308012612515
289 639.34375 213.03076 332.0798074744846 502.8298074744846 196.40862946948707 292.4086294694871
307 639.34375 213.03076 336.4076486363828 507.1576486363828 188.46866317091627 284.4686631709163
323 600.04456 214.93071 340.4539940602396 511.2039940602396 181.52322600490484 277.5232260049048
340 600.04456 214.93071 344.9554626662418 515.7054626662418 174.26532559916362 270.2653255991636
357 517.19305 214.89738 349.6617068437197 520.4117068437197 167.13850276900726 263.13850276900723
375 517.19305 214.89738 354.8637457035903 525.6137457035903 159.7417422858324 255.7417422858324
391 500.0852 216.23679 359.6731023758233 530.4231023758233 153.30108260568883 249.30108260568883
408 500.0852 216.23679 364.97014001297055 535.7201400129705 146.601699784777 242.601699784777
425 432.30283 207.85008 370.45573236238414 541.2057323623842 140.05581447516937 236.05581447516937
442 432.30283 207.85008 376.12543363562395 546.875433635624 133.66873177782583 229.66873177782583
459 456.59207 197.40323 381.9746488335043 552.7246488335043 127.44562809241546 223.44562809241546
476 456.59207 197.40323 387.9986374701024 558.7486374701024 121.39154692211227 217.39154692211227
493 365.27365 157.92259 394.1925174146769 564.9425174146769 115.51139478609738 211.51139478609738
510 365.27365 157.92259 400.5512688483818 571.3012688483818 109.8099372430793 205.8099372430793
527 365.27365 157.92259 407.06973833256984 577.8197383325698 104.29179502905546 200.29179502905546
544 296.00836 142.13669 413.7426429853873 584.4926429853873 98.96144031244515 194.96144031244515
561 401.05475 136.6665 420.564574763276 591.314574763276 93.82319306962836 189.82319306962836
578 401.05475 136.6665 427.53000484391305 598.280004843913 88.88121758382923 184.88121758382923
596 427.16165 127.137344 435.055298817712 605.805298817712 83.86691558325475 179.86691558325475
612 427.16165 127.137344 441.86866770951156 612.6186677095116 79.60194042970028 175.60194042970028
629 450.06555 122.179115 449.2302797509776 619.9802797509776 75.27215913482809 171.2721591348281
647 450.06555 122.179115 457.15588471125693 627.9058847112569 70.91807370173689 166.9180737017369
663 470.4539 114.89421 464.3082388604396 635.0582388604396 67.24985358281685 163.24985358281685
680 470.4539 114.89421 472.0123660236304 642.7623660236304 63.563830988764266 159.56383098876427
698 486.48312 102.850746 480.2805035702502 651.0305035702502 59.90170381248561 155.9017038124856
714 486.48312 102.850746 487.71970164728384 658.4697016472838 56.85698039535282 152.85698039535282
731 546.4492 98.79628 495.7101801258791 666.4601801258791 53.84158795097835 149.84158795097835
749 543.1707 78.94913 504.26057476416406 675.0105747641641 50.89811628054434 146.89811628054434
766 543.1707 78.94913 512.4139724557664 683.1639724557664 48.355982532478436 144.35598253247844
782 585.502 72.83614 520.1509627803556 690.9009627803556 46.176306080939696 142.1763060809397
799 585.502 72.83614 528.4323299341439 699.1823299341439 44.08841336946284 140.08841336946284
816 585.502 72.83614 536.7697741627716 707.5197741627716 42.23709987763954 138.23709987763954
833 626.6543 65.7649 545.156538399579 715.906538399579 40.62386599915499 136.623865999155
850 626.6543 65.7649 553.585825606595 724.335825606595 39.25001917650059 135.2500191765006
867 666.34485 58.2085 562.0508042831839 732.8008042831839 38.116672841359446 134.11667284135945
885 666.34485 58.2085 571.0450007018427 741.7950007018427 37.17981387243941 133.1798138724394
902 664.2104 57.13848 579.5618339036334 750.3118339036334 36.54429036905128 132.54429036905128
919 669.3909 53.902267 588.0933063658551 758.8433063658551 36.151460206215404 132.1514602062154
935 669.3909 53.902267 596.1301081479654 766.8801081479654 36.00372452586896 132.00372452586896
952 625.20245 47.660133 604.6702542165596 775.4202542165596 36.08273742076125 132.08273742076125
969 625.20245 47.660133 613.2046904715623 783.9546904715623 36.40481772096149 132.4048177209615
987 590.8831 44.70067 622.2272422323567 792.9772422323567 37.01048567359351 133.0104856735935
1003 590.8831 44.70067 630.2287768999744 800.9787768999744 37.77693963769889 133.7769396376989
1020 620.61285 43.132557 638.7046299331981 809.4546299331981 38.82586922049978 134.82586922049978
1037 620.61285 43.132557 647.1471900543268 817.8971900543268 40.115643042381976 136.11564304238198
1054 649.53406 42.540226 655.5496150057149 826.2996150057149 41.645215808474234 137.64521580847423
1072 649.53406 42.540226 664.3949870000625 835.1449870000625 43.52475517402934 139.52475517402934
1088 649.53406 42.540226 672.2068585250034 842.9568585250034 45.41860627535635 141.41860627535635
1105 676.6712 40.59018 680.4481772598931 851.1981772598931 47.65936583863811 143.6593658386381
1123 676.6712 40.59018 689.1009748533495 859.8509748533495 50.286601601133555 146.28660160113355
1140 698.7158 37.640205 697.1968778238853 867.9468778238853 53.006287796662775 149.00628779666278
1156 671.7111 37.018524 704.742950819005 875.492950819005 55.77554601295549 151.7755460129555
1174 671.7111 37.018524 713.1400943092397 883.8900943092397 59.13132537838908 155.13132537838908
1190 651.68463 36.52534 720.5163456946693 891.2663456946693 62.32552703375262 158.32552703375262
1207 651.68463 36.52534 728.2568245155068 899.0068245155068 65.93458862018292 161.93458862018292
1224 639.4457 37.313755 735.8914330094331 906.6414330094331 69.76252423287974 165.76252423287974
1241 639.4457 37.313755 743.413983721744 914.163983721744 73.80623152831976 169.80623152831976
1258 675.9455 45.343643 750.8183800147626 921.5683800147626 78.06243329120804 174.06243329120804
1275 675.9455 45.343643 758.0986210088488 928.8486210088488 82.52768009049117 178.52768009049117
1292 621.43713 45.873833 765.2488064458005 935.9988064458005 87.19835307494287 183.19835307494287
1310 621.43713 45.873833 772.671396715908 943.421396715908 92.36346949445999 188.36346949446
1326 581.6343 45.451027 779.1359413283826 949.8859413283826 97.14067282585665 193.14067282585665
1344 581.6343 45.451027 786.2525668282935 957.0025668282935 102.71982289007568 198.71982289007568
1360 641.71295 49.14464 792.434774570124 963.184774570124 107.85716813378187 203.85716813378187
1378 641.71295 49.14464 799.2223693489477 969.9723693489477 113.83226905874935 209.83226905874935
1395 695.5602 51.901215 805.4647900584413 976.2147900584413 119.66086422363836 215.66086422363836
1411 695.5602 51.901215 811.1862262243785 981.9362262243785 125.30685190652298 221.30685190652298
1428 684.3167 48.191673 817.0971692933363 987.8471692933363 131.47135431515434 227.47135431515434
1446 684.3167 48.191673 823.1618418139614 993.9118418139614 138.17903805565956 234.17903805565956
1462 721.77655 50.503162 828.3807966001699 999.1307966001699 144.29250840037312 240.29250840037312
1480 728.4962 103.51333 834.0539206730178 1004.8039206730178 151.33444969515332 247.33444969515332
1497 728.4962 103.51333 839.2147089352587 1009.9647089352587 158.13934516994212 254.13934516994212
1513 728.4962 103.51333 843.8931356740757 1014.6431356740757 164.675730406883 260.67573040688296
1531 724.90857 144.7652 848.9448737571439 1019.6948737571439 172.1759448228275 268.1759448228275
1547 724.90857 144.7652 853.2437467928016 1023.9937467928016 178.96797687071094 274.9679768707109
1564 721.8358 179.1942 857.6101570459276 1028.3601570459277 186.30792233453255 282.3079223345326
1581 721.8358 179.1942 861.7658627967578 1032.5158627967578 193.76918547310373 289.76918547310373
1599 718.5163 207.40787 865.9326210713034 1036.6826210713034 201.79485674886422 297.7948567488642
1615 718.5163 207.40787 869.4318623492258 1040.1818623492259 209.03138348446487 305.03138348446487
1632 717.74493 230.39386 872.9359432553329 1043.6859432553329 216.8199491363638 312.8199491363638
1650 717.74493 230.39386 876.4028900120431 1047.1528900120431 225.17180845816728 321.1718084581673
1667 725.5294 246.93121 879.4447010204906 1050.1947010204906 233.15226732338112 329.1522673233811
1683 725.5294 246.93121 882.0989812329851 1052.8489812329851 240.73954649774532 336.7395464977453
1701 723.1746 261.74915 884.84084210631 1055.59084210631 249.35670803135872 345.3567080313587
1717 719.0598 250.81776 887.0590447096293 1057.8090447096292 257.08274103198784 353.08274103198784
1734 719.0598 250.81776 889.1881773273444 1059.9381773273444 265.35360145921436 361.35360145921436
1751 724.58636 243.80292 891.0810130930984 1061.8310130930984 273.6817171329047 369.6817171329047
1769 724.58636 243.80292 892.8259350518042 1063.5759350518042 282.55462653755245 378.55462653755245
1786 722.2312 238.84016 894.2276611419293 1064.9776611419293 290.97932248926173 386.97932248926173
1802 722.2312 238.84016 895.3273636603816 1066.0773636603817 298.94190141113677 394.94190141113677
1820 722.2312 238.84016 896.3090288345896 1067.0590288345898 307.9313178232743 403.9313178232743
1836 728.7544 239.71722 896.9538155200738 1067.703815520074 315.9435746118702 411.9435746118702
1853 728.7544 239.71722 897.4034362013994 1068.1534362013995 324.4722426880359 420.4722426880359
1870 734.88635 248.85939 897.6101019890048 1068.3601019890048 333.01025341435343 429.01025341435343
1888 734.88635 248.85939 897.5639292403739 1068.313929240374 342.0529931552917 438.0529931552917
1905 732.48175 251.62 897.2700853553974 1068.0200853553974 350.5884482504665 446.5884482504665
1921 730.2125 257.73236 896.7716802368993 1067.5216802368993 358.6111411309172 454.6111411309172
1938 730.2125 257.73236 896.0068216320687 1066.7568216320687 367.1173347111916 463.1173347111916
1956 729.6936 265.45764 894.9334090841814 1065.6834090841814 376.09625777841393 472.09625777841393
1972 729.6936 265.45764 893.7524512558361 1064.5024512558361 384.04719151753216 480.04719151753216
1989 723.00543 285.82214 892.2647665348454 1063.0147665348454 392.4571339716405 488.4571339716405
2006 723.00543 285.82214 890.5382915457113 1061.2882915457112 400.8213208432003 496.8213208432003
2023 731.2703 301.02713 888.5744255069792 1059.3244255069792 409.13297339202586 505.13297339202586
2041 731.2703 301.02713 886.2380618516396 1056.9880618516395 417.86880070345273 513.8688007034527
2057 782.98236 314.425 883.9410778307275 1054.6910778307274 425.5717789017766 521.5717789017766
2075 782.98236 314.425 881.1113627748334 1051.8613627748334 434.1604916486035 530.1604916486035
2091 791.1162 326.7966 878.3797408159044 1049.1297408159044 441.7202700970553 537.7202700970553
2109 791.1162 326.7966 875.0658458507073 1045.8158458507073 450.13403109346496 546.134031093465
2125 787.9517 332.13464 871.9084395119482 1042.6584395119482 457.52610752219204 553.526107522192
2143 787.9517 332.13464 868.1211054216201 1038.87110542162 465.737646624778 561.737646624778
2159 847.6726 343.28708 864.5481482862865 1035.2981482862865 472.9380623089762 568.9380623089762
2176 847.6726 343.28708 860.5419758597092 1031.291975859709 480.4806693117979 576.4806693117979
2194 828.5227 353.11313 856.0679679827582 1026.817967982758 488.339201456037 584.339201456037
2210 828.5227 353.11313 851.8938087238421 1022.6438087238421 495.20858302917645 591.2085830291765
2227 767.2989 371.03387 847.2588229060326 1018.0088229060326 502.38195353258584 598.3819535325858
2245 767.2989 371.03387 842.1307571776003 1012.8807571776003 509.8301892854297 605.8301892854297
2261 828.26733 383.4024 837.3858258058228 1008.1358258058228 516.3184583144773 612.3184583144773
2279 826.42395 378.60794 831.8422069588121 1002.5922069588121 523.4627962141102 619.4627962141102
2295 826.42395 378.60794 826.7357312689596 997.4857312689596 529.6705264551181 625.6705264551181
2313 755.10706 365.5722 820.794526925818 991.544526925818 536.4878107309933 632.4878107309933
2329 755.10706 365.5722 815.3430576999276 986.0930576999276 542.394882086187 638.394882086187
2346 755.10706 365.5722 809.379702109853 980.129702109853 548.5086966087915 644.5086966087915
2363 749.95886 353.99142 803.2447303028227 973.9947303028227 554.4502838409564 650.4502838409564
2380 749.95886 353.99142 796.9431143556885 967.6931143556885 560.2148284340103 656.2148284340103
2398 745.4151 347.36304 790.0948566711968 960.8448566711968 566.1203039129076 662.1203039129076
2414 745.4151 347.36304 783.8605094916655 954.6105094916655 571.1942495138428 667.1942495138428
2431 744.2363 342.71997 777.0901233483269 947.8401233483269 576.4002277485814 672.4002277485814
2448 744.2363 342.71997 770.1742900189863 940.9242900189863 581.4113740517007 677.4113740517007
2466 732.4843 341.29263 762.6993413925139 933.4493413925139 586.5004227817345 682.5004227817345
2482 735.9044 336.99155 755.9288148358737 926.6788148358737 590.8330869577367 686.8330869577367
2499 735.9044 336.99155 748.6107182018081 919.3607182018081 595.2360177503971 691.2360177503971
2517 727.32825 333.7561 740.7288988675523 911.4788988675523 599.6688721273433 695.6688721273433
2533 727.32825 333.7561 733.6134567331254 904.3634567331254 603.4081891703074 699.4081891703074
2550 720.7618 331.14236 725.9464464020558 896.6964464020558 607.1708066759479 703.1708066759479
2567 720.7618 331.14236 718.1754381858558 888.9254381858558 610.7136542896951 706.7136542896951
2584 720.7618 331.14236 710.3067300841386 881.0567300841386 614.0338607170812 710.0338607170812
2601 720.5911 326.8925 702.346699277214 873.096699277214 617.1287351027865 713.1287351027865
2618 720.5911 326.8925 694.3017969577133 865.0517969577133 619.9957692114392 715.9957692114392
2636 715.6619 327.78238 685.6984050251664 856.4484050251664 622.7805351262059 718.7805351262059
2653 715.6619 327.78238 677.4993677514212 848.2493677514212 625.1713771733134 721.1713771733134
2670 710.05896 327.23257 669.2355964401853 839.9855964401853 627.327860798587 723.327860798587
2687 701.9367 329.18945 660.9137884500344 831.6637884500344 629.2482382837565 725.2482382837565
2703 701.9367 329.18945 653.0345219750633 823.7845219750633 630.8385742647915 726.8385742647915
2720 705.2107 338.379 644.6193448795832 815.3693448795832 632.296357637651 728.296357637651
2737 705.2107 338.379 636.1660813019316 806.9160813019316 633.5140081610913 729.5140081610913
2754 714.9242 393.53207 627.6815821743512 798.4315821743512 634.4905389924386 730.4905389924386
2772 714.9242 393.53207 618.6715913636143 789.4215913636143 635.2608243522246 731.2608243522246
2788 607.8718 456.5416 610.6464019995067 781.3964019995067 635.7172719246712 731.7172719246712
2806 607.8718 456.5416 601.607177164819 772.357177164819 635.9735692774082 731.9735692774082
2822 486.29745 365.23328 593.5690176902656 764.3190176902656 635.9725804261168 731.9725804261168
2840 486.29745 365.23328 584.5298561883765 755.2798561883765 635.714059077236 731.714059077236
2856 479.74884 423.18427 576.5047793711809 747.2547793711809 635.2556370072082 731.2556370072082
2873 479.74884 423.18427 567.9948801263789 738.7448801263789 634.5331740297464 730.5331740297464
2891 525.154 463.75165 559.0107197476881 729.7607197476881 633.5045165381459 729.5045165381459
2907 525.154 463.75165 551.0540000393138 721.8040000393138 632.3631926583694 728.3631926583694
2924 557.1687 497.79037 542.6367489028069 713.3867489028069 630.9174329219486 726.9174329219486
2941 557.1687 497.79037 534.2640628953682 705.0140628953682 629.232657883161 725.232657883161
2958 588.617 527.63684 525.9427276452934 696.6927276452934 627.3102329649023 723.3102329649023
2976 588.617 527.63684 517.1953667532769 687.9453667532769 625.0174287059479 721.0174287059479
2992 609.2355 553.3448 509.48103837910116 680.2310383791012 622.7588569334407 718.7588569334407
3010 609.2355 553.3448 500.8783318686146 671.6283318686146 619.9719743310518 715.9719743310518
3027 578.485 582.05 492.83413519547366 663.5841351954737 617.1029609476205 713.1029609476205
3044 585.74084 591.43384 484.8748660899855 655.6248660899855 614.0061281757542 710.0061281757542
3061 585.74084 591.43384 477.0069751274623 647.7569751274623 610.6839858379951 706.6839858379951
3077 585.74084 591.43384 469.691086470933 640.441086470933 607.3538534259965 703.3538534259965
3094 607.056 602.18823 462.0187085871838 632.7687085871838 603.6021930576474 699.6021930576474
3112 607.056 602.18823 454.01493504921393 624.7649350492139 599.3935254421243 695.3935254421243
3128 618.3433 611.6319 447.00978743869564 617.7597874386956 595.4514554692516 691.4514554692516
3146 618.3433 611.6319 439.2584910195917 610.0084910195917 590.7941302961241 686.7941302961241
3162 658.0056 557.8958 432.4890306732291 603.2390306732291 586.4598004361334 682.4598004361334
3179 658.0056 557.8958 425.4264873683203 596.1764873683203 581.6576321782761 677.6576321782761
3197 607.88385 555.5414 418.1007341971813 588.8507341971813 576.3560650118047 672.3560650118047
3213 607.88385 555.5414 411.72568540279684 582.4756854027969 571.4600705688548 667.4600705688548
3230 622.04535 522.6211 405.09853053246013 575.8485305324601 566.0729418127313 662.0729418127313
3248 634.51917 495.10104 398.2517260338776 569.0017260338776 560.165781572544 656.165781572544
3265 634.51917 495.10104 391.9515285815807 562.7015285815808 554.3996867092457 650.3996867092457
3281 652.61475 474.07147 386.17410963438175 556.9241096343817 548.8109982204569 644.8109982204569
3298 652.61475 474.07147 380.2020257696452 550.9520257696452 542.7057093474355 638.7057093474355
3316 614.3104 458.7751 374.0708068390105 544.8208068390105 536.0587981572892 632.0587981572892
3333 614.3104 458.7751 368.4666251188419 539.2166251188419 529.6141503656863 625.6141503656863
3350 614.3104 458.7751 363.0481643908829 533.7981643908829 523.0125883346178 619.0125883346178
3366 614.3104 458.7751 358.12202667636814 528.8720266763681 516.6608030789737 612.6608030789737
3384 614.3104 458.7751 352.78581736231547 523.5358173623155 509.3602452851014 605.3602452851014
3400 614.3104 458.7751 348.2291295851123 518.9791295851123 502.7384173488538 598.7384173488538
3417 614.3104 458.7751 343.58390042682595 514.333900426826 495.5716758314352 591.5716758314352
3434 614.3104 458.7751 339.144558420162 509.894558420162 488.2756097367269 584.2756097367269
3451 646.8146 437.92917 334.91470142185455 505.66470142185455 480.85613214835485 576.8561321483548
3469 646.8146 437.92917 330.668167657697 501.418167657697 472.8723845988062 568.8723845988062
3486 663.8241 417.7102 326.8802058135661 497.6302058135661 465.2178641711182 561.2178641711182
3503 663.8241 417.7102 323.31166860027383 494.06166860027383 457.45861935813366 553.4586193581337
3519 686.047 397.36703 320.1560810978608 490.9060810978608 450.06576630732854 546.0657663073285
3536 686.047 397.36703 317.0215805179704 487.7715805179704 442.1212559998803 538.1212559998803
3554 686.047 397.36703 313.9506228120883 484.7006228120883 433.61581699217805 529.615816992178
3570 696.06665 382.53012 311.4371790087004 482.1871790087004 425.9807263598813 521.9807263598814
3587 696.06665 382.53012 308.9918039474663 479.7418039474663 417.79778809050777 513.7977880905078
3604 649.04944 365.0459 306.780351140146 477.530351140146 409.5485569510936 505.5485569510936
3621 649.04944 365.0459 304.80461285468476 475.55461285468476 401.23971851615926 497.23971851615926
3638 609.80194 352.08023 303.06619032461737 473.81619032461737 392.87800666884965 488.87800666884965
3655 642.04407 347.26382 301.5664924513526 472.3164924513526 384.4701981434725 480.4701981434725
3672 642.04407 347.26382 300.30673466233077 471.05673466233077 376.02310703330426 472.02310703330426
3689 606.1296 344.03128 299.28793792598333 470.03793792598333 367.5435792681223 463.5435792681223
3706 606.1296 344.03128 298.5109279242903 469.2609279242903 359.03848706593226 455.03848706593226
3724 627.8875 340.3525 297.95244725508564 468.70244725508564 350.0128916126015 446.0128916126015
3740 627.8875 340.3525 297.68459056430925 468.43459056430925 341.9791962294431 437.9791962294431
3758 627.8875 340.3525 417.6579818975829 588.4079818975829 332.55436575878036 428.55436575878036
3774 595.7496 338.57886 417.99123095517183 588.7412309551719 324.5235450269113 420.5235450269113
3791 571.1372 334.69635 418.73774721758974 589.4877472175897 316.01623679178385 412.01623679178385
3808 571.1372 334.69635 419.88693415828243 590.6369341582824 307.553911501838 403.553911501838
3825 571.1372 334.69635 421.43620498653286 592.1862049865329 299.15561763711503 395.15561763711503
3843 601.322 335.862 423.5087967246308 594.2587967246309 290.35410470841526 386.35410470841526
3860 626.8432 335.64496 425.8697967163995 596.6197967163995 282.14695788528695 378.14695788528695
3876 626.8432 335.64496 428.4451933182859 599.1951933182859 274.53299249891984 370.53299249891984
3893 646.9577 336.109 431.55105000007745 602.3010500000775 266.5777907912517 362.5777907912517
3910 646.9577 336.109 435.03073493989234 605.7807349398923 258.7788567193968 354.7788567193968
3928 661.9896 334.42615 439.1138488204813 609.8638488204813 250.71099161237862 346.7109916123786
3944 661.9896 334.42615 443.0794350159092 613.8294350159092 243.71962102511617 339.71962102511617
3961 672.6529 332.85358 447.6303327319572 618.3803327319572 236.49321736108072 332.4932173610807
3978 672.6529 332.85358 452.518864647575 623.268864647575 229.49080094619188 325.4908009461919
3995 680.25934 331.23184 457.734026801152 628.484026801152 222.7281340425647 318.7281340425647
4012 688.04834 329.27643 463.26407999467915 634.0140799946792 216.22043924223226 312.22043924223226
4030 688.04834 329.27643 469.44880561963384 640.1988056196338 209.62411941289355 305.62411941289355
4046 701.01355 327.83786 475.21838667089924 645.9683866708992 204.0279536670738 300.0279536670738
4064 701.01355 327.83786 482.00032161194906 652.7503216119491 198.0473496171248 294.04734961712484
4080 705.05634 325.67892 488.27420988032543 659.0242098803254 193.0230623484931 289.0230623484931
4097 705.05634 325.67892 495.1788343096449 665.9288343096449 187.9973542961332 283.9973542961332
4115 705.05634 325.67892 502.7406224410547 673.4906224410547 183.0393681522872 279.03936815228724
4132 659.83563 324.2452 510.1025025692394 680.8525025692394 178.71105428707807 274.71105428707807
4148 659.83563 324.2452 517.2116021519138 687.9616021519138 174.9606090221234 270.96060902212344
4165 674.4403 324.3091 524.9403796987771 695.6903796987771 171.32776198864897 267.32776198864894
4182 674.4403 324.3091 532.8327684862486 703.5827684862486 168.06558799499004 264.06558799499004
4200 684.80536 324.30316 541.3479970015156 712.0979970015156 165.02368896976233 261.02368896976236
4216 693.08984 323.9543 549.0369892185008 719.7869892185008 162.68178050678887 258.68178050678887
4233 693.08984 323.9543 557.3123458725511 728.0623458725511 160.57226582663537 256.5722658266354
4250 706.08124 324.74713 565.678445290706 736.428445290706 158.85763453593017 254.85763453593017
4268 706.08124 324.74713 574.6146433324445 745.3646433324445 157.4768264733346 253.4768264733346
4284 710.96204 324.81683 582.6073830375866 753.3573830375866 156.6275629290547 252.6275629290547
4301 710.96204 324.81683 591.132114755926 761.882114755926 156.1171424476271 252.1171424476271
4319 721.2563 325.24536 600.1738207000526 770.9238207000526 156.01804670179018 252.01804670179018
4335 721.2563 325.24536 608.206202299593 778.956202299593 156.31127426047263 252.31127426047263
4352 720.7266 328.58914 616.7171247860152 787.4671247860152 157.01538956894865 253.01538956894865
4369 720.7266 328.58914 625.1850713827765 795.9350713827765 158.12239470530233 254.12239470530233
4386 728.1552 327.51352 633.5909809564164 804.3409809564164 159.6297978289907 255.6297978289907
4403 728.1552 327.51352 641.9159320172428 812.6659320172428 161.53420581373558 257.5342058137356
4420 737.3263 327.03757 650.1411853111272 820.8911853111272 163.83133188536496 259.831331885365
4437 737.3263 327.03757 658.2482260010909 828.9982260010909 166.5160052712332 262.5160052712332
4456 685.31024 325.8695 667.1467130261359 837.8967130261359 169.96767959848418 265.9676795984842
4471 685.31024 325.8695 674.0349817666976 844.7849817666976 173.0229627020636 269.02296270206364
4488 645.1584 327.09756 681.6791612546845 852.4291612546845 176.83059975054408 272.8305997505441
4506 645.1584 327.09756 689.5664118764473 860.3164118764473 181.25253868910977 277.25253868910977
4523 661.44995 329.22345 696.8027732058051 867.5527732058051 185.78758605914797 281.787586059148
4540 661.44995 329.22345 703.8158878779227 874.5658878779227 190.66075777100514 286.66075777100514
4556 673.4282 329.18524 710.1983867574248 880.9483867574248 195.54633292803192 291.5463329280319
4573 673.4282 329.18524 716.733556869033 887.483556869033 201.0438897990301 297.0438897990301
4591 691.7472 327.92303 723.360613124305 894.110613124305 207.19566935752866 303.1956693575287
4607 636.8267 332.03107 728.9854590589218 899.7354590589218 212.9372932370277 308.9372932370277
4624 636.8267 332.03107 734.6746124154753 905.4246124154753 219.30636805391646 315.30636805391646
4641 655.66626 338.1763 740.0552705632856 910.8052705632856 225.93811728273374 321.93811728273374
4659 655.66626 338.1763 745.4027404132385 916.1527404132385 233.2296762758943 329.2296762758943
4675 524.533 270.54105 749.8433760095571 920.5933760095571 239.9293697063817 335.9293697063817
4693 524.533 270.54105 754.4758707295014 925.2258707295014 247.69482262405427 343.69482262405427
4709 524.533 270.54105 758.2616938824929 929.0116938824929 254.78514557975075 350.78514557975075
4727 419.62643 216.43285 762.1375264313018 932.8875264313018 262.95461241672945 358.95461241672945
4744 419.62643 216.43285 765.4169917624882 936.1669917624882 270.8398319494411 366.8398319494411
4760 335.70114 173.14629 768.1586455346032 938.9086455346032 278.3955232583588 374.3955232583588
4777 335.70114 173.14629 770.6989549944915 941.4489549944915 286.5489524624127 382.5489524624127
4795 268.5609 138.51703 772.9639522412413 943.7139522412413 295.3029260641045 391.3029260641045
4811 214.84874 110.81362 774.605977411876 945.355977411876 303.17114631399613 399.17114631399613
4829 214.84874 110.81362 776.0312971637562 946.7812971637562 312.1003528829921 408.1003528829921
4846 171.879 88.6509 776.9640893640834 947.7140893640834 320.5892561483454 416.5892561483454
4862 171.879 88.6509 777.47327042036 948.22327042036 328.6108439720703 424.6108439720703
4879 137.5032 70.92072 777.6213291668411 948.3713291668411 337.1495592469291 433.1495592469291
4896 137.5032 70.92072 777.3642207321774 948.1142207321774 345.68568689301895 441.68568689301895
4914 137.5032 70.92072 776.6510281368674 947.4010281368674 354.69976602895355 450.69976602895355
4930 137.5032 70.92072 775.6377280160616 946.3877280160616 362.6733699460652 458.6733699460652
4947 137.5032 70.92072 774.1722300260149 944.9222300260149 371.0866865084376 467.0866865084376
4964 345.72662 157.82857 772.3093286896907 943.0593286896907 379.4210238275436 475.4210238275436
4981 420.49365 183.56558 770.0532173508461 940.8032173508461 387.65762152102405 483.65762152102405
4998 420.49365 183.56558 767.4089744590015 938.1589744590015 395.77793921594457 491.77793921594457
5015 478.32452 205.42935 764.3825521379785 935.1325521379785 403.7636982827043 499.7636982827043
5032 478.32452 205.42935 760.9807627878217 931.7307627878217 411.59692297976756 507.59692297976756
5049 523.6054 223.59308 757.2112637502574 927.9612637502574 419.25998091660404 515.259980916604
5066 523.6054 223.59308 753.0825400722103 923.8325400722103 426.73562274375536 522.7356227437554
5083 520.5982 240.96265 748.6038854061801 919.3538854061801 434.00702098068035 530.0070209806804
5101 520.5982 240.96265 743.4915841399335 914.2415841399335 441.4653480122629 537.4653480122629
5117 568.2569 256.45154 738.6378734563121 909.3878734563121 447.8721123408068 543.8721123408068
5135 568.2569 256.45154 732.8418577475671 903.5918577475671 454.81246307048013 550.8124630704801
5151 476.49768 272.68253 727.4029103666112 898.1529103666112 460.73048537096236 556.7304853709624
5168 535.9302 287.1729 721.3407445286122 892.0907445286122 466.7456100820642 562.7456100820642
5185 535.9302 287.1729 715.0000976809954 885.7500976809954 472.46642973411736 568.4664297341174
5202 535.9302 287.1729 708.3952424593289 879.1452424593289 477.8800669068827 573.8800669068827
5220 576.9352 300.5963 701.1304202885274 871.8804202885274 483.26380400796154 579.2638040079615
5237 576.9352 300.5963 694.029044019961 864.779044019961 488.007435004336 584.007435004336
5253 606.1285 312.01715 687.1468717414465 857.8968717414465 492.15964421036574 588.1596442103657
5270 606.1285 312.01715 679.639294413571 850.389294413571 496.2300081502966 592.2300081502966
5288 633.2593 322.61365 671.489242169551 842.239242169551 500.14650081167713 596.1465008116771
5304 633.2593 322.61365 664.0876183788416 834.8376183788416 503.28036453280606 599.2803645328061
5321 650.70447 329.51514 656.0785261011198 826.8285261011198 506.2444868016163 602.2444868016163
5339 650.70447 329.51514 647.4552861911227 818.2052861911227 508.96514844936485 604.9651484493648
5355 615.36017 334.14734 639.6839337638094 810.4339337638094 511.01727369220305 607.017273692203
5373 629.84357 339.36328 630.8416959955493 801.5916959955493 512.9085953455605 608.9085953455605
5390 629.84357 339.36328 622.413344134101 793.163344134101 514.2849909417206 610.2849909417206
5406 629.84357 339.36328 614.4294649579773 785.1794649579773 515.2138665323532 611.2138665323532
5423 653.1115 344.6195 605.9102433377668 776.6602433377668 515.8092176247758 611.8092176247758
5441 653.1115 344.6195 596.8699739756478 767.6199739756478 515.9984164810973 611.9984164810973
5457 656.1453 346.57806 588.8350690108309 759.5850690108309 515.7852527689789 611.7852527689789
5475 656.1453 346.57806 579.8175479661336 750.5675479661336 515.1169859395293 611.1169859395293
5491 669.6192 351.09412 571.8389937950213 742.5889937950213 514.1434306506889 610.1434306506889
5508 669.6192 351.09412 563.4184791480179 734.1684791480179 512.7198741828516 608.7198741828516
5525 667.1735 353.2011 555.0749625136663 725.8249625136663 510.8985257511097 606.8985257511097
5543 674.0097 354.2304 546.3454446332313 717.0954446332313 508.5410304866251 604.5410304866251
5559 674.0097 354.2304 538.6938318657412 709.4438318657412 506.079738423869 602.079738423869
5577 679.67676 356.22382 530.2269771400934 700.9769771400934 502.9056814927985 598.9056814927985
5593 679.67676 356.22382 522.843012891798 693.593012891798 499.7304321259451 595.7304321259451
5611 673.8543 357.11163 514.7150131230868 685.4650131230868 495.7683763329592 591.7683763329592
5627 673.8543 357.11163 507.6651444467964 678.4151444467964 491.90774319720856 587.9077431972086
5644 679.63367 360.0074 500.37151947034613 671.1215194703461 487.4653773139863 583.4653773139863
5662 679.63367 360.0074 492.88781057617666 663.6378105761767 482.3903041584317 578.3903041584317
5678 679.63367 360.0074 486.4569398796541 657.2069398796541 477.56857846668925 573.5685784666892
5695 672.87537 356.23904 479.86730663188473 650.6173066318847 472.13642294632587 568.1364229463259
5712 672.87537 356.23904 473.54274297137306 644.2927429713731 466.3978277836013 562.3978277836013
5730 679.34674 358.1527 467.15087413130334 637.9008741313033 460.00202610763864 556.0020261076386
5746 682.9551 355.6344 461.7451414322254 632.4951414322254 454.0536489719888 550.0536489719889
5763 682.9551 355.6344 456.29865965604995 627.04865965605 447.47585175716756 543.4758517571676
5780 684.46796 352.1895 451.1702998949387 621.9202998949387 440.6471252215585 536.6471252215586
5797 684.46796 352.1895 446.37160595691194 617.1216059569119 433.58284065575424 529.5828406557542
5814 693.7965 352.7787 441.9133795805666 612.6633795805666 426.29889958551144 522.2988995855114
5832 693.7965 352.7787 437.5751422903951 608.3251422903951 418.3653024466931 514.365302446693
5849 701.43005 350.7892 433.8486005938714 604.5986005938714 410.68126269395975 506.68126269395975
5865 701.43005 350.7892 430.67789368960894 601.4278936896089 403.295346752855 499.295346752855
5882 706.3821 348.25446 427.67389913133843 598.4238991313384 395.30112404946493 491.30112404946493
5900 706.3821 348.25446 424.9103018905736 595.6603018905736 386.6915481808328 482.6915481808328
5916 706.3821 348.25446 422.8194776869708 593.5694776869708 378.9305179198789 474.9305179198789
5934 739.65 348.27353 420.8841188838897 591.6341188838896 370.0978143331939 466.0978143331939
5950 763.95557 341.5819 419.53810174796206 590.2881017479621 362.1735872774116 458.1735872774116
5967 763.95557 341.5819 418.4970946157316 589.2470946157316 353.69727415859836 449.69727415859836
5985 745.34375 337.53073 417.8343745722001 588.5843745722001 344.6793437701557 440.6793437701557
6001 745.34375 337.53073 417.6286526131048 588.3786526131048 337.1467028281774 433.1467028281774
