7 525.0565 346.10562 297.6456129010114 468.3956129010114 332.4832805464248 428.4832805464248
17 559.2605 349.37064 297.7465672298508 468.4965672298508 327.460353677165 423.460353677165
34 559.2605 349.37064 298.1111703954607 468.8611703954607 318.92762829531256 414.92762829531256
52 586.72833 349.5522 298.7617899590455 469.5117899590455 309.9082065772343 405.9082065772343
69 586.72833 349.5522 299.62561216007174 470.37561216007174 301.41149255853884 397.41149255853884
85 601.902 414.87823 300.6592573431978 471.4092573431978 293.44006945149073 389.44006945149073
102 601.902 414.87823 301.9910842002114 472.7410842002114 285.00404105339845 381.00404105339845
119 481.52158 331.9026 303.56250703184975 474.31250703184975 276.6093422383909 372.6093422383909
137 481.52158 331.9026 305.4860993111701 476.2360993111701 267.7734457537099 363.7734457537099
153 385.21725 265.52206 307.4188532438116 478.1688532438116 259.9711082224287 355.9711082224287
170 385.21725 265.52206 309.7006512552929 480.4506512552929 251.74105744826687 347.7410574482669
187 385.21725 265.52206 312.21579703666407 482.96579703666407 243.57929418234613 339.57929418234613
204 435.85684 320.32428 314.9622521925565 485.7122521925565 235.4924331110061 331.4924331110061
221 493.8326 332.29285 317.93779086333535 488.68779086333535 227.48702821623766 323.48702821623766
238 493.8326 332.29285 321.14000152904384 491.89000152904384 219.5695674640201 315.5695674640201
255 487.4853 329.86737 324.5662889638151 495.3162889638151 211.74646754616077 307.7464675461608
272 487.4853 329.86737 328.2138763391684 498.9638763391684 204.0240686798987 300.02406867989873
289 532.7462 328.17334 332.0798074744846 502.8298074744846 196.40862946948707 292.4086294694871
306 532.7462 328.17334 336.16094923283765 506.91094923283765 188.90632183391858 284.9063218339186
323 566.8794 330.55264 340.4539940602396 511.2039940602396 181.52322600490484 277.5232260049048
340 566.8794 330.55264 344.9554626662418 515.7054626662418 174.26532559916362 270.2653255991636
357 594.9419 330.85773 349.6617068437197 520.4117068437197 167.13850276900726 263.13850276900723
374 594.9419 330.85773 354.5689124255555 525.3189124255555 160.14853343516307 256.1485334351631
392 619.0796 329.21027 359.9793956887837 530.7293956887837 152.90284887099742 248.90284887099742
409 635.89154 327.0318 365.28764512599264 536.0376451259926 146.21234621253794 242.21234621253794
425 635.89154 327.0318 370.45573236238414 541.2057323623842 140.05581447516937 236.05581447516937
443 656.25415 325.11627 376.4645815063909 547.2145815063909 133.2980777305462 229.2980777305462
459 656.25415 325.11627 381.9746488335043 552.7246488335043 127.44562809241546 223.44562809241546
476 656.25415 325.11627 387.9986374701024 558.7486374701024 121.39154692211227 217.39154692211227
494 673.69904 322.51135 394.5620474236076 565.3120474236076 115.17102252884061 211.1710225288406
511 673.69904 322.51135 400.93033797716447 571.6803379771645 109.48022176480373 205.48022176480373
527 682.0371 322.151 407.06973833256984 577.8197383325698 104.29179502905546 200.29179502905546
545 682.0371 322.151 414.13986122421545 584.8898612242155 98.65383119074559 194.6538311907456
561 682.0371 322.151 420.564574763276 591.314574763276 93.82319306962836 189.82319306962836
578 682.0371 322.151 427.53000484391305 598.280004843913 88.88121758382923 184.88121758382923
596 682.0371 322.151 435.055298817712 605.805298817712 83.86691558325475 179.86691558325475
613 682.0371 322.151 442.298267202495 613.048267202495 79.34146014899 175.34146014899
630 682.0371 322.151 449.6671198581312 620.4171198581312 75.02401316610684 171.02401316610684
646 682.0371 322.151 456.71215802621145 627.4621580262115 71.15368424901567 167.15368424901567
664 697.1493 318.21927 464.7584925058843 635.5084925058843 67.02696940712423 163.02696940712423
680 697.1493 318.21927 472.0123660236304 642.7623660236304 63.563830988764266 159.56383098876427
697 703.20154 319.29425 479.81829571979983 650.5682957197998 60.09860379723074 156.09860379723074
714 703.20154 319.29425 487.71970164728384 658.4697016472838 56.85698039535282 152.85698039535282
731 697.5725 310.08124 495.7101801258791 666.4601801258791 53.84158795097835 149.84158795097835
748 697.5725 310.08124 503.783255286693 674.533255286693 51.0548702834833 147.0548702834833
766 701.22186 308.18112 512.4139724557664 683.1639724557664 48.355982532478436 144.35598253247844
782 702.51715 301.15628 520.1509627803556 690.9009627803556 46.176306080939696 142.1763060809397
799 702.51715 301.15628 528.4323299341439 699.1823299341439 44.08841336946284 140.08841336946284
816 700.79614 294.9455 536.7697741627716 707.5197741627716 42.23709987763954 138.23709987763954
833 700.79614 294.9455 545.156538399579 715.906538399579 40.62386599915499 136.623865999155
850 704.30035 297.19028 553.585825606595 724.335825606595 39.25001917650059 135.2500191765006
868 704.30035 297.19028 562.5497092126128 733.2997092126128 38.05751565750103 134.05751565750103
884 704.8518 300.6082 570.5446140026227 741.2946140026227 37.2247455122278 133.2247455122278
901 704.8518 300.6082 579.0603709721212 749.8103709721212 36.574960050003085 132.57496005000309
918 706.45715 299.37695 587.5911736117806 758.3411736117806 36.167843072143 132.167843072143
935 706.45715 299.37695 596.1301081479654 766.8801081479654 36.00372452586896 132.00372452586896
952 706.45715 299.37695 604.6702542165596 775.4202542165596 36.08273742076125 132.08273742076125
969 659.823 298.00336 613.2046904715623 783.9546904715623 36.40481772096149 132.4048177209615
987 678.5386 299.0864 622.2272422323567 792.9772422323567 37.01048567359351 133.0104856735935
1003 678.5386 299.0864 630.2287768999744 800.9787768999744 37.77693963769889 133.7769396376989
1020 691.3292 298.98706 638.7046299331981 809.4546299331981 38.82586922049978 134.82586922049978
1037 691.3292 298.98706 647.1471900543268 817.8971900543268 40.115643042381976 136.11564304238198
1054 695.5962 298.75296 655.5496150057149 826.2996150057149 41.645215808474234 137.64521580847423
1071 695.5962 298.75296 663.9050950571935 834.6550950571935 43.41334787928315 139.41334787928315
1088 695.5962 298.75296 672.2068585250034 842.9568585250034 45.41860627535635 141.41860627535635
1105 700.47644 297.47467 680.4481772598931 851.1981772598931 47.65936583863811 143.6593658386381
1123 700.47644 297.47467 689.1009748533495 859.8509748533495 50.286601601133555 146.28660160113355
1139 702.25977 298.5962 696.7228182836474 867.4728182836474 52.839934998910564 148.83993499891056
1156 702.25977 298.5962 704.742950819005 875.492950819005 55.77554601295549 151.7755460129555
1173 705.954 301.05838 712.6762698040402 883.4262698040402 58.93826443105149 154.9382644310515
1191 707.9116 300.40167 720.9744866729714 891.7244866729714 62.53171273890922 158.53171273890922
1207 707.9116 300.40167 728.2568245155068 899.0068245155068 65.93458862018292 161.93458862018292
1224 669.068 300.8522 735.8914330094331 906.6414330094331 69.76252423287974 165.76252423287974
1242 669.068 300.8522 743.8528662476037 914.6028662476037 74.05074702783952 170.05074702783952
1258 685.85046 301.0338 750.8183800147626 921.5683800147626 78.06243329120804 174.06243329120804
1275 685.85046 301.0338 758.0986210088488 928.8486210088488 82.52768009049117 178.52768009049117
1292 706.7801 300.22333 765.2488064458005 935.9988064458005 87.19835307494287 183.19835307494287
1310 706.7801 300.22333 772.671396715908 943.421396715908 92.36346949445999 188.36346949446
1326 707.60724 299.52393 779.1359413283826 949.8859413283826 97.14067282585665 193.14067282585665
1343 707.60724 299.52393 785.8616359705578 956.6116359705578 102.40426185718263 198.40426185718263
1360 709.2154 300.94855 792.434774570124 963.184774570124 107.85716813378187 203.85716813378187
1377 709.2154 300.94855 798.8500299387413 969.6000299387413 113.49497235758312 209.49497235758312
1394 710.60236 295.65732 805.1022028442499 975.8522028442499 119.31310538030687 215.31310538030687
1412 710.60236 295.65732 811.5387673844003 982.2887673844003 125.66479105149173 221.66479105149173
1428 568.4819 236.52586 817.0971692933363 987.8471692933363 131.47135431515434 227.47135431515434
1445 568.4819 236.52586 822.8302415379586 993.5802415379586 137.80161659632608 233.80161659632608
1462 601.4597 249.65363 828.3807966001699 999.1307966001699 144.29250840037312 240.29250840037312
1480 601.4597 249.65363 834.0539206730178 1004.8039206730178 151.33444969515332 247.33444969515332
1496 524.7131 250.35973 838.9165129944168 1009.6665129944168 157.73501253228335 253.73501253228335
1514 524.7131 250.35973 844.1797012529947 1014.9297012529947 165.08838749211185 261.08838749211185
1530 523.5026 260.93558 848.6701707867052 1019.4201707867052 171.7552977272204 267.7552977272204
1547 562.77576 272.42786 853.2437467928016 1023.9937467928016 178.96797687071094 274.9679768707109
1565 562.77576 272.42786 857.8604766962846 1028.6104766962846 186.74352051365594 282.74352051365594
1582 544.32074 279.9364 862.0036814969314 1032.7536814969314 194.2117326082863 290.2117326082863
1598 544.32074 279.9364 865.7074960610505 1036.4574960610505 201.34571931915121 297.3457193191512
1616 529.85455 285.20163 869.6441112173986 1040.3941112173986 209.48674720608716 305.48674720608716
1632 529.85455 285.20163 872.9359432553329 1043.6859432553329 216.8199491363638 312.8199491363638
1649 529.85455 285.20163 876.2168989033121 1046.966898903312 224.7051040458423 320.7051040458423
1666 518.92523 288.00955 879.2720702485676 1050.0220702485676 232.6804577033056 328.6804577033056
1683 518.92523 288.00955 882.0989812329851 1052.8489812329851 240.73954649774532 336.7395464977453
1700 548.5359 287.01965 884.6953407916484 1055.4453407916485 248.87583895516212 344.8758389551621
1717 548.5359 287.01965 887.0590447096293 1057.8090447096292 257.08274103198784 353.08274103198784
1734 534.9633 289.93295 889.1881773273444 1059.9381773273444 265.35360145921436 361.35360145921436
1751 534.9633 289.93295 891.0810130930984 1061.8310130930984 273.6817171329047 369.6817171329047
1769 571.1145 294.90668 892.8259350518042 1063.5759350518042 282.55462653755245 378.55462653755245
1785 599.3059 297.14075 894.1518506369953 1064.9018506369953 290.4826752619944 386.4826752619944
1802 599.3059 297.14075 895.3273636603816 1066.0773636603817 298.94190141113677 394.94190141113677
1819 622.2312 304.46478 896.2616043392997 1067.0116043392995 307.4311612295389 403.4311612295389
1837 622.2312 304.46478 896.986983596427 1067.7369835964269 316.44487849148953 412.44487849148953
1854 622.2312 304.46478 897.4223209778079 1068.1723209778079 324.97428757271297 420.97428757271297
1870 641.02844 307.7242 897.6101019890048 1068.3601019890048 333.01025341435343 429.01025341435343
1888 609.4256 310.46738 897.5639292403739 1068.313929240374 342.0529931552917 438.0529931552917
1904 609.4256 310.46738 897.2940959534936 1068.0440959534935 350.08662239203596 446.08662239203596
1921 609.4256 310.46738 896.7716802368993 1067.5216802368993 358.6111411309172 454.6111411309172
1938 632.3685 306.28903 896.0068216320687 1066.7568216320687 367.1173347111916 463.1173347111916
1956 632.3685 306.28903 894.9334090841814 1065.6834090841814 376.09625777841393 472.09625777841393
1973 639.54443 306.4757 893.6715730175129 1064.4215730175129 384.54303868307437 480.54303868307437
1989 662.2098 310.08673 892.2647665348454 1063.0147665348454 392.4571339716405 488.4571339716405
2006 662.2098 310.08673 890.5382915457113 1061.2882915457112 400.8213208432003 496.8213208432003
2023 672.77026 313.33838 888.5744255069792 1059.3244255069792 409.13297339202586 505.13297339202586
2040 672.77026 313.33838 886.3747600303433 1057.1247600303432 417.385355454278 513.3853554542779
2057 689.5448 314.95557 883.9410778307275 1054.6910778307274 425.5717789017766 521.5717789017766
2075 689.5448 314.95557 881.1113627748334 1051.8613627748334 434.1604916486035 530.1604916486035
2092 684.11615 313.85495 878.2023009969078 1048.9523009969078 442.19029223658174 538.1902922365817
2108 684.11615 313.85495 875.2565931762647 1046.0065931762647 449.6692503292295 545.6692503292295
2126 628.72644 316.03485 871.7045392706568 1042.4545392706568 457.98527023040305 553.9852702304031
2143 598.4914 317.06186 868.1211054216201 1038.87110542162 465.737646624778 561.737646624778
2160 598.4914 317.06186 864.3184484911064 1035.0684484911064 473.3848773771026 569.3848773771026
2176 624.8221 321.97308 860.5419758597092 1031.291975859709 480.4806693117979 576.4806693117979
2193 624.8221 321.97308 856.3227228435584 1027.0727228435585 487.90618221638465 583.9061822163847
2210 645.736 325.6647 851.8938087238421 1022.6438087238421 495.20858302917645 591.2085830291765
2227 645.736 325.6647 847.2588229060326 1018.0088229060326 502.38195353258584 598.3819535325858
2245 645.736 325.6647 842.1307571776003 1012.8807571776003 509.8301892854297 605.8301892854297
2261 610.10767 325.29263 837.3858258058228 1008.1358258058228 516.3184583144773 612.3184583144773
2278 610.10767 325.29263 832.1558160761413 1002.9058160761413 523.0702977777584 619.0702977777584
2296 630.9824 326.18115 826.4110765741736 997.1610765741736 530.0539388051589 626.0539388051589
2312 630.9824 326.18115 821.1299640822481 991.8799640822481 536.1137952031119 632.1137952031119
2329 598.17474 324.30078 815.3430576999276 986.0930576999276 542.394882086187 638.394882086187
2346 573.5679 322.81348 809.379702109853 980.129702109853 548.5086966087915 644.5086966087915
2363 573.5679 322.81348 803.2447303028227 973.9947303028227 554.4502838409564 650.4502838409564
2381 549.84344 324.13715 796.5673499372441 967.3173499372441 560.5483052740481 656.5483052740481
2397 549.84344 324.13715 790.4799614017456 961.2299614017456 565.7976585231695 661.7976585231695
2414 581.1605 326.026 783.8605094916655 954.6105094916655 571.1942495138428 667.1942495138428
2432 581.1605 326.026 776.6872816327669 947.4372816327669 576.7004347658467 672.7004347658467
2449 606.82666 327.45673 769.7630660054275 940.5130660054275 581.6999923319313 677.6999923319313
2466 606.82666 327.45673 762.6993413925139 933.4493413925139 586.5004227817345 682.5004227817345
2482 606.82666 327.45673 755.9288148358737 926.6788148358737 590.8330869577367 686.8330869577367
2500 626.9294 329.17218 748.1763727666926 918.9263727666926 595.48850486691 691.48850486691
2517 642.2676 332.21805 740.7288988675523 911.4788988675523 599.6688721273433 695.6688721273433
2534 642.2676 332.21805 733.1654466713042 903.9154466713042 603.6355494252274 699.6355494252274
2550 656.4455 335.5089 725.9464464020558 896.6964464020558 607.1708066759479 703.1708066759479
2568 656.4455 335.5089 717.7152155588545 888.4652155588545 610.9151507775223 706.9151507775223
2584 668.4444 337.98474 710.3067300841386 881.0567300841386 614.0338607170812 710.0338607170812
2602 668.4444 337.98474 701.8757557291436 872.6257557291436 617.3037147460062 713.3037147460062
2618 631.3756 335.8717 694.3017969577133 865.0517969577133 619.9957692114392 715.9957692114392
2636 631.3756 335.8717 685.6984050251664 856.4484050251664 622.7805351262059 718.7805351262059
2652 696.52734 336.4584 677.9835211872297 848.7335211872297 625.0372088029525 721.0372088029525
2669 696.52734 336.4584 669.7233728534557 840.4733728534557 627.2075284601758 723.2075284601758
2686 650.09705 334.1355 661.4047925232513 832.1547925232513 629.1418395004217 725.1418395004217
2704 650.09705 334.1355 652.5406881752673 823.2906881752673 630.9309532623472 726.9309532623472
2720 660.81836 325.2036 644.6193448795832 815.3693448795832 632.296357637651 728.296357637651
2737 660.81836 325.2036 636.1660813019316 806.9160813019316 633.5140081610913 729.5140081610913
2754 528.6547 260.1629 627.6815821743512 798.4315821743512 634.4905389924386 730.4905389924386
2771 528.6547 260.1629 619.1727237438794 789.9227237438794 635.2251587040392 731.2251587040392
2788 565.0297 276.04095 610.6464019995067 781.3964019995067 635.7172719246712 731.7172719246712
2805 565.0297 276.04095 602.1095270833351 772.8595270833351 635.9664798220608 731.9664798220608
2822 584.4531 286.17636 593.5690176902656 764.3190176902656 635.9725804261168 731.9725804261168
2839 584.4531 286.17636 585.0317954607539 755.7817954607539 635.7355687926154 731.7355687926154
2856 611.723 294.3463 576.5047793711809 747.2547793711809 635.2556370072082 731.2556370072082
2873 611.723 294.3463 567.9948801263789 738.7448801263789 634.5331740297464 730.5331740297464
2890 632.4803 301.2808 559.5089945588649 730.2589945588649 633.5687653790487 729.5687653790487
2907 598.74884 306.86743 551.0540000393138 721.8040000393138 632.3631926583694 728.3631926583694
2924 598.74884 306.86743 542.6367489028069 713.3867489028069 630.9174329219486 726.9174329219486
2942 571.9663 311.3763 533.7730850152877 704.5230850152877 629.1261382967836 725.1261382967836
2959 571.9663 311.3763 525.4549808532626 696.2049808532626 627.189780618001 723.189780618001
2976 606.1404 318.67004 517.1953667532769 687.9453667532769 625.0174287059479 721.0174287059479
2992 606.1404 318.67004 509.48103837910116 680.2310383791012 622.7588569334407 718.7588569334407
3009 606.1404 318.67004 501.3540257094023 672.1040257094023 620.1335944747455 716.1335944747455
3027 628.15393 324.4505 492.83413519547366 663.5841351954737 617.1029609476205 713.1029609476205
3044 628.15393 324.4505 484.8748660899855 655.6248660899855 614.0061281757542 710.0061281757542
3060 643.1555 329.6208 477.46714816449344 648.2171481644934 610.8855955525434 706.8855955525434
3078 643.1555 329.6208 469.2368388259649 639.9868388259649 607.1392263586182 703.1392263586182
3094 655.33295 330.87335 462.0187085871838 632.7687085871838 603.6021930576474 699.6021930576474
3111 665.53894 326.66864 454.4562325780845 625.2062325780845 599.6336549738851 695.6336549738851
3128 665.53894 326.66864 447.00978743869564 617.7597874386956 595.4514554692516 691.4514554692516
3145 676.8771 326.21875 439.68540812706976 610.4354081270698 591.058983999804 687.058983999804
3163 676.8771 326.21875 432.0698257527072 602.8198257527072 586.182901653867 682.182901653867
3179 682.4378 326.84598 425.4264873683203 596.1764873683203 581.6576321782761 677.6576321782761
3197 682.4378 326.84598 418.1007341971813 588.8507341971813 576.3560650118047 672.3560650118047
3213 640.3687 328.45825 411.72568540279684 582.4756854027969 571.4600705688548 667.4600705688548
3230 640.3687 328.45825 405.09853053246013 575.8485305324601 566.0729418127313 662.0729418127313
3247 640.3687 328.45825 398.6274083925641 569.3774083925641 560.4993508552757 656.4993508552757
3265 652.21735 319.8538 391.9515285815807 562.7015285815808 554.3996867092457 650.3996867092457
3281 652.21735 319.8538 386.17410963438175 556.9241096343817 548.8109982204569 644.8109982204569
3298 660.51086 321.74823 380.2020257696452 550.9520257696452 542.7057093474355 638.7057093474355
3315 669.4061 325.24762 374.4061519627961 545.1561519627961 536.4328962045494 632.4328962045494
3332 669.4061 325.24762 368.7911854693228 539.5411854693227 529.9976425819129 625.9976425819129
3350 677.6682 320.33954 363.0481643908829 533.7981643908829 523.0125883346178 619.0125883346178
3366 677.6682 320.33954 358.12202667636814 528.8720266763681 516.6608030789737 612.6608030789737
3384 582.08075 302.91718 352.78581736231547 523.5358173623155 509.3602452851014 605.3602452851014
3401 582.08075 302.91718 347.9502481623738 518.7002481623738 502.3205287834901 598.3205287834901
3418 465.6646 242.33374 343.31702741539596 514.067027415396 495.1460181088685 591.1460181088685
3435 465.6646 242.33374 338.8899101067921 509.6399101067921 487.8425278304917 583.8425278304917
3451 465.6646 242.33374 334.91470142185455 505.66470142185455 480.85613214835485 576.8561321483548
3468 464.63733 255.24982 330.8977575118902 501.6477575118902 473.3192561685689 569.3192561685689
3486 464.63733 255.24982 326.8802058135661 497.6302058135661 465.2178641711182 561.2178641711182
3503 464.63733 255.24982 323.31166860027383 494.06166860027383 457.45861935813366 553.4586193581337
3520 464.63733 255.24982 319.9654481323775 490.7154481323775 449.60093862583636 545.6009386258363
3537 464.63733 255.24982 316.8442563482289 487.5942563482289 441.6511902174244 537.6511902174244
3553 464.63733 255.24982 314.1144944740342 484.8644944740342 434.0907399116313 530.0907399116313
3571 464.63733 255.24982 311.28689266404376 482.03689266404376 425.5013312038564 521.5013312038564
3588 512.17773 269.7845 308.85522471939606 479.60522471939606 417.31430922285153 513.3143092228515
3604 512.17773 269.7845 306.780351140146 477.530351140146 409.5485569510936 505.5485569510936
3621 560.0692 278.68307 304.80461285468476 475.55461285468476 401.23971851615926 497.23971851615926
3638 560.0692 278.68307 303.06619032461737 473.81619032461737 392.87800666884965 488.87800666884965
3655 560.0692 278.68307 301.5664924513526 472.3164924513526 384.4701981434725 480.4701981434725
3673 587.56433 289.47714 300.24012624611004 470.99012624611004 375.52514215512616 471.52514215512616
3689 611.6667 295.16663 299.28793792598333 470.03793792598333 367.5435792681223 463.5435792681223
3706 611.6667 295.16663 298.5109279242903 469.2609279242903 359.03848706593226 455.03848706593226
3723 628.4537 299.34003 297.97633438360816 468.72633438360816 350.5147233633919 446.5147233633919
3741 628.4537 299.34003 297.6749980009779 468.4249980009779 341.4768878742076 437.4768878742076
3757 593.8453 299.65335 417.64906576024066 588.3990657602407 333.056686471707 429.056686471707
3775 593.8453 299.65335 418.0239626747057 588.7739626747057 324.0222125716715 420.0222125716715
3791 567.4478 303.78232 418.73774721758974 589.4877472175897 316.01623679178385 412.01623679178385
3809 567.4478 303.78232 419.96702256495803 590.717022564958 307.0579362572376 403.0579362572376
3825 546.6552 305.93417 421.43620498653286 592.1862049865329 299.15561763711503 395.15561763711503
3843 546.6552 305.93417 423.5087967246308 594.2587967246309 290.35410470841526 386.35410470841526
3859 546.6552 305.93417 425.72015609929747 596.4701560992975 282.62655488470796 378.62655488470796
3876 574.1026 305.65836 428.4451933182859 599.1951933182859 274.53299249891984 370.53299249891984
3893 574.1026 305.65836 431.55105000007745 602.3010500000775 266.5777907912517 362.5777907912517
3910 574.1026 305.65836 435.03073493989234 605.7807349398923 258.7788567193968 354.7788567193968
3927 601.77924 309.13135 438.876415455004 609.626415455004 251.15374548655507 347.15374548655507
3944 621.8303 299.99905 443.0794350159092 613.8294350159092 243.71962102511617 339.71962102511617
3962 621.8303 299.99905 447.9086511094473 618.6586511094473 236.07495371588607 332.07495371588607
3978 621.8303 299.99905 452.518864647575 623.268864647575 229.49080094619188 325.4908009461919
3995 639.9119 307.3475 457.734026801152 628.484026801152 222.7281340425647 318.7281340425647
4013 639.9119 307.3475 463.5989209792019 634.3489209792019 215.84589003154827 311.84589003154827
4030 654.58575 311.16693 469.44880561963384 640.1988056196338 209.62411941289355 305.62411941289355
4046 654.58575 311.16693 475.21838667089924 645.9683866708992 204.0279536670738 300.0279536670738
4063 668.7673 312.20468 481.6157313118342 652.3657313118342 198.37060786867886 294.37060786867886
4080 675.34955 312.2604 488.27420988032543 659.0242098803254 193.0230623484931 289.0230623484931
4097 675.34955 312.2604 495.1788343096449 665.9288343096449 187.9973542961332 283.9973542961332
4114 742.8219 314.6472 502.31406246496294 673.064062464963 183.30479645322103 279.304796453221
4132 742.8219 314.6472 510.1025025692394 680.8525025692394 178.71105428707807 274.71105428707807
4148 742.8219 314.6472 517.2116021519138 687.9616021519138 174.9606090221234 270.96060902212344
4165 785.6868 315.74496 524.9403796987771 695.6903796987771 171.32776198864897 267.32776198864894
4182 785.6868 315.74496 532.8327684862486 703.5827684862486 168.06558799499004 264.06558799499004
4199 821.4978 318.4737 540.8710029469295 711.6210029469295 165.1814301122385 261.1814301122385
4216 821.4978 318.4737 549.0369892185008 719.7869892185008 162.68178050678887 258.68178050678887
4233 800.65356 318.97928 557.3123458725511 728.0623458725511 160.57226582663537 256.5722658266354
4250 781.9605 316.31985 565.678445290706 736.428445290706 158.85763453593017 254.85763453593017
4267 781.9605 316.31985 574.1164555949256 744.8664555949256 157.54174622631027 253.54174622631027
4284 719.16797 313.761 582.6073830375866 753.3573830375866 156.6275629290547 252.6275629290547
4301 719.16797 313.761 591.132114755926 761.882114755926 156.1171424476271 252.1171424476271
4319 724.2903 312.18176 600.1738207000526 770.9238207000526 156.01804670179018 252.01804670179018
4335 724.2903 312.18176 608.206202299593 778.956202299593 156.31127426047263 252.31127426047263
4353 721.2472 315.7602 617.2166157056257 787.9666157056257 157.06937491294823 253.06937491294823
4370 721.2472 315.7602 625.6814395481568 796.4314395481568 158.20001068650026 254.20001068650026
4386 771.40875 319.4851 633.5909809564164 804.3409809564164 159.6297978289907 255.6297978289907
4403 771.40875 319.4851 641.9159320172428 812.6659320172428 161.53420581373558 257.5342058137356
4421 711.0593 317.73254 650.6215220114407 821.3715220114407 163.97858082584344 259.97858082584344
4438 711.0593 317.73254 658.7210379112927 829.4710379112927 166.68587137647998 262.68587137648
4454 712.2203 317.85135 666.2188053437343 836.9688053437343 169.58218283949915 265.5821828394992
4471 762.57166 320.46988 674.0349817666976 844.7849817666976 173.0229627020636 269.02296270206364
4489 762.57166 320.46988 682.1230927560449 852.8730927560449 177.0658239377357 273.0658239377357
4505 762.57166 320.46988 689.1341369531456 859.8841369531456 180.99652309031762 276.9965230903176
4522 751.12067 320.33224 696.3831279004737 867.1331279004737 185.51135533338842 281.51135533338845
4539 751.12067 320.33224 703.4098168015221 874.1598168015221 190.36493370665013 286.36493370665016
4557 803.3552 319.6749 710.5899695491788 881.3399695491788 195.86108443850046 291.8610844385005
4573 803.3552 319.6749 716.733556869033 887.483556869033 201.0438897990301 297.0438897990301
4590 776.47186 316.26633 723.0006166338345 893.7506166338345 206.8452294582745 302.8452294582745
4607 776.47186 316.26633 728.9854590589218 899.7354590589218 212.9372932370277 308.9372932370277
4624 764.1434 315.455 734.6746124154753 905.4246124154753 219.30636805391646 315.30636805391646
4642 813.6555 314.24182 740.3619103211945 911.1119103211945 226.33608418463587 322.33608418463587
4659 813.6555 314.24182 745.4027404132385 916.1527404132385 233.2296762758943 329.2296762758943
4675 793.96783 313.36963 749.8433760095571 920.5933760095571 239.9293697063817 335.9293697063817
4693 793.96783 313.36963 754.4758707295014 925.2258707295014 247.69482262405427 343.69482262405427
4709 774.3257 311.6015 758.2616938824929 929.0116938824929 254.78514557975075 350.78514557975075
4726 774.3257 311.6015 761.9330081024611 932.6830081024611 262.4957247950736 358.4957247950736
4744 762.098 310.02484 765.4169917624882 936.1669917624882 270.8398319494411 366.8398319494411
4761 762.098 310.02484 768.3187615671286 939.0687615671286 278.8717253711941 374.8717253711941
4777 755.3709 309.398 770.6989549944915 941.4489549944915 286.5489524624127 382.5489524624127
4795 755.3709 309.398 772.9639522412413 943.7139522412413 295.3029260641045 391.3029260641045
4811 755.3709 309.398 774.605977411876 945.355977411876 303.17114631399613 399.17114631399613
4828 798.98694 310.02686 775.9638957607996 946.7138957607996 311.60249482388303 407.60249482388303
4846 783.78406 309.8421 776.9640893640834 947.7140893640834 320.5892561483454 416.5892561483454
4862 783.78406 309.8421 777.47327042036 948.22327042036 328.6108439720703 424.6108439720703
4880 713.63086 303.79187 777.6174195110625 948.3674195110625 337.6519438712278 433.6519438712278
4896 713.63086 303.79187 777.3642207321774 948.1142207321774 345.68568689301895 441.68568689301895
4914 714.7146 303.9385 776.6510281368674 947.4010281368674 354.69976602895355 450.69976602895355
4930 714.7146 303.9385 775.6377280160616 946.3877280160616 362.6733699460652 458.6733699460652
4947 716.3907 305.60077 774.1722300260149 944.9222300260149 371.0866865084376 467.0866865084376
4964 716.3907 305.60077 772.3093286896907 943.0593286896907 379.4210238275436 475.4210238275436
4981 726.8699 302.1082 770.0532173508461 940.8032173508461 387.65762152102405 483.65762152102405
4999 726.8699 302.1082 767.2414664715639 937.9914664715639 396.25159169433493 492.25159169433493
5015 726.6471 302.03952 764.3825521379785 935.1325521379785 403.7636982827043 499.7636982827043
5033 726.6471 302.03952 760.7691273551981 931.5191273551981 412.05257201114836 508.05257201114836
5049 725.9326 302.04037 757.2112637502574 927.9612637502574 419.25998091660404 515.259980916604
5067 725.9326 302.04037 752.8286816660764 923.5786816660764 427.1691680191018 523.1691680191018
5083 630.14703 284.00616 748.6038854061801 919.3538854061801 434.00702098068035 530.0070209806804
5100 630.14703 284.00616 743.7853810904619 914.5353810904619 441.057807893992 537.057807893992
5118 647.1365 278.50363 738.3250770999266 909.0750770999266 448.265258669255 544.265258669255
5134 647.1365 278.50363 733.1729494131282 903.9229494131282 454.4345954942897 550.4345954942896
5151 660.52203 282.66208 727.4029103666112 898.1529103666112 460.73048537096236 556.7304853709624
5169 660.52203 282.66208 720.9753375862501 891.7253375862501 467.09040474938706 563.0904047493871
5185 678.27496 286.80383 715.0000976809954 885.7500976809954 472.46642973411736 568.4664297341174
5202 678.27496 286.80383 708.3952424593289 879.1452424593289 477.8800669068827 573.8800669068827
5219 688.0934 287.84518 701.5410462255444 872.2910462255444 482.9743356401059 578.9743356401059
5236 691.08124 284.15698 694.4529376018812 865.2029376018812 487.73776886380733 583.7377688638073
5254 691.08124 284.15698 686.7106646883476 857.4606646883476 492.40890111191015 588.4089011119102
5270 691.08124 284.15698 679.639294413571 850.389294413571 496.2300081502966 592.2300081502966
5287 648.4523 287.74045 671.9471049847989 842.6971049847989 499.93969839739407 595.9396983973941
5305 648.4523 287.74045 663.620462019195 834.370462019195 503.46521726278866 599.4652172627887
5321 661.7019 287.8864 656.0785261011198 826.8285261011198 506.2444868016163 602.2444868016163
5338 661.7019 287.8864 647.9378564156366 818.6878564156366 508.8253930396211 604.8253930396211
5355 673.08594 292.14764 639.6839337638094 810.4339337638094 511.01727369220305 607.017273692203
5372 673.08594 292.14764 631.335337516615 802.085337516615 512.8151948914908 608.8151948914908
5389 732.86884 294.46405 622.9108601528986 793.6608601528986 514.2151095623715 610.2151095623715
5406 732.86884 294.46405 614.4294649579773 785.1794649579773 515.2138665323532 611.2138665323532
5423 729.1301 297.8125 605.9102433377668 776.6602433377668 515.8092176247758 611.8092176247758
5440 677.2857 295.98853 597.3723718445073 768.1223718445073 515.9998227193989 611.9998227193989
5458 677.2857 295.98853 588.3333032838261 759.0833032838261 515.7600188365996 611.7600188365996
5474 739.9607 298.6545 580.317552089333 751.067552089333 515.1659907650433 611.1659907650433
5492 739.9607 298.6545 571.3418767722527 742.0918767722527 514.0707652406622 610.0707652406622
5508 737.12006 300.04514 563.4184791480179 734.1684791480179 512.7198741828516 608.7198741828516
5525 737.12006 300.04514 555.0749625136663 725.8249625136663 510.8985257511097 606.8985257511097
5542 737.12006 300.04514 546.8272249367301 717.5772249367301 508.68348516468336 604.6834851646834
5560 734.5125 299.64487 538.2193505800357 708.9693505800357 505.9145927134932 601.9145927134932
5577 734.5125 299.64487 530.2269771400934 700.9769771400934 502.9056814927985 598.9056814927985
5593 782.70746 302.8799 522.843012891798 693.593012891798 499.7304321259451 595.7304321259451
5610 782.70746 302.8799 515.1612667811617 685.9112667811617 495.99916469660786 591.9991646966079
5628 770.69055 302.89243 507.2303395844086 677.9803395844086 491.65604828708047 587.6560482870805
5644 810.0222 304.4709 500.37151947034613 671.1215194703461 487.4653773139863 583.4653773139863
5661 810.0222 304.4709 493.29680961702684 664.0468096170268 482.6820667001052 578.6820667001052
5679 789.1365 307.64227 486.06223977640286 656.8122397764029 477.25774503117407 573.2577450311741
5695 789.1365 307.64227 479.86730663188473 650.6173066318847 472.13642294632587 568.1364229463259
5713 782.1063 306.7291 473.1792719367003 643.9292719367003 466.0509929481327 562.0509929481327
5729 782.1063 306.7291 467.4974853308397 638.2474853308397 460.36571041097886 556.3657104109789
5746 774.0583 305.78198 461.7451414322254 632.4951414322254 454.0536489719888 550.0536489719889
5764 774.0583 305.78198 455.98806905859533 626.7380690585953 447.0809605355471 543.0809605355471
5780 713.5763 304.13733 451.1702998949387 621.9202998949387 440.6471252215585 536.6471252215586
5797 713.5763 304.13733 446.37160595691194 617.1216059569119 433.58284065575424 529.5828406557542
5814 712.3237 304.88455 441.9133795805666 612.6633795805666 426.29889958551144 522.2988995855114
5832 712.3237 304.88455 437.5751422903951 608.3251422903951 418.3653024466931 514.365302446693
5848 712.8431 306.21317 434.05768195865755 604.8076819586576 411.1380893339877 507.1380893339877
5866 712.8431 306.21317 430.4907154271366 601.2407154271366 402.8291173091274 498.8291173091274
5882 722.2882 307.70477 427.67389913133843 598.4238991313384 395.30112404946493 491.30112404946493
5899 722.2882 307.70477 425.052460199564 595.8024601995639 387.1734160167848 483.1734160167848
5916 771.71204 310.3151 422.8194776869708 593.5694776869708 378.9305179198789 474.9305179198789
5934 771.71204 310.3151 420.8841188838897 591.6341188838896 370.0978143331939 466.0978143331939
5950 816.19147 312.3192 419.53810174796206 590.2881017479621 362.1735872774116 458.1735872774116
5968 816.19147 312.3192 418.4483973510431 589.1983973510431 353.19723998721406 449.19723998721406
5984 845.56195 313.81894 417.85929986469176 588.6092998646918 345.18112492358273 441.18112492358273
6002 869.044 315.4839 417.6286526131048 588.3786526131048 337.1467028281774 433.1467028281774
