1 681.0088 326.34738 297.62542067616835 468.37542067616835 335.4976002348308 431.4976002348308
18 681.0088 326.34738 297.76128878990846 468.51128878990846 326.9581694712406 422.9581694712406
34 674.9127 326.49603 298.1111703954607 468.8611703954607 318.92762829531256 414.92762829531256
51 674.9127 326.49603 298.7185140048509 469.4685140048509 310.4087391863609 406.4087391863609
68 677.3152 325.3562 299.56810583748677 470.31810583748677 301.91059046864586 397.91059046864586
86 677.3152 325.3562 300.7309474282776 471.4809474282776 292.9428107334055 388.9428107334055
102 677.3152 325.3562 301.9910842002114 472.7410842002114 285.00404105339845 381.00404105339845
120 678.6046 330.74905 303.6623788905013 474.4123788905013 276.11696909446454 372.11696909446454
136 683.3655 333.30557 305.37225228130916 476.12225228130916 268.2627764750041 364.2627764750041
154 683.3655 333.30557 307.54658317776153 478.29658317776153 259.4852165009684 355.4852165009684
170 696.19916 332.5016 309.7006512552929 480.4506512552929 251.74105744826687 347.7410574482669
187 696.19916 332.5016 312.21579703666407 482.96579703666407 243.57929418234613 339.57929418234613
204 705.16345 331.42432 314.9622521925565 485.7122521925565 235.4924331110061 331.4924331110061
221 705.16345 331.42432 317.93779086333535 488.68779086333535 227.48702821623766 323.48702821623766
239 707.8774 332.61844 321.3353713044251 492.0853713044251 219.10671073469888 315.1067107346989
256 707.8774 332.61844 324.77475501321027 495.52475501321027 211.2893596734873 307.2893596734873
272 710.1463 333.48993 328.2138763391684 498.9638763391684 204.0240686798987 300.02406867989873
289 710.1463 333.48993 332.0798074744846 502.8298074744846 196.40862946948707 292.4086294694871
307 710.773 334.08295 336.4076486363828 507.1576486363828 188.46866317091627 284.4686631709163
323 704.04236 331.37244 340.4539940602396 511.2039940602396 181.52322600490484 277.5232260049048
340 704.04236 331.37244 344.9554626662418 515.7054626662418 174.26532559916362 270.2653255991636
358 563.2339 265.09796 349.94484113972976 520.6948411397298 166.72348388819168 262.7234838881917
374 563.2339 265.09796 354.5689124255555 525.3189124255555 160.14853343516307 256.1485334351631
392 563.2339 265.09796 359.9793956887837 530.7293956887837 152.90284887099742 248.90284887099742
408 592.35223 278.9744 364.97014001297055 535.7201400129705 146.601699784777 242.601699784777
425 592.35223 278.9744 370.45573236238414 541.2057323623842 140.05581447516937 236.05581447516937
442 621.13245 280.73077 376.12543363562395 546.875433635624 133.66873177782583 229.66873177782583
460 621.13245 280.73077 382.32421012162035 553.0742101216204 127.08477825264669 223.0847782526467
477 623.7514 275.31845 388.35832887425113 559.1083288742511 121.04079373995708 217.04079373995708
494 623.7514 275.31845 394.5620474236076 565.3120474236076 115.17102252884061 211.1710225288406
510 638.93915 283.2848 400.5512688483818 571.3012688483818 109.8099372430793 205.8099372430793
527 511.15134 226.62784 407.06973833256984 577.8197383325698 104.29179502905546 200.29179502905546
544 511.15134 226.62784 413.7426429853873 584.4926429853873 98.96144031244515 194.96144031244515
561 552.0781 249.2049 420.564574763276 591.314574763276 93.82319306962836 189.82319306962836
578 552.0781 249.2049 427.53000484391305 598.280004843913 88.88121758382923 184.88121758382923
595 552.0781 249.2049 434.6332881070341 605.3832881070341 84.13951907017963 180.13951907017963
613 580.3447 266.09552 442.298267202495 613.048267202495 79.34146014899 175.34146014899
629 580.3447 266.09552 449.2302797509776 619.9802797509776 75.27215913482809 171.2721591348281
646 600.3541 282.5434 456.71215802621145 627.4621580262115 71.15368424901567 167.15368424901567
663 600.3541 282.5434 464.3082388604396 635.0582388604396 67.24985358281685 163.24985358281685
680 480.2833 226.03471 472.0123660236304 642.7623660236304 63.563830988764266 159.56383098876427
697 524.88873 249.13351 479.81829571979983 650.5682957197998 60.09860379723074 156.09860379723074
715 524.88873 249.13351 488.1873270540765 658.9373270540765 56.6733171711283 152.6733171711283
731 558.98596 268.32648 495.7101801258791 666.4601801258791 53.84158795097835 149.84158795097835
748 558.98596 268.32648 503.783255286693 674.533255286693 51.0548702834833 147.0548702834833
765 585.67096 276.66647 511.93238432050157 682.6823843205016 48.49908588318232 144.49908588318232
782 585.67096 276.66647 520.1509627803556 690.9009627803556 46.176306080939696 142.1763060809397
799 563.2289 284.43457 528.4323299341439 699.1823299341439 44.08841336946284 140.08841336946284
817 563.2289 284.43457 537.2618142040386 708.0118142040386 42.13559963724384 138.13559963724384
834 495.12442 283.3199 545.6512683082123 716.4012683082123 40.53641304886645 136.53641304886645
850 495.12442 283.3199 553.585825606595 724.335825606595 39.25001917650059 135.2500191765006
867 495.12442 283.3199 562.0508042831839 732.8008042831839 38.116672841359446 134.11667284135945
884 536.3666 295.14078 570.5446140026227 741.2946140026227 37.2247455122278 133.2247455122278
901 471.18588 289.9082 579.0603709721212 749.8103709721212 36.574960050003085 132.57496005000309
918 471.18588 289.9082 587.5911736117806 758.3411736117806 36.167843072143 132.167843072143
935 517.00555 298.22778 596.1301081479654 766.8801081479654 36.00372452586896 132.00372452586896
952 517.00555 298.22778 604.6702542165596 775.4202542165596 36.08273742076125 132.08273742076125
969 552.6429 305.01666 613.2046904715623 783.9546904715623 36.40481772096149 132.4048177209615
986 552.6429 305.01666 621.7265001944813 792.4765001944813 36.96970439707047 132.96970439707047
1003 580.6808 308.80823 630.2287768999744 800.9787768999744 37.77693963769889 133.7769396376989
1020 580.6808 308.80823 638.7046299331981 809.4546299331981 38.82586922049978 134.82586922049978
1037 558.494 309.0916 647.1471900543268 817.8971900543268 40.115643042381976 136.11564304238198
1055 558.494 309.0916 656.0424796955454 826.7924796955454 41.74263294520472 137.74263294520472
1072 590.68024 309.80368 664.3949870000625 835.1449870000625 43.52475517402934 139.52475517402934
1088 669.6397 313.45566 672.2068585250034 842.9568585250034 45.41860627535635 141.41860627535635
1106 669.6397 313.45566 680.9309353437416 851.6809353437416 47.79847131476845 143.79847131476845
1122 669.6397 313.45566 688.6223720999366 859.3723720999366 50.133810549576026 146.13381054957603
1140 731.8541 316.5357 697.1968778238853 867.9468778238853 53.006287796662775 149.00628779666278
1156 731.8541 316.5357 704.742950819005 875.492950819005 55.77554601295549 151.7755460129555
1173 828.7452 311.7815 712.6762698040402 883.4262698040402 58.93826443105149 154.9382644310515
1191 828.7452 311.7815 720.9744866729714 891.7244866729714 62.53171273890922 158.53171273890922
1208 861.1906 318.46893 728.7089106673807 899.4589106673807 66.15373198032523 162.15373198032523
1224 861.1906 318.46893 735.8914330094331 906.6414330094331 69.76252423287974 165.76252423287974
1242 782.66486 321.44928 743.8528662476037 914.6028662476037 74.05074702783952 170.05074702783952
1258 767.03674 324.13022 750.8183800147626 921.5683800147626 78.06243329120804 174.06243329120804
1276 767.03674 324.13022 758.5228774307536 929.2728774307536 82.79677522140798 178.79677522140798
1292 806.55176 329.67206 765.2488064458005 935.9988064458005 87.19835307494287 183.19835307494287
1310 806.55176 329.67206 772.671396715908 943.421396715908 92.36346949445999 188.36346949446
1327 786.45013 334.26627 779.5356963702274 950.2856963702274 97.4449779482751 193.4449779482751
1343 786.45013 334.26627 785.8616359705578 956.6116359705578 102.40426185718263 198.40426185718263
1361 767.25586 332.56366 792.8165644145411 963.5665644145411 108.18372933127876 204.18372933127876
1377 767.25586 332.56366 798.8500299387413 969.6000299387413 113.49497235758312 209.49497235758312
1394 767.25586 332.56366 805.1022028442499 975.8522028442499 119.31310538030687 215.31310538030687
1411 774.5475 316.92203 811.1862262243785 981.9362262243785 125.30685190652298 221.30685190652298
1428 774.5475 316.92203 817.0971692933363 987.8471692933363 131.47135431515434 227.47135431515434
1446 725.0948 296.4589 823.1618418139614 993.9118418139614 138.17903805565956 234.17903805565956
1463 743.8986 283.24265 828.7015190178248 999.4515190178248 144.67921608302754 240.67921608302754
1481 743.8986 283.24265 834.3628422366697 1005.1128422366697 151.73064809055822 247.73064809055822
1496 758.79974 276.53564 838.9165129944168 1009.6665129944168 157.73501253228335 253.73501253228335
1514 758.79974 276.53564 844.1797012529947 1014.9297012529947 165.08838749211185 261.08838749211185
1530 776.52435 272.67435 848.6701707867052 1019.4201707867052 171.7552977272204 267.7552977272204
1547 776.52435 272.67435 853.2437467928016 1023.9937467928016 178.96797687071094 274.9679768707109
1564 740.65735 272.5891 857.6101570459276 1028.3601570459277 186.30792233453255 282.3079223345326
1582 740.65735 272.5891 862.0036814969314 1032.7536814969314 194.2117326082863 290.2117326082863
1598 664.6858 267.39084 865.7074960610505 1036.4574960610505 201.34571931915121 297.3457193191512
1615 664.6858 267.39084 869.4318623492258 1040.1818623492259 209.03138348446487 305.03138348446487
1632 664.6858 267.39084 872.9359432553329 1043.6859432553329 216.8199491363638 312.8199491363638
1650 703.4388 273.13773 876.4028900120431 1047.1528900120431 225.17180845816728 321.1718084581673
1666 732.5965 279.0033 879.2720702485676 1050.0220702485676 232.6804577033056 328.6804577033056
1683 732.5965 279.0033 882.0989812329851 1052.8489812329851 240.73954649774532 336.7395464977453
1700 769.3353 302.17453 884.6953407916484 1055.4453407916485 248.87583895516212 344.8758389551621
1717 769.3353 302.17453 887.0590447096293 1057.8090447096292 257.08274103198784 353.08274103198784
1734 800.6741 325.42392 889.1881773273444 1059.9381773273444 265.35360145921436 361.35360145921436
1751 800.6741 325.42392 891.0810130930984 1061.8310130930984 273.6817171329047 369.6817171329047
1768 677.0753 334.15344 892.7360179615537 1063.4860179615537 282.0603385467098 378.0603385467098
1785 677.0753 334.15344 894.1518506369953 1064.9018506369953 290.4826752619944 386.4826752619944
1802 728.47217 350.38742 895.3273636603816 1066.0773636603817 298.94190141113677 394.94190141113677
1820 728.47217 350.38742 896.3090288345896 1067.0590288345898 307.9313178232743 403.9313178232743
1836 720.1041 359.09473 896.9538155200738 1067.703815520074 315.9435746118702 411.9435746118702
1853 720.1041 359.09473 897.4034362013994 1068.1534362013995 324.4722426880359 420.4722426880359
1870 759.54517 369.3999 897.6101019890048 1068.3601019890048 333.01025341435343 429.01025341435343
1887 759.54517 369.3999 897.5736453909749 1068.323645390975 341.5506871754069 437.5506871754069
1904 806.91 366.44562 897.2940959534936 1068.0440959534935 350.08662239203596 446.08662239203596
1922 806.91 366.44562 896.7333946506541 1067.4833946506542 359.1120801640305 455.1120801640305
1938 786.70374 368.78983 896.0068216320687 1066.7568216320687 367.1173347111916 463.1173347111916
1956 786.70374 368.78983 894.9334090841814 1065.6834090841814 376.09625777841393 472.09625777841393
1972 770.2046 369.2818 893.7524512558361 1064.5024512558361 384.04719151753216 480.04719151753216
1990 770.2046 369.2818 892.1698065389205 1062.9198065389205 392.9504779694597 488.9504779694597
2007 805.0807 370.65158 890.4293267523421 1061.1793267523421 401.3117618435425 497.3117618435425
2023 805.0807 370.65158 888.5744255069792 1059.3244255069792 409.13297339202586 505.13297339202586
2040 834.229 377.50342 886.3747600303433 1057.1247600303432 417.385355454278 513.3853554542779
2057 805.74176 375.64984 883.9410778307275 1054.6910778307274 425.5717789017766 521.5717789017766
2075 805.74176 375.64984 881.1113627748334 1051.8613627748334 434.1604916486035 530.1604916486035
2091 805.74176 375.64984 878.3797408159044 1049.1297408159044 441.7202700970553 537.7202700970553
2108 834.4707 377.77292 875.2565931762647 1046.0065931762647 449.6692503292295 545.6692503292295
2126 808.0185 378.2164 871.7045392706568 1042.4545392706568 457.98527023040305 553.9852702304031
2143 808.0185 378.2164 868.1211054216201 1038.87110542162 465.737646624778 561.737646624778
2159 808.0185 378.2164 864.5481482862865 1035.2981482862865 472.9380623089762 568.9380623089762
2176 834.71783 389.0159 860.5419758597092 1031.291975859709 480.4806693117979 576.4806693117979
2193 834.71783 389.0159 856.3227228435584 1027.0727228435585 487.90618221638465 583.9061822163847
2210 807.06726 389.90778 851.8938087238421 1022.6438087238421 495.20858302917645 591.2085830291765
2227 807.06726 389.90778 847.2588229060326 1018.0088229060326 502.38195353258584 598.3819535325858
2244 785.93713 388.0702 842.4215218060378 1013.1715218060378 509.42048008140796 605.420480081408
2262 815.9049 388.66177 837.0835164298949 1007.8335164298949 516.719724737489 612.719724737489
2278 815.9049 388.66177 832.1558160761413 1002.9058160761413 523.0702977777584 619.0702977777584
2295 787.6837 390.4172 826.7357312689596 997.4857312689596 529.6705264551181 625.6705264551181
2312 787.6837 390.4172 821.1299640822481 991.8799640822481 536.1137952031119 632.1137952031119
2330 805.67474 388.07516 814.9971099362925 985.7471099362925 542.7591976716982 638.7591976716982
2346 805.67474 388.07516 809.379702109853 980.129702109853 548.5086966087915 644.5086966087915
2363 828.67365 393.96466 803.2447303028227 973.9947303028227 554.4502838409564 650.4502838409564
2380 828.67365 393.96466 796.9431143556885 967.6931143556885 560.2148284340103 656.2148284340103
2397 828.67365 393.96466 790.4799614017456 961.2299614017456 565.7976585231695 661.7976585231695
2415 845.44507 399.0871 783.4663765564474 954.2163765564474 571.5058019659065 667.5058019659065
2431 857.335 407.88104 777.0901233483269 947.8401233483269 576.4002277485814 672.4002277485814
2448 857.335 407.88104 770.1742900189863 940.9242900189863 581.4113740517007 677.4113740517007
2465 814.6867 409.86545 763.1186144283101 933.8686144283101 586.2236271487043 682.2236271487043
2483 814.6867 409.86545 755.5018325769166 926.2518325769166 591.0978356150445 687.0978356150445
2499 885.9903 411.33826 748.6107182018081 919.3607182018081 595.2360177503971 691.2360177503971
2516 885.9903 411.33826 741.17025546435 911.92025546435 599.4288511793545 695.4288511793545
2533 708.79224 329.07062 733.6134567331254 904.3634567331254 603.4081891703074 699.4081891703074
2550 708.79224 329.07062 725.9464464020558 896.6964464020558 607.1708066759479 703.1708066759479
2567 754.5488 340.28296 718.1754381858558 888.9254381858558 610.7136542896951 706.7136542896951
2584 754.5488 340.28296 710.3067300841386 881.0567300841386 614.0338607170812 710.0338607170812
2601 788.3339 351.75305 702.346699277214 873.096699277214 617.1287351027865 713.1287351027865
2618 788.3339 351.75305 694.3017969577133 865.0517969577133 619.9957692114392 715.9957692114392
2636 768.33844 359.87756 685.6984050251664 856.4484050251664 622.7805351262059 718.7805351262059
2653 768.33844 359.87756 677.4993677514212 848.2493677514212 625.1713771733134 721.1713771733134
2669 751.9263 369.31982 669.7233728534557 840.4733728534557 627.2075284601758 723.2075284601758
2687 751.9263 369.31982 660.9137884500344 831.6637884500344 629.2482382837565 725.2482382837565
2704 739.088 373.68628 652.5406881752673 823.2906881752673 630.9309532623472 726.9309532623472
2720 739.088 373.68628 644.6193448795832 815.3693448795832 632.296357637651 728.296357637651
2737 784.4838 375.84775 636.1660813019316 806.9160813019316 633.5140081610913 729.5140081610913
2754 784.4838 375.84775 627.6815821743512 798.4315821743512 634.4905389924386 730.4905389924386
2772 820.4441 374.42346 618.6715913636143 789.4215913636143 635.2608243522246 731.2608243522246
2788 820.4441 374.42346 610.6464019995067 781.3964019995067 635.7172719246712 731.7172719246712
2805 843.54755 375.0749 602.1095270833351 772.8595270833351 635.9664798220608 731.9664798220608
2823 868.3435 381.5488 593.0666695312384 763.8166695312384 635.9653673731979 731.9653673731979
2840 868.3435 381.5488 584.5298561883765 755.2798561883765 635.714059077236 731.714059077236
2856 884.7523 378.26596 576.5047793711809 747.2547793711809 635.2556370072082 731.2556370072082
2873 884.7523 378.26596 567.9948801263789 738.7448801263789 634.5331740297464 730.5331740297464
2891 849.5885 371.4683 559.0107197476881 729.7607197476881 633.5045165381459 729.5045165381459
2907 849.5885 371.4683 551.0540000393138 721.8040000393138 632.3631926583694 728.3631926583694
2924 849.5885 371.4683 542.6367489028069 713.3867489028069 630.9174329219486 726.9174329219486
2941 820.9695 365.8644 534.2640628953682 705.0140628953682 629.232657883161 725.232657883161
2958 820.9695 365.8644 525.9427276452934 696.6927276452934 627.3102329649023 723.3102329649023
2975 842.26636 364.21515 517.6794871637487 688.4294871637487 625.1517161929854 721.1517161929854
2992 842.26636 364.21515 509.48103837910116 680.2310383791012 622.7588569334407 718.7588569334407
3009 809.4883 358.3347 501.3540257094023 672.1040257094023 620.1335944747455 716.1335944747455
3026 782.737 353.9264 493.3050356774336 664.0550356774336 617.278056456131 713.278056456131
3043 782.737 353.9264 485.3405915726703 656.0905915726703 614.1945571432422 710.1945571432422
3061 711.00323 351.71893 477.0069751274623 647.7569751274623 610.6839858379951 706.6839858379951
3077 711.00323 351.71893 469.691086470933 640.441086470933 607.3538534259965 703.3538534259965
3094 708.6128 350.4349 462.0187085871838 632.7687085871838 603.6021930576474 699.6021930576474
3111 708.6128 350.4349 454.4562325780845 625.2062325780845 599.6336549738851 695.6336549738851
3128 708.6128 350.4349 447.00978743869564 617.7597874386956 595.4514554692516 691.4514554692516
3145 752.56067 351.5011 439.68540812706976 610.4354081270698 591.058983999804 687.058983999804
3162 752.56067 351.5011 432.4890306732291 603.2390306732291 586.4598004361334 682.4598004361334
3180 787.4445 347.70572 425.01533437862736 595.7653343786274 581.3689127295427 677.3689127295427
3197 769.17615 344.97787 418.1007341971813 588.8507341971813 576.3560650118047 672.3560650118047
3213 769.17615 344.97787 411.72568540279684 582.4756854027969 571.4600705688548 667.4600705688548
3230 750.1488 344.2732 405.09853053246013 575.8485305324601 566.0729418127313 662.0729418127313
3248 750.1488 344.2732 398.2517260338776 569.0017260338776 560.165781572544 656.165781572544
3265 735.4212 341.28018 391.9515285815807 562.7015285815808 554.3996867092457 650.3996867092457
3281 735.4212 341.28018 386.17410963438175 556.9241096343817 548.8109982204569 644.8109982204569
3298 723.4661 336.53983 380.2020257696452 550.9520257696452 542.7057093474355 638.7057093474355
3315 723.4661 336.53983 374.4061519627961 545.1561519627961 536.4328962045494 632.4328962045494
3332 713.3762 334.13934 368.7911854693228 539.5411854693227 529.9976425819129 625.9976425819129
3350 713.3762 334.13934 363.0481643908829 533.7981643908829 523.0125883346178 619.0125883346178
3366 763.55066 332.1072 358.12202667636814 528.8720266763681 516.6608030789737 612.6608030789737
3383 797.0807 338.30115 353.07648117741576 523.8264811774158 509.7700260162269 605.7700260162269
3401 797.0807 338.30115 347.9502481623738 518.7002481623738 502.3205287834901 598.3205287834901
3417 797.0807 338.30115 343.58390042682595 514.333900426826 495.5716758314352 591.5716758314352
3434 775.6586 337.19308 339.144558420162 509.894558420162 488.2756097367269 584.2756097367269
3451 775.6586 337.19308 334.91470142185455 505.66470142185455 480.85613214835485 576.8561321483548
3469 808.801 338.5673 330.668167657697 501.418167657697 472.8723845988062 568.8723845988062
3485 808.801 338.5673 327.0969822152257 497.8469822152257 465.6710900449318 561.6710900449318
3502 787.43225 323.4706 323.5154558633554 494.2654558633554 457.9178322199049 553.9178322199049
3520 787.43225 323.4706 319.9654481323775 490.7154481323775 449.60093862583636 545.6009386258363
3537 824.5855 324.1878 316.8442563482289 487.5942563482289 441.6511902174244 537.6511902174244
3553 824.5855 324.1878 314.1144944740342 484.8644944740342 434.0907399116313 530.0907399116313
3571 798.60547 324.84 311.28689266404376 482.03689266404376 425.5013312038564 521.5013312038564
3587 798.60547 324.84 308.9918039474663 479.7418039474663 417.79778809050777 513.7977880905078
3604 832.7935 323.71802 306.780351140146 477.530351140146 409.5485569510936 505.5485569510936
3621 832.7935 323.71802 304.80461285468476 475.55461285468476 401.23971851615926 497.23971851615926
3639 857.4669 321.48257 302.97135171354296 473.72135171354296 392.3846393220784 488.3846393220784
3656 857.4669 321.48257 301.4857362133312 472.2357362133312 383.97433109371923 479.97433109371923
3672 871.8955 322.56317 300.30673466233077 471.05673466233077 376.02310703330426 472.02310703330426
3690 871.8955 322.56317 299.23553131423415 469.98553131423415 367.043920136258 463.043920136258
3706 878.55225 325.61926 298.5109279242903 469.2609279242903 359.03848706593226 455.03848706593226
3724 878.55225 325.61926 297.95244725508564 468.70244725508564 350.0128916126015 446.0128916126015
3740 840.2856 324.055 297.68459056430925 468.43459056430925 341.9791962294431 437.9791962294431
3757 840.2856 324.055 417.64906576024066 588.3990657602407 333.056686471707 429.056686471707
3775 810.9749 323.77286 418.0239626747057 588.7739626747057 324.0222125716715 420.0222125716715
3791 841.8609 324.01752 418.73774721758974 589.4877472175897 316.01623679178385 412.01623679178385
3808 841.8609 324.01752 419.88693415828243 590.6369341582824 307.553911501838 403.553911501838
3825 857.6183 324.4755 421.43620498653286 592.1862049865329 299.15561763711503 395.15561763711503
3842 857.6183 324.4755 423.3820723329198 594.1320723329197 290.84025954453836 386.84025954453836
3859 878.71484 320.261 425.72015609929747 596.4701560992975 282.62655488470796 378.62655488470796
3876 878.71484 320.261 428.4451933182859 599.1951933182859 274.53299249891984 370.53299249891984
3893 895.80524 317.351 431.55105000007745 602.3010500000775 266.5777907912517 362.5777907912517
3910 895.80524 317.351 435.03073493989234 605.7807349398923 258.7788567193968 354.7788567193968
3928 895.80524 317.351 439.1138488204813 609.8638488204813 250.71099161237862 346.7109916123786
3944 911.0262 320.5725 443.0794350159092 613.8294350159092 243.71962102511617 339.71962102511617
3962 911.0262 320.5725 447.9086511094473 618.6586511094473 236.07495371588607 332.07495371588607
3978 970.93756 318.95926 452.518864647575 623.268864647575 229.49080094619188 325.4908009461919
3995 863.8103 318.3744 457.734026801152 628.484026801152 222.7281340425647 318.7281340425647
4012 863.8103 318.3744 463.26407999467915 634.0140799946792 216.22043924223226 312.22043924223226
4030 827.44775 318.3722 469.44880561963384 640.1988056196338 209.62411941289355 305.62411941289355
4046 827.44775 318.3722 475.21838667089924 645.9683866708992 204.0279536670738 300.0279536670738
4063 797.2171 315.29205 481.6157313118342 652.3657313118342 198.37060786867886 294.37060786867886
4080 797.2171 315.29205 488.27420988032543 659.0242098803254 193.0230623484931 289.0230623484931
4097 779.36755 306.81573 495.1788343096449 665.9288343096449 187.9973542961332 283.9973542961332
4115 779.36755 306.81573 502.7406224410547 673.4906224410547 183.0393681522872 279.03936815228724
4132 761.66016 307.0373 510.1025025692394 680.8525025692394 178.71105428707807 274.71105428707807
4149 761.66016 307.0373 517.6613936238961 688.4113936238961 174.73679385759596 270.73679385759596
4165 761.66016 307.0373 524.9403796987771 695.6903796987771 171.32776198864897 267.32776198864894
4182 795.32623 314.7112 532.8327684862486 703.5827684862486 168.06558799499004 264.06558799499004
4199 774.08826 315.36804 540.8710029469295 711.6210029469295 165.1814301122385 261.1814301122385
4216 774.08826 315.36804 549.0369892185008 719.7869892185008 162.68178050678887 258.68178050678887
4233 746.1448 312.8452 557.3123458725511 728.0623458725511 160.57226582663537 256.5722658266354
4250 746.1448 312.8452 565.678445290706 736.428445290706 158.85763453593017 254.85763453593017
4268 839.39856 306.0428 574.6146433324445 745.3646433324445 157.4768264733346 253.4768264733346
4284 839.39856 306.0428 582.6073830375866 753.3573830375866 156.6275629290547 252.6275629290547
4301 811.7378 302.6737 591.132114755926 761.882114755926 156.1171424476271 252.1171424476271
4318 811.7378 302.6737 599.6714617946108 770.4214617946108 156.01163372561214 252.01163372561214
4336 841.7521 304.25305 608.7076916320163 779.4576916320163 156.341507447631 252.341507447631
4353 866.47046 305.18948 617.2166157056257 787.9666157056257 157.06937491294823 253.06937491294823
4369 866.47046 305.18948 625.1850713827765 795.9350713827765 158.12239470530233 254.12239470530233
4386 887.9023 308.81366 633.5909809564164 804.3409809564164 159.6297978289907 255.6297978289907
4403 887.9023 308.81366 641.9159320172428 812.6659320172428 161.53420581373558 257.5342058137356
4420 887.9023 308.81366 650.1411853111272 820.8911853111272 163.83133188536496 259.831331885365
4437 904.4506 314.49756 658.2482260010909 828.9982260010909 166.5160052712332 262.5160052712332
4454 904.4506 314.49756 666.2188053437343 836.9688053437343 169.58218283949915 265.5821828394992
4471 922.44214 322.92145 674.0349817666976 844.7849817666976 173.0229627020636 269.02296270206364
4488 922.44214 322.92145 681.6791612546845 852.4291612546845 176.83059975054408 272.8305997505441
4506 932.5279 323.45065 689.5664118764473 860.3164118764473 181.25253868910977 277.25253868910977
4523 932.5279 323.45065 696.8027732058051 867.5527732058051 185.78758605914797 281.787586059148
4539 942.06946 324.59085 703.4098168015221 874.1598168015221 190.36493370665013 286.36493370665016
4556 944.9868 328.95807 710.1983867574248 880.9483867574248 195.54633292803192 291.5463329280319
4573 944.9868 328.95807 716.733556869033 887.483556869033 201.0438897990301 297.0438897990301
4591 797.3161 323.37338 723.360613124305 894.110613124305 207.19566935752866 303.1956693575287
4607 797.3161 323.37338 728.9854590589218 899.7354590589218 212.9372932370277 308.9372932370277
4624 797.3161 323.37338 734.6746124154753 905.4246124154753 219.30636805391646 315.30636805391646
4641 794.60205 315.8384 740.0552705632856 910.8052705632856 225.93811728273374 321.93811728273374
4658 794.60205 315.8384 745.1153217770493 915.8653217770493 232.81761302381858 328.8176130238186
4675 777.2267 318.51718 749.8433760095571 920.5933760095571 239.9293697063817 335.9293697063817
4692 777.2267 318.51718 754.2287905304013 924.9787905304013 247.25737894613326 343.25737894613326
4709 661.7668 307.02048 758.2616938824929 929.0116938824929 254.78514557975075 350.78514557975075
4726 661.7668 307.02048 761.9330081024611 932.6830081024611 262.4957247950736 358.4957247950736
4743 673.4634 298.0565 765.2344691549205 935.9844691549205 270.3717602734482 366.3717602734482
4760 728.4486 303.98944 768.1586455346032 938.9086455346032 278.3955232583588 374.3955232583588
4777 728.4486 303.98944 770.6989549944915 941.4489549944915 286.5489524624127 382.5489524624127
4794 724.61456 309.76312 772.8496793622878 943.5996793622878 294.8136947228397 390.8136947228397
4812 724.61456 309.76312 774.6969169040786 945.4469169040786 303.6652471183856 399.6652471183856
4828 768.5676 312.63495 775.9638957607996 946.7138957607996 311.60249482388303 407.60249482388303
4845 768.5676 312.63495 776.9203777692248 947.6703777692248 320.08876150040663 416.08876150040663
4863 810.95966 313.63535 777.4931938134266 948.2431938134266 329.11284860805364 425.11284860805364
4879 810.95966 313.63535 777.6213291668411 948.3713291668411 337.1495592469291 433.1495592469291
4897 842.8115 314.3807 777.3364868280897 948.0864868280897 346.18732065055974 442.18732065055974
4913 842.8115 314.3807 776.7025238609478 947.4525238609478 354.200012303063 450.200012303063
4930 842.8115 314.3807 775.6377280160616 946.3877280160616 362.6733699460652 458.6733699460652
4947 869.14246 313.56903 774.1722300260149 944.9222300260149 371.0866865084376 467.0866865084376
4964 836.36914 314.4018 772.3093286896907 943.0593286896907 379.4210238275436 475.4210238275436
4981 836.36914 314.4018 770.0532173508461 940.8032173508461 387.65762152102405 483.65762152102405
4998 810.737 313.19904 767.4089744590015 938.1589744590015 395.77793921594457 491.77793921594457
5015 810.737 313.19904 764.3825521379785 935.1325521379785 403.7636982827043 499.7636982827043
5032 780.5391 306.0417 760.9807627878217 931.7307627878217 411.59692297976756 507.59692297976756
5049 780.5391 306.0417 757.2112637502574 927.9612637502574 419.25998091660404 515.259980916604
5066 770.8162 304.3843 753.0825400722103 923.8325400722103 426.73562274375536 522.7356227437554
5083 770.8162 304.3843 748.6038854061801 919.3538854061801 434.00702098068035 530.0070209806804
5100 812.86255 308.44504 743.7853810904619 914.5353810904619 441.057807893992 537.057807893992
5118 692.8437 309.04422 738.3250770999266 909.0750770999266 448.265258669255 544.265258669255
5134 692.8437 309.04422 733.1729494131282 903.9229494131282 454.4345954942897 550.4345954942896
5151 692.8437 309.04422 727.4029103666112 898.1529103666112 460.73048537096236 556.7304853709624
5168 691.7342 324.7312 721.3407445286122 892.0907445286122 466.7456100820642 562.7456100820642
5185 691.7342 324.7312 715.0000976809954 885.7500976809954 472.46642973411736 568.4664297341174
5202 746.5054 332.6667 708.3952424593289 879.1452424593289 477.8800669068827 573.8800669068827
5219 746.5054 332.6667 701.5410462255444 872.2910462255444 482.9743356401059 578.9743356401059
5237 789.4216 319.24347 694.029044019961 864.779044019961 488.007435004336 584.007435004336
5254 789.4216 319.24347 686.7106646883476 857.4606646883476 492.40890111191015 588.4089011119102
5271 826.01636 308.0634 679.1917557803298 849.9417557803298 496.45829474187997 592.45829474188
5288 826.01636 308.0634 671.489242169551 842.239242169551 500.14650081167713 596.1465008116771
5304 705.54034 276.0711 664.0876183788416 834.8376183788416 503.28036453280606 599.2803645328061
5321 705.54034 276.0711 656.0785261011198 826.8285261011198 506.2444868016163 602.2444868016163
5338 707.3656 282.54712 647.9378564156366 818.6878564156366 508.8253930396211 604.8253930396211
5355 758.88965 285.37628 639.6839337638094 810.4339337638094 511.01727369220305 607.017273692203
5373 758.88965 285.37628 630.8416959955493 801.5916959955493 512.9085953455605 608.9085953455605
5390 647.72754 287.95108 622.413344134101 793.163344134101 514.2849909417206 610.2849909417206
5406 647.72754 287.95108 614.4294649579773 785.1794649579773 515.2138665323532 611.2138665323532
5423 647.72754 287.95108 605.9102433377668 776.6602433377668 515.8092176247758 611.8092176247758
5440 657.3009 280.0512 597.3723718445073 768.1223718445073 515.9998227193989 611.9998227193989
5457 657.3009 280.0512 588.8350690108309 759.5850690108309 515.7852527689789 611.7852527689789
5474 616.53625 273.98517 580.317552089333 751.067552089333 515.1659907650433 611.1659907650433
5491 616.53625 273.98517 571.8389937950213 742.5889937950213 514.1434306506889 610.1434306506889
5508 634.0419 270.48682 563.4184791480179 734.1684791480179 512.7198741828516 608.7198741828516
5525 634.0419 270.48682 555.0749625136663 725.8249625136663 510.8985257511097 606.8985257511097
5542 646.5731 264.48456 546.8272249367301 717.5772249367301 508.68348516468336 604.6834851646834
5560 562.8677 255.67738 538.2193505800357 708.9693505800357 505.9145927134932 601.9145927134932
5577 562.8677 255.67738 530.2269771400934 700.9769771400934 502.9056814927985 598.9056814927985
5594 562.8677 255.67738 522.3863149437265 693.1363149437265 499.5210698075416 595.5210698075416
5610 647.35944 270.565 515.1612667811617 685.9112667811617 495.99916469660786 591.9991646966079
5628 679.64105 278.39178 507.2303395844086 677.9803395844086 491.65604828708047 587.6560482870805
5644 679.64105 278.39178 500.37151947034613 671.1215194703461 487.4653773139863 583.4653773139863
5662 679.64105 278.39178 492.88781057617666 663.6378105761767 482.3903041584317 578.3903041584317
5679 667.2065 283.00873 486.06223977640286 656.8122397764029 477.25774503117407 573.2577450311741
5695 667.2065 283.00873 479.86730663188473 650.6173066318847 472.13642294632587 568.1364229463259
5713 716.58453 285.96518 473.1792719367003 643.9292719367003 466.0509929481327 562.0509929481327
5730 573.26764 228.77214 467.15087413130334 637.9008741313033 460.00202610763864 556.0020261076386
5747 573.26764 228.77214 461.4161702808618 632.1661702808618 453.6739338449379 549.6739338449379
5763 610.86725 233.44206 456.29865965604995 627.04865965605 447.47585175716756 543.4758517571676
5781 610.86725 233.44206 450.87878898296606 621.6287889829661 440.23794679551276 536.2379467955127
5797 641.5526 228.16107 446.37160595691194 617.1216059569119 433.58284065575424 529.5828406557542
5815 641.5526 228.16107 441.66195216566996 612.41195216567 425.8639399883317 521.8639399883317
5831 548.0672 221.80519 437.80565612063515 608.5556561206351 418.8116979778178 514.8116979778179
5848 548.0672 221.80519 434.05768195865755 604.8076819586576 411.1380893339877 507.1380893339877
5865 479.88263 208.44823 430.67789368960894 601.4278936896089 403.295346752855 499.295346752855
5883 479.88263 208.44823 427.50904530471144 598.2590453047114 394.8265412727159 490.8265412727159
5899 527.7776 208.50092 425.052460199564 595.8024601995639 387.1734160167848 483.1734160167848
5916 527.7776 208.50092 422.8194776869708 593.5694776869708 378.9305179198789 474.9305179198789
5933 422.22208 166.80074 420.97997798067684 591.7299779806768 370.59098431373195 466.59098431373195
5951 422.22208 166.80074 419.4657421273871 590.2157421273871 361.67642565233353 457.67642565233353
5967 486.84265 172.10715 418.4970946157316 589.2470946157316 353.69727415859836 449.69727415859836
5985 486.84265 172.10715 417.8343745722001 588.5843745722001 344.6793437701557 440.6793437701557
6001 631.20386 176.41376 417.6286526131048 588.3786526131048 337.1467028281774 433.1467028281774
