1 637.3417 508.99316 297.62542067616835 468.37542067616835 335.4976002348308 431.4976002348308
17 637.3417 508.99316 297.7465672298508 468.4965672298508 327.460353677165 423.460353677165
34 643.28723 515.674 298.1111703954607 468.8611703954607 318.92762829531256 414.92762829531256
52 643.28723 515.674 298.7617899590455 469.5117899590455 309.9082065772343 405.9082065772343
68 642.32916 519.8654 299.56810583748677 470.31810583748677 301.91059046864586 397.91059046864586
85 642.32916 519.8654 300.6592573431978 471.4092573431978 293.44006945149073 389.44006945149073
102 642.7354 525.61304 301.9910842002114 472.7410842002114 285.00404105339845 381.00404105339845
120 642.7354 525.61304 303.6623788905013 474.4123788905013 276.11696909446454 372.11696909446454
136 642.22253 531.40936 305.37225228130916 476.12225228130916 268.2627764750041 364.2627764750041
153 642.22253 531.40936 307.4188532438116 478.1688532438116 259.9711082224287 355.9711082224287
171 645.1268 539.6999 309.84216057483684 480.59216057483684 251.25899851671107 347.2589985167111
187 645.1268 539.6999 312.21579703666407 482.96579703666407 243.57929418234613 339.57929418234613
205 643.455 539.5045 315.13096515083794 485.88096515083794 235.0192083877314 331.0192083877314
222 643.5805 546.4084 318.1199060276202 488.8699060276202 227.01879775167134 323.01879775167134
238 643.5805 546.4084 321.14000152904384 491.89000152904384 219.5695674640201 315.5695674640201
256 637.0858 546.76514 324.77475501321027 495.52475501321027 211.2893596734873 307.2893596734873
272 637.0858 546.76514 328.2138763391684 498.9638763391684 204.0240686798987 300.02406867989873
290 637.0858 546.76514 332.31394874217887 503.06394874217887 195.9641257374746 291.9641257374746
306 639.7537 554.6235 336.16094923283765 506.91094923283765 188.90632183391858 284.9063218339186
323 639.7537 554.6235 340.4539940602396 511.2039940602396 181.52322600490484 277.5232260049048
340 642.99896 560.401 344.9554626662418 515.7054626662418 174.26532559916362 270.2653255991636
357 642.99896 560.401 349.6617068437197 520.4117068437197 167.13850276900726 263.13850276900723
374 646.9556 560.4969 354.5689124255555 525.3189124255555 160.14853343516307 256.1485334351631
391 641.1495 559.4714 359.6731023758233 530.4231023758233 153.30108260568883 249.30108260568883
408 641.1495 559.4714 364.97014001297055 535.7201400129705 146.601699784777 242.601699784777
425 639.49603 555.9322 370.45573236238414 541.2057323623842 140.05581447516937 236.05581447516937
442 639.49603 555.9322 376.12543363562395 546.875433635624 133.66873177782583 229.66873177782583
459 636.80615 558.45135 381.9746488335043 552.7246488335043 127.44562809241546 223.44562809241546
476 636.80615 558.45135 387.9986374701024 558.7486374701024 121.39154692211227 217.39154692211227
493 635.5831 570.9547 394.1925174146769 564.9425174146769 115.51139478609738 211.51139478609738
510 635.5831 570.9547 400.5512688483818 571.3012688483818 109.8099372430793 205.8099372430793
528 635.5831 570.9547 407.45803936531155 578.2080393653116 103.97300354707676 199.97300354707676
544 630.6865 572.8433 413.7426429853873 584.4926429853873 98.96144031244515 194.96144031244515
562 630.6865 572.8433 420.97038828338435 591.7203882833844 93.52701560946679 189.5270156094668
578 629.426 574.6539 427.53000484391305 598.280004843913 88.88121758382923 184.88121758382923
596 634.8414 587.12146 435.055298817712 605.805298817712 83.86691558325475 179.86691558325475
612 634.8414 587.12146 441.86866770951156 612.6186677095116 79.60194042970028 175.60194042970028
630 640.07794 592.941 449.6671198581312 620.4171198581312 75.02401316610684 171.02401316610684
646 640.07794 592.941 456.71215802621145 627.4621580262115 71.15368424901567 167.15368424901567
664 637.29913 589.9986 464.7584925058843 635.5084925058843 67.02696940712423 163.02696940712423
680 637.29913 589.9986 472.0123660236304 642.7623660236304 63.563830988764266 159.56383098876427
697 635.7859 581.0292 479.81829571979983 650.5682957197998 60.09860379723074 156.09860379723074
714 635.7859 581.0292 487.71970164728384 658.4697016472838 56.85698039535282 152.85698039535282
731 638.30505 578.79425 495.7101801258791 666.4601801258791 53.84158795097835 149.84158795097835
749 638.30505 578.79425 504.26057476416406 675.0105747641641 50.89811628054434 146.89811628054434
765 638.7417 578.9672 511.93238432050157 682.6823843205016 48.49908588318232 144.49908588318232
782 638.7417 578.9672 520.1509627803556 690.9009627803556 46.176306080939696 142.1763060809397
799 634.8821 578.2272 528.4323299341439 699.1823299341439 44.08841336946284 140.08841336946284
817 634.8821 578.2272 537.2618142040386 708.0118142040386 42.13559963724384 138.13559963724384
833 635.9817 580.49304 545.156538399579 715.906538399579 40.62386599915499 136.623865999155
850 635.9817 580.49304 553.585825606595 724.335825606595 39.25001917650059 135.2500191765006
867 637.5826 582.4861 562.0508042831839 732.8008042831839 38.116672841359446 134.11667284135945
885 637.5826 582.4861 571.0450007018427 741.7950007018427 37.17981387243941 133.1798138724394
901 636.2259 585.1332 579.0603709721212 749.8103709721212 36.574960050003085 132.57496005000309
918 636.2259 585.1332 587.5911736117806 758.3411736117806 36.167843072143 132.167843072143
935 635.4531 590.312 596.1301081479654 766.8801081479654 36.00372452586896 132.00372452586896
952 635.4531 590.312 604.6702542165596 775.4202542165596 36.08273742076125 132.08273742076125
970 637.7475 584.5383 613.7063904556234 784.4563904556234 36.431328605587055 132.43132860558705
986 634.5513 579.48334 621.7265001944813 792.4765001944813 36.96970439707047 132.96970439707047
1003 634.5513 579.48334 630.2287768999744 800.9787768999744 37.77693963769889 133.7769396376989
1020 635.047 589.6268 638.7046299331981 809.4546299331981 38.82586922049978 134.82586922049978
1037 635.047 589.6268 647.1471900543268 817.8971900543268 40.115643042381976 136.11564304238198
1054 635.047 589.6268 655.5496150057149 826.2996150057149 41.645215808474234 137.64521580847423
1071 631.993 587.5539 663.9050950571935 834.6550950571935 43.41334787928315 139.41334787928315
1088 631.993 587.5539 672.2068585250034 842.9568585250034 45.41860627535635 141.41860627535635
1105 630.1985 587.2843 680.4481772598931 851.1981772598931 47.65936583863811 143.6593658386381
1122 630.1985 587.2843 688.6223720999366 859.3723720999366 50.133810549576026 146.13381054957603
1139 629.5152 581.3725 696.7228182836474 867.4728182836474 52.839934998910564 148.83993499891056
1156 629.5152 581.3725 704.742950819005 875.492950819005 55.77554601295549 151.7755460129555
1173 628.598 588.71857 712.6762698040402 883.4262698040402 58.93826443105149 154.9382644310515
1190 630.5027 585.106 720.5163456946693 891.2663456946693 62.32552703375262 158.32552703375262
1208 630.5027 585.106 728.7089106673807 899.4589106673807 66.15373198032523 162.15373198032523
1225 636.10974 584.62787 736.337097942471 907.087097942471 69.99444764366609 165.9944476436661
1241 636.10974 584.62787 743.413983721744 914.163983721744 73.80623152831976 169.80623152831976
1258 635.54944 587.74023 750.8183800147626 921.5683800147626 78.06243329120804 174.06243329120804
1275 635.54944 587.74023 758.0986210088488 928.8486210088488 82.52768009049117 178.52768009049117
1293 632.51514 587.39417 765.665231024628 936.415231024628 87.47941582800502 183.47941582800502
1310 632.51514 587.39417 772.671396715908 943.421396715908 92.36346949445999 188.36346949446
1327 632.51514 587.39417 779.5356963702274 950.2856963702274 97.4449779482751 193.4449779482751
1343 626.9614 584.705 785.8616359705578 956.6116359705578 102.40426185718263 198.40426185718263
1361 625.63446 583.31586 792.8165644145411 963.5665644145411 108.18372933127876 204.18372933127876
1378 625.63446 583.31586 799.2223693489477 969.9723693489477 113.83226905874935 209.83226905874935
1395 626.5684 586.03845 805.4647900584413 976.2147900584413 119.66086422363836 215.66086422363836
1411 626.5684 586.03845 811.1862262243785 981.9362262243785 125.30685190652298 221.30685190652298
1428 633.83044 590.42944 817.0971692933363 987.8471692933363 131.47135431515434 227.47135431515434
1445 633.83044 590.42944 822.8302415379586 993.5802415379586 137.80161659632608 233.80161659632608
1462 634.8628 588.5087 828.3807966001699 999.1307966001699 144.29250840037312 240.29250840037312
1479 634.8628 588.5087 833.7443360426164 1004.4943360426164 150.93876919572267 246.93876919572267
1497 631.975 584.12866 839.2147089352587 1009.9647089352587 158.13934516994212 254.13934516994212
1513 631.975 584.12866 843.8931356740757 1014.6431356740757 164.675730406883 260.67573040688296
1530 636.9661 585.76166 848.6701707867052 1019.4201707867052 171.7552977272204 267.7552977272204
1548 636.9661 585.76166 853.5063645222324 1024.2563645222324 179.39627306401533 275.3962730640153
1564 638.74365 577.6157 857.6101570459276 1028.3601570459277 186.30792233453255 282.3079223345326
1581 638.74365 577.6157 861.7658627967578 1032.5158627967578 193.76918547310373 289.76918547310373
1598 639.8639 564.49347 865.7074960610505 1036.4574960610505 201.34571931915121 297.3457193191512
1616 639.8639 564.49347 869.6441112173986 1040.3941112173986 209.48674720608716 305.48674720608716
1632 643.2868 566.2355 872.9359432553329 1043.6859432553329 216.8199491363638 312.8199491363638
1650 643.2868 566.2355 876.4028900120431 1047.1528900120431 225.17180845816728 321.1718084581673
1666 641.574 560.7055 879.2720702485676 1050.0220702485676 232.6804577033056 328.6804577033056
1684 641.574 560.7055 882.2581117598017 1053.0081117598017 241.21607894831448 337.2160789483145
1700 634.5519 557.0001 884.6953407916484 1055.4453407916485 248.87583895516212 344.8758389551621
1717 634.5519 557.0001 887.0590447096293 1057.8090447096292 257.08274103198784 353.08274103198784
1735 637.8209 561.9745 889.3060775952 1060.0560775952 265.8419714294728 361.8419714294728
1751 637.64954 561.33923 891.0810130930984 1061.8310130930984 273.6817171329047 369.6817171329047
1768 637.64954 561.33923 892.7360179615537 1063.4860179615537 282.0603385467098 378.0603385467098
1785 637.64954 561.33923 894.1518506369953 1064.9018506369953 290.4826752619944 386.4826752619944
1802 637.90045 556.85657 895.3273636603816 1066.0773636603817 298.94190141113677 394.94190141113677
1819 637.90045 556.85657 896.2616043392997 1067.0116043392995 307.4311612295389 403.4311612295389
1836 633.9194 561.005 896.9538155200738 1067.703815520074 315.9435746118702 411.9435746118702
1853 633.9194 561.005 897.4034362013994 1068.1534362013995 324.4722426880359 420.4722426880359
1870 632.675 565.094 897.6101019890048 1068.3601019890048 333.01025341435343 429.01025341435343
1887 632.675 565.094 897.5736453909749 1068.323645390975 341.5506871754069 437.5506871754069
1904 631.90967 561.0619 897.2940959534936 1068.0440959534935 350.08662239203596 446.08662239203596
1921 631.90967 561.0619 896.7716802368993 1067.5216802368993 358.6111411309172 454.6111411309172
1939 632.1089 571.28265 895.9542920861586 1066.7042920861586 367.61698093385 463.61698093385
1955 633.5051 555.4453 895.0001400172805 1065.7501400172805 375.5983093035911 471.5983093035911
1972 633.5051 555.4453 893.7524512558361 1064.5024512558361 384.04719151753216 480.04719151753216
1990 627.8995 553.96045 892.1698065389205 1062.9198065389205 392.9504779694597 488.9504779694597
2006 627.8995 553.96045 890.5382915457113 1061.2882915457112 400.8213208432003 496.8213208432003
2023 632.9015 563.1535 888.5744255069792 1059.3244255069792 409.13297339202586 505.13297339202586
2040 632.9015 563.1535 886.3747600303433 1057.1247600303432 417.385355454278 513.3853554542779
2057 632.9015 563.1535 883.9410778307275 1054.6910778307274 425.5717789017766 521.5717789017766
2074 633.0766 554.97327 881.2753512814876 1052.0253512814875 433.68560906238275 529.6856090623828
2091 633.0766 554.97327 878.3797408159044 1049.1297408159044 441.7202700970553 537.7202700970553
2108 628.1991 550.0885 875.2565931762647 1046.0065931762647 449.6692503292295 545.6692503292295
2125 628.1991 550.0885 871.9084395119482 1042.6584395119482 457.52610752219204 553.526107522192
2143 628.77747 557.2033 868.1211054216201 1038.87110542162 465.737646624778 561.737646624778
2159 629.65356 562.332 864.5481482862865 1035.2981482862865 472.9380623089762 568.9380623089762
2176 629.65356 562.332 860.5419758597092 1031.291975859709 480.4806693117979 576.4806693117979
2193 631.57465 559.7594 856.3227228435584 1027.0727228435585 487.90618221638465 583.9061822163847
2210 631.57465 559.7594 851.8938087238421 1022.6438087238421 495.20858302917645 591.2085830291765
2227 631.6628 554.86127 847.2588229060326 1018.0088229060326 502.38195353258584 598.3819535325858
2244 631.6628 554.86127 842.4215218060378 1013.1715218060378 509.42048008140796 605.420480081408
2261 624.0628 552.7499 837.3858258058228 1008.1358258058228 516.3184583144773 612.3184583144773
2278 624.0628 552.7499 832.1558160761413 1002.9058160761413 523.0702977777584 619.0702977777584
2295 624.2379 558.5921 826.7357312689596 997.4857312689596 529.6705264551181 625.6705264551181
2312 624.2379 558.5921 821.1299640822481 991.8799640822481 536.1137952031119 632.1137952031119
2329 621.3387 554.43396 815.3430576999276 986.0930576999276 542.394882086187 638.394882086187
2346 621.3387 554.43396 809.379702109853 980.129702109853 548.5086966087915 644.5086966087915
2364 629.01855 549.1497 802.8786107340788 973.6286107340788 554.7943218655896 650.7943218655896
2380 629.01855 549.1497 796.9431143556885 967.6931143556885 560.2148284340103 656.2148284340103
2397 637.3702 546.99945 790.4799614017456 961.2299614017456 565.7976585231695 661.7976585231695
2414 637.3702 546.99945 783.8605094916655 954.6105094916655 571.1942495138428 667.1942495138428
2431 640.43616 545.2423 777.0901233483269 947.8401233483269 576.4002277485814 672.4002277485814
2448 640.43616 545.2423 770.1742900189863 940.9242900189863 581.4113740517007 677.4113740517007
2465 645.74744 542.6393 763.1186144283101 933.8686144283101 586.2236271487043 682.2236271487043
2482 645.74744 542.6393 755.9288148358737 926.6788148358737 590.8330869577367 686.8330869577367
2499 649.55396 542.7103 748.6107182018081 919.3607182018081 595.2360177503971 691.2360177503971
2516 655.04236 534.1435 741.17025546435 911.92025546435 599.4288511793545 695.4288511793545
2533 655.04236 534.1435 733.6134567331254 904.3634567331254 603.4081891703074 699.4081891703074
2550 657.7249 538.83905 725.9464464020558 896.6964464020558 607.1708066759479 703.1708066759479
2567 657.7249 538.83905 718.1754381858558 888.9254381858558 610.7136542896951 706.7136542896951
2584 657.7249 538.83905 710.3067300841386 881.0567300841386 614.0338607170812 710.0338607170812
2601 659.9514 535.178 702.346699277214 873.096699277214 617.1287351027865 713.1287351027865
2618 659.9514 535.178 694.3017969577133 865.0517969577133 619.9957692114392 715.9957692114392
2636 663.6087 534.6391 685.6984050251664 856.4484050251664 622.7805351262059 718.7805351262059
2652 663.6087 534.6391 677.9835211872297 848.7335211872297 625.0372088029525 721.0372088029525
2669 666.1284 534.5009 669.7233728534557 840.4733728534557 627.2075284601758 723.2075284601758
2686 666.1284 534.5009 661.4047925232513 832.1547925232513 629.1418395004217 725.1418395004217
2703 665.4848 529.34644 653.0345219750633 823.7845219750633 630.8385742647915 726.8385742647915
2720 665.4848 529.34644 644.6193448795832 815.3693448795832 632.296357637651 728.296357637651
2737 666.00134 523.66675 636.1660813019316 806.9160813019316 633.5140081610913 729.5140081610913
2754 662.23816 505.48578 627.6815821743512 798.4315821743512 634.4905389924386 730.4905389924386
2771 662.23816 505.48578 619.1727237438794 789.9227237438794 635.2251587040392 731.2251587040392
2788 668.14764 501.3006 610.6464019995067 781.3964019995067 635.7172719246712 731.7172719246712
2805 668.14764 501.3006 602.1095270833351 772.8595270833351 635.9664798220608 731.9664798220608
2822 668.14764 501.3006 593.5690176902656 764.3190176902656 635.9725804261168 731.9725804261168
2839 669.2735 503.8685 585.0317954607539 755.7817954607539 635.7355687926154 731.7355687926154
2856 669.2735 503.8685 576.5047793711809 747.2547793711809 635.2556370072082 731.2556370072082
2873 667.8179 502.442 567.9948801263789 738.7448801263789 634.5331740297464 730.5331740297464
2891 667.8179 502.442 559.0107197476881 729.7607197476881 633.5045165381459 729.5045165381459
2907 669.17114 499.5388 551.0540000393138 721.8040000393138 632.3631926583694 728.3631926583694
2924 669.28595 490.66754 542.6367489028069 713.3867489028069 630.9174329219486 726.9174329219486
2941 669.28595 490.66754 534.2640628953682 705.0140628953682 629.232657883161 725.232657883161
2958 672.25635 489.0419 525.9427276452934 696.6927276452934 627.3102329649023 723.3102329649023
2975 672.25635 489.0419 517.6794871637487 688.4294871637487 625.1517161929854 721.1517161929854
2992 677.4715 488.8596 509.48103837910116 680.2310383791012 622.7588569334407 718.7588569334407
3010 677.4715 488.8596 500.8783318686146 671.6283318686146 619.9719743310518 715.9719743310518
3027 675.0939 482.02972 492.83413519547366 663.5841351954737 617.1029609476205 713.1029609476205
3043 675.0939 482.02972 485.3405915726703 656.0905915726703 614.1945571432422 710.1945571432422
3060 675.0939 482.02972 477.46714816449344 648.2171481644934 610.8855955525434 706.8855955525434
3077 675.7749 490.1936 469.691086470933 640.441086470933 607.3538534259965 703.3538534259965
3094 674.3447 488.0428 462.0187085871838 632.7687085871838 603.6021930576474 699.6021930576474
3111 674.3447 488.0428 454.4562325780845 625.2062325780845 599.6336549738851 695.6336549738851
3128 670.3933 493.67017 447.00978743869564 617.7597874386956 595.4514554692516 691.4514554692516
3145 670.3933 493.67017 439.68540812706976 610.4354081270698 591.058983999804 687.058983999804
3162 669.3347 498.44904 432.4890306732291 603.2390306732291 586.4598004361334 682.4598004361334
3179 669.3347 498.44904 425.4264873683203 596.1764873683203 581.6576321782761 677.6576321782761
3196 669.4632 504.77542 418.50350203784535 589.2535020378454 576.6563711348483 672.6563711348483
3213 669.4632 504.77542 411.72568540279684 582.4756854027969 571.4600705688548 667.4600705688548
3231 671.87134 501.7612 404.71350519699024 575.4635051969902 565.7502016818883 661.7502016818883
3247 671.87134 501.7612 398.6274083925641 569.3774083925641 560.4993508552757 656.4993508552757
3264 673.9491 497.55496 392.31756349239276 563.0675634923928 554.7438148032415 650.7438148032415
3281 673.9491 497.55496 386.17410963438175 556.9241096343817 548.8109982204569 644.8109982204569
3298 676.4713 503.49417 380.2020257696452 550.9520257696452 542.7057093474355 638.7057093474355
3315 676.4713 503.49417 374.4061519627961 545.1561519627961 536.4328962045494 632.4328962045494
3332 679.92145 517.35345 368.7911854693228 539.5411854693227 529.9976425819129 625.9976425819129
3350 679.92145 517.35345 363.0481643908829 533.7981643908829 523.0125883346178 619.0125883346178
3366 674.8081 507.38257 358.12202667636814 528.8720266763681 516.6608030789737 612.6608030789737
3383 674.8081 507.38257 353.07648117741576 523.8264811774158 509.7700260162269 605.7700260162269
3400 674.4754 513.9512 348.2291295851123 518.9791295851123 502.7384173488538 598.7384173488538
3418 674.4754 513.9512 343.31702741539596 514.067027415396 495.1460181088685 591.1460181088685
3434 673.2839 524.93677 339.144558420162 509.894558420162 488.2756097367269 584.2756097367269
3452 673.2839 524.93677 334.67248418581175 505.42248418581175 480.4159770489023 576.4159770489023
3469 669.5237 518.0163 330.668167657697 501.418167657697 472.8723845988062 568.8723845988062
3485 665.5497 520.834 327.0969822152257 497.8469822152257 465.6710900449318 561.6710900449318
3502 665.5497 520.834 323.5154558633554 494.2654558633554 457.9178322199049 553.9178322199049
3519 659.89825 525.79144 320.1560810978608 490.9060810978608 450.06576630732854 546.0657663073285
3536 659.89825 525.79144 317.0215805179704 487.7715805179704 442.1212559998803 538.1212559998803
3553 659.89825 525.79144 314.1144944740342 484.8644944740342 434.0907399116313 530.0907399116313
3571 659.7109 514.03345 311.28689266404376 482.03689266404376 425.5013312038564 521.5013312038564
3587 659.7109 514.03345 308.9918039474663 479.7418039474663 417.79778809050777 513.7977880905078
3605 660.26654 511.33423 306.65758971905177 477.40758971905177 409.06138620638365 505.06138620638365
3621 660.26654 511.33423 304.80461285468476 475.55461285468476 401.23971851615926 497.23971851615926
3638 662.0353 517.6649 303.06619032461737 473.81619032461737 392.87800666884965 488.87800666884965
3656 662.0353 517.6649 301.4857362133312 472.2357362133312 383.97433109371923 479.97433109371923
3672 669.48065 511.35135 300.30673466233077 471.05673466233077 376.02310703330426 472.02310703330426
3689 688.49225 517.0835 299.28793792598333 470.03793792598333 367.5435792681223 463.5435792681223
3706 688.49225 517.0835 298.5109279242903 469.2609279242903 359.03848706593226 455.03848706593226
3724 685.80493 513.88135 297.95244725508564 468.70244725508564 350.0128916126015 446.0128916126015
3740 685.80493 513.88135 297.68459056430925 468.43459056430925 341.9791962294431 437.9791962294431
3758 691.5081 504.9118 417.6579818975829 588.4079818975829 332.55436575878036 428.55436575878036
3774 691.5081 504.9118 417.99123095517183 588.7412309551719 324.5235450269113 420.5235450269113
3791 689.0219 508.0036 418.73774721758974 589.4877472175897 316.01623679178385 412.01623679178385
3808 689.0219 508.0036 419.88693415828243 590.6369341582824 307.553911501838 403.553911501838
3826 689.0219 508.0036 421.53972789945465 592.2897278994546 298.66399928652106 394.66399928652106
3842 681.3386 500.04456 423.3820723329198 594.1320723329197 290.84025954453836 386.84025954453836
3859 681.3386 500.04456 425.72015609929747 596.4701560992975 282.62655488470796 378.62655488470796
3877 679.5375 509.14255 428.61741332353733 599.3674133235373 274.0610328969076 370.0610328969076
3893 673.22107 511.99252 431.55105000007745 602.3010500000775 266.5777907912517 362.5777907912517
3911 673.22107 511.99252 435.2469007798122 605.9969007798122 258.3253394366035 354.3253394366035
3927 671.38 505.73877 438.876415455004 609.626415455004 251.15374548655507 347.15374548655507
3944 671.38 505.73877 443.0794350159092 613.8294350159092 243.71962102511617 339.71962102511617
3961 672.50806 509.87634 447.6303327319572 618.3803327319572 236.49321736108072 332.4932173610807
3979 672.50806 509.87634 452.81670848039323 623.5667084803932 229.08620899447726 325.08620899447726
3995 668.91406 504.2555 457.734026801152 628.484026801152 222.7281340425647 318.7281340425647
4012 668.91406 504.2555 463.26407999467915 634.0140799946792 216.22043924223226 312.22043924223226
4029 672.0312 499.40256 469.09657621838664 639.8465762183866 209.98236520147657 305.98236520147657
4047 672.0312 499.40256 475.5872116294033 646.3372116294033 203.6868177027948 299.68681770279477
4063 667.8503 499.31204 481.6157313118342 652.3657313118342 198.37060786867886 294.37060786867886
4080 667.8503 499.31204 488.27420988032543 659.0242098803254 193.0230623484931 289.0230623484931
4097 670.4028 509.18268 495.1788343096449 665.9288343096449 187.9973542961332 283.9973542961332
4115 670.4028 509.18268 502.7406224410547 673.4906224410547 183.0393681522872 279.03936815228724
4132 671.482 497.22687 510.1025025692394 680.8525025692394 178.71105428707807 274.71105428707807
4148 671.482 497.22687 517.2116021519138 687.9616021519138 174.9606090221234 270.96060902212344
4165 668.8083 500.42584 524.9403796987771 695.6903796987771 171.32776198864897 267.32776198864894
4182 668.8083 500.42584 532.8327684862486 703.5827684862486 168.06558799499004 264.06558799499004
4199 665.7968 503.413 540.8710029469295 711.6210029469295 165.1814301122385 261.1814301122385
4216 665.7968 503.413 549.0369892185008 719.7869892185008 162.68178050678887 258.68178050678887
4233 670.3068 504.4735 557.3123458725511 728.0623458725511 160.57226582663537 256.5722658266354
4250 670.3068 504.4735 565.678445290706 736.428445290706 158.85763453593017 254.85763453593017
4267 677.43134 513.381 574.1164555949256 744.8664555949256 157.54174622631027 253.54174622631027
4284 678.65967 510.54156 582.6073830375866 753.3573830375866 156.6275629290547 252.6275629290547
4301 678.65967 510.54156 591.132114755926 761.882114755926 156.1171424476271 252.1171424476271
4319 678.65967 510.54156 600.1738207000526 770.9238207000526 156.01804670179018 252.01804670179018
4335 682.8282 505.7558 608.206202299593 778.956202299593 156.31127426047263 252.31127426047263
4352 682.8282 505.7558 616.7171247860152 787.4671247860152 157.01538956894865 253.01538956894865
4369 686.4813 503.9819 625.1850713827765 795.9350713827765 158.12239470530233 254.12239470530233
4386 686.4813 503.9819 633.5909809564164 804.3409809564164 159.6297978289907 255.6297978289907
4403 689.0578 506.671 641.9159320172428 812.6659320172428 161.53420581373558 257.5342058137356
4421 689.0578 506.671 650.6215220114407 821.3715220114407 163.97858082584344 259.97858082584344
4437 694.58813 496.7332 658.2482260010909 828.9982260010909 166.5160052712332 262.5160052712332
4454 694.58813 496.7332 666.2188053437343 836.9688053437343 169.58218283949915 265.5821828394992
4471 696.6057 500.31216 674.0349817666976 844.7849817666976 173.0229627020636 269.02296270206364
4488 698.50134 499.73267 681.6791612546845 852.4291612546845 176.83059975054408 272.8305997505441
4505 698.50134 499.73267 689.1341369531456 859.8841369531456 180.99652309031762 276.9965230903176
4522 697.66425 495.60358 696.3831279004737 867.1331279004737 185.51135533338842 281.51135533338845
4539 697.66425 495.60358 703.4098168015221 874.1598168015221 190.36493370665013 286.36493370665016
4556 694.85254 481.05737 710.1983867574248 880.9483867574248 195.54633292803192 291.5463329280319
4574 694.85254 481.05737 717.1097699331881 887.8597699331881 201.3768602579292 297.3768602579292
4591 694.85254 481.05737 723.360613124305 894.110613124305 207.19566935752866 303.1956693575287
4608 692.04614 486.8771 729.3284286327194 900.0784286327194 213.30441374529323 309.30441374529323
4624 692.04614 486.8771 734.6746124154753 905.4246124154753 219.30636805391646 315.30636805391646
4641 691.8716 490.26215 740.0552705632856 910.8052705632856 225.93811728273374 321.93811728273374
4658 693.4574 497.3114 745.1153217770493 915.8653217770493 232.81761302381858 328.8176130238186
4675 693.4574 497.3114 749.8433760095571 920.5933760095571 239.9293697063817 335.9293697063817
4692 696.2595 497.39496 754.2287905304013 924.9787905304013 247.25737894613326 343.25737894613326
4710 696.2595 497.39496 758.4877475670244 929.2377475670244 255.233816202647 351.233816202647
4726 692.5355 480.1049 761.9330081024611 932.6830081024611 262.4957247950736 358.4957247950736
4743 692.5355 480.1049 765.2344691549205 935.9844691549205 270.3717602734482 366.3717602734482
4761 691.37805 488.97168 768.3187615671286 939.0687615671286 278.8717253711941 374.8717253711941
4777 691.37805 488.97168 770.6989549944915 941.4489549944915 286.5489524624127 382.5489524624127
4794 688.0305 476.35785 772.8496793622878 943.5996793622878 294.8136947228397 390.8136947228397
4812 688.0305 476.35785 774.6969169040786 945.4469169040786 303.6652471183856 399.6652471183856
4828 688.0305 476.35785 775.9638957607996 946.7138957607996 311.60249482388303 407.60249482388303
4845 686.24927 476.12573 776.9203777692248 947.6703777692248 320.08876150040663 416.08876150040663
4862 674.54486 483.18204 777.47327042036 948.22327042036 328.6108439720703 424.6108439720703
4880 674.54486 483.18204 777.6174195110625 948.3674195110625 337.6519438712278 433.6519438712278
4896 672.13074 483.70526 777.3642207321774 948.1142207321774 345.68568689301895 441.68568689301895
4914 672.13074 483.70526 776.6510281368674 947.4010281368674 354.69976602895355 450.69976602895355
4931 667.936 493.17676 775.5625863875596 946.3125863875596 363.1701187073185 459.1701187073185
4947 667.936 493.17676 774.1722300260149 944.9222300260149 371.0866865084376 467.0866865084376
4964 664.1253 489.2365 772.3093286896907 943.0593286896907 379.4210238275436 475.4210238275436
4981 664.1253 489.2365 770.0532173508461 940.8032173508461 387.65762152102405 483.65762152102405
4998 660.1072 497.90878 767.4089744590015 938.1589744590015 395.77793921594457 491.77793921594457
5015 660.1072 497.90878 764.3825521379785 935.1325521379785 403.7636982827043 499.7636982827043
5032 658.1885 498.84384 760.9807627878217 931.7307627878217 411.59692297976756 507.59692297976756
5049 658.39813 495.73508 757.2112637502574 927.9612637502574 419.25998091660404 515.259980916604
5066 658.39813 495.73508 753.0825400722103 923.8325400722103 426.73562274375536 522.7356227437554
5083 658.39813 495.73508 748.6038854061801 919.3538854061801 434.00702098068035 530.0070209806804
5100 658.7101 502.59512 743.7853810904619 914.5353810904619 441.057807893992 537.057807893992
5117 658.7101 502.59512 738.6378734563121 909.3878734563121 447.8721123408068 543.8721123408068
5134 657.6444 489.4569 733.1729494131282 903.9229494131282 454.4345954942897 550.4345954942896
5151 657.6444 489.4569 727.4029103666112 898.1529103666112 460.73048537096236 556.7304853709624
5168 653.93646 491.6078 721.3407445286122 892.0907445286122 466.7456100820642 562.7456100820642
5185 653.93646 491.6078 715.0000976809954 885.7500976809954 472.46642973411736 568.4664297341174
5203 657.8149 477.29062 707.9988084758055 878.7488084758055 478.1886859160961 574.1886859160961
5219 657.8149 477.29062 701.5410462255444 872.2910462255444 482.9743356401059 578.9743356401059
5236 662.3474 464.20197 694.4529376018812 865.2029376018812 487.73776886380733 583.7377688638073
5253 529.8779 371.36157 687.1468717414465 857.8968717414465 492.15964421036574 588.1596442103657
5270 529.8779 371.36157 679.639294413571 850.389294413571 496.2300081502966 592.2300081502966
5287 423.90234 297.08926 671.9471049847989 842.6971049847989 499.93969839739407 595.9396983973941
5305 423.90234 297.08926 663.620462019195 834.370462019195 503.46521726278866 599.4652172627887
5321 423.90234 297.08926 656.0785261011198 826.8285261011198 506.2444868016163 602.2444868016163
5338 339.1219 237.67142 647.9378564156366 818.6878564156366 508.8253930396211 604.8253930396211
5355 339.1219 237.67142 639.6839337638094 810.4339337638094 511.01727369220305 607.017273692203
5373 271.29752 190.13713 630.8416959955493 801.5916959955493 512.9085953455605 608.9085953455605
5389 271.29752 190.13713 622.9108601528986 793.6608601528986 514.2151095623715 610.2151095623715
5406 217.03801 152.10971 614.4294649579773 785.1794649579773 515.2138665323532 611.2138665323532
5423 307.2755 170.94566 605.9102433377668 776.6602433377668 515.8092176247758 611.8092176247758
5441 307.2755 170.94566 596.8699739756478 767.6199739756478 515.9984164810973 611.9984164810973
5457 389.01147 250.944 588.8350690108309 759.5850690108309 515.7852527689789 611.7852527689789
5475 389.01147 250.944 579.8175479661336 750.5675479661336 515.1169859395293 611.1169859395293
5491 443.38147 280.62717 571.8389937950213 742.5889937950213 514.1434306506889 610.1434306506889
5508 443.38147 280.62717 563.4184791480179 734.1684791480179 512.7198741828516 608.7198741828516
5526 485.8058 320.27295 554.5869676676424 725.3369676676424 510.7790827672435 606.7790827672435
5543 485.8058 320.27295 546.3454446332313 717.0954446332313 508.5410304866251 604.5410304866251
5559 514.66046 348.3914 538.6938318657412 709.4438318657412 506.079738423869 602.079738423869
5576 514.66046 348.3914 530.6930913626405 701.4430913626405 503.0931464966776 599.0931464966776
5593 514.66046 348.3914 522.843012891798 693.593012891798 499.7304321259451 595.7304321259451
5610 547.6754 374.08823 515.1612667811617 685.9112667811617 495.99916469660786 591.9991646966079
5627 571.13434 397.5464 507.6651444467964 678.4151444467964 491.90774319720856 587.9077431972086
5644 571.13434 397.5464 500.37151947034613 671.1215194703461 487.4653773139863 583.4653773139863
5661 586.4514 417.254 493.29680961702684 664.0468096170268 482.6820667001052 578.6820667001052
5678 586.4514 417.254 486.4569398796541 657.2069398796541 477.56857846668925 573.5685784666892
5695 604.18024 428.9537 479.86730663188473 650.6173066318847 472.13642294632587 568.1364229463259
5713 604.18024 428.9537 473.1792719367003 643.9292719367003 466.0509929481327 562.0509929481327
5729 628.9081 438.3584 467.4974853308397 638.2474853308397 460.36571041097886 556.3657104109789
5746 628.9081 438.3584 461.7451414322254 632.4951414322254 454.0536489719888 550.0536489719889
5763 627.4756 439.05457 456.29865965604995 627.04865965605 447.47585175716756 543.4758517571676
5780 627.4756 439.05457 451.1702998949387 621.9202998949387 440.6471252215585 536.6471252215586
5797 632.9256 433.3598 446.37160595691194 617.1216059569119 433.58284065575424 529.5828406557542
5814 637.0642 446.5502 441.9133795805666 612.6633795805666 426.29889958551144 522.2988995855114
5831 637.0642 446.5502 437.80565612063515 608.5556561206351 418.8116979778178 514.8116979778179
5848 637.0642 446.5502 434.05768195865755 604.8076819586576 411.1380893339877 507.1380893339877
5866 641.3757 443.88248 430.4907154271366 601.2407154271366 402.8291173091274 498.8291173091274
5882 641.3757 443.88248 427.67389913133843 598.4238991313384 395.30112404946493 491.30112404946493
5899 649.38617 460.62814 425.052460199564 595.8024601995639 387.1734160167848 483.1734160167848
5916 649.38617 460.62814 422.8194776869708 593.5694776869708 378.9305179198789 474.9305179198789
5934 650.40155 451.79395 420.8841188838897 591.6341188838896 370.0978143331939 466.0978143331939
5950 650.40155 451.79395 419.53810174796206 590.2881017479621 362.1735872774116 458.1735872774116
5967 655.7662 463.5397 418.4970946157316 589.2470946157316 353.69727415859836 449.69727415859836
5984 655.7662 463.5397 417.85929986469176 588.6092998646918 345.18112492358273 441.18112492358273
6001 661.8057 466.5504 417.6286526131048 588.3786526131048 337.1467028281774 433.1467028281774
