1 669.32776 519.17303 297.62542067616835 468.37542067616835 335.4976002348308 431.4976002348308
17 669.32776 519.17303 297.7465672298508 468.4965672298508 327.460353677165 423.460353677165
34 667.88116 520.23413 298.1111703954607 468.8611703954607 318.92762829531256 414.92762829531256
51 665.74854 509.01413 298.7185140048509 469.4685140048509 310.4087391863609 406.4087391863609
68 665.74854 509.01413 299.56810583748677 470.31810583748677 301.91059046864586 397.91059046864586
85 668.1206 518.59985 300.6592573431978 471.4092573431978 293.44006945149073 389.44006945149073
102 668.1206 518.59985 301.9910842002114 472.7410842002114 285.00404105339845 381.00404105339845
119 668.1206 518.59985 303.56250703184975 474.31250703184975 276.6093422383909 372.6093422383909
137 671.8486 529.8758 305.4860993111701 476.2360993111701 267.7734457537099 363.7734457537099
154 671.8486 529.8758 307.54658317776153 478.29658317776153 259.4852165009684 355.4852165009684
170 668.5027 515.1072 309.7006512552929 480.4506512552929 251.74105744826687 347.7410574482669
187 668.5027 515.1072 312.21579703666407 482.96579703666407 243.57929418234613 339.57929418234613
204 657.4392 497.2636 314.9622521925565 485.7122521925565 235.4924331110061 331.4924331110061
221 657.4392 497.2636 317.93779086333535 488.68779086333535 227.48702821623766 323.48702821623766
238 653.62885 492.07394 321.14000152904384 491.89000152904384 219.5695674640201 315.5695674640201
256 663.628 484.38016 324.77475501321027 495.52475501321027 211.2893596734873 307.2893596734873
273 663.628 484.38016 328.4352697116431 499.1852697116431 203.57308012612515 299.57308012612515
289 663.628 484.38016 332.0798074744846 502.8298074744846 196.40862946948707 292.4086294694871
306 659.72375 489.0266 336.16094923283765 506.91094923283765 188.90632183391858 284.9063218339186
323 659.72375 489.0266 340.4539940602396 511.2039940602396 181.52322600490484 277.5232260049048
341 663.51685 493.58545 345.2266685145469 515.9766685145469 173.84241533816768 269.8424153381677
357 663.51685 493.58545 349.6617068437197 520.4117068437197 167.13850276900726 263.13850276900723
374 663.7939 495.124 354.5689124255555 525.3189124255555 160.14853343516307 256.1485334351631
391 663.7939 495.124 359.6731023758233 530.4231023758233 153.30108260568883 249.30108260568883
409 660.62274 505.3642 365.28764512599264 536.0376451259926 146.21234621253794 242.21234621253794
425 659.0664 503.417 370.45573236238414 541.2057323623842 140.05581447516937 236.05581447516937
443 659.0664 503.417 376.4645815063909 547.2145815063909 133.2980777305462 229.2980777305462
459 655.5243 512.17456 381.9746488335043 552.7246488335043 127.44562809241546 223.44562809241546
476 655.5243 512.17456 387.9986374701024 558.7486374701024 121.39154692211227 217.39154692211227
493 661.7281 529.3148 394.1925174146769 564.9425174146769 115.51139478609738 211.51139478609738
511 661.7281 529.3148 400.93033797716447 571.6803379771645 109.48022176480373 205.48022176480373
527 659.6454 530.48474 407.06973833256984 577.8197383325698 104.29179502905546 200.29179502905546
544 659.6454 530.48474 413.7426429853873 584.4926429853873 98.96144031244515 194.96144031244515
561 659.0504 521.02856 420.564574763276 591.314574763276 93.82319306962836 189.82319306962836
579 659.0504 521.02856 427.94408475446505 598.694084754465 88.5967118216947 184.5967118216947
595 656.53827 523.49554 434.6332881070341 605.3832881070341 84.13951907017963 180.13951907017963
612 656.53827 523.49554 441.86866770951156 612.6186677095116 79.60194042970028 175.60194042970028
629 653.5298 528.1737 449.2302797509776 619.9802797509776 75.27215913482809 171.2721591348281
646 653.5298 528.1737 456.71215802621145 627.4621580262115 71.15368424901567 167.15368424901567
663 650.8896 536.70044 464.3082388604396 635.0582388604396 67.24985358281685 163.24985358281685
680 650.8896 536.70044 472.0123660236304 642.7623660236304 63.563830988764266 159.56383098876427
697 651.2216 533.2131 479.81829571979983 650.5682957197998 60.09860379723074 156.09860379723074
714 651.2216 533.2131 487.71970164728384 658.4697016472838 56.85698039535282 152.85698039535282
731 652.3681 533.40356 495.7101801258791 666.4601801258791 53.84158795097835 149.84158795097835
749 652.3681 533.40356 504.26057476416406 675.0105747641641 50.89811628054434 146.89811628054434
765 646.508 523.3466 511.93238432050157 682.6823843205016 48.49908588318232 144.49908588318232
782 646.508 523.3466 520.1509627803556 690.9009627803556 46.176306080939696 142.1763060809397
799 645.6337 519.9044 528.4323299341439 699.1823299341439 44.08841336946284 140.08841336946284
816 654.6495 536.98755 536.7697741627716 707.5197741627716 42.23709987763954 138.23709987763954
833 654.6495 536.98755 545.156538399579 715.906538399579 40.62386599915499 136.623865999155
851 657.0579 540.80194 554.0828444296311 724.8328444296311 39.176684392405264 135.17668439240526
867 657.0579 540.80194 562.0508042831839 732.8008042831839 38.116672841359446 134.11667284135945
885 657.0579 540.80194 571.0450007018427 741.7950007018427 37.17981387243941 133.1798138724394
901 657.09845 546.5961 579.0603709721212 749.8103709721212 36.574960050003085 132.57496005000309
918 657.09845 546.5961 587.5911736117806 758.3411736117806 36.167843072143 132.167843072143
935 656.0322 536.1594 596.1301081479654 766.8801081479654 36.00372452586896 132.00372452586896
952 656.0322 536.1594 604.6702542165596 775.4202542165596 36.08273742076125 132.08273742076125
969 654.8125 529.51013 613.2046904715623 783.9546904715623 36.40481772096149 132.4048177209615
987 654.8125 529.51013 622.2272422323567 792.9772422323567 37.01048567359351 133.0104856735935
1003 656.5177 539.1604 630.2287768999744 800.9787768999744 37.77693963769889 133.7769396376989
1020 675.68634 552.1984 638.7046299331981 809.4546299331981 38.82586922049978 134.82586922049978
1037 675.68634 552.1984 647.1471900543268 817.8971900543268 40.115643042381976 136.11564304238198
1054 671.32587 547.4944 655.5496150057149 826.2996150057149 41.645215808474234 137.64521580847423
1072 671.32587 547.4944 664.3949870000625 835.1449870000625 43.52475517402934 139.52475517402934
1089 665.311 539.8976 672.6933806888678 843.4433806888678 45.54391343827683 141.54391343827683
1105 665.311 539.8976 680.4481772598931 851.1981772598931 47.65936583863811 143.6593658386381
1122 665.311 539.8976 688.6223720999366 859.3723720999366 50.133810549576026 146.13381054957603
1139 662.90216 536.5428 696.7228182836474 867.4728182836474 52.839934998910564 148.83993499891056
1157 662.90216 536.5428 705.2120829453671 875.9620829453671 55.95532573657704 151.95532573657704
1173 662.9693 529.7884 712.6762698040402 883.4262698040402 58.93826443105149 154.9382644310515
1191 660.9097 533.2991 720.9744866729714 891.7244866729714 62.53171273890922 158.53171273890922
1207 660.9097 533.2991 728.2568245155068 899.0068245155068 65.93458862018292 161.93458862018292
1225 656.0121 541.45514 736.337097942471 907.087097942471 69.99444764366609 165.9944476436661
1241 656.0121 541.45514 743.413983721744 914.163983721744 73.80623152831976 169.80623152831976
1258 655.6354 539.87866 750.8183800147626 921.5683800147626 78.06243329120804 174.06243329120804
1276 655.6354 539.87866 758.5228774307536 929.2728774307536 82.79677522140798 178.79677522140798
1292 656.4435 542.9541 765.2488064458005 935.9988064458005 87.19835307494287 183.19835307494287
1310 656.4435 542.9541 772.671396715908 943.421396715908 92.36346949445999 188.36346949446
1326 653.7864 531.99396 779.1359413283826 949.8859413283826 97.14067282585665 193.14067282585665
1343 653.7864 531.99396 785.8616359705578 956.6116359705578 102.40426185718263 198.40426185718263
1360 653.4255 531.36206 792.434774570124 963.184774570124 107.85716813378187 203.85716813378187
1378 653.4255 531.36206 799.2223693489477 969.9723693489477 113.83226905874935 209.83226905874935
1394 652.6577 537.8268 805.1022028442499 975.8522028442499 119.31310538030687 215.31310538030687
1411 652.6577 537.8268 811.1862262243785 981.9362262243785 125.30685190652298 221.30685190652298
1428 654.5678 531.8209 817.0971692933363 987.8471692933363 131.47135431515434 227.47135431515434
1445 654.5678 531.8209 822.8302415379586 993.5802415379586 137.80161659632608 233.80161659632608
1462 654.19543 530.27716 828.3807966001699 999.1307966001699 144.29250840037312 240.29250840037312
1479 654.19543 530.27716 833.7443360426164 1004.4943360426164 150.93876919572267 246.93876919572267
1497 651.13226 526.1224 839.2147089352587 1009.9647089352587 158.13934516994212 254.13934516994212
1514 651.13226 526.1224 844.1797012529947 1014.9297012529947 165.08838749211185 261.08838749211185
1530 654.40784 529.451 848.6701707867052 1019.4201707867052 171.7552977272204 267.7552977272204
1547 654.40784 529.451 853.2437467928016 1023.9937467928016 178.96797687071094 274.9679768707109
1564 656.3798 542.5165 857.6101570459276 1028.3601570459277 186.30792233453255 282.3079223345326
1581 652.96576 536.32324 861.7658627967578 1032.5158627967578 193.76918547310373 289.76918547310373
1599 652.96576 536.32324 865.9326210713034 1036.6826210713034 201.79485674886422 297.7948567488642
1615 652.96576 536.32324 869.4318623492258 1040.1818623492259 209.03138348446487 305.03138348446487
1632 651.57446 530.0834 872.9359432553329 1043.6859432553329 216.8199491363638 312.8199491363638
1649 651.57446 530.0834 876.2168989033121 1046.966898903312 224.7051040458423 320.7051040458423
1666 655.5642 532.2211 879.2720702485676 1050.0220702485676 232.6804577033056 328.6804577033056
1684 655.5642 532.2211 882.2581117598017 1053.0081117598017 241.21607894831448 337.2160789483145
1700 658.72205 524.8474 884.6953407916484 1055.4453407916485 248.87583895516212 344.8758389551621
1717 658.72205 524.8474 887.0590447096293 1057.8090447096292 257.08274103198784 353.08274103198784
1734 660.20233 523.4727 889.1881773273444 1059.9381773273444 265.35360145921436 361.35360145921436
1751 660.20233 523.4727 891.0810130930984 1061.8310130930984 273.6817171329047 369.6817171329047
1768 659.03723 530.47473 892.7360179615537 1063.4860179615537 282.0603385467098 378.0603385467098
1785 660.01666 538.2754 894.1518506369953 1064.9018506369953 290.4826752619944 386.4826752619944
1802 660.01666 538.2754 895.3273636603816 1066.0773636603817 298.94190141113677 394.94190141113677
1819 659.2077 539.6513 896.2616043392997 1067.0116043392995 307.4311612295389 403.4311612295389
1836 659.2077 539.6513 896.9538155200738 1067.703815520074 315.9435746118702 411.9435746118702
1853 661.9636 546.426 897.4034362013994 1068.1534362013995 324.4722426880359 420.4722426880359
1870 661.9636 546.426 897.6101019890048 1068.3601019890048 333.01025341435343 429.01025341435343
1887 661.9636 546.426 897.5736453909749 1068.323645390975 341.5506871754069 437.5506871754069
1904 662.94116 551.7102 897.2940959534936 1068.0440959534935 350.08662239203596 446.08662239203596
1922 662.94116 551.7102 896.7333946506541 1067.4833946506542 359.1120801640305 455.1120801640305
1938 658.1266 551.6117 896.0068216320687 1066.7568216320687 367.1173347111916 463.1173347111916
1956 657.19543 548.68994 894.9334090841814 1065.6834090841814 376.09625777841393 472.09625777841393
1972 657.19543 548.68994 893.7524512558361 1064.5024512558361 384.04719151753216 480.04719151753216
1990 657.00037 535.6153 892.1698065389205 1062.9198065389205 392.9504779694597 488.9504779694597
2006 657.00037 535.6153 890.5382915457113 1061.2882915457112 400.8213208432003 496.8213208432003
2023 638.0797 565.23303 888.5744255069792 1059.3244255069792 409.13297339202586 505.13297339202586
2040 638.0797 565.23303 886.3747600303433 1057.1247600303432 417.385355454278 513.3853554542779
2058 639.6493 552.3259 883.7906735406054 1054.5406735406054 426.0511370669554 522.0511370669553
2074 639.6493 552.3259 881.2753512814876 1052.0253512814875 433.68560906238275 529.6856090623828
2091 643.2096 555.2575 878.3797408159044 1049.1297408159044 441.7202700970553 537.7202700970553
2108 643.2096 555.2575 875.2565931762647 1046.0065931762647 449.6692503292295 545.6692503292295
2125 645.2778 550.7197 871.9084395119482 1042.6584395119482 457.52610752219204 553.526107522192
2143 645.2778 550.7197 868.1211054216201 1038.87110542162 465.737646624778 561.737646624778
2159 647.3284 550.38574 864.5481482862865 1035.2981482862865 472.9380623089762 568.9380623089762
2176 647.3284 550.38574 860.5419758597092 1031.291975859709 480.4806693117979 576.4806693117979
2193 647.9336 548.9221 856.3227228435584 1027.0727228435585 487.90618221638465 583.9061822163847
2210 647.9336 548.9221 851.8938087238421 1022.6438087238421 495.20858302917645 591.2085830291765
2227 644.4735 541.8436 847.2588229060326 1018.0088229060326 502.38195353258584 598.3819535325858
2244 644.4735 541.8436 842.4215218060378 1013.1715218060378 509.42048008140796 605.420480081408
2261 647.1081 536.3665 837.3858258058228 1008.1358258058228 516.3184583144773 612.3184583144773
2279 647.1081 536.3665 831.8422069588121 1002.5922069588121 523.4627962141102 619.4627962141102
2296 649.29407 539.9914 826.4110765741736 997.1610765741736 530.0539388051589 626.0539388051589
2312 649.29407 539.9914 821.1299640822481 991.8799640822481 536.1137952031119 632.1137952031119
2330 651.21185 536.2792 814.9971099362925 985.7471099362925 542.7591976716982 638.7591976716982
2346 651.21185 536.2792 809.379702109853 980.129702109853 548.5086966087915 644.5086966087915
2364 645.9587 528.057 802.8786107340788 973.6286107340788 554.7943218655896 650.7943218655896
2380 645.9587 528.057 796.9431143556885 967.6931143556885 560.2148284340103 656.2148284340103
2398 651.2799 523.2771 790.0948566711968 960.8448566711968 566.1203039129076 662.1203039129076
2414 651.2799 523.2771 783.8605094916655 954.6105094916655 571.1942495138428 667.1942495138428
2431 650.36774 522.8449 777.0901233483269 947.8401233483269 576.4002277485814 672.4002277485814
2448 650.36774 522.8449 770.1742900189863 940.9242900189863 581.4113740517007 677.4113740517007
2465 649.55304 517.4222 763.1186144283101 933.8686144283101 586.2236271487043 682.2236271487043
2482 649.55304 517.4222 755.9288148358737 926.6788148358737 590.8330869577367 686.8330869577367
2499 648.0369 523.15424 748.6107182018081 919.3607182018081 595.2360177503971 691.2360177503971
2517 648.0369 523.15424 740.7288988675523 911.4788988675523 599.6688721273433 695.6688721273433
2533 645.80963 516.8396 733.6134567331254 904.3634567331254 603.4081891703074 699.4081891703074
2550 651.8267 521.8653 725.9464464020558 896.6964464020558 607.1708066759479 703.1708066759479
2567 651.8267 521.8653 718.1754381858558 888.9254381858558 610.7136542896951 706.7136542896951
2584 652.81006 506.7965 710.3067300841386 881.0567300841386 614.0338607170812 710.0338607170812
2602 652.81006 506.7965 701.8757557291436 872.6257557291436 617.3037147460062 713.3037147460062
2618 646.7793 504.2536 694.3017969577133 865.0517969577133 619.9957692114392 715.9957692114392
2636 646.7793 504.2536 685.6984050251664 856.4484050251664 622.7805351262059 718.7805351262059
2653 646.7793 504.2536 677.4993677514212 848.2493677514212 625.1713771733134 721.1713771733134
2670 646.3709 505.40884 669.2355964401853 839.9855964401853 627.327860798587 723.327860798587
2686 646.3709 505.40884 661.4047925232513 832.1547925232513 629.1418395004217 725.1418395004217
2703 648.4384 503.43454 653.0345219750633 823.7845219750633 630.8385742647915 726.8385742647915
2720 648.4384 503.43454 644.6193448795832 815.3693448795832 632.296357637651 728.296357637651
2737 648.31934 517.235 636.1660813019316 806.9160813019316 633.5140081610913 729.5140081610913
2754 645.00916 514.48004 627.6815821743512 798.4315821743512 634.4905389924386 730.4905389924386
2771 645.00916 514.48004 619.1727237438794 789.9227237438794 635.2251587040392 731.2251587040392
2788 645.73303 516.6196 610.6464019995067 781.3964019995067 635.7172719246712 731.7172719246712
2805 645.73303 516.6196 602.1095270833351 772.8595270833351 635.9664798220608 731.9664798220608
2822 650.066 529.8803 593.5690176902656 764.3190176902656 635.9725804261168 731.9725804261168
2840 650.066 529.8803 584.5298561883765 755.2798561883765 635.714059077236 731.714059077236
2856 648.51587 532.87964 576.5047793711809 747.2547793711809 635.2556370072082 731.2556370072082
2874 648.51587 532.87964 567.4949783535706 738.2449783535706 634.4831348595524 730.4831348595524
2890 650.0023 528.0069 559.5089945588649 730.2589945588649 633.5687653790487 729.5687653790487
2907 650.0023 528.0069 551.0540000393138 721.8040000393138 632.3631926583694 728.3631926583694
2924 650.0023 528.0069 542.6367489028069 713.3867489028069 630.9174329219486 726.9174329219486
2942 645.3493 527.311 533.7730850152877 704.5230850152877 629.1261382967836 725.1261382967836
2958 643.9926 533.49664 525.9427276452934 696.6927276452934 627.3102329649023 723.3102329649023
2976 643.9926 533.49664 517.1953667532769 687.9453667532769 625.0174287059479 721.0174287059479
2992 645.9349 535.7268 509.48103837910116 680.2310383791012 622.7588569334407 718.7588569334407
3009 645.9349 535.7268 501.3540257094023 672.1040257094023 620.1335944747455 716.1335944747455
3026 645.3748 531.92737 493.3050356774336 664.0550356774336 617.278056456131 713.278056456131
3043 645.3748 531.92737 485.3405915726703 656.0905915726703 614.1945571432422 710.1945571432422
3060 642.8821 531.30316 477.46714816449344 648.2171481644934 610.8855955525434 706.8855955525434
3077 642.8821 531.30316 469.691086470933 640.441086470933 607.3538534259965 703.3538534259965
3094 644.7281 523.6194 462.0187085871838 632.7687085871838 603.6021930576474 699.6021930576474
3112 635.25256 521.4412 454.01493504921393 624.7649350492139 599.3935254421243 695.3935254421243
3129 635.25256 521.4412 446.5755041384623 617.3255041384623 595.1988614943655 691.1988614943655
3146 640.0492 532.73816 439.2584910195917 610.0084910195917 590.7941302961241 686.7941302961241
3162 640.0492 532.73816 432.4890306732291 603.2390306732291 586.4598004361334 682.4598004361334
3179 640.0492 532.73816 425.4264873683203 596.1764873683203 581.6576321782761 677.6576321782761
3196 640.5866 526.2676 418.50350203784535 589.2535020378454 576.6563711348483 672.6563711348483
3213 640.5866 526.2676 411.72568540279684 582.4756854027969 571.4600705688548 667.4600705688548
3230 643.61694 535.524 405.09853053246013 575.8485305324601 566.0729418127313 662.0729418127313
3247 643.61694 535.524 398.6274083925641 569.3774083925641 560.4993508552757 656.4993508552757
3265 648.4498 533.77875 391.9515285815807 562.7015285815808 554.3996867092457 650.3996867092457
3281 648.4498 533.77875 386.17410963438175 556.9241096343817 548.8109982204569 644.8109982204569
3298 650.40967 536.5082 380.2020257696452 550.9520257696452 542.7057093474355 638.7057093474355
3315 652.91125 524.845 374.4061519627961 545.1561519627961 536.4328962045494 632.4328962045494
3332 652.91125 524.845 368.7911854693228 539.5411854693227 529.9976425819129 625.9976425819129
3349 654.5867 519.7965 363.3616769287074 534.1116769287074 523.4051639192346 619.4051639192346
3366 654.5867 519.7965 358.12202667636814 528.8720266763681 516.6608030789737 612.6608030789737
3383 654.5867 519.7965 353.07648117741576 523.8264811774158 509.7700260162269 605.7700260162269
3400 654.4327 512.6663 348.2291295851123 518.9791295851123 502.7384173488538 598.7384173488538
3418 654.4327 512.6663 343.31702741539596 514.067027415396 495.1460181088685 591.1460181088685
3435 656.22473 514.19147 338.8899101067921 509.6399101067921 487.8425278304917 583.8425278304917
3451 656.22473 514.19147 334.91470142185455 505.66470142185455 480.85613214835485 576.8561321483548
3468 654.60596 517.55725 330.8977575118902 501.6477575118902 473.3192561685689 569.3192561685689
3486 654.60596 517.55725 326.8802058135661 497.6302058135661 465.2178641711182 561.2178641711182
3503 652.35706 509.53952 323.31166860027383 494.06166860027383 457.45861935813366 553.4586193581337
3519 654.31976 513.38184 320.1560810978608 490.9060810978608 450.06576630732854 546.0657663073285
3536 654.31976 513.38184 317.0215805179704 487.7715805179704 442.1212559998803 538.1212559998803
3553 654.5729 512.00775 314.1144944740342 484.8644944740342 434.0907399116313 530.0907399116313
3570 654.5729 512.00775 311.4371790087004 482.1871790087004 425.9807263598813 521.9807263598814
3587 660.87317 512.1929 308.9918039474663 479.7418039474663 417.79778809050777 513.7977880905078
3604 660.87317 512.1929 306.780351140146 477.530351140146 409.5485569510936 505.5485569510936
3621 658.3609 515.7883 304.80461285468476 475.55461285468476 401.23971851615926 497.23971851615926
3638 658.3609 515.7883 303.06619032461737 473.81619032461737 392.87800666884965 488.87800666884965
3655 658.3609 515.7883 301.5664924513526 472.3164924513526 384.4701981434725 480.4701981434725
3673 659.23926 516.9562 300.24012624611004 470.99012624611004 375.52514215512616 471.52514215512616
3689 659.23926 516.9562 299.28793792598333 470.03793792598333 367.5435792681223 463.5435792681223
3706 659.59424 517.3754 298.5109279242903 469.2609279242903 359.03848706593226 455.03848706593226
3723 660.01465 521.00037 297.97633438360816 468.72633438360816 350.5147233633919 446.5147233633919
3740 660.01465 521.00037 297.68459056430925 468.43459056430925 341.9791962294431 437.9791962294431
3757 657.12695 518.12366 417.64906576024066 588.3990657602407 333.056686471707 429.056686471707
3774 657.12695 518.12366 417.99123095517183 588.7412309551719 324.5235450269113 420.5235450269113
3792 657.1974 518.1069 418.79422084104294 589.5442208410429 315.5170210808991 411.5170210808991
3808 657.1974 518.1069 419.88693415828243 590.6369341582824 307.553911501838 403.553911501838
3825 651.5673 506.99747 421.43620498653286 592.1862049865329 299.15561763711503 395.15561763711503
3842 651.5673 506.99747 423.3820723329198 594.1320723329197 290.84025954453836 386.84025954453836
3859 649.8552 499.78723 425.72015609929747 596.4701560992975 282.62655488470796 378.62655488470796
3876 649.8552 499.78723 428.4451933182859 599.1951933182859 274.53299249891984 370.53299249891984
3894 654.926 500.19794 431.7454617306055 602.4954617306055 266.1145309557668 362.1145309557668
3910 654.926 500.19794 435.03073493989234 605.7807349398923 258.7788567193968 354.7788567193968
3927 658.40894 502.36655 438.876415455004 609.626415455004 251.15374548655507 347.15374548655507
3944 658.40894 502.36655 443.0794350159092 613.8294350159092 243.71962102511617 339.71962102511617
3961 652.6254 500.53662 447.6303327319572 618.3803327319572 236.49321736108072 332.4932173610807
3978 652.6254 500.53662 452.518864647575 623.268864647575 229.49080094619188 325.4908009461919
3995 649.6336 489.36133 457.734026801152 628.484026801152 222.7281340425647 318.7281340425647
4013 649.6336 489.36133 463.5989209792019 634.3489209792019 215.84589003154827 311.84589003154827
4029 647.30927 480.57184 469.09657621838664 639.8465762183866 209.98236520147657 305.98236520147657
4047 647.30927 480.57184 475.5872116294033 646.3372116294033 203.6868177027948 299.68681770279477
4063 644.99274 494.19946 481.6157313118342 652.3657313118342 198.37060786867886 294.37060786867886
4080 646.9865 488.3146 488.27420988032543 659.0242098803254 193.0230623484931 289.0230623484931
4098 646.9865 488.3146 495.5923246451781 666.3423246451781 187.71199252826437 283.7119925282644
4115 649.6637 480.8818 502.7406224410547 673.4906224410547 183.0393681522872 279.03936815228724
4131 649.6637 480.8818 509.66383312829794 680.4138331282979 178.95595164869005 274.9559516486901
4148 648.5427 483.8747 517.2116021519138 687.9616021519138 174.9606090221234 270.96060902212344
4165 648.5427 483.8747 524.9403796987771 695.6903796987771 171.32776198864897 267.32776198864894
4182 648.5427 483.8747 532.8327684862486 703.5827684862486 168.06558799499004 264.06558799499004
4199 650.76575 501.36542 540.8710029469295 711.6210029469295 165.1814301122385 261.1814301122385
4217 650.76575 501.36542 549.5209282560902 720.2709282560902 162.54684124624086 258.5468412462409
4233 653.72253 497.2483 557.3123458725511 728.0623458725511 160.57226582663537 256.5722658266354
4250 653.72253 497.2483 565.678445290706 736.428445290706 158.85763453593017 254.85763453593017
4267 653.56934 498.26276 574.1164555949256 744.8664555949256 157.54174622631027 253.54174622631027
4284 652.79913 489.93912 582.6073830375866 753.3573830375866 156.6275629290547 252.6275629290547
4301 652.79913 489.93912 591.132114755926 761.882114755926 156.1171424476271 252.1171424476271
4318 653.1094 498.3471 599.6714617946108 770.4214617946108 156.01163372561214 252.01163372561214
4335 653.1094 498.3471 608.206202299593 778.956202299593 156.31127426047263 252.31127426047263
4352 648.848 492.14688 616.7171247860152 787.4671247860152 157.01538956894865 253.01538956894865
4369 648.848 492.14688 625.1850713827765 795.9350713827765 158.12239470530233 254.12239470530233
4387 650.5392 496.06628 634.0831090553891 804.8331090553891 159.73086973577773 255.73086973577773
4403 650.5392 496.06628 641.9159320172428 812.6659320172428 161.53420581373558 257.5342058137356
4420 650.5392 496.06628 650.1411853111272 820.8911853111272 163.83133188536496 259.831331885365
4437 651.51074 505.49487 658.2482260010909 828.9982260010909 166.5160052712332 262.5160052712332
4454 651.51074 505.49487 666.2188053437343 836.9688053437343 169.58218283949915 265.5821828394992
4471 650.4922 508.19452 674.0349817666976 844.7849817666976 173.0229627020636 269.02296270206364
4488 649.7954 508.24258 681.6791612546845 852.4291612546845 176.83059975054408 272.8305997505441
4505 649.7954 508.24258 689.1341369531456 859.8841369531456 180.99652309031762 276.9965230903176
4523 650.3733 495.98123 696.8027732058051 867.5527732058051 185.78758605914797 281.787586059148
4539 650.3733 495.98123 703.4098168015221 874.1598168015221 190.36493370665013 286.36493370665016
4556 649.45807 500.1253 710.1983867574248 880.9483867574248 195.54633292803192 291.5463329280319
4573 649.45807 500.1253 716.733556869033 887.483556869033 201.0438897990301 297.0438897990301
4590 650.09375 504.8836 723.0006166338345 893.7506166338345 206.8452294582745 302.8452294582745
4607 650.09375 504.8836 728.9854590589218 899.7354590589218 212.9372932370277 308.9372932370277
4624 1050.8428 289.51147 734.6746124154753 905.4246124154753 219.30636805391646 315.30636805391646
4642 1050.8428 289.51147 740.3619103211945 911.1119103211945 226.33608418463587 322.33608418463587
4658 970.55994 337.89987 745.1153217770493 915.8653217770493 232.81761302381858 328.8176130238186
4675 970.55994 337.89987 749.8433760095571 920.5933760095571 239.9293697063817 335.9293697063817
4692 901.1834 364.3638 754.2287905304013 924.9787905304013 247.25737894613326 343.25737894613326
4710 901.1834 364.3638 758.4877475670244 929.2377475670244 255.233816202647 351.233816202647
4728 852.55023 393.36865 762.3407631588366 933.0907631588366 263.41406908358863 359.41406908358863
4744 852.55023 393.36865 765.4169917624882 936.1669917624882 270.8398319494411 366.8398319494411
4760 809.6017 419.7373 768.1586455346032 938.9086455346032 278.3955232583588 374.3955232583588
4778 809.6017 419.7373 770.8363040348377 941.5863040348377 287.032213093187 383.032213093187
4794 782.5876 441.75134 772.8496793622878 943.5996793622878 294.8136947228397 390.8136947228397
4812 782.5876 441.75134 774.6969169040786 945.4469169040786 303.6652471183856 399.6652471183856
4828 752.5014 454.14 775.9638957607996 946.7138957607996 311.60249482388303 407.60249482388303
4846 734.7603 468.4815 776.9640893640834 947.7140893640834 320.5892561483454 416.5892561483454
4862 734.7603 468.4815 777.47327042036 948.22327042036 328.6108439720703 424.6108439720703
4879 718.27356 490.07172 777.6213291668411 948.3713291668411 337.1495592469291 433.1495592469291
4897 718.27356 490.07172 777.3364868280897 948.0864868280897 346.18732065055974 442.18732065055974
4913 718.27356 490.07172 776.7025238609478 947.4525238609478 354.200012303063 450.200012303063
4930 703.4979 501.3919 775.6377280160616 946.3877280160616 362.6733699460652 458.6733699460652
4947 703.4979 501.3919 774.1722300260149 944.9222300260149 371.0866865084376 467.0866865084376
4965 693.48425 507.11615 772.1874555236557 942.9374555236557 379.90841743392417 475.90841743392417
4981 693.48425 507.11615 770.0532173508461 940.8032173508461 387.65762152102405 483.65762152102405
4998 687.22565 522.52734 767.4089744590015 938.1589744590015 395.77793921594457 491.77793921594457
5015 687.22565 522.52734 764.3825521379785 935.1325521379785 403.7636982827043 499.7636982827043
5033 679.37616 527.68604 760.7691273551981 931.5191273551981 412.05257201114836 508.05257201114836
5049 671.38007 527.9351 757.2112637502574 927.9612637502574 419.25998091660404 515.259980916604
5066 671.38007 527.9351 753.0825400722103 923.8325400722103 426.73562274375536 522.7356227437554
5083 667.5122 533.8783 748.6038854061801 919.3538854061801 434.00702098068035 530.0070209806804
5100 667.5122 533.8783 743.7853810904619 914.5353810904619 441.057807893992 537.057807893992
5117 661.9855 540.397 738.6378734563121 909.3878734563121 447.8721123408068 543.8721123408068
5134 661.9855 540.397 733.1729494131282 903.9229494131282 454.4345954942897 550.4345954942896
5151 659.4284 545.4446 727.4029103666112 898.1529103666112 460.73048537096236 556.7304853709624
5168 659.4284 545.4446 721.3407445286122 892.0907445286122 466.7456100820642 562.7456100820642
5185 659.4284 545.4446 715.0000976809954 885.7500976809954 472.46642973411736 568.4664297341174
5202 650.95605 548.0405 708.3952424593289 879.1452424593289 477.8800669068827 573.8800669068827
5219 650.95605 548.0405 701.5410462255444 872.2910462255444 482.9743356401059 578.9743356401059
5236 654.1196 552.29065 694.4529376018812 865.2029376018812 487.73776886380733 583.7377688638073
5253 654.1196 552.29065 687.1468717414465 857.8968717414465 492.15964421036574 588.1596442103657
5270 654.5061 548.9121 679.639294413571 850.389294413571 496.2300081502966 592.2300081502966
5287 648.2857 543.9438 671.9471049847989 842.6971049847989 499.93969839739407 595.9396983973941
5305 648.2857 543.9438 663.620462019195 834.370462019195 503.46521726278866 599.4652172627887
5322 645.56836 534.74805 655.6031277542164 826.3531277542164 506.40697374848173 602.4069737484817
5338 645.56836 534.74805 647.9378564156366 818.6878564156366 508.8253930396211 604.8253930396211
5355 644.25037 529.4262 639.6839337638094 810.4339337638094 511.01727369220305 607.017273692203
5373 644.25037 529.4262 630.8416959955493 801.5916959955493 512.9085953455605 608.9085953455605
5389 650.4677 537.98065 622.9108601528986 793.6608601528986 514.2151095623715 610.2151095623715
5406 650.4677 537.98065 614.4294649579773 785.1794649579773 515.2138665323532 611.2138665323532
5423 653.65875 537.6773 605.9102433377668 776.6602433377668 515.8092176247758 611.8092176247758
5440 653.65875 537.6773 597.3723718445073 768.1223718445073 515.9998227193989 611.9998227193989
5457 650.89465 536.435 588.8350690108309 759.5850690108309 515.7852527689789 611.7852527689789
5474 650.89465 536.435 580.317552089333 751.067552089333 515.1659907650433 611.1659907650433
5491 652.5148 542.71857 571.8389937950213 742.5889937950213 514.1434306506889 610.1434306506889
5508 652.5148 542.71857 563.4184791480179 734.1684791480179 512.7198741828516 608.7198741828516
5525 651.354 544.13293 555.0749625136663 725.8249625136663 510.8985257511097 606.8985257511097
5542 651.354 544.13293 546.8272249367301 717.5772249367301 508.68348516468336 604.6834851646834
5559 649.0009 547.5408 538.6938318657412 709.4438318657412 506.079738423869 602.079738423869
5576 649.0009 547.5408 530.6930913626405 701.4430913626405 503.0931464966776 599.0931464966776
5593 653.2251 547.8616 522.843012891798 693.593012891798 499.7304321259451 595.7304321259451
5611 654.2842 545.79016 514.7150131230868 685.4650131230868 495.7683763329592 591.7683763329592
5628 654.2842 545.79016 507.2303395844086 677.9803395844086 491.65604828708047 587.6560482870805
5645 654.1818 548.9934 499.9491421383856 670.6991421383856 487.19334241625086 583.1933424162509
5661 654.1818 548.9934 493.29680961702684 664.0468096170268 482.6820667001052 578.6820667001052
5678 654.1818 548.9934 486.4569398796541 657.2069398796541 477.56857846668925 573.5685784666892
5695 652.095 550.36725 479.86730663188473 650.6173066318847 472.13642294632587 568.1364229463259
5712 652.095 550.36725 473.54274297137306 644.2927429713731 466.3978277836013 562.3978277836013
5729 649.52826 547.5154 467.4974853308397 638.2474853308397 460.36571041097886 556.3657104109789
5746 649.52826 547.5154 461.7451414322254 632.4951414322254 454.0536489719888 550.0536489719889
5764 653.3513 554.2966 455.98806905859533 626.7380690585953 447.0809605355471 543.0809605355471
5780 653.3513 554.2966 451.1702998949387 621.9202998949387 440.6471252215585 536.6471252215586
5797 651.2467 552.41736 446.37160595691194 617.1216059569119 433.58284065575424 529.5828406557542
5814 651.2467 552.41736 441.9133795805666 612.6633795805666 426.29889958551144 522.2988995855114
5831 651.5759 551.57477 437.80565612063515 608.5556561206351 418.8116979778178 514.8116979778179
5849 1084.0845 337.1958 433.8486005938714 604.5986005938714 410.68126269395975 506.68126269395975
5865 1084.0845 337.1958 430.67789368960894 601.4278936896089 403.295346752855 499.295346752855
5883 1001.1766 390.55933 427.50904530471144 598.2590453047114 394.8265412727159 490.8265412727159
5899 1001.1766 390.55933 425.052460199564 595.8024601995639 387.1734160167848 483.1734160167848
5916 931.6545 431.26123 422.8194776869708 593.5694776869708 378.9305179198789 474.9305179198789
5933 931.6545 431.26123 420.97997798067684 591.7299779806768 370.59098431373195 466.59098431373195
5950 931.6545 431.26123 419.53810174796206 590.2881017479621 362.1735872774116 458.1735872774116
5967 872.8427 456.23566 418.4970946157316 589.2470946157316 353.69727415859836 449.69727415859836
5985 872.8427 456.23566 417.8343745722001 588.5843745722001 344.6793437701557 440.6793437701557
6001 824.0934 470.84073 417.6286526131048 588.3786526131048 337.1467028281774 433.1467028281774
