1 667.7504 545.41156 297.62542067616835 468.37542067616835 335.4976002348308 431.4976002348308
17 666.77814 545.0731 297.7465672298508 468.4965672298508 327.460353677165 423.460353677165
34 666.77814 545.0731 298.1111703954607 468.8611703954607 318.92762829531256 414.92762829531256
52 670.11523 551.8102 298.7617899590455 469.5117899590455 309.9082065772343 405.9082065772343
68 670.11523 551.8102 299.56810583748677 470.31810583748677 301.91059046864586 397.91059046864586
85 667.7262 546.6696 300.6592573431978 471.4092573431978 293.44006945149073 389.44006945149073
102 667.7262 546.6696 301.9910842002114 472.7410842002114 285.00404105339845 381.00404105339845
120 667.7262 546.6696 303.6623788905013 474.4123788905013 276.11696909446454 372.11696909446454
136 664.72394 536.8114 305.37225228130916 476.12225228130916 268.2627764750041 364.2627764750041
154 531.7792 429.44913 307.54658317776153 478.29658317776153 259.4852165009684 355.4852165009684
170 531.7792 429.44913 309.7006512552929 480.4506512552929 251.74105744826687 347.7410574482669
187 425.42334 343.5593 312.21579703666407 482.96579703666407 243.57929418234613 339.57929418234613
204 425.42334 343.5593 314.9622521925565 485.7122521925565 235.4924331110061 331.4924331110061
221 340.33868 274.84744 317.93779086333535 488.68779086333535 227.48702821623766 323.48702821623766
239 340.33868 274.84744 321.3353713044251 492.0853713044251 219.10671073469888 315.1067107346989
255 272.27097 219.87796 324.5662889638151 495.3162889638151 211.74646754616077 307.7464675461608
272 272.27097 219.87796 328.2138763391684 498.9638763391684 204.0240686798987 300.02406867989873
289 272.27097 219.87796 332.0798074744846 502.8298074744846 196.40862946948707 292.4086294694871
306 361.94452 232.59676 336.16094923283765 506.91094923283765 188.90632183391858 284.9063218339186
323 361.94452 232.59676 340.4539940602396 511.2039940602396 181.52322600490484 277.5232260049048
340 421.9228 290.14386 344.9554626662418 515.7054626662418 174.26532559916362 270.2653255991636
357 468.19208 334.9984 349.6617068437197 520.4117068437197 167.13850276900726 263.13850276900723
374 468.19208 334.9984 354.5689124255555 525.3189124255555 160.14853343516307 256.1485334351631
392 504.8178 373.82062 359.9793956887837 530.7293956887837 152.90284887099742 248.90284887099742
408 504.8178 373.82062 364.97014001297055 535.7201400129705 146.601699784777 242.601699784777
425 540.76807 415.51117 370.45573236238414 541.2057323623842 140.05581447516937 236.05581447516937
443 540.76807 415.51117 376.4645815063909 547.2145815063909 133.2980777305462 229.2980777305462
459 566.0165 445.17957 381.9746488335043 552.7246488335043 127.44562809241546 223.44562809241546
476 566.0165 445.17957 387.9986374701024 558.7486374701024 121.39154692211227 217.39154692211227
493 590.1281 465.58112 394.1925174146769 564.9425174146769 115.51139478609738 211.51139478609738
511 603.24036 483.87854 400.93033797716447 571.6803379771645 109.48022176480373 205.48022176480373
527 603.24036 483.87854 407.06973833256984 577.8197383325698 104.29179502905546 200.29179502905546
544 617.70575 494.76358 413.7426429853873 584.4926429853873 98.96144031244515 194.96144031244515
561 617.70575 494.76358 420.564574763276 591.314574763276 93.82319306962836 189.82319306962836
578 617.70575 494.76358 427.53000484391305 598.280004843913 88.88121758382923 184.88121758382923
595 623.34863 491.6927 434.6332881070341 605.3832881070341 84.13951907017963 180.13951907017963
612 623.34863 491.6927 441.86866770951156 612.6186677095116 79.60194042970028 175.60194042970028
629 630.9727 501.6758 449.2302797509776 619.9802797509776 75.27215913482809 171.2721591348281
646 630.9727 501.6758 456.71215802621145 627.4621580262115 71.15368424901567 167.15368424901567
663 634.26917 509.82706 464.3082388604396 635.0582388604396 67.24985358281685 163.24985358281685
680 634.26917 509.82706 472.0123660236304 642.7623660236304 63.563830988764266 159.56383098876427
697 635.69775 509.34058 479.81829571979983 650.5682957197998 60.09860379723074 156.09860379723074
715 635.69775 509.34058 488.1873270540765 658.9373270540765 56.6733171711283 152.6733171711283
731 638.21606 515.72485 495.7101801258791 666.4601801258791 53.84158795097835 149.84158795097835
748 638.0679 517.522 503.783255286693 674.533255286693 51.0548702834833 147.0548702834833
765 638.0679 517.522 511.93238432050157 682.6823843205016 48.49908588318232 144.49908588318232
782 639.5755 525.85724 520.1509627803556 690.9009627803556 46.176306080939696 142.1763060809397
799 639.5755 525.85724 528.4323299341439 699.1823299341439 44.08841336946284 140.08841336946284
816 640.1883 527.7438 536.7697741627716 707.5197741627716 42.23709987763954 138.23709987763954
834 640.1883 527.7438 545.6512683082123 716.4012683082123 40.53641304886645 136.53641304886645
850 640.1883 527.7438 553.585825606595 724.335825606595 39.25001917650059 135.2500191765006
867 644.84753 532.4351 562.0508042831839 732.8008042831839 38.116672841359446 134.11667284135945
884 644.84753 532.4351 570.5446140026227 741.2946140026227 37.2247455122278 133.2247455122278
901 644.6063 525.02057 579.0603709721212 749.8103709721212 36.574960050003085 132.57496005000309
918 648.13605 526.2782 587.5911736117806 758.3411736117806 36.167843072143 132.167843072143
935 648.13605 526.2782 596.1301081479654 766.8801081479654 36.00372452586896 132.00372452586896
952 650.5125 525.5704 604.6702542165596 775.4202542165596 36.08273742076125 132.08273742076125
969 650.5125 525.5704 613.2046904715623 783.9546904715623 36.40481772096149 132.4048177209615
986 652.49744 532.06305 621.7265001944813 792.4765001944813 36.96970439707047 132.96970439707047
1003 652.49744 532.06305 630.2287768999744 800.9787768999744 37.77693963769889 133.7769396376989
1021 654.4768 542.0035 639.2022397075203 809.9522397075203 38.895080588854285 134.89508058885428
1037 654.4768 542.0035 647.1471900543268 817.8971900543268 40.115643042381976 136.11564304238198
1054 655.94183 544.33124 655.5496150057149 826.2996150057149 41.645215808474234 137.64521580847423
1072 655.94183 544.33124 664.3949870000625 835.1449870000625 43.52475517402934 139.52475517402934
1088 656.0024 534.71185 672.2068585250034 842.9568585250034 45.41860627535635 141.41860627535635
1105 656.0024 534.71185 680.4481772598931 851.1981772598931 47.65936583863811 143.6593658386381
1122 658.6824 531.38306 688.6223720999366 859.3723720999366 50.133810549576026 146.13381054957603
1140 658.6824 531.38306 697.1968778238853 867.9468778238853 53.006287796662775 149.00628779666278
1156 660.6809 536.9403 704.742950819005 875.492950819005 55.77554601295549 151.7755460129555
1173 660.6809 536.9403 712.6762698040402 883.4262698040402 58.93826443105149 154.9382644310515
1190 661.3368 544.8992 720.5163456946693 891.2663456946693 62.32552703375262 158.32552703375262
1208 661.3368 544.8992 728.7089106673807 899.4589106673807 66.15373198032523 162.15373198032523
1224 666.5479 546.52747 735.8914330094331 906.6414330094331 69.76252423287974 165.76252423287974
1242 666.5479 546.52747 743.8528662476037 914.6028662476037 74.05074702783952 170.05074702783952
1258 665.8104 538.7633 750.8183800147626 921.5683800147626 78.06243329120804 174.06243329120804
1275 665.8104 538.7633 758.0986210088488 928.8486210088488 82.52768009049117 178.52768009049117
1292 668.802 549.085 765.2488064458005 935.9988064458005 87.19835307494287 183.19835307494287
1309 666.0287 546.74084 772.263141470708 943.013141470708 92.0706669060545 188.0706669060545
1326 666.0287 546.74084 779.1359413283826 949.8859413283826 97.14067282585665 193.14067282585665
1343 662.6991 539.5724 785.8616359705578 956.6116359705578 102.40426185718263 198.40426185718263
1360 662.6991 539.5724 792.434774570124 963.184774570124 107.85716813378187 203.85716813378187
1377 662.6991 539.5724 798.8500299387413 969.6000299387413 113.49497235758312 209.49497235758312
1394 663.84485 544.0321 805.1022028442499 975.8522028442499 119.31310538030687 215.31310538030687
1412 663.84485 544.0321 811.5387673844003 982.2887673844003 125.66479105149173 221.66479105149173
1428 665.1531 547.46436 817.0971692933363 987.8471692933363 131.47135431515434 227.47135431515434
1446 665.1531 547.46436 823.1618418139614 993.9118418139614 138.17903805565956 234.17903805565956
1463 666.2667 550.57837 828.7015190178248 999.4515190178248 144.67921608302754 240.67921608302754
1479 666.2667 550.57837 833.7443360426164 1004.4943360426164 150.93876919572267 246.93876919572267
1496 665.769 553.7522 838.9165129944168 1009.6665129944168 157.73501253228335 253.73501253228335
1513 663.25867 553.07715 843.8931356740757 1014.6431356740757 164.675730406883 260.67573040688296
1530 663.25867 553.07715 848.6701707867052 1019.4201707867052 171.7552977272204 267.7552977272204
1548 663.9637 556.1479 853.5063645222324 1024.2563645222324 179.39627306401533 275.3962730640153
1564 663.9637 556.1479 857.6101570459276 1028.3601570459277 186.30792233453255 282.3079223345326
1582 664.28436 551.25494 862.0036814969314 1032.7536814969314 194.2117326082863 290.2117326082863
1598 664.28436 551.25494 865.7074960610505 1036.4574960610505 201.34571931915121 297.3457193191512
1615 664.28436 551.25494 869.4318623492258 1040.1818623492259 209.03138348446487 305.03138348446487
1632 669.6604 543.8631 872.9359432553329 1043.6859432553329 216.8199491363638 312.8199491363638
1650 669.6604 543.8631 876.4028900120431 1047.1528900120431 225.17180845816728 321.1718084581673
1666 668.22095 536.6261 879.2720702485676 1050.0220702485676 232.6804577033056 328.6804577033056
1683 672.5569 536.6975 882.0989812329851 1052.8489812329851 240.73954649774532 336.7395464977453
1700 672.5569 536.6975 884.6953407916484 1055.4453407916485 248.87583895516212 344.8758389551621
1717 675.0599 546.4536 887.0590447096293 1057.8090447096292 257.08274103198784 353.08274103198784
1734 675.0599 546.4536 889.1881773273444 1059.9381773273444 265.35360145921436 361.35360145921436
1751 677.62756 547.68353 891.0810130930984 1061.8310130930984 273.6817171329047 369.6817171329047
1769 677.62756 547.68353 892.8259350518042 1063.5759350518042 282.55462653755245 378.55462653755245
1785 678.36554 542.65454 894.1518506369953 1064.9018506369953 290.4826752619944 386.4826752619944
1802 678.36554 542.65454 895.3273636603816 1066.0773636603817 298.94190141113677 394.94190141113677
1820 680.605 552.7264 896.3090288345896 1067.0590288345898 307.9313178232743 403.9313178232743
1836 680.605 552.7264 896.9538155200738 1067.703815520074 315.9435746118702 411.9435746118702
1853 680.605 552.7264 897.4034362013994 1068.1534362013995 324.4722426880359 420.4722426880359
1871 680.93225 548.7646 897.6146881603357 1068.3646881603358 333.5126324227158 429.5126324227158
1887 680.1251 548.1234 897.5736453909749 1068.323645390975 341.5506871754069 437.5506871754069
1904 680.1251 548.1234 897.2940959534936 1068.0440959534935 350.08662239203596 446.08662239203596
1922 679.6758 545.5104 896.7333946506541 1067.4833946506542 359.1120801640305 455.1120801640305
1939 679.6758 545.5104 895.9542920861586 1066.7042920861586 367.61698093385 463.61698093385
1955 681.7707 554.1665 895.0001400172805 1065.7501400172805 375.5983093035911 471.5983093035911
1972 681.7707 554.1665 893.7524512558361 1064.5024512558361 384.04719151753216 480.04719151753216
1989 681.09937 556.4374 892.2647665348454 1063.0147665348454 392.4571339716405 488.4571339716405
2006 681.09937 556.4374 890.5382915457113 1061.2882915457112 400.8213208432003 496.8213208432003
2024 676.15204 547.9468 888.4515442264865 1059.2015442264865 409.6201139178652 505.6201139178652
2040 676.15204 547.9468 886.3747600303433 1057.1247600303432 417.385355454278 513.3853554542779
2057 671.9821 541.9409 883.9410778307275 1054.6910778307274 425.5717789017766 521.5717789017766
2075 672.52905 537.1859 881.1113627748334 1051.8613627748334 434.1604916486035 530.1604916486035
2091 672.52905 537.1859 878.3797408159044 1049.1297408159044 441.7202700970553 537.7202700970553
2108 672.52905 537.1859 875.2565931762647 1046.0065931762647 449.6692503292295 545.6692503292295
2125 667.5816 538.52246 871.9084395119482 1042.6584395119482 457.52610752219204 553.526107522192
2143 667.5816 538.52246 868.1211054216201 1038.87110542162 465.737646624778 561.737646624778
2160 668.01953 543.4788 864.3184484911064 1035.0684484911064 473.3848773771026 569.3848773771026
2177 668.01953 543.4788 860.2996503355766 1031.0496503355766 480.92076480298647 576.9207648029865
2193 673.2609 556.79456 856.3227228435584 1027.0727228435585 487.90618221638465 583.9061822163847
2211 673.2609 556.79456 851.6268309919924 1022.3768309919924 495.63417507762983 591.6341750776298
2227 669.7853 560.903 847.2588229060326 1018.0088229060326 502.38195353258584 598.3819535325858
2244 669.7853 560.903 842.4215218060378 1013.1715218060378 509.42048008140796 605.420480081408
2261 669.10754 561.55115 837.3858258058228 1008.1358258058228 516.3184583144773 612.3184583144773
2278 535.2861 449.24094 832.1558160761413 1002.9058160761413 523.0702977777584 619.0702977777584
2295 535.2861 449.24094 826.7357312689596 997.4857312689596 529.6705264551181 625.6705264551181
2312 428.22885 359.39276 821.1299640822481 991.8799640822481 536.1137952031119 632.1137952031119
2329 428.22885 359.39276 815.3430576999276 986.0930576999276 542.394882086187 638.394882086187
2346 428.22885 359.39276 809.379702109853 980.129702109853 548.5086966087915 644.5086966087915
2363 342.5831 287.51422 803.2447303028227 973.9947303028227 554.4502838409564 650.4502838409564
2380 342.5831 287.51422 796.9431143556885 967.6931143556885 560.2148284340103 656.2148284340103
2397 274.0665 230.01138 790.4799614017456 961.2299614017456 565.7976585231695 661.7976585231695
2414 274.0665 230.01138 783.8605094916655 954.6105094916655 571.1942495138428 667.1942495138428
2431 219.2532 184.00911 777.0901233483269 947.8401233483269 576.4002277485814 672.4002277485814
2448 175.40257 147.20729 770.1742900189863 940.9242900189863 581.4113740517007 677.4113740517007
2465 175.40257 147.20729 763.1186144283101 933.8686144283101 586.2236271487043 682.2236271487043
2482 140.32207 117.76583 755.9288148358737 926.6788148358737 590.8330869577367 686.8330869577367
2499 140.32207 117.76583 748.6107182018081 919.3607182018081 595.2360177503971 691.2360177503971
2517 235.53987 166.39996 740.7288988675523 911.4788988675523 599.6688721273433 695.6688721273433
2534 235.53987 166.39996 733.1654466713042 903.9154466713042 603.6355494252274 699.6355494252274
2550 326.2143 250.45087 725.9464464020558 896.6964464020558 607.1708066759479 703.1708066759479
2567 326.2143 250.45087 718.1754381858558 888.9254381858558 610.7136542896951 706.7136542896951
2584 326.2143 250.45087 710.3067300841386 881.0567300841386 614.0338607170812 710.0338607170812
2601 397.99542 303.38907 702.346699277214 873.096699277214 617.1287351027865 713.1287351027865
2618 397.99542 303.38907 694.3017969577133 865.0517969577133 619.9957692114392 715.9957692114392
2635 455.48077 357.17035 686.178543102233 856.928543102233 622.6326394604092 718.6326394604092
2652 455.48077 357.17035 677.9835211872297 848.7335211872297 625.0372088029525 721.0372088029525
2670 497.29645 389.87823 669.2355964401853 839.9855964401853 627.327860798587 723.327860798587
2686 534.961 415.37634 661.4047925232513 832.1547925232513 629.1418395004217 725.1418395004217
2703 534.961 415.37634 653.0345219750633 823.7845219750633 630.8385742647915 726.8385742647915
2720 561.197 439.8499 644.6193448795832 815.3693448795832 632.296357637651 728.296357637651
2738 561.197 439.8499 635.6677906981013 806.4177906981013 633.5781344048996 729.5781344048996
2754 581.5263 460.96173 627.6815821743512 798.4315821743512 634.4905389924386 730.4905389924386
2771 581.5263 460.96173 619.1727237438794 789.9227237438794 635.2251587040392 731.2251587040392
2788 606.0082 488.31647 610.6464019995067 781.3964019995067 635.7172719246712 731.7172719246712
2806 606.0082 488.31647 601.607177164819 772.357177164819 635.9735692774082 731.9735692774082
2823 617.42804 490.73334 593.0666695312384 763.8166695312384 635.9653673731979 731.9653673731979
2839 617.42804 490.73334 585.0317954607539 755.7817954607539 635.7355687926154 731.7355687926154
2856 623.85474 494.25937 576.5047793711809 747.2547793711809 635.2556370072082 731.2556370072082
2873 623.85474 494.25937 567.9948801263789 738.7448801263789 634.5331740297464 730.5331740297464
2890 634.43036 503.66803 559.5089945588649 730.2589945588649 633.5687653790487 729.5687653790487
2907 634.43036 503.66803 551.0540000393138 721.8040000393138 632.3631926583694 728.3631926583694
2925 641.68445 513.08905 542.1429378468152 712.8929378468152 630.8249324247021 726.8249324247021
2941 641.68445 513.08905 534.2640628953682 705.0140628953682 629.232657883161 725.232657883161
2958 645.17505 506.7777 525.9427276452934 696.6927276452934 627.3102329649023 723.3102329649023
2975 645.17505 506.7777 517.6794871637487 688.4294871637487 625.1517161929854 721.1517161929854
2992 650.53125 501.42587 509.48103837910116 680.2310383791012 622.7588569334407 718.7588569334407
3009 650.53125 501.42587 501.3540257094023 672.1040257094023 620.1335944747455 716.1335944747455
3026 656.02454 515.99493 493.3050356774336 664.0550356774336 617.278056456131 713.278056456131
3043 658.9796 518.79767 485.3405915726703 656.0905915726703 614.1945571432422 710.1945571432422
3060 658.9796 518.79767 477.46714816449344 648.2171481644934 610.8855955525434 706.8855955525434
3077 663.7706 515.005 469.691086470933 640.441086470933 607.3538534259965 703.3538534259965
3094 663.7706 515.005 462.0187085871838 632.7687085871838 603.6021930576474 699.6021930576474
3111 666.9564 511.8265 454.4562325780845 625.2062325780845 599.6336549738851 695.6336549738851
3128 666.9564 511.8265 447.00978743869564 617.7597874386956 595.4514554692516 691.4514554692516
3145 666.9564 511.8265 439.68540812706976 610.4354081270698 591.058983999804 687.058983999804
3162 664.9585 516.4985 432.4890306732291 603.2390306732291 586.4598004361334 682.4598004361334
3181 664.9585 516.4985 424.60466547408595 595.354665474086 581.0795051417821 677.0795051417821
3197 668.2429 511.14844 418.1007341971813 588.8507341971813 576.3560650118047 672.3560650118047
3213 668.2429 511.14844 411.72568540279684 582.4756854027969 571.4600705688548 667.4600705688548
3230 672.7609 511.81613 405.09853053246013 575.8485305324601 566.0729418127313 662.0729418127313
3247 674.96936 508.79938 398.6274083925641 569.3774083925641 560.4993508552757 656.4993508552757
3264 674.96936 508.79938 392.31756349239276 563.0675634923928 554.7438148032415 650.7438148032415
3281 677.8435 510.64523 386.17410963438175 556.9241096343817 548.8109982204569 644.8109982204569
3298 677.8435 510.64523 380.2020257696452 550.9520257696452 542.7057093474355 638.7057093474355
3315 681.5526 522.38135 374.4061519627961 545.1561519627961 536.4328962045494 632.4328962045494
3332 681.5526 522.38135 368.7911854693228 539.5411854693227 529.9976425819129 625.9976425819129
3349 685.1841 527.5684 363.3616769287074 534.1116769287074 523.4051639192346 619.4051639192346
3366 685.1841 527.5684 358.12202667636814 528.8720266763681 516.6608030789737 612.6608030789737
3383 685.1841 527.5684 353.07648117741576 523.8264811774158 509.7700260162269 605.7700260162269
3400 685.46655 532.66846 348.2291295851123 518.9791295851123 502.7384173488538 598.7384173488538
3417 685.46655 532.66846 343.58390042682595 514.333900426826 495.5716758314352 591.5716758314352
3434 680.2837 525.1142 339.144558420162 509.894558420162 488.2756097367269 584.2756097367269
3452 677.98206 527.1983 334.67248418581175 505.42248418581175 480.4159770489023 576.4159770489023
3468 677.98206 527.1983 330.8977575118902 501.6477575118902 473.3192561685689 569.3192561685689
3485 684.8045 529.2926 327.0969822152257 497.8469822152257 465.6710900449318 561.6710900449318
3503 684.8045 529.2926 323.31166860027383 494.06166860027383 457.45861935813366 553.4586193581337
3519 681.8573 524.15765 320.1560810978608 490.9060810978608 450.06576630732854 546.0657663073285
3536 681.8573 524.15765 317.0215805179704 487.7715805179704 442.1212559998803 538.1212559998803
3554 682.7422 529.9344 313.9506228120883 484.7006228120883 433.61581699217805 529.615816992178
3570 682.7422 529.9344 311.4371790087004 482.1871790087004 425.9807263598813 521.9807263598814
3587 687.10596 535.9877 308.9918039474663 479.7418039474663 417.79778809050777 513.7977880905078
3605 687.10596 535.9877 306.65758971905177 477.40758971905177 409.06138620638365 505.06138620638365
3622 686.4623 545.64343 304.69576873233893 475.44576873233893 400.74925072104793 496.74925072104793
3638 686.4623 545.64343 303.06619032461737 473.81619032461737 392.87800666884965 488.87800666884965
3655 687.763 550.6472 301.5664924513526 472.3164924513526 384.4701981434725 480.4701981434725
3672 687.763 550.6472 300.30673466233077 471.05673466233077 376.02310703330426 472.02310703330426
3689 687.1649 544.43207 299.28793792598333 470.03793792598333 367.5435792681223 463.5435792681223
3706 687.1649 544.43207 298.5109279242903 469.2609279242903 359.03848706593226 455.03848706593226
3724 684.0842 540.2873 297.95244725508564 468.70244725508564 350.0128916126015 446.0128916126015
3740 684.0842 540.2873 297.68459056430925 468.43459056430925 341.9791962294431 437.9791962294431
3757 682.5672 539.2747 417.64906576024066 588.3990657602407 333.056686471707 429.056686471707
3774 682.5672 539.2747 417.99123095517183 588.7412309551719 324.5235450269113 420.5235450269113
3791 682.685 534.76056 418.73774721758974 589.4877472175897 316.01623679178385 412.01623679178385
3808 683.77844 536.1768 419.88693415828243 590.6369341582824 307.553911501838 403.553911501838
3826 683.77844 536.1768 421.53972789945465 592.2897278994546 298.66399928652106 394.66399928652106
3842 688.8118 545.731 423.3820723329198 594.1320723329197 290.84025954453836 386.84025954453836
3860 688.8118 545.731 425.8697967163995 596.6197967163995 282.14695788528695 378.14695788528695
3877 688.8118 545.731 428.61741332353733 599.3674133235373 274.0610328969076 370.0610328969076
3893 691.2864 535.60376 431.55105000007745 602.3010500000775 266.5777907912517 362.5777907912517
3910 691.2864 535.60376 435.03073493989234 605.7807349398923 258.7788567193968 354.7788567193968
3928 1121.2344 332.13293 439.1138488204813 609.8638488204813 250.71099161237862 346.7109916123786
3945 1121.2344 332.13293 443.3376014504479 614.0876014504479 243.28862718732034 339.28862718732034
3961 1030.623 374.66125 447.6303327319572 618.3803327319572 236.49321736108072 332.4932173610807
3978 1030.623 374.66125 452.518864647575 623.268864647575 229.49080094619188 325.4908009461919
3995 959.90186 403.3884 457.734026801152 628.484026801152 222.7281340425647 318.7281340425647
4012 897.98 418.09296 463.26407999467915 634.0140799946792 216.22043924223226 312.22043924223226
4030 897.98 418.09296 469.44880561963384 640.1988056196338 209.62411941289355 305.62411941289355
4046 718.384 334.47437 475.21838667089924 645.9683866708992 204.0279536670738 300.0279536670738
4063 718.384 334.47437 481.6157313118342 652.3657313118342 198.37060786867886 294.37060786867886
4081 574.7072 267.5795 488.6736998190197 659.4236998190197 192.7184094558065 288.7184094558065
4097 574.7072 267.5795 495.1788343096449 665.9288343096449 187.9973542961332 283.9973542961332
4114 459.76578 214.0636 502.31406246496294 673.064062464963 183.30479645322103 279.304796453221
4131 459.76578 214.0636 509.66383312829794 680.4138331282979 178.95595164869005 274.9559516486901
4148 459.76578 214.0636 517.2116021519138 687.9616021519138 174.9606090221234 270.96060902212344
4165 367.81262 171.25089 524.9403796987771 695.6903796987771 171.32776198864897 267.32776198864894
4183 294.2501 137.00072 533.3017438562879 704.0517438562879 167.88540004190477 263.88540004190475
4200 294.2501 137.00072 541.3479970015156 712.0979970015156 165.02368896976233 261.02368896976236
4216 349.58054 132.6249 549.0369892185008 719.7869892185008 162.68178050678887 258.68178050678887
4233 349.58054 132.6249 557.3123458725511 728.0623458725511 160.57226582663537 256.5722658266354
4250 412.57236 208.25006 565.678445290706 736.428445290706 158.85763453593017 254.85763453593017
4267 412.57236 208.25006 574.1164555949256 744.8664555949256 157.54174622631027 253.54174622631027
4285 460.0884 260.36487 583.1080892855312 753.8580892855312 156.5863458281167 252.5863458281167
4301 460.0884 260.36487 591.132114755926 761.882114755926 156.1171424476271 252.1171424476271
4318 505.3576 320.38834 599.6714617946108 770.4214617946108 156.01163372561214 252.01163372561214
4336 505.3576 320.38834 608.7076916320163 779.4576916320163 156.341507447631 252.341507447631
4352 529.33276 355.8838 616.7171247860152 787.4671247860152 157.01538956894865 253.01538956894865
4369 529.33276 355.8838 625.1850713827765 795.9350713827765 158.12239470530233 254.12239470530233
4386 551.39856 375.97845 633.5909809564164 804.3409809564164 159.6297978289907 255.6297978289907
4403 551.39856 375.97845 641.9159320172428 812.6659320172428 161.53420581373558 257.5342058137356
4421 566.6297 400.8153 650.6215220114407 821.3715220114407 163.97858082584344 259.97858082584344
4437 566.6297 400.8153 658.2482260010909 828.9982260010909 166.5160052712332 262.5160052712332
4454 586.7493 430.18555 666.2188053437343 836.9688053437343 169.58218283949915 265.5821828394992
4471 586.7493 430.18555 674.0349817666976 844.7849817666976 173.0229627020636 269.02296270206364
4488 604.1139 457.88647 681.6791612546845 852.4291612546845 176.83059975054408 272.8305997505441
4505 604.1139 457.88647 689.1341369531456 859.8841369531456 180.99652309031762 276.9965230903176
4522 619.674 472.12076 696.3831279004737 867.1331279004737 185.51135533338842 281.51135533338845
4540 619.674 472.12076 703.8158878779227 874.5658878779227 190.66075777100514 286.66075777100514
4556 627.8364 473.91992 710.1983867574248 880.9483867574248 195.54633292803192 291.5463329280319
4573 627.8364 473.91992 716.733556869033 887.483556869033 201.0438897990301 297.0438897990301
4591 637.1382 476.3122 723.360613124305 894.110613124305 207.19566935752866 303.1956693575287
4607 639.891 488.31036 728.9854590589218 899.7354590589218 212.9372932370277 308.9372932370277
4624 639.891 488.31036 734.6746124154753 905.4246124154753 219.30636805391646 315.30636805391646
4641 639.891 488.31036 740.0552705632856 910.8052705632856 225.93811728273374 321.93811728273374
4658 641.4883 488.9942 745.1153217770493 915.8653217770493 232.81761302381858 328.8176130238186
4675 641.4883 488.9942 749.8433760095571 920.5933760095571 239.9293697063817 335.9293697063817
4692 644.473 504.71384 754.2287905304013 924.9787905304013 247.25737894613326 343.25737894613326
4709 644.473 504.71384 758.2616938824929 929.0116938824929 254.78514557975075 350.78514557975075
4726 648.63635 513.14575 761.9330081024611 932.6830081024611 262.4957247950736 358.4957247950736
4743 648.63635 513.14575 765.2344691549205 935.9844691549205 270.3717602734482 366.3717602734482
4761 653.318 513.3177 768.3187615671286 939.0687615671286 278.8717253711941 374.8717253711941
4777 653.318 513.3177 770.6989549944915 941.4489549944915 286.5489524624127 382.5489524624127
4794 655.0941 507.8928 772.8496793622878 943.5996793622878 294.8136947228397 390.8136947228397
4811 655.491 505.91916 774.605977411876 945.355977411876 303.17114631399613 399.17114631399613
4828 655.491 505.91916 775.9638957607996 946.7138957607996 311.60249482388303 407.60249482388303
4845 657.4065 512.78235 776.9203777692248 947.6703777692248 320.08876150040663 416.08876150040663
4862 657.4065 512.78235 777.47327042036 948.22327042036 328.6108439720703 424.6108439720703
4879 662.70435 510.68207 777.6213291668411 948.3713291668411 337.1495592469291 433.1495592469291
4896 662.70435 510.68207 777.3642207321774 948.1142207321774 345.68568689301895 441.68568689301895
4913 662.70435 510.68207 776.7025238609478 947.4525238609478 354.200012303063 450.200012303063
4930 660.5603 512.623 775.6377280160616 946.3877280160616 362.6733699460652 458.6733699460652
4947 660.5603 512.623 774.1722300260149 944.9222300260149 371.0866865084376 467.0866865084376
4965 665.1505 520.77563 772.1874555236557 942.9374555236557 379.90841743392417 475.90841743392417
4981 666.61615 526.16705 770.0532173508461 940.8032173508461 387.65762152102405 483.65762152102405
4999 666.61615 526.16705 767.2414664715639 937.9914664715639 396.25159169433493 492.25159169433493
5015 666.7 529.15485 764.3825521379785 935.1325521379785 403.7636982827043 499.7636982827043
5032 666.7 529.15485 760.9807627878217 931.7307627878217 411.59692297976756 507.59692297976756
5049 665.2063 534.7853 757.2112637502574 927.9612637502574 419.25998091660404 515.259980916604
5066 665.2063 534.7853 753.0825400722103 923.8325400722103 426.73562274375536 522.7356227437554
5083 661.8346 536.886 748.6038854061801 919.3538854061801 434.00702098068035 530.0070209806804
5100 661.8346 536.886 743.7853810904619 914.5353810904619 441.057807893992 537.057807893992
5118 1086.664 323.40262 738.3250770999266 909.0750770999266 448.265258669255 544.265258669255
5134 1086.664 323.40262 733.1729494131282 903.9229494131282 454.4345954942897 550.4345954942896
5151 1086.664 323.40262 727.4029103666112 898.1529103666112 460.73048537096236 556.7304853709624
5169 998.83105 365.8197 720.9753375862501 891.7253375862501 467.09040474938706 563.0904047493871
5185 926.6115 406.05832 715.0000976809954 885.7500976809954 472.46642973411736 568.4664297341174
5202 926.6115 406.05832 708.3952424593289 879.1452424593289 477.8800669068827 573.8800669068827
5219 870.0076 435.62012 701.5410462255444 872.2910462255444 482.9743356401059 578.9743356401059
5236 870.0076 435.62012 694.4529376018812 865.2029376018812 487.73776886380733 583.7377688638073
5254 829.7836 463.5887 686.7106646883476 857.4606646883476 492.40890111191015 588.4089011119102
5271 829.7836 463.5887 679.1917557803298 849.9417557803298 496.45829474187997 592.45829474188
5287 797.2753 477.36868 671.9471049847989 842.6971049847989 499.93969839739407 595.9396983973941
5304 797.2753 477.36868 664.0876183788416 834.8376183788416 503.28036453280606 599.2803645328061
5322 768.7472 491.98877 655.6031277542164 826.3531277542164 506.40697374848173 602.4069737484817
5338 768.7472 491.98877 647.9378564156366 818.6878564156366 508.8253930396211 604.8253930396211
5355 747.3632 503.87354 639.6839337638094 810.4339337638094 511.01727369220305 607.017273692203
5372 733.597 514.9795 631.335337516615 802.085337516615 512.8151948914908 608.8151948914908
5389 733.597 514.9795 622.9108601528986 793.6608601528986 514.2151095623715 610.2151095623715
5406 733.597 514.9795 614.4294649579773 785.1794649579773 515.2138665323532 611.2138665323532
5423 726.3736 518.8242 605.9102433377668 776.6602433377668 515.8092176247758 611.8092176247758
5440 726.3736 518.8242 597.3723718445073 768.1223718445073 515.9998227193989 611.9998227193989
5457 720.88135 523.52966 588.8350690108309 759.5850690108309 515.7852527689789 611.7852527689789
5474 720.88135 523.52966 580.317552089333 751.067552089333 515.1659907650433 611.1659907650433
5491 717.3787 535.168 571.8389937950213 742.5889937950213 514.1434306506889 610.1434306506889
5508 717.3787 535.168 563.4184791480179 734.1684791480179 512.7198741828516 608.7198741828516
5526 710.1372 533.3695 554.5869676676424 725.3369676676424 510.7790827672435 606.7790827672435
5542 710.1372 533.3695 546.8272249367301 717.5772249367301 508.68348516468336 604.6834851646834
5559 710.4496 536.9781 538.6938318657412 709.4438318657412 506.079738423869 602.079738423869
5576 706.57733 542.4675 530.6930913626405 701.4430913626405 503.0931464966776 599.0931464966776
5593 706.57733 542.4675 522.843012891798 693.593012891798 499.7304321259451 595.7304321259451
5610 699.7146 543.24524 515.1612667811617 685.9112667811617 495.99916469660786 591.9991646966079
5628 699.7146 543.24524 507.2303395844086 677.9803395844086 491.65604828708047 587.6560482870805
5644 691.7022 531.6112 500.37151947034613 671.1215194703461 487.4653773139863 583.4653773139863
5661 691.7022 531.6112 493.29680961702684 664.0468096170268 482.6820667001052 578.6820667001052
5678 691.7022 531.6112 486.4569398796541 657.2069398796541 477.56857846668925 573.5685784666892
5695 686.69556 533.5872 479.86730663188473 650.6173066318847 472.13642294632587 568.1364229463259
5712 686.69556 533.5872 473.54274297137306 644.2927429713731 466.3978277836013 562.3978277836013
5729 689.7064 537.363 467.4974853308397 638.2474853308397 460.36571041097886 556.3657104109789
5746 685.3812 527.93427 461.7451414322254 632.4951414322254 454.0536489719888 550.0536489719889
5763 685.3812 527.93427 456.29865965604995 627.04865965605 447.47585175716756 543.4758517571676
5781 691.4226 525.2354 450.87878898296606 621.6287889829661 440.23794679551276 536.2379467955127
5797 691.4226 525.2354 446.37160595691194 617.1216059569119 433.58284065575424 529.5828406557542
5815 692.9689 534.121 441.66195216566996 612.41195216567 425.8639399883317 521.8639399883317
5831 692.9689 534.121 437.80565612063515 608.5556561206351 418.8116979778178 514.8116979778179
5848 695.82385 536.8689 434.05768195865755 604.8076819586576 411.1380893339877 507.1380893339877
5866 695.82385 536.8689 430.4907154271366 601.2407154271366 402.8291173091274 498.8291173091274
5882 691.59393 533.7559 427.67389913133843 598.4238991313384 395.30112404946493 491.30112404946493
5899 691.59393 533.7559 425.052460199564 595.8024601995639 387.1734160167848 483.1734160167848
5917 691.59393 533.7559 422.70033489037223 593.4503348903722 378.44244969702606 474.44244969702606
5933 685.36475 540.92737 420.97997798067684 591.7299779806768 370.59098431373195 466.59098431373195
5950 678.6048 542.0643 419.53810174796206 590.2881017479621 362.1735872774116 458.1735872774116
5967 678.6048 542.0643 418.4970946157316 589.2470946157316 353.69727415859836 449.69727415859836
5984 674.1987 546.678 417.85929986469176 588.6092998646918 345.18112492358273 441.18112492358273
6002 674.1987 546.678 417.6286526131048 588.3786526131048 337.1467028281774 433.1467028281774
