1 3.0642066E-6 1.7753815E-6 333.00042067616835 433.00042067616835 333.4976002348308 433.4976002348308
17 3.0642066E-6 1.7753815E-6 333.1215672298508 433.1215672298508 325.460353677165 425.460353677165
35 3.0642066E-6 1.7753815E-6 333.5151809083458 433.5151809083458 316.4260666429181 416.4260666429181
51 3.0642066E-6 1.7753815E-6 334.0935140048509 434.0935140048509 308.4087391863609 408.4087391863609
69 3.0642066E-6 1.7753815E-6 335.00061216007174 435.00061216007174 299.41149255853884 399.41149255853884
85 3.0642066E-6 1.7753815E-6 336.0342573431978 436.0342573431978 291.44006945149073 391.44006945149073
102 3.0642066E-6 1.7753815E-6 337.3660842002114 437.3660842002114 283.00404105339845 383.00404105339845
119 3.0642066E-6 1.7753815E-6 338.93750703184975 438.93750703184975 274.6093422383909 374.6093422383909
136 3.0642066E-6 1.7753815E-6 340.74725228130916 440.74725228130916 266.2627764750041 366.2627764750041
154 3.0642066E-6 1.7753815E-6 342.92158317776153 442.92158317776153 257.4852165009684 357.4852165009684
170 3.0642066E-6 1.7753815E-6 345.0756512552929 445.0756512552929 249.74105744826687 349.7410574482669
187 3.0642066E-6 1.7753815E-6 347.59079703666407 447.59079703666407 241.57929418234613 341.57929418234613
204 3.0642066E-6 1.7753815E-6 350.3372521925565 450.3372521925565 233.4924331110061 333.4924331110061
222 3.0642066E-6 1.7753815E-6 353.4949060276202 453.4949060276202 225.01879775167134 325.01879775167134
238 3.0642066E-6 1.7753815E-6 356.51500152904384 456.51500152904384 217.5695674640201 317.5695674640201
255 3.0642066E-6 1.7753815E-6 359.9412889638151 459.9412889638151 209.74646754616077 309.7464675461608
272 3.0642066E-6 1.7753815E-6 363.5888763391684 463.5888763391684 202.0240686798987 302.02406867989873
290 3.0642066E-6 1.7753815E-6 367.68894874217887 467.68894874217887 193.9641257374746 293.9641257374746
306 3.0642066E-6 1.7753815E-6 371.53594923283765 471.53594923283765 186.90632183391858 286.9063218339186
324 3.0642066E-6 1.7753815E-6 376.0880516625483 476.0880516625483 179.0927671105879 279.09276711058794
340 3.0642066E-6 1.7753815E-6 380.3304626662418 480.3304626662418 172.26532559916362 272.2653255991636
357 3.0642066E-6 1.7753815E-6 385.0367068437197 485.0367068437197 165.13850276900726 265.13850276900723
375 3.0642066E-6 1.7753815E-6 390.2387457035903 490.2387457035903 157.7417422858324 257.7417422858324
391 3.0642066E-6 1.7753815E-6 395.0481023758233 495.0481023758233 151.30108260568883 251.30108260568883
408 3.0642066E-6 1.7753815E-6 400.34514001297055 500.34514001297055 144.601699784777 244.601699784777
425 3.0642066E-6 1.7753815E-6 405.83073236238414 505.83073236238414 138.05581447516937 238.05581447516937
443 3.0642066E-6 1.7753815E-6 411.8395815063909 511.8395815063909 131.2980777305462 231.2980777305462
459 3.0642066E-6 1.7753815E-6 417.3496488335043 517.3496488335043 125.44562809241546 225.44562809241546
476 3.0642066E-6 1.7753815E-6 423.3736374701024 523.3736374701024 119.39154692211227 219.39154692211227
493 3.0642066E-6 1.7753815E-6 429.5675174146769 529.5675174146769 113.51139478609738 213.51139478609738
510 3.0642066E-6 1.7753815E-6 435.9262688483818 535.9262688483818 107.8099372430793 207.8099372430793
528 3.0642066E-6 1.7753815E-6 442.83303936531155 542.8330393653116 101.97300354707676 201.97300354707676
544 3.0642066E-6 1.7753815E-6 449.1176429853873 549.1176429853873 96.96144031244515 196.96144031244515
561 3.0642066E-6 1.7753815E-6 455.939574763276 555.939574763276 91.82319306962836 191.82319306962836
578 3.0642066E-6 1.7753815E-6 462.90500484391305 562.905004843913 86.88121758382923 186.88121758382923
596 3.0642066E-6 1.7753815E-6 470.430298817712 570.430298817712 81.86691558325475 181.86691558325475
612 3.0642066E-6 1.7753815E-6 477.24366770951156 577.2436677095116 77.60194042970028 177.60194042970028
630 3.0642066E-6 1.7753815E-6 485.0421198581312 585.0421198581312 73.02401316610684 173.02401316610684
647 3.0642066E-6 1.7753815E-6 492.53088471125693 592.5308847112569 68.91807370173689 168.9180737017369
665 3.0642066E-6 1.7753815E-6 500.5841187764843 600.5841187764843 64.80483956839089 164.8048395683909
680 3.0642066E-6 1.7753815E-6 507.3873660236304 607.3873660236304 61.563830988764266 161.56383098876427
698 3.0642066E-6 1.7753815E-6 515.6555035702502 615.6555035702502 57.90170381248561 157.9017038124856
715 3.0642066E-6 1.7753815E-6 523.5623270540765 623.5623270540765 54.6733171711283 154.6733171711283
731 3.0642066E-6 1.7753815E-6 531.0851801258791 631.0851801258791 51.84158795097835 151.84158795097835
749 3.0642066E-6 1.7753815E-6 539.6355747641641 639.6355747641641 48.89811628054434 148.89811628054434
766 3.0642066E-6 1.7753815E-6 547.7889724557664 647.7889724557664 46.355982532478436 146.35598253247844
782 3.0642066E-6 1.7753815E-6 555.5259627803556 655.5259627803556 44.176306080939696 144.1763060809397
799 3.0642066E-6 1.7753815E-6 563.8073299341439 663.8073299341439 42.08841336946284 142.08841336946284
816 3.0642066E-6 1.7753815E-6 572.1447741627716 672.1447741627716 40.23709987763954 140.23709987763954
833 3.0642066E-6 1.7753815E-6 580.531538399579 680.531538399579 38.62386599915499 138.623865999155
850 3.0642066E-6 1.7753815E-6 588.960825606595 688.960825606595 37.25001917650059 137.2500191765006
868 3.0642066E-6 1.7753815E-6 597.9247092126128 697.9247092126128 36.05751565750103 136.05751565750103
885 3.0642066E-6 1.7753815E-6 606.4200007018427 706.4200007018427 35.17981387243941 135.1798138724394
902 3.0642066E-6 1.7753815E-6 614.9368339036334 714.9368339036334 34.54429036905128 134.54429036905128
918 3.0642066E-6 1.7753815E-6 622.9661736117806 722.9661736117806 34.167843072143 134.167843072143
936 3.0642066E-6 1.7753815E-6 632.0075037720162 732.0075037720162 34.00164175242986 134.00164175242986
952 3.0642066E-6 1.7753815E-6 640.0452542165596 740.0452542165596 34.08273742076125 134.08273742076125
970 3.0642066E-6 1.7753815E-6 649.0813904556234 749.0813904556234 34.431328605587055 134.43132860558705
986 3.0642066E-6 1.7753815E-6 657.1015001944813 757.1015001944813 34.96970439707047 134.96970439707047
1003 3.0642066E-6 1.7753815E-6 665.6037768999744 765.6037768999744 35.77693963769889 135.7769396376989
1020 3.0642066E-6 1.7753815E-6 674.0796299331981 774.0796299331981 36.82586922049978 136.82586922049978
1037 3.0642066E-6 1.7753815E-6 682.5221900543268 782.5221900543268 38.115643042381976 138.11564304238198
1054 3.0642066E-6 1.7753815E-6 690.9246150057149 790.9246150057149 39.645215808474234 139.64521580847423
1072 3.0642066E-6 1.7753815E-6 699.7699870000625 799.7699870000625 41.52475517402934 141.52475517402934
1088 3.0642066E-6 1.7753815E-6 707.5818585250034 807.5818585250034 43.41860627535635 143.41860627535635
1106 3.0642066E-6 1.7753815E-6 716.3059353437416 816.3059353437416 45.79847131476845 145.79847131476845
1123 3.0642066E-6 1.7753815E-6 724.4759748533495 824.4759748533495 48.286601601133555 148.28660160113355
1140 3.0642066E-6 1.7753815E-6 732.5718778238853 832.5718778238853 51.006287796662775 151.00628779666278
1156 3.0642066E-6 1.7753815E-6 740.117950819005 840.117950819005 53.77554601295549 153.7755460129555
1173 3.0642066E-6 1.7753815E-6 748.0512698040402 848.0512698040402 56.93826443105149 156.9382644310515
1190 3.0642066E-6 1.7753815E-6 755.8913456946693 855.8913456946693 60.32552703375262 160.32552703375262
1207 3.0642066E-6 1.7753815E-6 763.6318245155068 863.6318245155068 63.93458862018292 163.93458862018292
1224 3.0642066E-6 1.7753815E-6 771.2664330094331 871.2664330094331 67.76252423287974 167.76252423287974
1241 3.0642066E-6 1.7753815E-6 778.788983721744 878.788983721744 71.80623152831976 171.80623152831976
1258 3.0642066E-6 1.7753815E-6 786.1933800147626 886.1933800147626 76.06243329120804 176.06243329120804
1276 3.0642066E-6 1.7753815E-6 793.8978774307536 893.8978774307536 80.79677522140798 180.79677522140798
1292 3.0642066E-6 1.7753815E-6 800.6238064458005 900.6238064458005 85.19835307494287 185.19835307494287
1309 3.0642066E-6 1.7753815E-6 807.638141470708 907.638141470708 90.0706669060545 190.0706669060545
1326 3.0642066E-6 1.7753815E-6 814.5109413283826 914.5109413283826 95.14067282585665 195.14067282585665
1343 3.0642066E-6 1.7753815E-6 821.2366359705578 921.2366359705578 100.40426185718263 200.40426185718263
1360 3.0642066E-6 1.7753815E-6 827.809774570124 927.809774570124 105.85716813378187 205.85716813378187
1377 3.0642066E-6 1.7753815E-6 834.2250299387413 934.2250299387413 111.49497235758312 211.49497235758312
1394 3.0642066E-6 1.7753815E-6 840.4772028442499 940.4772028442499 117.31310538030687 217.31310538030687
1412 3.0642066E-6 1.7753815E-6 846.9137673844003 946.9137673844003 123.66479105149173 223.66479105149173
1428 3.0642066E-6 1.7753815E-6 852.4721692933363 952.4721692933363 129.47135431515434 229.47135431515434
1445 3.0642066E-6 1.7753815E-6 858.2052415379586 958.2052415379586 135.80161659632608 235.80161659632608
1462 3.0642066E-6 1.7753815E-6 863.7557966001699 963.7557966001699 142.29250840037312 242.29250840037312
1480 3.0642066E-6 1.7753815E-6 869.4289206730178 969.4289206730178 149.33444969515332 249.33444969515332
1496 3.0642066E-6 1.7753815E-6 874.2915129944168 974.2915129944168 155.73501253228335 255.73501253228335
1513 3.0642066E-6 1.7753815E-6 879.2681356740757 979.2681356740757 162.675730406883 262.67573040688296
1530 3.0642066E-6 1.7753815E-6 884.0451707867052 984.0451707867052 169.7552977272204 269.7552977272204
1547 3.0642066E-6 1.7753815E-6 888.6187467928016 988.6187467928016 176.96797687071094 276.9679768707109
1564 3.0642066E-6 1.7753815E-6 892.9851570459276 992.9851570459276 184.30792233453255 284.3079223345326
1581 3.0642066E-6 1.7753815E-6 897.1408627967578 997.1408627967578 191.76918547310373 291.76918547310373
1599 3.0642066E-6 1.7753815E-6 901.3076210713034 1001.3076210713034 199.79485674886422 299.7948567488642
1615 3.0642066E-6 1.7753815E-6 904.8068623492258 1004.8068623492258 207.03138348446487 307.03138348446487
1632 3.0642066E-6 1.7753815E-6 908.3109432553329 1008.3109432553329 214.8199491363638 314.8199491363638
1650 3.0642066E-6 1.7753815E-6 911.7778900120431 1011.7778900120431 223.17180845816728 323.1718084581673
1667 3.0642066E-6 1.7753815E-6 914.8197010204906 1014.8197010204906 231.15226732338112 331.1522673233811
1683 3.0642066E-6 1.7753815E-6 917.4739812329851 1017.4739812329851 238.73954649774532 338.7395464977453
1700 3.0642066E-6 1.7753815E-6 920.0703407916484 1020.0703407916484 246.87583895516212 346.8758389551621
1717 3.0642066E-6 1.7753815E-6 922.4340447096293 1022.4340447096293 255.08274103198784 355.08274103198784
1734 3.0642066E-6 1.7753815E-6 924.5631773273444 1024.5631773273444 263.35360145921436 363.35360145921436
1751 3.0642066E-6 1.7753815E-6 926.4560130930984 1026.4560130930984 271.6817171329047 371.6817171329047
1769 3.0642066E-6 1.7753815E-6 928.2009350518042 1028.2009350518042 280.55462653755245 380.55462653755245
1787 3.0642066E-6 1.7753815E-6 929.6776398223897 1029.6776398223897 289.47609597736965 389.47609597736965
1802 3.0642066E-6 1.7753815E-6 930.7023636603816 1030.7023636603817 296.94190141113677 396.94190141113677
1819 3.0642066E-6 1.7753815E-6 931.6366043392997 1031.6366043392995 305.4311612295389 405.4311612295389
1836 3.0642066E-6 1.7753815E-6 932.3288155200738 1032.328815520074 313.9435746118702 413.9435746118702
1853 3.0642066E-6 1.7753815E-6 932.7784362013994 1032.7784362013995 322.4722426880359 422.4722426880359
1870 3.0642066E-6 1.7753815E-6 932.9851019890048 1032.9851019890048 331.01025341435343 431.01025341435343
1887 3.0642066E-6 1.7753815E-6 932.9486453909749 1032.948645390975 339.5506871754069 439.5506871754069
1905 3.0642066E-6 1.7753815E-6 932.6450853553974 1032.6450853553974 348.5884482504665 448.5884482504665
1921 3.0642066E-6 1.7753815E-6 932.1466802368993 1032.1466802368993 356.6111411309172 456.6111411309172
1938 3.0642066E-6 1.7753815E-6 931.3818216320687 1031.3818216320687 365.1173347111916 465.1173347111916
1955 3.0642066E-6 1.7753815E-6 930.3751400172805 1030.3751400172805 373.5983093035911 473.5983093035911
1972 3.0642066E-6 1.7753815E-6 929.1274512558361 1029.1274512558361 382.04719151753216 482.04719151753216
1989 3.0642066E-6 1.7753815E-6 927.6397665348454 1027.6397665348454 390.4571339716405 490.4571339716405
2006 3.0642066E-6 1.7753815E-6 925.9132915457113 1025.9132915457112 398.8213208432003 498.8213208432003
2023 3.0642066E-6 1.7753815E-6 923.9494255069792 1023.9494255069792 407.13297339202586 507.13297339202586
2040 3.0642066E-6 1.7753815E-6 921.7497600303433 1021.7497600303433 415.385355454278 515.3853554542779
2058 3.0642066E-6 1.7753815E-6 919.1656735406054 1019.1656735406054 424.0511370669554 524.0511370669553
2074 3.0642066E-6 1.7753815E-6 916.6503512814876 1016.6503512814876 431.68560906238275 531.6856090623828
2091 3.0642066E-6 1.7753815E-6 913.7547408159044 1013.7547408159044 439.7202700970553 539.7202700970553
2108 3.0642066E-6 1.7753815E-6 910.6315931762647 1010.6315931762647 447.6692503292295 547.6692503292295
2125 3.0642066E-6 1.7753815E-6 907.2834395119482 1007.2834395119482 455.52610752219204 555.526107522192
2142 3.0642066E-6 1.7753815E-6 903.7129933280626 1003.7129933280626 463.2844741001809 563.2844741001809
2159 3.0642066E-6 1.7753815E-6 899.9231482862865 999.9231482862865 470.9380623089762 570.9380623089762
2176 3.0642066E-6 1.7753815E-6 895.9169758597092 995.9169758597092 478.4806693117979 578.4806693117979
2193 3.0642066E-6 1.7753815E-6 891.6977228435584 991.6977228435584 485.90618221638465 585.9061822163847
2210 3.0642066E-6 1.7753815E-6 887.2688087238421 987.2688087238421 493.20858302917645 593.2085830291765
2227 3.0642066E-6 1.7753815E-6 882.6338229060326 982.6338229060326 500.38195353258584 600.3819535325858
2245 3.0642066E-6 1.7753815E-6 877.5057571776003 977.5057571776003 507.8301892854297 607.8301892854297
2261 3.0642066E-6 1.7753815E-6 872.7608258058228 972.7608258058228 514.3184583144773 614.3184583144773
2278 3.0642066E-6 1.7753815E-6 867.5308160761413 967.5308160761413 521.0702977777584 621.0702977777584
2296 3.0642066E-6 1.7753815E-6 861.7860765741736 961.7860765741736 528.0539388051589 628.0539388051589
2312 3.0642066E-6 1.7753815E-6 856.5049640822481 956.5049640822481 534.1137952031119 634.1137952031119
2330 3.0642066E-6 1.7753815E-6 850.3721099362925 950.3721099362925 540.7591976716982 640.7591976716982
2346 3.0642066E-6 1.7753815E-6 844.754702109853 944.754702109853 546.5086966087915 646.5086966087915
2363 3.0642066E-6 1.7753815E-6 838.6197303028227 938.6197303028227 552.4502838409564 652.4502838409564
2380 3.0642066E-6 1.7753815E-6 832.3181143556885 932.3181143556885 558.2148284340103 658.2148284340103
2397 3.0642066E-6 1.7753815E-6 825.8549614017456 925.8549614017456 563.7976585231695 663.7976585231695
2415 3.0642066E-6 1.7753815E-6 818.8413765564474 918.8413765564474 569.5058019659065 669.5058019659065
2432 3.0642066E-6 1.7753815E-6 812.0622816327669 912.0622816327669 574.7004347658467 674.7004347658467
2448 3.0642066E-6 1.7753815E-6 805.5492900189863 905.5492900189863 579.4113740517007 679.4113740517007
2465 3.0642066E-6 1.7753815E-6 798.4936144283101 898.4936144283101 584.2236271487043 684.2236271487043
2482 3.0642066E-6 1.7753815E-6 791.3038148358737 891.3038148358737 588.8330869577367 688.8330869577367
2499 3.0642066E-6 1.7753815E-6 783.9857182018081 883.9857182018081 593.2360177503971 693.2360177503971
2516 3.0642066E-6 1.7753815E-6 776.54525546435 876.54525546435 597.4288511793545 697.4288511793545
2533 3.0642066E-6 1.7753815E-6 768.9884567331254 868.9884567331254 601.4081891703074 701.4081891703074
2550 3.0642066E-6 1.7753815E-6 761.3214464020558 861.3214464020558 605.1708066759479 705.1708066759479
2567 3.0642066E-6 1.7753815E-6 753.5504381858558 853.5504381858558 608.7136542896951 708.7136542896951
2585 3.0642066E-6 1.7753815E-6 745.2159582546325 845.2159582546325 612.2221750921277 712.2221750921277
2601 3.0642066E-6 1.7753815E-6 737.721699277214 837.721699277214 615.1287351027865 715.1287351027865
2618 3.0642066E-6 1.7753815E-6 729.6767969577133 829.6767969577133 617.9957692114392 717.9957692114392
2635 3.0642066E-6 1.7753815E-6 721.553543102233 821.553543102233 620.6326394604092 720.6326394604092
2652 3.0642066E-6 1.7753815E-6 713.3585211872297 813.3585211872297 623.0372088029525 723.0372088029525
2669 3.0642066E-6 1.7753815E-6 705.0983728534557 805.0983728534557 625.2075284601758 725.2075284601758
2686 3.0642066E-6 1.7753815E-6 696.7797925232513 796.7797925232513 627.1418395004217 727.1418395004217
2704 3.0642066E-6 1.7753815E-6 687.9156881752673 787.9156881752673 628.9309532623472 728.9309532623472
2721 3.0642066E-6 1.7753815E-6 679.4980815799211 779.4980815799211 630.3746419810356 730.3746419810356
2737 3.0642066E-6 1.7753815E-6 671.5410813019316 771.5410813019316 631.5140081610913 731.5140081610913
2754 3.0642066E-6 1.7753815E-6 663.0565821743512 763.0565821743512 632.4905389924386 732.4905389924386
2771 3.0642066E-6 1.7753815E-6 654.5477237438794 754.5477237438794 633.2251587040392 733.2251587040392
2789 3.0642066E-6 1.7753815E-6 645.5194574500881 745.5194574500881 633.7386581426483 733.7386581426483
2805 3.0642066E-6 1.7753815E-6 637.4845270833351 737.4845270833351 633.9664798220608 733.9664798220608
2822 3.0642066E-6 1.7753815E-6 628.9440176902656 728.9440176902656 633.9725804261168 733.9725804261168
2839 3.0642066E-6 1.7753815E-6 620.4067954607539 720.4067954607539 633.7355687926154 733.7355687926154
2856 3.0642066E-6 1.7753815E-6 611.8797793711809 711.8797793711809 633.2556370072082 733.2556370072082
2874 3.0642066E-6 1.7753815E-6 602.8699783535706 702.8699783535706 632.4831348595524 732.4831348595524
2890 3.0642066E-6 1.7753815E-6 594.8839945588649 694.8839945588649 631.5687653790487 731.5687653790487
2907 3.0642066E-6 1.7753815E-6 586.4290000393138 686.4290000393138 630.3631926583694 730.3631926583694
2924 3.0642066E-6 1.7753815E-6 578.0117489028069 678.0117489028069 628.9174329219486 728.9174329219486
2941 3.0642066E-6 1.7753815E-6 569.6390628953682 669.6390628953682 627.232657883161 727.232657883161
2958 3.0642066E-6 1.7753815E-6 561.3177276452934 661.3177276452934 625.3102329649023 725.3102329649023
2976 3.0642066E-6 1.7753815E-6 552.5703667532769 652.5703667532769 623.0174287059479 723.0174287059479
2992 3.0642066E-6 1.7753815E-6 544.8560383791012 644.8560383791012 620.7588569334407 720.7588569334407
3009 3.0642066E-6 1.7753815E-6 536.7290257094023 636.7290257094023 618.1335944747455 718.1335944747455
3026 3.0642066E-6 1.7753815E-6 528.6800356774336 628.6800356774336 615.278056456131 715.278056456131
3043 3.0642066E-6 1.7753815E-6 520.7155915726703 620.7155915726703 612.1945571432422 712.1945571432422
3061 3.0642066E-6 1.7753815E-6 512.3819751274623 612.3819751274623 608.6839858379951 708.6839858379951
3077 3.0642066E-6 1.7753815E-6 505.066086470933 605.066086470933 605.3538534259965 705.3538534259965
3094 3.0642066E-6 1.7753815E-6 497.3937085871838 597.3937085871838 601.6021930576474 701.6021930576474
3111 3.0642066E-6 1.7753815E-6 489.8312325780845 589.8312325780845 597.6336549738851 697.6336549738851
3143 3.0642066E-6 1.7753815E-6 475.9155699719381 575.9155699719381 589.5865447216636 689.5865447216636
3145 3.0642066E-6 1.7753815E-6 475.06040812706976 575.0604081270698 589.058983999804 689.058983999804
3162 3.0642066E-6 1.7753815E-6 467.8640306732291 567.8640306732291 584.4598004361334 684.4598004361334
3179 3.0642066E-6 1.7753815E-6 460.8014873683203 560.8014873683203 579.6576321782761 679.6576321782761
3197 3.0642066E-6 1.7753815E-6 453.4757341971813 553.4757341971813 574.3560650118047 674.3560650118047
3213 3.0642066E-6 1.7753815E-6 447.10068540279684 547.1006854027969 569.4600705688548 669.4600705688548
3230 3.0642066E-6 1.7753815E-6 440.47353053246013 540.4735305324601 564.0729418127313 664.0729418127313
3247 3.0642066E-6 1.7753815E-6 434.0024083925641 534.0024083925641 558.4993508552757 658.4993508552757
3265 3.0642066E-6 1.7753815E-6 427.3265285815807 527.3265285815808 552.3996867092457 652.3996867092457
3281 3.0642066E-6 1.7753815E-6 421.54910963438175 521.5491096343817 546.8109982204569 646.8109982204569
3298 3.0642066E-6 1.7753815E-6 415.5770257696452 515.5770257696452 540.7057093474355 640.7057093474355
3315 3.0642066E-6 1.7753815E-6 409.7811519627961 509.7811519627961 534.4328962045494 634.4328962045494
3332 3.0642066E-6 1.7753815E-6 404.1661854693228 504.1661854693228 527.9976425819129 627.9976425819129
3349 3.0642066E-6 1.7753815E-6 398.7366769287074 498.7366769287074 521.4051639192346 621.4051639192346
3366 3.0642066E-6 1.7753815E-6 393.49702667636814 493.49702667636814 514.6608030789737 614.6608030789737
3384 3.0642066E-6 1.7753815E-6 388.16081736231547 488.16081736231547 507.3602452851014 607.3602452851014
3400 3.0642066E-6 1.7753815E-6 383.6041295851123 483.6041295851123 500.7384173488538 600.7384173488538
3417 3.0642066E-6 1.7753815E-6 378.95890042682595 478.95890042682595 493.5716758314352 593.5716758314352
3434 3.0642066E-6 1.7753815E-6 374.519558420162 474.519558420162 486.2756097367269 586.2756097367269
3452 3.0642066E-6 1.7753815E-6 370.04748418581175 470.04748418581175 478.4159770489023 578.4159770489023
3468 3.0642066E-6 1.7753815E-6 366.2727575118902 466.2727575118902 471.3192561685689 571.3192561685689
3485 3.0642066E-6 1.7753815E-6 362.4719822152257 462.4719822152257 463.6710900449318 563.6710900449318
3502 3.0642066E-6 1.7753815E-6 358.8904558633554 458.8904558633554 455.9178322199049 555.9178322199049
3519 3.0642066E-6 1.7753815E-6 355.5310810978608 455.5310810978608 448.06576630732854 548.0657663073285
3536 3.0642066E-6 1.7753815E-6 352.3965805179704 452.3965805179704 440.1212559998803 540.1212559998803
3553 3.0642066E-6 1.7753815E-6 349.4894944740342 449.4894944740342 432.0907399116313 532.0907399116313
3570 3.0642066E-6 1.7753815E-6 346.8121790087004 446.8121790087004 423.9807263598813 523.9807263598814
3587 3.0642066E-6 1.7753815E-6 344.3668039474663 444.3668039474663 415.79778809050777 515.7977880905078
3604 3.0642066E-6 1.7753815E-6 342.155351140146 442.155351140146 407.5485569510936 507.5485569510936
3621 3.0642066E-6 1.7753815E-6 340.17961285468476 440.17961285468476 399.23971851615926 499.23971851615926
3638 3.0642066E-6 1.7753815E-6 338.44119032461737 438.44119032461737 390.87800666884965 490.87800666884965
3656 3.0642066E-6 1.7753815E-6 336.8607362133312 436.8607362133312 381.97433109371923 481.97433109371923
3672 3.0642066E-6 1.7753815E-6 335.68173466233077 435.68173466233077 374.02310703330426 474.02310703330426
3690 3.0642066E-6 1.7753815E-6 334.61053131423415 434.61053131423415 365.043920136258 465.043920136258
3707 3.0642066E-6 1.7753815E-6 333.8477655898568 433.8477655898568 356.5375386282254 456.5375386282254
3723 3.0642066E-6 1.7753815E-6 333.35133438360816 433.35133438360816 348.5147233633919 448.5147233633919
3740 3.0642066E-6 1.7753815E-6 333.05959056430925 433.05959056430925 339.9791962294431 439.9791962294431
3757 3.0642066E-6 1.7753815E-6 453.02406576024066 553.0240657602407 331.056686471707 431.056686471707
3774 3.0642066E-6 1.7753815E-6 453.36623095517183 553.3662309551719 322.5235450269113 422.5235450269113
3791 3.0642066E-6 1.7753815E-6 454.11274721758974 554.1127472175897 314.01623679178385 414.01623679178385
3808 3.0642066E-6 1.7753815E-6 455.26193415828243 555.2619341582824 305.553911501838 405.553911501838
3825 3.0642066E-6 1.7753815E-6 456.81120498653286 556.8112049865329 297.15561763711503 397.15561763711503
3842 3.0642066E-6 1.7753815E-6 458.7570723329198 558.7570723329197 288.84025954453836 388.84025954453836
3859 3.0642066E-6 1.7753815E-6 461.09515609929747 561.0951560992975 280.62655488470796 380.62655488470796
3876 3.0642066E-6 1.7753815E-6 463.8201933182859 563.8201933182859 272.53299249891984 372.53299249891984
3893 3.0642066E-6 1.7753815E-6 466.92605000007745 566.9260500000775 264.5777907912517 364.5777907912517
3910 3.0642066E-6 1.7753815E-6 470.40573493989234 570.4057349398923 256.7788567193968 356.7788567193968
3928 3.0642066E-6 1.7753815E-6 474.4888488204813 574.4888488204813 248.71099161237862 348.7109916123786
3944 3.0642066E-6 1.7753815E-6 478.4544350159092 578.4544350159092 241.71962102511617 341.71962102511617
3962 3.0642066E-6 1.7753815E-6 483.2836511094473 583.2836511094473 234.07495371588607 334.07495371588607
3978 3.0642066E-6 1.7753815E-6 487.893864647575 587.893864647575 227.49080094619188 327.4908009461919
3995 3.0642066E-6 1.7753815E-6 493.109026801152 593.109026801152 220.7281340425647 320.7281340425647
4012 3.0642066E-6 1.7753815E-6 498.63907999467915 598.6390799946792 214.22043924223226 314.22043924223226
4030 3.0642066E-6 1.7753815E-6 504.82380561963384 604.8238056196338 207.62411941289355 307.62411941289355
4046 3.0642066E-6 1.7753815E-6 510.59338667089924 610.5933866708992 202.0279536670738 302.0279536670738
4063 3.0642066E-6 1.7753815E-6 516.9907313118342 616.9907313118342 196.37060786867886 296.37060786867886
4080 3.0642066E-6 1.7753815E-6 523.6492098803254 623.6492098803254 191.0230623484931 291.0230623484931
4098 3.0642066E-6 1.7753815E-6 530.9673246451781 630.9673246451781 185.71199252826437 285.7119925282644
4114 3.0642066E-6 1.7753815E-6 537.689062464963 637.689062464963 181.30479645322103 281.304796453221
4132 3.0642066E-6 1.7753815E-6 545.4775025692394 645.4775025692394 176.71105428707807 276.71105428707807
4148 3.0642066E-6 1.7753815E-6 552.5866021519138 652.5866021519138 172.9606090221234 272.96060902212344
4165 3.0642066E-6 1.7753815E-6 560.3153796987771 660.3153796987771 169.32776198864897 269.32776198864894
4183 3.0642066E-6 1.7753815E-6 568.6767438562879 668.6767438562879 165.88540004190477 265.88540004190475
4199 3.0642066E-6 1.7753815E-6 576.2460029469295 676.2460029469295 163.1814301122385 263.1814301122385
4216 3.0642066E-6 1.7753815E-6 584.4119892185008 684.4119892185008 160.68178050678887 260.68178050678887
4234 3.0642066E-6 1.7753815E-6 593.1771405586188 693.1771405586188 158.46043219287566 258.46043219287566
4250 3.0642066E-6 1.7753815E-6 601.053445290706 701.053445290706 156.85763453593017 256.8576345359302
4267 3.0642066E-6 1.7753815E-6 609.4914555949256 709.4914555949256 155.54174622631027 255.54174622631027
4284 3.0642066E-6 1.7753815E-6 617.9823830375866 717.9823830375866 154.6275629290547 254.6275629290547
4301 3.0642066E-6 1.7753815E-6 626.507114755926 726.507114755926 154.1171424476271 254.1171424476271
4318 3.0642066E-6 1.7753815E-6 635.0464617946108 735.0464617946108 154.01163372561214 254.01163372561214
4335 3.0642066E-6 1.7753815E-6 643.581202299593 743.581202299593 154.31127426047263 254.31127426047263
4352 3.0642066E-6 1.7753815E-6 652.0921247860152 752.0921247860152 155.01538956894865 255.01538956894865
4370 3.0642066E-6 1.7753815E-6 661.0564395481568 761.0564395481568 156.20001068650026 256.20001068650026
4386 3.0642066E-6 1.7753815E-6 668.9659809564164 768.9659809564164 157.6297978289907 257.6297978289907
4403 3.0642066E-6 1.7753815E-6 677.2909320172428 777.2909320172428 159.53420581373558 259.5342058137356
4420 3.0642066E-6 1.7753815E-6 685.5161853111272 785.5161853111272 161.83133188536496 261.831331885365
4437 3.0642066E-6 1.7753815E-6 693.6232260010909 793.6232260010909 164.5160052712332 264.5160052712332
4454 3.0642066E-6 1.7753815E-6 701.5938053437343 801.5938053437343 167.58218283949915 267.5821828394992
4471 3.0642066E-6 1.7753815E-6 709.4099817666976 809.4099817666976 171.0229627020636 271.02296270206364
4489 3.0642066E-6 1.7753815E-6 717.4980927560449 817.4980927560449 175.0658239377357 275.0658239377357
4505 3.0642066E-6 1.7753815E-6 724.5091369531456 824.5091369531456 178.99652309031762 278.9965230903176
4523 3.0642066E-6 1.7753815E-6 732.1777732058051 832.1777732058051 183.78758605914797 283.787586059148
4539 3.0642066E-6 1.7753815E-6 738.7848168015221 838.7848168015221 188.36493370665013 288.36493370665016
4556 3.0642066E-6 1.7753815E-6 745.5733867574248 845.5733867574248 193.54633292803192 293.5463329280319
4573 3.0642066E-6 1.7753815E-6 752.108556869033 852.108556869033 199.0438897990301 299.0438897990301
4590 3.0642066E-6 1.7753815E-6 758.3756166338345 858.3756166338345 204.8452294582745 304.8452294582745
4607 3.0642066E-6 1.7753815E-6 764.3604590589218 864.3604590589218 210.9372932370277 310.9372932370277
4625 3.0642066E-6 1.7753815E-6 770.3747830567704 870.3747830567704 217.68934279222185 317.68934279222185
4642 3.0642066E-6 1.7753815E-6 775.7369103211945 875.7369103211945 224.33608418463587 324.33608418463587
4658 3.0642066E-6 1.7753815E-6 780.4903217770493 880.4903217770493 230.81761302381858 330.8176130238186
4675 3.0642066E-6 1.7753815E-6 785.2183760095571 885.2183760095571 237.9293697063817 337.9293697063817
4692 3.0642066E-6 1.7753815E-6 789.6037905304013 889.6037905304013 245.25737894613326 345.25737894613326
4710 3.0642066E-6 1.7753815E-6 793.8627475670244 893.8627475670244 253.233816202647 353.233816202647
4726 3.0642066E-6 1.7753815E-6 797.3080081024611 897.3080081024611 260.4957247950736 360.4957247950736
4744 3.0642066E-6 1.7753815E-6 800.7919917624882 900.7919917624882 268.8398319494411 368.8398319494411
4760 3.0642066E-6 1.7753815E-6 803.5336455346032 903.5336455346032 276.3955232583588 376.3955232583588
4777 3.0642066E-6 1.7753815E-6 806.0739549944915 906.0739549944915 284.5489524624127 384.5489524624127
4794 3.0642066E-6 1.7753815E-6 808.2246793622878 908.2246793622878 292.8136947228397 392.8136947228397
4811 3.0642066E-6 1.7753815E-6 809.980977411876 909.980977411876 301.17114631399613 401.17114631399613
4828 3.0642066E-6 1.7753815E-6 811.3388957607996 911.3388957607996 309.60249482388303 409.60249482388303
4846 3.0642066E-6 1.7753815E-6 812.3390893640834 912.3390893640834 318.5892561483454 418.5892561483454
4862 3.0642066E-6 1.7753815E-6 812.84827042036 912.84827042036 326.6108439720703 426.6108439720703
4879 3.0642066E-6 1.7753815E-6 812.9963291668411 912.9963291668411 335.1495592469291 435.1495592469291
4896 3.0642066E-6 1.7753815E-6 812.7392207321774 912.7392207321774 343.68568689301895 443.68568689301895
4914 3.0642066E-6 1.7753815E-6 812.0260281368674 912.0260281368674 352.69976602895355 452.69976602895355
4930 3.0642066E-6 1.7753815E-6 811.0127280160616 911.0127280160616 360.6733699460652 460.6733699460652
4947 3.0642066E-6 1.7753815E-6 809.5472300260149 909.5472300260149 369.0866865084376 469.0866865084376
4964 3.0642066E-6 1.7753815E-6 807.6843286896907 907.6843286896907 377.4210238275436 477.4210238275436
4981 3.0642066E-6 1.7753815E-6 805.4282173508461 905.4282173508461 385.65762152102405 485.65762152102405
4999 3.0642066E-6 1.7753815E-6 802.6164664715639 902.6164664715639 394.25159169433493 494.25159169433493
5015 3.0642066E-6 1.7753815E-6 799.7575521379785 899.7575521379785 401.7636982827043 501.7636982827043
5033 3.0642066E-6 1.7753815E-6 796.1441273551981 896.1441273551981 410.05257201114836 510.05257201114836
5049 3.0642066E-6 1.7753815E-6 792.5862637502574 892.5862637502574 417.25998091660404 517.259980916604
5066 3.0642066E-6 1.7753815E-6 788.4575400722103 888.4575400722103 424.73562274375536 524.7356227437554
5084 3.0642066E-6 1.7753815E-6 783.7047491910079 883.7047491910079 432.4280375262833 532.4280375262833
5100 3.0642066E-6 1.7753815E-6 779.1603810904619 879.1603810904619 439.057807893992 539.057807893992
5118 3.0642066E-6 1.7753815E-6 773.7000770999266 873.7000770999266 446.265258669255 546.265258669255
5134 3.0642066E-6 1.7753815E-6 768.5479494131282 868.5479494131282 452.4345954942897 552.4345954942896
5151 3.0642066E-6 1.7753815E-6 762.7779103666112 862.7779103666112 458.73048537096236 558.7304853709624
5168 3.0642066E-6 1.7753815E-6 756.7157445286122 856.7157445286122 464.7456100820642 564.7456100820642
5185 3.0642066E-6 1.7753815E-6 750.3750976809954 850.3750976809954 470.46642973411736 570.4664297341174
5202 3.0642066E-6 1.7753815E-6 743.7702424593289 843.7702424593289 475.8800669068827 575.8800669068827
5219 3.0642066E-6 1.7753815E-6 736.9160462255444 836.9160462255444 480.9743356401059 580.9743356401059
5236 3.0642066E-6 1.7753815E-6 729.8279376018812 829.8279376018812 485.73776886380733 585.7377688638073
5253 3.0642066E-6 1.7753815E-6 722.5218717414465 822.5218717414465 490.15964421036574 590.1596442103657
5270 3.0642066E-6 1.7753815E-6 715.014294413571 815.014294413571 494.2300081502966 594.2300081502966
5287 3.0642066E-6 1.7753815E-6 707.3221049847989 807.3221049847989 497.93969839739407 597.9396983973941
5304 3.0642066E-6 1.7753815E-6 699.4626183788416 799.4626183788416 501.28036453280606 601.2803645328061
5322 3.0642066E-6 1.7753815E-6 690.9781277542164 790.9781277542164 504.40697374848173 604.4069737484817
5338 3.0642066E-6 1.7753815E-6 683.3128564156366 783.3128564156366 506.8253930396211 606.8253930396211
5356 3.0642066E-6 1.7753815E-6 674.5702779150454 774.5702779150454 509.133982978935 609.133982978935
5372 3.0642066E-6 1.7753815E-6 666.710337516615 766.710337516615 510.8151948914908 610.8151948914908
5389 3.0642066E-6 1.7753815E-6 658.2858601528986 758.2858601528986 512.2151095623715 612.2151095623715
5406 3.0642066E-6 1.7753815E-6 649.8044649579773 749.8044649579773 513.2138665323532 613.2138665323532
5423 3.0642066E-6 1.7753815E-6 641.2852433377668 741.2852433377668 513.8092176247758 613.8092176247758
5440 3.0642066E-6 1.7753815E-6 632.7473718445073 732.7473718445073 513.9998227193989 613.9998227193989
5457 3.0642066E-6 1.7753815E-6 624.2100690108309 724.2100690108309 513.7852527689789 613.7852527689789
5474 3.0642066E-6 1.7753815E-6 615.692552089333 715.692552089333 513.1659907650433 613.1659907650433
5491 3.0642066E-6 1.7753815E-6 607.2139937950213 707.2139937950213 512.1434306506889 612.1434306506889
5508 3.0642066E-6 1.7753815E-6 598.7934791480179 698.7934791480179 510.71987418285164 610.7198741828516
5526 3.0642066E-6 1.7753815E-6 589.9619676676424 689.9619676676424 508.7790827672435 608.7790827672435
5542 3.0642066E-6 1.7753815E-6 582.2022249367301 682.2022249367301 506.68348516468336 606.6834851646834
5560 3.0642066E-6 1.7753815E-6 573.5943505800357 673.5943505800357 503.9145927134932 603.9145927134932
5576 3.0642066E-6 1.7753815E-6 566.0680913626405 666.0680913626405 501.0931464966776 601.0931464966776
5593 3.0642066E-6 1.7753815E-6 558.218012891798 658.218012891798 497.7304321259451 597.7304321259451
5610 3.0642066E-6 1.7753815E-6 550.5362667811617 650.5362667811617 493.99916469660786 593.9991646966079
5627 3.0642066E-6 1.7753815E-6 543.0401444467964 643.0401444467964 489.90774319720856 589.9077431972086
5644 3.0642066E-6 1.7753815E-6 535.7465194703461 635.7465194703461 485.4653773139863 585.4653773139863
5661 3.0642066E-6 1.7753815E-6 528.6718096170268 628.6718096170268 480.6820667001052 580.6820667001052
5678 3.0642066E-6 1.7753815E-6 521.8319398796541 621.8319398796541 475.56857846668925 575.5685784666892
5695 3.0642066E-6 1.7753815E-6 515.2423066318847 615.2423066318847 470.13642294632587 570.1364229463259
5712 3.0642066E-6 1.7753815E-6 508.91774297137306 608.9177429713731 464.3978277836013 564.3978277836013
5729 3.0642066E-6 1.7753815E-6 502.8724853308397 602.8724853308397 458.36571041097886 558.3657104109789
5747 3.0642066E-6 1.7753815E-6 496.7911702808618 596.7911702808618 451.6739338449379 551.6739338449379
5763 3.0642066E-6 1.7753815E-6 491.67365965604995 591.67365965605 445.47585175716756 545.4758517571676
5780 3.0642066E-6 1.7753815E-6 486.5452998949387 586.5452998949387 438.6471252215585 538.6471252215586
5797 3.0642066E-6 1.7753815E-6 481.74660595691194 581.7466059569119 431.58284065575424 531.5828406557542
5814 3.0642066E-6 1.7753815E-6 477.2883795805666 577.2883795805666 424.29889958551144 524.2988995855114
5831 3.0642066E-6 1.7753815E-6 473.18065612063515 573.1806561206351 416.8116979778178 516.8116979778179
5849 3.0642066E-6 1.7753815E-6 469.2236005938714 569.2236005938714 408.68126269395975 508.68126269395975
5866 3.0642066E-6 1.7753815E-6 465.8657154271366 565.8657154271366 400.8291173091274 500.8291173091274
5882 3.0642066E-6 1.7753815E-6 463.04889913133843 563.0488991313384 393.30112404946493 493.30112404946493
5899 3.0642066E-6 1.7753815E-6 460.427460199564 560.4274601995639 385.1734160167848 485.1734160167848
5916 3.0642066E-6 1.7753815E-6 458.1944776869708 558.1944776869708 376.9305179198789 476.9305179198789
5933 3.0642066E-6 1.7753815E-6 456.35497798067684 556.3549779806768 368.59098431373195 468.59098431373195
5951 3.0642066E-6 1.7753815E-6 454.8407421273871 554.8407421273871 359.67642565233353 459.67642565233353
5967 3.0642066E-6 1.7753815E-6 453.8720946157316 553.8720946157316 351.69727415859836 451.69727415859836
5984 3.0642066E-6 1.7753815E-6 453.23429986469176 553.2342998646918 343.18112492358273 443.18112492358273
6001 3.0642066E-6 1.7753815E-6 453.0036526131048 553.0036526131048 335.1467028281774 435.1467028281774
