1 607.65454 306.39743 333.00042067616835 433.00042067616835 333.4976002348308 433.4976002348308
17 607.65454 306.39743 333.1215672298508 433.1215672298508 325.460353677165 425.460353677165
34 596.38367 303.05942 333.4861703954607 433.4861703954607 316.92762829531256 416.92762829531256
51 596.38367 303.05942 334.0935140048509 434.0935140048509 308.4087391863609 408.4087391863609
69 597.5097 309.59317 335.00061216007174 435.00061216007174 299.41149255853884 399.41149255853884
85 597.5097 309.59317 336.0342573431978 436.0342573431978 291.44006945149073 391.44006945149073
102 595.45825 320.38046 337.3660842002114 437.3660842002114 283.00404105339845 383.00404105339845
119 607.3435 335.2822 338.93750703184975 438.93750703184975 274.6093422383909 374.6093422383909
136 607.3435 335.2822 340.74725228130916 440.74725228130916 266.2627764750041 366.2627764750041
153 615.8132 346.12445 342.7938532438116 442.7938532438116 257.9711082224287 357.9711082224287
170 615.8132 346.12445 345.0756512552929 445.0756512552929 249.74105744826687 349.7410574482669
187 623.81104 349.36877 347.59079703666407 447.59079703666407 241.57929418234613 341.57929418234613
204 623.81104 349.36877 350.3372521925565 450.3372521925565 233.4924331110061 333.4924331110061
221 623.81104 349.36877 353.31279086333535 453.31279086333535 225.48702821623766 325.48702821623766
238 627.2601 346.056 356.51500152904384 456.51500152904384 217.5695674640201 317.5695674640201
255 627.2601 346.056 359.9412889638151 459.9412889638151 209.74646754616077 309.7464675461608
272 630.9386 340.92023 363.5888763391684 463.5888763391684 202.0240686798987 302.02406867989873
290 630.9386 340.92023 367.68894874217887 467.68894874217887 193.9641257374746 293.9641257374746
306 638.0248 334.24966 371.53594923283765 471.53594923283765 186.90632183391858 286.9063218339186
323 638.0248 334.24966 375.8289940602396 475.8289940602396 179.52322600490484 279.5232260049048
340 643.7917 329.43396 380.3304626662418 480.3304626662418 172.26532559916362 272.2653255991636
357 653.45544 329.69168 385.0367068437197 485.0367068437197 165.13850276900726 265.13850276900723
374 653.45544 329.69168 389.9439124255555 489.9439124255555 158.14853343516307 258.1485334351631
391 629.32605 313.07867 395.0481023758233 495.0481023758233 151.30108260568883 251.30108260568883
408 629.32605 313.07867 400.34514001297055 500.34514001297055 144.601699784777 244.601699784777
425 589.697 289.58572 405.83073236238414 505.83073236238414 138.05581447516937 238.05581447516937
442 589.697 289.58572 411.50043363562395 511.50043363562395 131.66873177782583 231.66873177782583
459 562.4382 274.00327 417.3496488335043 517.3496488335043 125.44562809241546 225.44562809241546
476 562.4382 274.00327 423.3736374701024 523.3736374701024 119.39154692211227 219.39154692211227
494 539.7158 254.31732 429.9370474236076 529.9370474236076 113.17102252884061 213.1710225288406
510 539.7158 254.31732 435.9262688483818 535.9262688483818 107.8099372430793 207.8099372430793
527 520.04364 238.64828 442.44473833256984 542.4447383325698 102.29179502905546 202.29179502905546
545 520.04364 238.64828 449.51486122421545 549.5148612242155 96.65383119074559 196.6538311907456
561 510.45596 216.58748 455.939574763276 555.939574763276 91.82319306962836 191.82319306962836
578 510.45596 216.58748 462.90500484391305 562.905004843913 86.88121758382923 186.88121758382923
595 506.1204 202.39536 470.0082881070341 570.0082881070341 82.13951907017963 182.13951907017963
612 506.1204 202.39536 477.24366770951156 577.2436677095116 77.60194042970028 177.60194042970028
629 503.00146 187.33505 484.6052797509776 584.6052797509776 73.27215913482809 173.2721591348281
646 503.00146 187.33505 492.08715802621145 592.0871580262115 69.15368424901567 169.15368424901567
664 506.4859 174.11668 500.1334925058843 600.1334925058843 65.02696940712423 165.02696940712423
681 506.4859 174.11668 507.8437817222184 607.8437817222184 61.353853820736504 161.3538538207365
698 505.8076 160.00449 515.6555035702502 615.6555035702502 57.90170381248561 157.9017038124856
714 505.8076 160.00449 523.0947016472838 623.0947016472838 54.85698039535282 154.85698039535282
731 509.8374 146.21231 531.0851801258791 631.0851801258791 51.84158795097835 151.84158795097835
748 509.8374 146.21231 539.158255286693 639.158255286693 49.0548702834833 149.0548702834833
765 514.9146 135.5254 547.3073843205016 647.3073843205016 46.49908588318232 146.49908588318232
783 514.9146 135.5254 556.0114292711773 656.0114292711773 44.04696936032366 144.04696936032366
799 526.19934 126.02383 563.8073299341439 663.8073299341439 42.08841336946284 142.08841336946284
816 526.19934 126.02383 572.1447741627716 672.1447741627716 40.23709987763954 140.23709987763954
833 530.0072 113.3469 580.531538399579 680.531538399579 38.62386599915499 138.623865999155
851 530.0072 113.3469 589.4578444296311 689.4578444296311 37.176684392405264 137.17668439240526
867 537.9082 99.53208 597.4258042831839 697.4258042831839 36.116672841359446 136.11667284135945
884 537.9082 99.53208 605.9196140026227 705.9196140026227 35.2247455122278 135.2247455122278
902 550.7651 87.320564 614.9368339036334 714.9368339036334 34.54429036905128 134.54429036905128
918 559.6454 80.24463 622.9661736117806 722.9661736117806 34.167843072143 134.167843072143
935 559.6454 80.24463 631.5051081479654 731.5051081479654 34.00372452586896 134.00372452586896
952 559.6454 80.24463 640.0452542165596 740.0452542165596 34.08273742076125 134.08273742076125
970 568.3471 70.8625 649.0813904556234 749.0813904556234 34.431328605587055 134.43132860558705
986 568.3471 70.8625 657.1015001944813 757.1015001944813 34.96970439707047 134.96970439707047
1003 577.9902 65.19854 665.6037768999744 765.6037768999744 35.77693963769889 135.7769396376989
1021 577.9902 65.19854 674.5772397075203 774.5772397075203 36.895080588854285 136.89508058885428
1037 587.5936 59.702633 682.5221900543268 782.5221900543268 38.115643042381976 138.11564304238198
1054 587.5936 59.702633 690.9246150057149 790.9246150057149 39.645215808474234 139.64521580847423
1071 594.5262 58.885887 699.2800950571935 799.2800950571935 41.41334787928315 141.41334787928315
1088 594.5262 58.885887 707.5818585250034 807.5818585250034 43.41860627535635 143.41860627535635
1105 600.178 58.472412 715.8231772598931 815.8231772598931 45.65936583863811 145.6593658386381
1122 610.8806 52.89773 723.9973720999366 823.9973720999366 48.133810549576026 148.13381054957603
1139 610.8806 52.89773 732.0978182836474 832.0978182836474 50.839934998910564 150.83993499891056
1156 620.83435 51.306507 740.117950819005 840.117950819005 53.77554601295549 153.7755460129555
1173 620.83435 51.306507 748.0512698040402 848.0512698040402 56.93826443105149 156.9382644310515
1191 632.6753 51.92337 756.3494866729714 856.3494866729714 60.53171273890922 160.53171273890922
1207 632.6753 51.92337 763.6318245155068 863.6318245155068 63.93458862018292 163.93458862018292
1224 640.3366 42.571537 771.2664330094331 871.2664330094331 67.76252423287974 167.76252423287974
1241 640.3366 42.571537 778.788983721744 878.788983721744 71.80623152831976 171.80623152831976
1258 640.3366 42.571537 786.1933800147626 886.1933800147626 76.06243329120804 176.06243329120804
1276 639.76074 41.583992 793.8978774307536 893.8978774307536 80.79677522140798 180.79677522140798
1293 635.17426 23.179092 801.040231024628 901.040231024628 85.47941582800502 185.47941582800502
1310 635.17426 23.179092 808.046396715908 908.046396715908 90.36346949445999 190.36346949446
1326 651.97925 21.339094 814.5109413283826 914.5109413283826 95.14067282585665 195.14067282585665
1343 651.97925 21.339094 821.2366359705578 921.2366359705578 100.40426185718263 200.40426185718263
1360 664.2572 29.816216 827.809774570124 927.809774570124 105.85716813378187 205.85716813378187
1377 664.2572 29.816216 834.2250299387413 934.2250299387413 111.49497235758312 211.49497235758312
1394 667.41046 29.906773 840.4772028442499 940.4772028442499 117.31310538030687 217.31310538030687
1412 667.41046 29.906773 846.9137673844003 946.9137673844003 123.66479105149173 223.66479105149173
1428 667.55493 26.190659 852.4721692933363 952.4721692933363 129.47135431515434 229.47135431515434
1446 667.55493 26.190659 858.5368418139614 958.5368418139614 136.17903805565956 236.17903805565956
1462 664.8334 19.180809 863.7557966001699 963.7557966001699 142.29250840037312 242.29250840037312
1480 664.8334 19.180809 869.4289206730178 969.4289206730178 149.33444969515332 249.33444969515332
1496 671.16547 22.739826 874.2915129944168 974.2915129944168 155.73501253228335 255.73501253228335
1513 671.16547 22.739826 879.2681356740757 979.2681356740757 162.675730406883 262.67573040688296
1530 676.2147 17.781523 884.0451707867052 984.0451707867052 169.7552977272204 269.7552977272204
1547 676.2147 17.781523 888.6187467928016 988.6187467928016 176.96797687071094 276.9679768707109
1564 683.57654 10.271258 892.9851570459276 992.9851570459276 184.30792233453255 284.3079223345326
1581 683.57654 10.271258 897.1408627967578 997.1408627967578 191.76918547310373 291.76918547310373
1598 687.72626 5.8781066 901.0824960610505 1001.0824960610505 199.34571931915121 299.3457193191512
1615 687.72626 5.8781066 904.8068623492258 1004.8068623492258 207.03138348446487 307.03138348446487
1632 768.9572 40.032623 908.3109432553329 1008.3109432553329 214.8199491363638 314.8199491363638
1649 768.9572 40.032623 911.5918989033121 1011.5918989033121 222.7051040458423 322.7051040458423
1666 835.3274 71.972824 914.6470702485676 1014.6470702485676 230.6804577033056 330.6804577033056
1684 892.32745 97.9362 917.6331117598017 1017.6331117598017 239.21607894831448 339.2160789483145
1701 892.32745 97.9362 920.21584210631 1020.21584210631 247.35670803135872 347.3567080313587
1717 940.1373 119.10656 922.4340447096293 1022.4340447096293 255.08274103198784 355.08274103198784
1735 940.1373 119.10656 924.6810775952 1024.6810775952 263.8419714294728 363.8419714294728
1752 940.1373 119.10656 926.5599638955216 1026.5599638955216 272.17324529251096 372.17324529251096
1769 979.27625 137.53008 928.2009350518042 1028.2009350518042 280.55462653755245 380.55462653755245
1785 979.27625 137.53008 929.5268506369953 1029.5268506369953 288.4826752619944 388.4826752619944
1803 1004.93365 153.30605 930.7640061395116 1030.7640061395116 297.4405053679775 397.4405053679775
1819 1004.93365 153.30605 931.6366043392997 1031.6366043392995 305.4311612295389 405.4311612295389
1836 1030.1736 173.88712 932.3288155200738 1032.328815520074 313.9435746118702 413.9435746118702
1853 1030.1736 173.88712 932.7784362013994 1032.7784362013995 322.4722426880359 422.4722426880359
1870 1050.8472 182.53497 932.9851019890048 1032.9851019890048 331.01025341435343 431.01025341435343
1887 1072.1332 192.55542 932.9486453909749 1032.948645390975 339.5506871754069 439.5506871754069
1904 1072.1332 192.55542 932.6690959534936 1032.6690959534935 348.08662239203596 448.08662239203596
1921 1006.93146 215.1435 932.1466802368993 1032.1466802368993 356.6111411309172 456.6111411309172
1939 1006.93146 215.1435 931.3292920861586 1031.3292920861586 365.61698093385 465.61698093385
1955 905.4745 202.0945 930.3751400172805 1030.3751400172805 373.5983093035911 473.5983093035911
1972 905.4745 202.0945 929.1274512558361 1029.1274512558361 382.04719151753216 482.04719151753216
1989 821.1455 199.88992 927.6397665348454 1027.6397665348454 390.4571339716405 490.4571339716405
2006 821.1455 199.88992 925.9132915457113 1025.9132915457112 398.8213208432003 498.8213208432003
2023 821.1455 199.88992 923.9494255069792 1023.9494255069792 407.13297339202586 507.13297339202586
2040 752.6521 206.8812 921.7497600303433 1021.7497600303433 415.385355454278 515.3853554542779
2057 699.7301 195.19922 919.3160778307275 1019.3160778307275 423.5717789017766 523.5717789017766
2074 699.7301 195.19922 916.6503512814876 1016.6503512814876 431.68560906238275 531.6856090623828
2092 660.5932 181.92592 913.5773009969078 1013.5773009969078 440.19029223658174 540.1902922365817
2108 660.5932 181.92592 910.6315931762647 1010.6315931762647 447.6692503292295 547.6692503292295
2126 619.70776 164.9088 907.0795392706568 1007.0795392706568 455.98527023040305 555.9852702304031
2143 619.70776 164.9088 903.4961054216201 1003.4961054216201 463.737646624778 563.737646624778
2160 590.90076 149.24583 899.6934484911064 999.6934484911064 471.3848773771026 571.3848773771026
2176 590.90076 149.24583 895.9169758597092 995.9169758597092 478.4806693117979 578.4806693117979
2193 556.9431 148.13155 891.6977228435584 991.6977228435584 485.90618221638465 585.9061822163847
2211 556.9431 148.13155 887.0018309919924 987.0018309919924 493.63417507762983 593.6341750776298
2227 635.1372 83.8855 882.6338229060326 982.6338229060326 500.38195353258584 600.3819535325858
2244 635.1372 83.8855 877.7965218060378 977.7965218060378 507.42048008140796 607.420480081408
2261 658.3245 147.84113 872.7608258058228 972.7608258058228 514.3184583144773 614.3184583144773
2278 658.3245 147.84113 867.5308160761413 967.5308160761413 521.0702977777584 621.0702977777584
2295 677.06665 173.75938 862.1107312689596 962.1107312689596 527.6705264551181 627.6705264551181
2312 677.06665 173.75938 856.5049640822481 956.5049640822481 534.1137952031119 634.1137952031119
2329 690.8061 191.15016 850.7180576999276 950.7180576999276 540.394882086187 640.394882086187
2347 690.8061 191.15016 844.398524111755 944.398524111755 546.8630169930223 646.8630169930223
2364 690.338 201.27571 838.2536107340788 938.2536107340788 552.7943218655896 652.7943218655896
2380 690.338 201.27571 832.3181143556885 932.3181143556885 558.2148284340103 658.2148284340103
2397 696.2746 218.66104 825.8549614017456 925.8549614017456 563.7976585231695 663.7976585231695
2414 696.2746 218.66104 819.2355094916655 919.2355094916655 569.1942495138428 669.1942495138428
2432 701.03625 238.12122 812.0622816327669 912.0622816327669 574.7004347658467 674.7004347658467
2449 698.11536 245.4915 805.1380660054275 905.1380660054275 579.6999923319313 679.6999923319313
2465 698.11536 245.4915 798.4936144283101 898.4936144283101 584.2236271487043 684.2236271487043
2482 608.41473 228.48795 791.3038148358737 891.3038148358737 588.8330869577367 688.8330869577367
2499 608.41473 228.48795 783.9857182018081 883.9857182018081 593.2360177503971 693.2360177503971
2517 608.41473 228.48795 776.1038988675523 876.1038988675523 597.6688721273433 697.6688721273433
2533 627.1062 251.67639 768.9884567331254 868.9884567331254 601.4081891703074 701.4081891703074
2550 627.1062 251.67639 761.3214464020558 861.3214464020558 605.1708066759479 705.1708066759479
2567 648.7233 268.46533 753.5504381858558 853.5504381858558 608.7136542896951 708.7136542896951
2585 648.7233 268.46533 745.2159582546325 845.2159582546325 612.2221750921277 712.2221750921277
2601 575.08765 239.52682 737.721699277214 837.721699277214 615.1287351027865 715.1287351027865
2618 575.08765 239.52682 729.6767969577133 829.6767969577133 617.9957692114392 717.9957692114392
2635 518.2495 213.13905 721.553543102233 821.553543102233 620.6326394604092 720.6326394604092
2652 557.59424 239.36609 713.3585211872297 813.3585211872297 623.0372088029525 723.0372088029525
2669 557.59424 239.36609 705.0983728534557 805.0983728534557 625.2075284601758 725.2075284601758
2686 505.1924 231.11731 696.7797925232513 796.7797925232513 627.1418395004217 727.1418395004217
2703 505.1924 231.11731 688.4095219750633 788.4095219750633 628.8385742647915 728.8385742647915
2720 544.8567 245.22661 679.9943448795832 779.9943448795832 630.296357637651 730.296357637651
2737 544.8567 245.22661 671.5410813019316 771.5410813019316 631.5140081610913 731.5140081610913
2754 544.8567 245.22661 663.0565821743512 763.0565821743512 632.4905389924386 732.4905389924386
2772 488.83752 219.56735 654.0465913636143 754.0465913636143 633.2608243522246 733.2608243522246
2789 488.83752 219.56735 645.5194574500881 745.5194574500881 633.7386581426483 733.7386581426483
2805 444.28027 224.46075 637.4845270833351 737.4845270833351 633.9664798220608 733.9664798220608
2822 444.28027 224.46075 628.9440176902656 728.9440176902656 633.9725804261168 733.9725804261168
2839 418.43 270.36426 620.4067954607539 720.4067954607539 633.7355687926154 733.7355687926154
2856 395.82208 312.45123 611.8797793711809 711.8797793711809 633.2556370072082 733.2556370072082
2873 395.82208 312.45123 603.3698801263789 703.3698801263789 632.5331740297464 732.5331740297464
2890 379.75223 356.22144 594.8839945588649 694.8839945588649 631.5687653790487 731.5687653790487
2908 379.75223 356.22144 585.9327560156919 685.9327560156919 630.2847862171152 730.2847862171152
2925 357.1963 389.39664 577.5179378468152 677.5179378468152 628.8249324247021 728.8249324247021
2941 357.1963 389.39664 569.6390628953682 669.6390628953682 627.232657883161 727.232657883161
2958 350.92334 409.79987 561.3177276452934 661.3177276452934 625.3102329649023 725.3102329649023
2975 350.92334 409.79987 553.0544871637487 653.0544871637487 623.1517161929854 723.1517161929854
2993 345.6608 427.34332 544.3759367047026 644.3759367047026 620.6108431393186 720.6108431393186
3009 345.6608 427.34332 536.7290257094023 636.7290257094023 618.1335944747455 718.1335944747455
3026 337.71994 435.61823 528.6800356774336 628.6800356774336 615.278056456131 715.278056456131
3043 337.71994 435.61823 520.7155915726703 620.7155915726703 612.1945571432422 712.1945571432422
3061 329.90747 444.83075 512.3819751274623 612.3819751274623 608.6839858379951 708.6839858379951
3077 329.90747 444.83075 505.066086470933 605.066086470933 605.3538534259965 705.3538534259965
3094 312.78064 449.04987 497.3937085871838 597.3937085871838 601.6021930576474 701.6021930576474
3111 312.78064 449.04987 489.8312325780845 589.8312325780845 597.6336549738851 697.6336549738851
3128 295.19803 451.34808 482.38478743869564 582.3847874386956 593.4514554692516 693.4514554692516
3145 295.19803 451.34808 475.06040812706976 575.0604081270698 589.058983999804 689.058983999804
3162 276.4408 449.98782 467.8640306732291 567.8640306732291 584.4598004361334 684.4598004361334
3179 276.4408 449.98782 460.8014873683203 560.8014873683203 579.6576321782761 679.6576321782761
3197 260.8284 456.5365 453.4757341971813 553.4757341971813 574.3560650118047 674.3560650118047
3213 253.26447 468.8328 447.10068540279684 547.1006854027969 569.4600705688548 669.4600705688548
3231 253.26447 468.8328 440.08850519699024 540.0885051969902 563.7502016818883 663.7502016818883
3247 253.26447 468.8328 434.0024083925641 534.0024083925641 558.4993508552757 658.4993508552757
3264 242.57689 463.89914 427.69256349239276 527.6925634923928 552.7438148032415 652.7438148032415
3281 242.57689 463.89914 421.54910963438175 521.5491096343817 546.8109982204569 646.8109982204569
3299 235.45471 453.57446 415.2311676524065 515.2311676524065 540.3413086562304 640.3413086562304
3315 235.45471 453.57446 409.7811519627961 509.7811519627961 534.4328962045494 634.4328962045494
3332 229.16719 454.23346 404.1661854693228 504.1661854693228 527.9976425819129 627.9976425819129
3349 229.16719 454.23346 398.7366769287074 498.7366769287074 521.4051639192346 621.4051639192346
3367 224.58215 451.93643 393.19481603687143 493.19481603687143 514.259462288142 614.259462288142
3384 224.58215 451.93643 388.16081736231547 488.16081736231547 507.3602452851014 607.3602452851014
3400 214.80835 447.42896 383.6041295851123 483.6041295851123 500.7384173488538 600.7384173488538
3417 212.6022 445.37244 378.95890042682595 478.95890042682595 493.5716758314352 593.5716758314352
3435 212.6022 445.37244 374.2649101067921 474.2649101067921 485.8425278304917 585.8425278304917
3451 207.64287 439.2281 370.28970142185455 470.28970142185455 478.85613214835485 578.8561321483548
3469 207.64287 439.2281 366.043167657697 466.043167657697 470.8723845988062 570.8723845988062
3485 209.76761 436.41833 362.4719822152257 462.4719822152257 463.6710900449318 563.6710900449318
3502 209.76761 436.41833 358.8904558633554 458.8904558633554 455.9178322199049 555.9178322199049
3519 209.76761 436.41833 355.5310810978608 455.5310810978608 448.06576630732854 548.0657663073285
3536 207.1379 436.37634 352.3965805179704 452.3965805179704 440.1212559998803 540.1212559998803
3553 207.1379 436.37634 349.4894944740342 449.4894944740342 432.0907399116313 532.0907399116313
3570 210.01251 433.22455 346.8121790087004 446.8121790087004 423.9807263598813 523.9807263598814
3587 210.01251 433.22455 344.3668039474663 444.3668039474663 415.79778809050777 515.7977880905078
3604 208.43935 422.42053 342.155351140146 442.155351140146 407.5485569510936 507.5485569510936
3621 202.1579 410.62872 340.17961285468476 440.17961285468476 399.23971851615926 499.23971851615926
3638 202.1579 410.62872 338.44119032461737 438.44119032461737 390.87800666884965 490.87800666884965
3655 198.53444 402.91592 336.9414924513526 436.9414924513526 382.4701981434725 482.4701981434725
3672 198.53444 402.91592 335.68173466233077 435.68173466233077 374.02310703330426 474.02310703330426
3689 196.32506 389.48297 334.66293792598333 434.66293792598333 365.5435792681223 465.5435792681223
3706 196.32506 389.48297 333.8859279242903 433.8859279242903 357.03848706593226 457.03848706593226
3724 195.16055 380.8821 333.32744725508564 433.32744725508564 348.0128916126015 448.0128916126015
3740 195.16055 380.8821 333.05959056430925 433.05959056430925 339.9791962294431 439.9791962294431
3757 204.75635 366.73892 453.02406576024066 553.0240657602407 331.056686471707 431.056686471707
3774 204.75635 366.73892 453.36623095517183 553.3662309551719 322.5235450269113 422.5235450269113
3792 210.64828 357.4231 454.16922084104294 554.1692208410429 313.5170210808991 413.5170210808991
3809 210.64828 357.4231 455.34202256495803 555.342022564958 305.0579362572376 405.0579362572376
3825 211.4121 333.9317 456.81120498653286 556.8112049865329 297.15561763711503 397.15561763711503
3842 211.4121 333.9317 458.7570723329198 558.7570723329197 288.84025954453836 388.84025954453836
3859 212.83295 311.99432 461.09515609929747 561.0951560992975 280.62655488470796 380.62655488470796
3876 212.83295 311.99432 463.8201933182859 563.8201933182859 272.53299249891984 372.53299249891984
3893 215.60922 294.8503 466.92605000007745 566.9260500000775 264.5777907912517 364.5777907912517
3910 215.60922 294.8503 470.40573493989234 570.4057349398923 256.7788567193968 356.7788567193968
3927 220.30518 282.7862 474.251415455004 574.251415455004 249.15374548655507 349.15374548655507
3944 220.30518 282.7862 478.4544350159092 578.4544350159092 241.71962102511617 341.71962102511617
3962 232.88805 270.65027 483.2836511094473 583.2836511094473 234.07495371588607 334.07495371588607
3978 232.88805 270.65027 487.893864647575 587.893864647575 227.49080094619188 327.4908009461919
3995 241.36687 252.85565 493.109026801152 593.109026801152 220.7281340425647 320.7281340425647
4012 241.36687 252.85565 498.63907999467915 598.6390799946792 214.22043924223226 314.22043924223226
4029 247.15877 239.75879 504.47157621838664 604.4715762183866 207.98236520147657 307.98236520147657
4047 247.15877 239.75879 510.9622116294033 610.9622116294033 201.6868177027948 301.68681770279477
4063 273.1158 212.09222 516.9907313118342 616.9907313118342 196.37060786867886 296.37060786867886
4081 273.1158 212.09222 524.0486998190197 624.0486998190197 190.7184094558065 290.7184094558065
4097 296.48575 185.78802 530.5538343096449 630.5538343096449 185.9973542961332 285.9973542961332
4114 296.48575 185.78802 537.689062464963 637.689062464963 181.30479645322103 281.304796453221
4132 305.02457 140.55132 545.4775025692394 645.4775025692394 176.71105428707807 276.71105428707807
4148 305.02457 140.55132 552.5866021519138 652.5866021519138 172.9606090221234 272.96060902212344
4166 322.8931 122.020996 560.7752807325808 660.7752807325808 169.12553282347662 269.12553282347665
4182 325.35428 87.5894 568.2077684862486 668.2077684862486 166.06558799499004 266.06558799499004
4199 325.35428 87.5894 576.2460029469295 676.2460029469295 163.1814301122385 263.1814301122385
4216 336.72583 58.201546 584.4119892185008 684.4119892185008 160.68178050678887 260.68178050678887
4234 336.72583 58.201546 593.1771405586188 693.1771405586188 158.46043219287566 258.46043219287566
4250 341.7116 36.568275 601.053445290706 701.053445290706 156.85763453593017 256.8576345359302
4267 341.7116 36.568275 609.4914555949256 709.4914555949256 155.54174622631027 255.54174622631027
4285 341.7116 36.568275 618.4830892855312 718.4830892855312 154.5863458281167 254.5863458281167
4301 349.26974 11.394142 626.507114755926 726.507114755926 154.1171424476271 254.1171424476271
4318 349.26974 11.394142 635.0464617946108 735.0464617946108 154.01163372561214 254.01163372561214
4335 350.50696 -7.8370867 643.581202299593 743.581202299593 154.31127426047263 254.31127426047263
4352 350.50696 -7.8370867 652.0921247860152 752.0921247860152 155.01538956894865 255.01538956894865
4369 352.05396 -27.838009 660.5600713827765 760.5600713827765 156.12239470530233 256.1223947053023
4386 365.93073 -41.275528 668.9659809564164 768.9659809564164 157.6297978289907 257.6297978289907
4403 365.93073 -41.275528 677.2909320172428 777.2909320172428 159.53420581373558 259.5342058137356
4420 374.14612 -58.930645 685.5161853111272 785.5161853111272 161.83133188536496 261.831331885365
4437 374.14612 -58.930645 693.6232260010909 793.6232260010909 164.5160052712332 264.5160052712332
4454 379.17538 -80.36514 701.5938053437343 801.5938053437343 167.58218283949915 267.5821828394992
4471 379.17538 -80.36514 709.4099817666976 809.4099817666976 171.0229627020636 271.02296270206364
4489 379.69962 -97.70932 717.4980927560449 817.4980927560449 175.0658239377357 275.0658239377357
4505 379.69962 -97.70932 724.5091369531456 824.5091369531456 178.99652309031762 278.9965230903176
4522 379.69962 -97.70932 731.7581279004737 831.7581279004737 183.51135533338842 283.51135533338845
4539 375.3516 -109.02282 738.7848168015221 838.7848168015221 188.36493370665013 288.36493370665016
4556 375.3516 -109.02282 745.5733867574248 845.5733867574248 193.54633292803192 293.5463329280319
4574 385.2411 -123.862434 752.4847699331881 852.4847699331881 199.3768602579292 299.3768602579292
4591 397.34647 -138.38004 758.735613124305 858.735613124305 205.19566935752866 305.1956693575287
4607 397.34647 -138.38004 764.3604590589218 864.3604590589218 210.9372932370277 310.9372932370277
4624 424.47034 -126.79437 770.0496124154753 870.0496124154753 217.30636805391646 317.30636805391646
4641 424.47034 -126.79437 775.4302705632856 875.4302705632856 223.93811728273374 323.93811728273374
4658 443.10324 -120.10072 780.4903217770493 880.4903217770493 230.81761302381858 330.8176130238186
4675 443.10324 -120.10072 785.2183760095571 885.2183760095571 237.9293697063817 337.9293697063817
4692 464.67212 -116.55446 789.6037905304013 889.6037905304013 245.25737894613326 345.25737894613326
4711 464.67212 -116.55446 794.0875480831085 894.0875480831085 253.68311601803617 353.6831160180362
4727 493.86008 -99.249405 797.5125264313018 897.5125264313018 260.95461241672945 360.95461241672945
4744 493.86008 -99.249405 800.7919917624882 900.7919917624882 268.8398319494411 368.8398319494411
4761 527.9641 -74.991646 803.6937615671286 903.6937615671286 276.8717253711941 376.8717253711941
4777 527.9641 -74.991646 806.0739549944915 906.0739549944915 284.5489524624127 384.5489524624127
4794 537.10114 -70.58256 808.2246793622878 908.2246793622878 292.8136947228397 392.8136947228397
4811 537.10114 -70.58256 809.980977411876 909.980977411876 301.17114631399613 401.17114631399613
4828 619.7456 -20.693764 811.3388957607996 911.3388957607996 309.60249482388303 409.60249482388303
4846 619.7456 -20.693764 812.3390893640834 912.3390893640834 318.5892561483454 418.5892561483454
4862 682.3225 17.47269 812.84827042036 912.84827042036 326.6108439720703 426.6108439720703
4879 682.3225 17.47269 812.9963291668411 912.9963291668411 335.1495592469291 435.1495592469291
4896 650.2785 7.099232 812.7392207321774 912.7392207321774 343.68568689301895 443.68568689301895
4913 650.2785 7.099232 812.0775238609478 912.0775238609478 352.200012303063 452.200012303063
4930 612.1803 0.0763855 811.0127280160616 911.0127280160616 360.6733699460652 460.6733699460652
4947 612.1803 0.0763855 809.5472300260149 909.5472300260149 369.0866865084376 469.0866865084376
4965 671.96594 48.796368 807.5624555236557 907.5624555236557 377.90841743392417 477.90841743392417
4981 708.094 95.77396 805.4282173508461 905.4282173508461 385.65762152102405 485.65762152102405
4998 708.094 95.77396 802.7839744590015 902.7839744590015 393.77793921594457 493.77793921594457
5016 708.094 95.77396 799.5677668269823 899.5677668269823 402.2288725853804 502.2288725853804
5032 746.32117 119.46996 796.3557627878217 896.3557627878217 409.59692297976756 509.59692297976756
5049 746.32117 119.46996 792.5862637502574 892.5862637502574 417.25998091660404 517.259980916604
5067 772.93713 137.0653 788.2036816660764 888.2036816660764 425.1691680191018 525.1691680191018
5083 772.93713 137.0653 783.9788854061801 883.9788854061801 432.00702098068035 532.0070209806804
5101 788.0307 172.03557 778.8665841399335 878.8665841399335 439.4653480122629 539.4653480122629
5117 788.0307 172.03557 774.0128734563121 874.0128734563121 445.8721123408068 545.8721123408068
5134 794.256 202.1106 768.5479494131282 868.5479494131282 452.4345954942897 552.4345954942896
5151 807.11664 210.22018 762.7779103666112 862.7779103666112 458.73048537096236 558.7304853709624
5169 807.11664 210.22018 756.3503375862501 856.3503375862501 465.09040474938706 565.0904047493871
5185 822.95667 224.87608 750.3750976809954 850.3750976809954 470.46642973411736 570.4664297341174
5202 822.95667 224.87608 743.7702424593289 843.7702424593289 475.8800669068827 575.8800669068827
5219 820.31836 269.1104 736.9160462255444 836.9160462255444 480.9743356401059 580.9743356401059
5236 820.31836 269.1104 729.8279376018812 829.8279376018812 485.73776886380733 585.7377688638073
5253 811.6638 305.29416 722.5218717414465 822.5218717414465 490.15964421036574 590.1596442103657
5271 811.6638 305.29416 714.5667557803298 814.5667557803298 494.45829474187997 594.45829474188
5287 811.6638 305.29416 707.3221049847989 807.3221049847989 497.93969839739407 597.9396983973941
5304 806.2976 321.33084 699.4626183788416 799.4626183788416 501.28036453280606 601.2803645328061
5321 806.2976 321.33084 691.4535261011198 791.4535261011198 504.2444868016163 604.2444868016163
5338 807.444 328.4951 683.3128564156366 783.3128564156366 506.8253930396211 606.8253930396211
5356 794.1847 359.26654 674.5702779150454 774.5702779150454 509.133982978935 609.133982978935
5372 794.1847 359.26654 666.710337516615 766.710337516615 510.8151948914908 610.8151948914908
5390 777.224 386.31967 657.788344134101 757.788344134101 512.2849909417206 612.2849909417206
5406 777.224 386.31967 649.8044649579773 749.8044649579773 513.2138665323532 613.2138665323532
5424 755.59424 397.33466 640.7833442119403 740.7833442119403 513.8316422459586 613.8316422459586
5440 755.59424 397.33466 632.7473718445073 732.7473718445073 513.9998227193989 613.9998227193989
5458 736.54706 417.8954 623.7083032838261 723.7083032838261 513.7600188365996 613.7600188365996
5475 736.54706 417.8954 615.1925479661336 715.1925479661336 513.1169859395293 613.1169859395293
5491 712.7813 427.6832 607.2139937950213 707.2139937950213 512.1434306506889 612.1434306506889
5508 712.7813 427.6832 598.7934791480179 698.7934791480179 510.71987418285164 610.7198741828516
5525 607.68677 408.65912 590.4499625136663 690.4499625136663 508.8985257511097 608.8985257511097
5543 607.68677 408.65912 581.7204446332313 681.7204446332313 506.5410304866251 606.5410304866251
5559 528.7609 401.7652 574.0688318657412 674.0688318657412 504.079738423869 604.079738423869
5577 528.7609 401.7652 565.6019771400934 665.6019771400934 500.9056814927985 600.9056814927985
5593 472.22208 380.49487 558.218012891798 658.218012891798 497.7304321259451 597.7304321259451
5611 472.22208 380.49487 550.0900131230868 650.0900131230868 493.7683763329592 593.7683763329592
5627 429.956 370.62723 543.0401444467964 643.0401444467964 489.90774319720856 589.9077431972086
5644 429.956 370.62723 535.7465194703461 635.7465194703461 485.4653773139863 585.4653773139863
5661 391.1243 357.78143 528.6718096170268 628.6718096170268 480.6820667001052 580.6820667001052
5678 391.1243 357.78143 521.8319398796541 621.8319398796541 475.56857846668925 575.5685784666892
5695 369.66882 349.90424 515.2423066318847 615.2423066318847 470.13642294632587 570.1364229463259
5712 369.66882 349.90424 508.91774297137306 608.9177429713731 464.3978277836013 564.3978277836013
5729 339.03687 347.2869 502.8724853308397 602.8724853308397 458.36571041097886 558.3657104109789
5746 317.80054 328.92944 497.1201414322254 597.1201414322254 452.0536489719888 552.0536489719889
5764 317.80054 328.92944 491.36306905859533 591.3630690585953 445.0809605355471 545.0809605355471
5780 317.80054 328.92944 486.5452998949387 586.5452998949387 438.6471252215585 538.6471252215586
5797 319.77234 326.868 481.74660595691194 581.7466059569119 431.58284065575424 531.5828406557542
5815 319.77234 326.868 477.03695216566996 577.03695216567 423.8639399883317 523.8639399883317
5831 304.21048 336.0915 473.18065612063515 573.1806561206351 416.8116979778178 516.8116979778179
5849 304.21048 336.0915 469.2236005938714 569.2236005938714 408.68126269395975 508.68126269395975
5865 291.60934 325.8572 466.05289368960894 566.0528936896089 401.295346752855 501.295346752855
5882 291.60934 325.8572 463.04889913133843 563.0488991313384 393.30112404946493 493.30112404946493
5899 276.9723 308.9794 460.427460199564 560.4274601995639 385.1734160167848 485.1734160167848
5917 252.95175 294.25204 458.07533489037223 558.0753348903722 376.44244969702606 476.44244969702606
5933 252.95175 294.25204 456.35497798067684 556.3549779806768 368.59098431373195 468.59098431373195
5950 240.16534 287.0452 454.91310174796206 554.9131017479621 360.1735872774116 460.1735872774116
5967 240.16534 287.0452 453.8720946157316 553.8720946157316 351.69727415859836 451.69727415859836
5984 240.36848 274.04507 453.23429986469176 553.2342998646918 343.18112492358273 443.18112492358273
6001 240.36848 274.04507 453.0036526131048 553.0036526131048 335.1467028281774 435.1467028281774
