1 526.12 437.48505 333.00042067616835 433.00042067616835 333.4976002348308 433.4976002348308
18 521.6258 437.15558 333.13628878990846 433.13628878990846 324.9581694712406 424.9581694712406
34 521.6258 437.15558 333.4861703954607 433.4861703954607 316.92762829531256 416.92762829531256
51 515.65283 437.0894 334.0935140048509 434.0935140048509 308.4087391863609 408.4087391863609
68 515.65283 437.0894 334.94310583748677 434.94310583748677 299.91059046864586 399.91059046864586
85 515.65283 437.0894 336.0342573431978 436.0342573431978 291.44006945149073 391.44006945149073
102 501.6319 435.31784 337.3660842002114 437.3660842002114 283.00404105339845 383.00404105339845
119 501.6319 435.31784 338.93750703184975 438.93750703184975 274.6093422383909 374.6093422383909
136 488.32578 429.87735 340.74725228130916 440.74725228130916 266.2627764750041 366.2627764750041
153 479.3448 426.2384 342.7938532438116 442.7938532438116 257.9711082224287 357.9711082224287
171 479.3448 426.2384 345.21716057483684 445.21716057483684 249.25899851671107 349.2589985167111
187 471.20398 425.9171 347.59079703666407 447.59079703666407 241.57929418234613 341.57929418234613
204 471.20398 425.9171 350.3372521925565 450.3372521925565 233.4924331110061 333.4924331110061
222 468.19763 426.05374 353.4949060276202 453.4949060276202 225.01879775167134 325.01879775167134
238 468.19763 426.05374 356.51500152904384 456.51500152904384 217.5695674640201 317.5695674640201
255 459.86163 428.20804 359.9412889638151 459.9412889638151 209.74646754616077 309.7464675461608
273 459.86163 428.20804 363.8102697116431 463.8102697116431 201.57308012612515 301.57308012612515
289 459.86163 428.20804 367.4548074744846 467.4548074744846 194.40862946948707 294.4086294694871
306 457.31912 428.27316 371.53594923283765 471.53594923283765 186.90632183391858 286.9063218339186
323 456.18298 429.07166 375.8289940602396 475.8289940602396 179.52322600490484 279.5232260049048
341 456.18298 429.07166 380.6016685145469 480.6016685145469 171.84241533816768 271.8424153381677
357 451.17398 426.59283 385.0367068437197 485.0367068437197 165.13850276900726 265.13850276900723
374 451.17398 426.59283 389.9439124255555 489.9439124255555 158.14853343516307 258.1485334351631
391 492.14526 422.16687 395.0481023758233 495.0481023758233 151.30108260568883 251.30108260568883
409 492.14526 422.16687 400.66264512599264 500.66264512599264 144.21234621253794 244.21234621253794
425 525.84576 419.39783 405.83073236238414 505.83073236238414 138.05581447516937 238.05581447516937
442 525.84576 419.39783 411.50043363562395 511.50043363562395 131.66873177782583 231.66873177782583
459 553.7804 417.10675 417.3496488335043 517.3496488335043 125.44562809241546 225.44562809241546
476 553.7804 417.10675 423.3736374701024 523.3736374701024 119.39154692211227 219.39154692211227
493 575.694 413.80493 429.5675174146769 529.5675174146769 113.51139478609738 213.51139478609738
511 595.4126 408.86218 436.30533797716447 536.3053379771645 107.48022176480373 207.48022176480373
527 595.4126 408.86218 442.44473833256984 542.4447383325698 102.29179502905546 202.29179502905546
544 607.32556 398.30597 449.1176429853873 549.1176429853873 96.96144031244515 196.96144031244515
562 607.32556 398.30597 456.34538828338435 556.3453882833844 91.52701560946679 191.5270156094668
578 607.32556 398.30597 462.90500484391305 562.905004843913 86.88121758382923 186.88121758382923
596 581.41077 361.3361 470.430298817712 570.430298817712 81.86691558325475 181.86691558325475
612 581.41077 361.3361 477.24366770951156 577.2436677095116 77.60194042970028 177.60194042970028
629 559.2921 329.4119 484.6052797509776 584.6052797509776 73.27215913482809 173.2721591348281
646 559.2921 329.4119 492.08715802621145 592.0871580262115 69.15368424901567 169.15368424901567
663 543.6396 304.85666 499.6832388604396 599.6832388604396 65.24985358281685 165.24985358281685
681 535.1437 283.36807 507.8437817222184 607.8437817222184 61.353853820736504 161.3538538207365
697 535.1437 283.36807 515.1932957197998 615.1932957197998 58.09860379723074 158.09860379723074
714 534.7377 258.53577 523.0947016472838 623.0947016472838 54.85698039535282 154.85698039535282
732 534.7377 258.53577 531.5578441028453 631.5578441028453 51.6713103368038 151.6713103368038
748 540.3146 236.63493 539.158255286693 639.158255286693 49.0548702834833 149.0548702834833
765 540.3146 236.63493 547.3073843205016 647.3073843205016 46.49908588318232 146.49908588318232
782 543.42114 204.16022 555.5259627803556 655.5259627803556 44.176306080939696 144.1763060809397
800 543.42114 204.16022 564.2962813350795 664.2962813350795 41.972948099647 141.972948099647
816 543.42114 204.16022 572.1447741627716 672.1447741627716 40.23709987763954 140.23709987763954
833 546.3475 174.64458 580.531538399579 680.531538399579 38.62386599915499 138.623865999155
851 546.3475 174.64458 589.4578444296311 689.4578444296311 37.176684392405264 137.17668439240526
867 559.4631 153.9679 597.4258042831839 697.4258042831839 36.116672841359446 136.11667284135945
884 571.1733 131.95735 605.9196140026227 705.9196140026227 35.2247455122278 135.2247455122278
901 571.1733 131.95735 614.4353709721212 714.4353709721212 34.574960050003085 134.57496005000309
918 586.8096 115.943436 622.9661736117806 722.9661736117806 34.167843072143 134.167843072143
936 586.8096 115.943436 632.0075037720162 732.0075037720162 34.00164175242986 134.00164175242986
952 598.4706 101.75753 640.0452542165596 740.0452542165596 34.08273742076125 134.08273742076125
969 598.4706 101.75753 648.5796904715623 748.5796904715623 34.40481772096149 134.4048177209615
986 614.7944 94.13475 657.1015001944813 757.1015001944813 34.96970439707047 134.96970439707047
1003 614.7944 94.13475 665.6037768999744 765.6037768999744 35.77693963769889 135.7769396376989
1020 632.3884 79.00116 674.0796299331981 774.0796299331981 36.82586922049978 136.82586922049978
1037 632.3884 79.00116 682.5221900543268 782.5221900543268 38.115643042381976 138.11564304238198
1054 648.0186 70.93853 690.9246150057149 790.9246150057149 39.645215808474234 139.64521580847423
1071 648.0186 70.93853 699.2800950571935 799.2800950571935 41.41334787928315 141.41334787928315
1088 663.39294 66.85102 707.5818585250034 807.5818585250034 43.41860627535635 143.41860627535635
1105 663.39294 66.85102 715.8231772598931 815.8231772598931 45.65936583863811 145.6593658386381
1122 678.4079 62.840157 723.9973720999366 823.9973720999366 48.133810549576026 148.13381054957603
1139 678.4079 62.840157 732.0978182836474 832.0978182836474 50.839934998910564 150.83993499891056
1157 695.98566 65.79935 740.5870829453671 840.5870829453671 53.95532573657704 153.95532573657704
1173 695.98566 65.79935 748.0512698040402 848.0512698040402 56.93826443105149 156.9382644310515
1191 711.48083 64.28808 756.3494866729714 856.3494866729714 60.53171273890922 160.53171273890922
1207 711.48083 64.28808 763.6318245155068 863.6318245155068 63.93458862018292 163.93458862018292
1225 729.5371 63.963844 771.712097942471 871.712097942471 67.99444764366609 167.9944476436661
1242 729.5371 63.963844 779.2278662476037 879.2278662476037 72.05074702783952 172.05074702783952
1258 749.59235 71.9917 786.1933800147626 886.1933800147626 76.06243329120804 176.06243329120804
1276 767.1415 76.119225 793.8978774307536 893.8978774307536 80.79677522140798 180.79677522140798
1292 767.1415 76.119225 800.6238064458005 900.6238064458005 85.19835307494287 185.19835307494287
1309 767.1415 76.119225 807.638141470708 907.638141470708 90.0706669060545 190.0706669060545
1326 787.15393 84.95952 814.5109413283826 914.5109413283826 95.14067282585665 195.14067282585665
1343 787.15393 84.95952 821.2366359705578 921.2366359705578 100.40426185718263 200.40426185718263
1360 799.8637 92.002075 827.809774570124 927.809774570124 105.85716813378187 205.85716813378187
1377 799.8637 92.002075 834.2250299387413 934.2250299387413 111.49497235758312 211.49497235758312
1395 811.556 99.8899 840.8397900584413 940.8397900584413 117.66086422363836 217.66086422363836
1411 811.556 99.8899 846.5612262243785 946.5612262243785 123.30685190652298 223.30685190652298
1429 822.9756 112.1409 852.8143786828404 952.8143786828404 129.83918367062486 229.83918367062486
1445 822.9756 112.1409 858.2052415379586 958.2052415379586 135.80161659632608 235.80161659632608
1462 834.53687 124.01248 863.7557966001699 963.7557966001699 142.29250840037312 242.29250840037312
1479 850.84875 137.72014 869.1193360426164 969.1193360426164 148.93876919572267 248.93876919572267
1496 850.84875 137.72014 874.2915129944168 974.2915129944168 155.73501253228335 255.73501253228335
1514 865.01013 152.85242 879.5547012529947 979.5547012529947 163.08838749211185 263.08838749211185
1531 865.01013 152.85242 884.3198737571439 984.3198737571439 170.1759448228275 270.1759448228275
1547 881.34155 159.46106 888.6187467928016 988.6187467928016 176.96797687071094 276.9679768707109
1564 881.34155 159.46106 892.9851570459276 992.9851570459276 184.30792233453255 284.3079223345326
1581 881.34155 159.46106 897.1408627967578 997.1408627967578 191.76918547310373 291.76918547310373
1599 898.82306 173.65784 901.3076210713034 1001.3076210713034 199.79485674886422 299.7948567488642
1615 898.82306 173.65784 904.8068623492258 1004.8068623492258 207.03138348446487 307.03138348446487
1632 912.0475 187.04964 908.3109432553329 1008.3109432553329 214.8199491363638 314.8199491363638
1650 927.8865 200.16379 911.7778900120431 1011.7778900120431 223.17180845816728 323.1718084581673
1666 927.8865 200.16379 914.6470702485676 1014.6470702485676 230.6804577033056 330.6804577033056
1683 940.04535 219.41557 917.4739812329851 1017.4739812329851 238.73954649774532 338.7395464977453
1700 940.04535 219.41557 920.0703407916484 1020.0703407916484 246.87583895516212 346.8758389551621
1717 949.48773 236.57542 922.4340447096293 1022.4340447096293 255.08274103198784 355.08274103198784
1734 949.48773 236.57542 924.5631773273444 1024.5631773273444 263.35360145921436 363.35360145921436
1751 958.24945 247.13785 926.4560130930984 1026.4560130930984 271.6817171329047 371.6817171329047
1769 958.24945 247.13785 928.2009350518042 1028.2009350518042 280.55462653755245 380.55462653755245
1785 969.5603 258.16266 929.5268506369953 1029.5268506369953 288.4826752619944 388.4826752619944
1802 969.5603 258.16266 930.7023636603816 1030.7023636603817 296.94190141113677 396.94190141113677
1819 980.1818 272.1921 931.6366043392997 1031.6366043392995 305.4311612295389 405.4311612295389
1836 980.1818 272.1921 932.3288155200738 1032.328815520074 313.9435746118702 413.9435746118702
1854 990.3638 291.97955 932.7973209778079 1032.7973209778079 322.97428757271297 422.97428757271297
1870 990.3638 291.97955 932.9851019890048 1032.9851019890048 331.01025341435343 431.01025341435343
1887 999.554 305.44574 932.9486453909749 1032.948645390975 339.5506871754069 439.5506871754069
1904 999.554 305.44574 932.6690959534936 1032.6690959534935 348.08662239203596 448.08662239203596
1921 1003.9138 322.71118 932.1466802368993 1032.1466802368993 356.6111411309172 456.6111411309172
1939 1003.9138 322.71118 931.3292920861586 1031.3292920861586 365.61698093385 465.61698093385
1955 1007.6764 339.03546 930.3751400172805 1030.3751400172805 373.5983093035911 473.5983093035911
1972 1007.6764 339.03546 929.1274512558361 1029.1274512558361 382.04719151753216 482.04719151753216
1989 1011.85333 354.63885 927.6397665348454 1027.6397665348454 390.4571339716405 490.4571339716405
2007 1011.85333 354.63885 925.8043267523421 1025.8043267523421 399.3117618435425 499.3117618435425
2023 1014.57654 373.60535 923.9494255069792 1023.9494255069792 407.13297339202586 507.13297339202586
2040 1017.669 393.56073 921.7497600303433 1021.7497600303433 415.385355454278 515.3853554542779
2058 1017.669 393.56073 919.1656735406054 1019.1656735406054 424.0511370669554 524.0511370669553
2074 1017.669 393.56073 916.6503512814876 1016.6503512814876 431.68560906238275 531.6856090623828
2092 1020.0003 410.7668 913.5773009969078 1013.5773009969078 440.19029223658174 540.1902922365817
2109 1020.0003 410.7668 910.4408458507073 1010.4408458507073 448.13403109346496 548.134031093465
2125 1020.6714 427.9041 907.2834395119482 1007.2834395119482 455.52610752219204 555.526107522192
2142 1020.6714 427.9041 903.7129933280626 1003.7129933280626 463.2844741001809 563.2844741001809
2159 1021.06854 446.12708 899.9231482862865 999.9231482862865 470.9380623089762 570.9380623089762
2176 1021.06854 446.12708 895.9169758597092 995.9169758597092 478.4806693117979 578.4806693117979
2193 1018.22687 465.8131 891.6977228435584 991.6977228435584 485.90618221638465 585.9061822163847
2210 1018.22687 465.8131 887.2688087238421 987.2688087238421 493.20858302917645 593.2085830291765
2227 1017.4999 478.2745 882.6338229060326 982.6338229060326 500.38195353258584 600.3819535325858
2244 1014.9001 493.878 877.7965218060378 977.7965218060378 507.42048008140796 607.420480081408
2261 1014.9001 493.878 872.7608258058228 972.7608258058228 514.3184583144773 614.3184583144773
2279 1009.5217 506.77664 867.2172069588121 967.2172069588121 521.4627962141102 621.4627962141102
2295 1009.5217 506.77664 862.1107312689596 962.1107312689596 527.6705264551181 627.6705264551181
2312 1009.5217 506.77664 856.5049640822481 956.5049640822481 534.1137952031119 634.1137952031119
2330 1004.38446 518.96356 850.3721099362925 950.3721099362925 540.7591976716982 640.7591976716982
2347 1004.38446 518.96356 844.398524111755 944.398524111755 546.8630169930223 646.8630169930223
2363 1000.0236 532.7093 838.6197303028227 938.6197303028227 552.4502838409564 652.4502838409564
2381 1000.0236 532.7093 831.9423499372441 931.9423499372441 558.5483052740481 658.5483052740481
2397 991.3882 546.463 825.8549614017456 925.8549614017456 563.7976585231695 663.7976585231695
2415 991.3882 546.463 818.8413765564474 918.8413765564474 569.5058019659065 669.5058019659065
2431 981.6544 559.16345 812.4651233483269 912.4651233483269 574.4002277485814 674.4002277485814
2449 974.7147 569.6815 805.1380660054275 905.1380660054275 579.6999923319313 679.6999923319313
2465 974.7147 569.6815 798.4936144283101 898.4936144283101 584.2236271487043 684.2236271487043
2482 962.4795 579.92224 791.3038148358737 891.3038148358737 588.8330869577367 688.8330869577367
2500 962.4795 579.92224 783.5513727666926 883.5513727666926 593.48850486691 693.48850486691
2516 948.1044 589.5459 776.54525546435 876.54525546435 597.4288511793545 697.4288511793545
2533 948.1044 589.5459 768.9884567331254 868.9884567331254 601.4081891703074 701.4081891703074
2550 937.6565 597.4605 761.3214464020558 861.3214464020558 605.1708066759479 705.1708066759479
2567 937.6565 597.4605 753.5504381858558 853.5504381858558 608.7136542896951 708.7136542896951
2584 937.6565 597.4605 745.6817300841386 845.6817300841386 612.0338607170812 712.0338607170812
2601 923.9595 604.42065 737.721699277214 837.721699277214 615.1287351027865 715.1287351027865
2618 923.9595 604.42065 729.6767969577133 829.6767969577133 617.9957692114392 717.9957692114392
2635 910.3092 614.97687 721.553543102233 821.553543102233 620.6326394604092 720.6326394604092
2652 895.30096 625.1974 713.3585211872297 813.3585211872297 623.0372088029525 723.0372088029525
2669 895.30096 625.1974 705.0983728534557 805.0983728534557 625.2075284601758 725.2075284601758
2686 877.4411 634.7449 696.7797925232513 796.7797925232513 627.1418395004217 727.1418395004217
2703 877.4411 634.7449 688.4095219750633 788.4095219750633 628.8385742647915 728.8385742647915
2720 867.0004 643.9541 679.9943448795832 779.9943448795832 630.296357637651 730.296357637651
2738 867.0004 643.9541 671.0427906981013 771.0427906981013 631.5781344048996 731.5781344048996
2754 853.9546 652.197 663.0565821743512 763.0565821743512 632.4905389924386 732.4905389924386
2771 853.9546 652.197 654.5477237438794 754.5477237438794 633.2251587040392 733.2251587040392
2789 839.60736 658.8589 645.5194574500881 745.5194574500881 633.7386581426483 733.7386581426483
2805 839.60736 658.8589 637.4845270833351 737.4845270833351 633.9664798220608 733.9664798220608
2822 825.26227 664.7565 628.9440176902656 728.9440176902656 633.9725804261168 733.9725804261168
2839 825.26227 664.7565 620.4067954607539 720.4067954607539 633.7355687926154 733.7355687926154
2856 808.9965 672.171 611.8797793711809 711.8797793711809 633.2556370072082 733.2556370072082
2873 808.9965 672.171 603.3698801263789 703.3698801263789 632.5331740297464 732.5331740297464
2891 791.5011 679.8878 594.3857197476881 694.3857197476881 631.5045165381459 731.5045165381459
2907 791.5011 679.8878 586.4290000393138 686.4290000393138 630.3631926583694 730.3631926583694
2924 772.0177 688.92456 578.0117489028069 678.0117489028069 628.9174329219486 728.9174329219486
2941 772.0177 688.92456 569.6390628953682 669.6390628953682 627.232657883161 727.232657883161
2958 753.70483 690.10846 561.3177276452934 661.3177276452934 625.3102329649023 725.3102329649023
2976 753.70483 690.10846 552.5703667532769 652.5703667532769 623.0174287059479 723.0174287059479
2993 736.78845 693.5974 544.3759367047026 644.3759367047026 620.6108431393186 720.6108431393186
3010 718.25604 697.8039 536.2533318686146 636.2533318686146 617.9719743310518 717.9719743310518
3026 718.25604 697.8039 528.6800356774336 628.6800356774336 615.278056456131 715.278056456131
3043 702.70276 696.11017 520.7155915726703 620.7155915726703 612.1945571432422 712.1945571432422
3060 702.70276 696.11017 512.8421481644934 612.8421481644934 608.8855955525434 708.8855955525434
3077 683.104 696.0947 505.066086470933 605.066086470933 605.3538534259965 705.3538534259965
3094 683.104 696.0947 497.3937085871838 597.3937085871838 601.6021930576474 701.6021930576474
3112 683.104 696.0947 489.38993504921393 589.3899350492139 597.3935254421243 697.3935254421243
3128 665.4376 696.5077 482.38478743869564 582.3847874386956 593.4514554692516 693.4514554692516
3146 665.4376 696.5077 474.6334910195917 574.6334910195917 588.7941302961241 688.7941302961241
3163 647.7765 694.7878 467.4448257527072 567.4448257527072 584.182901653867 684.182901653867
3179 647.7765 694.7878 460.8014873683203 560.8014873683203 579.6576321782761 679.6576321782761
3196 630.54425 695.70386 453.87850203784535 553.8785020378454 574.6563711348483 674.6563711348483
3213 614.5321 694.80347 447.10068540279684 547.1006854027969 569.4600705688548 669.4600705688548
3231 614.5321 694.80347 440.08850519699024 540.0885051969902 563.7502016818883 663.7502016818883
3247 597.36255 694.73706 434.0024083925641 534.0024083925641 558.4993508552757 658.4993508552757
3265 597.36255 694.73706 427.3265285815807 527.3265285815808 552.3996867092457 652.3996867092457
3282 577.3908 689.0062 421.193018823778 521.193018823778 546.4565902131905 646.4565902131905
3298 577.3908 689.0062 415.5770257696452 515.5770257696452 540.7057093474355 640.7057093474355
3316 562.25195 681.0953 409.4458068390105 509.4458068390105 534.0587981572892 634.0587981572892
3332 562.25195 681.0953 404.1661854693228 504.1661854693228 527.9976425819129 627.9976425819129
3349 562.25195 681.0953 398.7366769287074 498.7366769287074 521.4051639192346 621.4051639192346
3366 544.33417 666.9234 393.49702667636814 493.49702667636814 514.6608030789737 614.6608030789737
3383 529.8326 657.4115 388.45148117741576 488.45148117741576 507.7700260162269 607.7700260162269
3400 529.8326 657.4115 383.6041295851123 483.6041295851123 500.7384173488538 600.7384173488538
3417 516.35364 648.7138 378.95890042682595 478.95890042682595 493.5716758314352 593.5716758314352
3434 516.35364 648.7138 374.519558420162 474.519558420162 486.2756097367269 586.2756097367269
3451 499.15433 640.69666 370.28970142185455 470.28970142185455 478.85613214835485 578.8561321483548
3468 499.15433 640.69666 366.2727575118902 466.2727575118902 471.3192561685689 571.3192561685689
3486 482.81927 629.48975 362.2552058135661 462.2552058135661 463.2178641711182 563.2178641711182
3502 482.81927 629.48975 358.8904558633554 458.8904558633554 455.9178322199049 555.9178322199049
3519 465.19794 617.39386 355.5310810978608 455.5310810978608 448.06576630732854 548.0657663073285
3536 465.19794 617.39386 352.3965805179704 452.3965805179704 440.1212559998803 540.1212559998803
3553 450.9904 607.149 349.4894944740342 449.4894944740342 432.0907399116313 532.0907399116313
3570 450.9904 607.149 346.8121790087004 446.8121790087004 423.9807263598813 523.9807263598814
3587 439.073 593.8501 344.3668039474663 444.3668039474663 415.79778809050777 515.7977880905078
3604 439.073 593.8501 342.155351140146 442.155351140146 407.5485569510936 507.5485569510936
3621 426.85947 582.064 340.17961285468476 440.17961285468476 399.23971851615926 499.23971851615926
3638 426.85947 582.064 338.44119032461737 438.44119032461737 390.87800666884965 490.87800666884965
3656 413.39935 567.8955 336.8607362133312 436.8607362133312 381.97433109371923 481.97433109371923
3672 413.39935 567.8955 335.68173466233077 435.68173466233077 374.02310703330426 474.02310703330426
3689 400.24976 552.25726 334.66293792598333 434.66293792598333 365.5435792681223 465.5435792681223
3707 400.24976 552.25726 333.8477655898568 433.8477655898568 356.5375386282254 456.5375386282254
3724 386.9556 537.63196 333.32744725508564 433.32744725508564 348.0128916126015 448.0128916126015
3741 386.9556 537.63196 333.0499980009779 433.0499980009779 339.4768878742076 439.4768878742076
3757 374.97552 525.70416 453.02406576024066 553.0240657602407 331.056686471707 431.056686471707
3774 369.11267 514.18207 453.36623095517183 553.3662309551719 322.5235450269113 422.5235450269113
3792 369.11267 514.18207 454.16922084104294 554.1692208410429 313.5170210808991 413.5170210808991
3808 361.67776 502.64783 455.26193415828243 555.2619341582824 305.553911501838 405.553911501838
3825 361.67776 502.64783 456.81120498653286 556.8112049865329 297.15561763711503 397.15561763711503
3842 361.67776 502.64783 458.7570723329198 558.7570723329197 288.84025954453836 388.84025954453836
3860 355.38266 489.0452 461.2447967163995 561.2447967163995 280.14695788528695 380.14695788528695
3876 355.38266 489.0452 463.8201933182859 563.8201933182859 272.53299249891984 372.53299249891984
3893 350.54733 474.46295 466.92605000007745 566.9260500000775 264.5777907912517 364.5777907912517
3910 350.54733 474.46295 470.40573493989234 570.4057349398923 256.7788567193968 356.7788567193968
3927 349.2321 445.67343 474.251415455004 574.251415455004 249.15374548655507 349.15374548655507
3944 349.2321 445.67343 478.4544350159092 578.4544350159092 241.71962102511617 341.71962102511617
3962 355.25934 420.63007 483.2836511094473 583.2836511094473 234.07495371588607 334.07495371588607
3978 358.21875 402.85056 487.893864647575 587.893864647575 227.49080094619188 327.4908009461919
3995 358.21875 402.85056 493.109026801152 593.109026801152 220.7281340425647 320.7281340425647
4012 362.557 379.803 498.63907999467915 598.6390799946792 214.22043924223226 314.22043924223226
4029 362.557 379.803 504.47157621838664 604.4715762183866 207.98236520147657 307.98236520147657
4046 361.13647 357.22446 510.59338667089924 610.5933866708992 202.0279536670738 302.0279536670738
4064 361.13647 357.22446 517.3753216119491 617.3753216119491 196.0473496171248 296.04734961712484
4080 366.9752 342.73898 523.6492098803254 623.6492098803254 191.0230623484931 291.0230623484931
4098 366.9752 342.73898 530.9673246451781 630.9673246451781 185.71199252826437 285.7119925282644
4114 366.9752 342.73898 537.689062464963 637.689062464963 181.30479645322103 281.304796453221
4131 373.2743 327.51395 545.0388331282979 645.0388331282979 176.95595164869005 276.9559516486901
4148 373.2743 327.51395 552.5866021519138 652.5866021519138 172.9606090221234 272.96060902212344
4165 380.16278 318.26038 560.3153796987771 660.3153796987771 169.32776198864897 269.32776198864894
4182 411.64474 293.1869 568.2077684862486 668.2077684862486 166.06558799499004 266.06558799499004
4200 411.64474 293.1869 576.7229970015156 676.7229970015156 163.02368896976233 263.02368896976236
4216 445.41214 271.85284 584.4119892185008 684.4119892185008 160.68178050678887 260.68178050678887
4233 445.41214 271.85284 592.6873458725511 692.6873458725511 158.57226582663537 258.5722658266354
4250 479.94843 258.79364 601.053445290706 701.053445290706 156.85763453593017 256.8576345359302
4267 479.94843 258.79364 609.4914555949256 709.4914555949256 155.54174622631027 255.54174622631027
4284 507.43793 244.56007 617.9823830375866 717.9823830375866 154.6275629290547 254.6275629290547
4301 507.43793 244.56007 626.507114755926 726.507114755926 154.1171424476271 254.1171424476271
4318 531.14343 236.23412 635.0464617946108 735.0464617946108 154.01163372561214 254.01163372561214
4335 531.14343 236.23412 643.581202299593 743.581202299593 154.31127426047263 254.31127426047263
4352 531.14343 236.23412 652.0921247860152 752.0921247860152 155.01538956894865 255.01538956894865
4369 554.6088 225.32083 660.5600713827765 760.5600713827765 156.12239470530233 256.1223947053023
4387 576.10925 216.37823 669.4581090553891 769.4581090553891 157.73086973577773 257.73086973577773
4404 576.10925 216.37823 677.7777122819134 777.7777122819134 159.65850613580778 259.6585061358078
4420 596.8361 213.08186 685.5161853111272 785.5161853111272 161.83133188536496 261.831331885365
4437 596.8361 213.08186 693.6232260010909 793.6232260010909 164.5160052712332 264.5160052712332
4454 618.7626 208.99876 701.5938053437343 801.5938053437343 167.58218283949915 267.5821828394992
4472 618.7626 208.99876 709.8645705675439 809.8645705675439 171.23686599396328 271.2368659939633
4489 647.0503 217.43568 717.4980927560449 817.4980927560449 175.0658239377357 275.0658239377357
4505 647.0503 217.43568 724.5091369531456 824.5091369531456 178.99652309031762 278.9965230903176
4523 670.9452 229.94885 732.1777732058051 832.1777732058051 183.78758605914797 283.787586059148
4539 670.9452 229.94885 738.7848168015221 838.7848168015221 188.36493370665013 288.36493370665016
4557 691.56635 235.08972 745.9649695491788 845.9649695491788 193.86108443850046 293.8610844385005
4573 708.14844 242.74023 752.108556869033 852.108556869033 199.0438897990301 299.0438897990301
4590 708.14844 242.74023 758.3756166338345 858.3756166338345 204.8452294582745 304.8452294582745
4608 708.14844 242.74023 764.7034286327194 864.7034286327194 211.30441374529323 311.30441374529323
4624 726.3417 245.86935 770.0496124154753 870.0496124154753 217.30636805391646 317.30636805391646
4641 726.3417 245.86935 775.4302705632856 875.4302705632856 223.93811728273374 323.93811728273374
4658 743.31903 253.92482 780.4903217770493 880.4903217770493 230.81761302381858 330.8176130238186
4676 743.31903 253.92482 785.4859265519513 885.4859265519513 238.35460176468007 338.35460176468007
4692 759.9303 263.2039 789.6037905304013 889.6037905304013 245.25737894613326 345.25737894613326
4710 759.9303 263.2039 793.8627475670244 893.8627475670244 253.233816202647 353.233816202647
4727 780.48663 272.39 797.5125264313018 897.5125264313018 260.95461241672945 360.95461241672945
4744 798.38324 282.43427 800.7919917624882 900.7919917624882 268.8398319494411 368.8398319494411
4760 798.38324 282.43427 803.5336455346032 903.5336455346032 276.3955232583588 376.3955232583588
4778 812.0075 292.73795 806.2113040348377 906.2113040348377 285.032213093187 385.032213093187
4794 812.0075 292.73795 808.2246793622878 908.2246793622878 292.8136947228397 392.8136947228397
4811 825.65625 302.4501 809.980977411876 909.980977411876 301.17114631399613 401.17114631399613
4829 825.65625 302.4501 811.4062971637562 911.4062971637562 310.1003528829921 410.1003528829921
4845 825.65625 302.4501 812.2953777692248 912.2953777692248 318.08876150040663 418.08876150040663
4862 836.41595 312.99384 812.84827042036 912.84827042036 326.6108439720703 426.6108439720703
4879 836.41595 312.99384 812.9963291668411 912.9963291668411 335.1495592469291 435.1495592469291
4897 848.14453 321.5025 812.7114868280897 912.7114868280897 344.18732065055974 444.18732065055974
4913 848.14453 321.5025 812.0775238609478 912.0775238609478 352.200012303063 452.200012303063
4930 857.29333 331.55084 811.0127280160616 911.0127280160616 360.6733699460652 460.6733699460652
4947 864.0823 337.50916 809.5472300260149 909.5472300260149 369.0866865084376 469.0866865084376
4965 864.0823 337.50916 807.5624555236557 907.5624555236557 377.90841743392417 477.90841743392417
4981 871.1372 348.72302 805.4282173508461 905.4282173508461 385.65762152102405 485.65762152102405
4998 871.1372 348.72302 802.7839744590015 902.7839744590015 393.77793921594457 493.77793921594457
5016 876.1106 356.55615 799.5677668269823 899.5677668269823 402.2288725853804 502.2288725853804
5032 876.1106 356.55615 796.3557627878217 896.3557627878217 409.59692297976756 509.59692297976756
5049 880.71606 367.06305 792.5862637502574 892.5862637502574 417.25998091660404 517.259980916604
5066 880.71606 367.06305 788.4575400722103 888.4575400722103 424.73562274375536 524.7356227437554
5083 882.90985 380.18826 783.9788854061801 883.9788854061801 432.00702098068035 532.0070209806804
5100 882.90985 380.18826 779.1603810904619 879.1603810904619 439.057807893992 539.057807893992
5118 882.90985 380.18826 773.7000770999266 873.7000770999266 446.265258669255 546.265258669255
5134 884.6269 395.10184 768.5479494131282 868.5479494131282 452.4345954942897 552.4345954942896
5151 886.5862 409.6539 762.7779103666112 862.7779103666112 458.73048537096236 558.7304853709624
5168 886.5862 409.6539 756.7157445286122 856.7157445286122 464.7456100820642 564.7456100820642
5185 879.744 431.67938 750.3750976809954 850.3750976809954 470.46642973411736 570.4664297341174
5202 879.744 431.67938 743.7702424593289 843.7702424593289 475.8800669068827 575.8800669068827
5219 873.0358 449.20352 736.9160462255444 836.9160462255444 480.9743356401059 580.9743356401059
5236 873.0358 449.20352 729.8279376018812 829.8279376018812 485.73776886380733 585.7377688638073
5253 865.10376 468.0562 722.5218717414465 822.5218717414465 490.15964421036574 590.1596442103657
5271 865.10376 468.0562 714.5667557803298 814.5667557803298 494.45829474187997 594.45829474188
5287 857.23706 486.64923 707.3221049847989 807.3221049847989 497.93969839739407 597.9396983973941
5304 857.23706 486.64923 699.4626183788416 799.4626183788416 501.28036453280606 601.2803645328061
5321 845.9447 500.57993 691.4535261011198 791.4535261011198 504.2444868016163 604.2444868016163
5338 845.9447 500.57993 683.3128564156366 783.3128564156366 506.8253930396211 606.8253930396211
5356 836.1343 512.5083 674.5702779150454 774.5702779150454 509.133982978935 609.133982978935
5373 836.1343 512.5083 666.2166959955493 766.2166959955493 510.90859534556046 610.9085953455605
5389 827.69055 521.2289 658.2858601528986 758.2858601528986 512.2151095623715 612.2151095623715
5406 827.69055 521.2289 649.8044649579773 749.8044649579773 513.2138665323532 613.2138665323532
5423 816.4893 529.25836 641.2852433377668 741.2852433377668 513.8092176247758 613.8092176247758
5441 816.4893 529.25836 632.2449739756478 732.2449739756478 513.9984164810973 613.9984164810973
5457 805.7426 541.0824 624.2100690108309 724.2100690108309 513.7852527689789 613.7852527689789
5475 805.7426 541.0824 615.1925479661336 715.1925479661336 513.1169859395293 613.1169859395293
5491 792.48706 551.4247 607.2139937950213 707.2139937950213 512.1434306506889 612.1434306506889
5508 792.48706 551.4247 598.7934791480179 698.7934791480179 510.71987418285164 610.7198741828516
5525 780.3676 559.02954 590.4499625136663 690.4499625136663 508.8985257511097 608.8985257511097
5543 769.7271 565.5847 581.7204446332313 681.7204446332313 506.5410304866251 606.5410304866251
5559 769.7271 565.5847 574.0688318657412 674.0688318657412 504.079738423869 604.079738423869
5576 753.3665 576.10547 566.0680913626405 666.0680913626405 501.0931464966776 601.0931464966776
5594 753.3665 576.10547 557.7613149437265 657.7613149437265 497.5210698075416 597.5210698075416
5610 753.3665 576.10547 550.5362667811617 650.5362667811617 493.99916469660786 593.9991646966079
5627 737.23016 584.03687 543.0401444467964 643.0401444467964 489.90774319720856 589.9077431972086
5645 737.23016 584.03687 535.3241421383856 635.3241421383856 485.19334241625086 585.1933424162509
5661 722.8102 590.0708 528.6718096170268 628.6718096170268 480.6820667001052 580.6820667001052
5678 722.8102 590.0708 521.8319398796541 621.8319398796541 475.56857846668925 575.5685784666892
5695 704.0735 590.88324 515.2423066318847 615.2423066318847 470.13642294632587 570.1364229463259
5712 688.1395 591.1098 508.91774297137306 608.9177429713731 464.3978277836013 564.3978277836013
5730 688.1395 591.1098 502.52587413130334 602.5258741313033 458.00202610763864 558.0020261076386
5746 668.40137 587.3726 497.1201414322254 597.1201414322254 452.0536489719888 552.0536489719889
5764 668.40137 587.3726 491.36306905859533 591.3630690585953 445.0809605355471 545.0809605355471
5780 655.41327 587.03046 486.5452998949387 586.5452998949387 438.6471252215585 538.6471252215586
5797 655.41327 587.03046 481.74660595691194 581.7466059569119 431.58284065575424 531.5828406557542
5815 638.19885 584.9077 477.03695216566996 577.03695216567 423.8639399883317 523.8639399883317
5831 638.19885 584.9077 473.18065612063515 573.1806561206351 416.8116979778178 516.8116979778179
5848 623.48895 579.7931 469.43268195865755 569.4326819586576 409.1380893339877 509.1380893339877
5866 623.48895 579.7931 465.8657154271366 565.8657154271366 400.8291173091274 500.8291173091274
5882 623.48895 579.7931 463.04889913133843 563.0488991313384 393.30112404946493 493.30112404946493
5899 609.48376 573.13293 460.427460199564 560.4274601995639 385.1734160167848 485.1734160167848
5916 595.56616 569.82166 458.1944776869708 558.1944776869708 376.9305179198789 476.9305179198789
5933 595.56616 569.82166 456.35497798067684 556.3549779806768 368.59098431373195 468.59098431373195
5950 582.6878 565.66113 454.91310174796206 554.9131017479621 360.1735872774116 460.1735872774116
5967 582.6878 565.66113 453.8720946157316 553.8720946157316 351.69727415859836 451.69727415859836
5984 566.7009 560.07513 453.23429986469176 553.2342998646918 343.18112492358273 443.18112492358273
6001 566.7009 560.07513 453.0036526131048 553.0036526131048 335.1467028281774 435.1467028281774
6019 554.66895 548.61145 453.0036526131048 553.0036526131048 335.1467028281774 435.1467028281774
6035 554.66895 548.61145 453.0036526131048 553.0036526131048 335.1467028281774 435.1467028281774
