2 666.6391 295.53995 297.6266827034936 468.3766827034936 334.9952018786457 430.9952018786457
17 666.6391 295.53995 297.7465672298508 468.4965672298508 327.460353677165 423.460353677165
35 667.01385 296.03455 298.1401809083458 468.8901809083458 318.4260666429181 414.4260666429181
51 667.01385 296.03455 298.7185140048509 469.4685140048509 310.4087391863609 406.4087391863609
69 667.01385 296.03455 299.62561216007174 470.37561216007174 301.41149255853884 397.41149255853884
85 667.01385 296.03455 300.6592573431978 471.4092573431978 293.44006945149073 389.44006945149073
103 667.01385 296.03455 302.0768999466856 472.8268999466856 284.5090245297676 380.5090245297676
119 667.01385 296.03455 303.56250703184975 474.31250703184975 276.6093422383909 372.6093422383909
136 665.881 294.204 305.37225228130916 476.12225228130916 268.2627764750041 364.2627764750041
153 670.72394 304.5683 307.4188532438116 478.1688532438116 259.9711082224287 355.9711082224287
170 670.72394 304.5683 309.7006512552929 480.4506512552929 251.74105744826687 347.7410574482669
187 672.1132 310.50253 312.21579703666407 482.96579703666407 243.57929418234613 339.57929418234613
205 672.1132 310.50253 315.13096515083794 485.88096515083794 235.0192083877314 331.0192083877314
221 672.7041 312.036 317.93779086333535 488.68779086333535 227.48702821623766 323.48702821623766
239 672.7041 312.036 321.3353713044251 492.0853713044251 219.10671073469888 315.1067107346989
255 675.253 317.65683 324.5662889638151 495.3162889638151 211.74646754616077 307.7464675461608
273 675.253 317.65683 328.4352697116431 499.1852697116431 203.57308012612515 299.57308012612515
290 675.219 317.94424 332.31394874217887 503.06394874217887 195.9641257374746 291.9641257374746
307 675.219 317.94424 336.4076486363828 507.1576486363828 188.46866317091627 284.4686631709163
323 677.2041 318.1247 340.4539940602396 511.2039940602396 181.52322600490484 277.5232260049048
340 677.2041 318.1247 344.9554626662418 515.7054626662418 174.26532559916362 270.2653255991636
358 541.7633 254.49976 349.94484113972976 520.6948411397298 166.72348388819168 262.7234838881917
374 541.7633 254.49976 354.5689124255555 525.3189124255555 160.14853343516307 256.1485334351631
392 541.7633 254.49976 359.9793956887837 530.7293956887837 152.90284887099742 248.90284887099742
408 541.7633 254.49976 364.97014001297055 535.7201400129705 146.601699784777 242.601699784777
425 541.7633 254.49976 370.45573236238414 541.2057323623842 140.05581447516937 236.05581447516937
443 541.7633 254.49976 376.4645815063909 547.2145815063909 133.2980777305462 229.2980777305462
459 541.7633 254.49976 381.9746488335043 552.7246488335043 127.44562809241546 223.44562809241546
477 541.7633 254.49976 388.35832887425113 559.1083288742511 121.04079373995708 217.04079373995708
494 522.6516 246.8071 394.5620474236076 565.3120474236076 115.17102252884061 211.1710225288406
510 522.6516 246.8071 400.5512688483818 571.3012688483818 109.8099372430793 205.8099372430793
527 504.72855 231.62244 407.06973833256984 577.8197383325698 104.29179502905546 200.29179502905546
545 504.72855 231.62244 414.13986122421545 584.8898612242155 98.65383119074559 194.6538311907456
562 492.2078 217.21114 420.97038828338435 591.7203882833844 93.52701560946679 189.5270156094668
579 492.2078 217.21114 427.94408475446505 598.694084754465 88.5967118216947 184.5967118216947
595 484.83725 200.41069 434.6332881070341 605.3832881070341 84.13951907017963 180.13951907017963
613 484.83725 200.41069 442.298267202495 613.048267202495 79.34146014899 175.34146014899
629 484.83725 200.41069 449.2302797509776 619.9802797509776 75.27215913482809 171.2721591348281
647 480.20752 173.88751 457.15588471125693 627.9058847112569 70.91807370173689 166.9180737017369
663 480.20752 173.88751 464.3082388604396 635.0582388604396 67.24985358281685 163.24985358281685
681 480.20752 173.88751 472.4687817222184 643.2187817222184 63.353853820736504 159.3538538207365
697 481.00357 164.74608 479.81829571979983 650.5682957197998 60.09860379723074 156.09860379723074
714 481.00357 164.74608 487.71970164728384 658.4697016472838 56.85698039535282 152.85698039535282
732 481.00357 164.74608 496.18284410284525 666.9328441028453 53.6713103368038 149.6713103368038
748 481.00357 164.74608 503.783255286693 674.533255286693 51.0548702834833 147.0548702834833
765 481.00357 164.74608 511.93238432050157 682.6823843205016 48.49908588318232 144.49908588318232
783 481.00357 164.74608 520.6364292711773 691.3864292711773 46.04696936032366 142.04696936032366
799 481.00357 164.74608 528.4323299341439 699.1823299341439 44.08841336946284 140.08841336946284
816 481.00357 164.74608 536.7697741627716 707.5197741627716 42.23709987763954 138.23709987763954
834 384.80286 131.79686 545.6512683082123 716.4012683082123 40.53641304886645 136.53641304886645
850 307.8423 105.43749 553.585825606595 724.335825606595 39.25001917650059 135.2500191765006
867 307.8423 105.43749 562.0508042831839 732.8008042831839 38.116672841359446 134.11667284135945
884 307.8423 105.43749 570.5446140026227 741.2946140026227 37.2247455122278 133.2247455122278
901 246.27383 84.35 579.0603709721212 749.8103709721212 36.574960050003085 132.57496005000309
918 246.27383 84.35 587.5911736117806 758.3411736117806 36.167843072143 132.167843072143
936 197.01907 67.48 596.6325037720162 767.3825037720162 36.00164175242986 132.00164175242986
952 197.01907 67.48 604.6702542165596 775.4202542165596 36.08273742076125 132.08273742076125
969 197.01907 67.48 613.2046904715623 783.9546904715623 36.40481772096149 132.4048177209615
987 157.61526 53.984005 622.2272422323567 792.9772422323567 37.01048567359351 133.0104856735935
1003 126.09222 43.187206 630.2287768999744 800.9787768999744 37.77693963769889 133.7769396376989
1020 100.87377 34.549767 638.7046299331981 809.4546299331981 38.82586922049978 134.82586922049978
1037 80.69902 27.639814 647.1471900543268 817.8971900543268 40.115643042381976 136.11564304238198
1055 80.69902 27.639814 656.0424796955454 826.7924796955454 41.74263294520472 137.74263294520472
1071 80.69902 27.639814 663.9050950571935 834.6550950571935 43.41334787928315 139.41334787928315
1088 64.55922 22.111853 672.2068585250034 842.9568585250034 45.41860627535635 141.41860627535635
1105 64.55922 22.111853 680.4481772598931 851.1981772598931 47.65936583863811 143.6593658386381
1122 51.647377 17.689482 688.6223720999366 859.3723720999366 50.133810549576026 146.13381054957603
1139 51.647377 17.689482 696.7228182836474 867.4728182836474 52.839934998910564 148.83993499891056
1156 51.647377 17.689482 704.742950819005 875.492950819005 55.77554601295549 151.7755460129555
1173 41.3179 14.151586 712.6762698040402 883.4262698040402 58.93826443105149 154.9382644310515
1190 33.05432 11.321269 720.5163456946693 891.2663456946693 62.32552703375262 158.32552703375262
1207 33.05432 11.321269 728.2568245155068 899.0068245155068 65.93458862018292 161.93458862018292
1224 26.443457 9.057015 735.8914330094331 906.6414330094331 69.76252423287974 165.76252423287974
1242 21.154766 7.2456126 743.8528662476037 914.6028662476037 74.05074702783952 170.05074702783952
1259 21.154766 7.2456126 751.2501244418916 922.0001244418916 78.31934271231506 174.31934271231506
1276 21.154766 7.2456126 758.5228774307536 929.2728774307536 82.79677522140798 178.79677522140798
1292 21.154766 7.2456126 765.2488064458005 935.9988064458005 87.19835307494287 183.19835307494287
1310 21.154766 7.2456126 772.671396715908 943.421396715908 92.36346949445999 188.36346949446
1326 21.154766 7.2456126 779.1359413283826 949.8859413283826 97.14067282585665 193.14067282585665
1343 21.154766 7.2456126 785.8616359705578 956.6116359705578 102.40426185718263 198.40426185718263
1360 16.923813 5.79649 792.434774570124 963.184774570124 107.85716813378187 203.85716813378187
1378 13.53905 4.6371922 799.2223693489477 969.9723693489477 113.83226905874935 209.83226905874935
1394 10.831241 3.7097538 805.1022028442499 975.8522028442499 119.31310538030687 215.31310538030687
1411 10.831241 3.7097538 811.1862262243785 981.9362262243785 125.30685190652298 221.30685190652298
1429 8.664992 2.967803 817.4393786828404 988.1893786828404 131.83918367062486 227.83918367062486
1445 6.931994 2.3742425 822.8302415379586 993.5802415379586 137.80161659632608 233.80161659632608
1462 6.931994 2.3742425 828.3807966001699 999.1307966001699 144.29250840037312 240.29250840037312
1479 5.545595 1.899394 833.7443360426164 1004.4943360426164 150.93876919572267 246.93876919572267
1497 5.545595 1.899394 839.2147089352587 1009.9647089352587 158.13934516994212 254.13934516994212
1513 4.436476 1.5195153 843.8931356740757 1014.6431356740757 164.675730406883 260.67573040688296
1530 4.436476 1.5195153 848.6701707867052 1019.4201707867052 171.7552977272204 267.7552977272204
1547 4.436476 1.5195153 853.2437467928016 1023.9937467928016 178.96797687071094 274.9679768707109
1564 3.549181 1.2156123 857.6101570459276 1028.3601570459277 186.30792233453255 282.3079223345326
1581 3.549181 1.2156123 861.7658627967578 1032.5158627967578 193.76918547310373 289.76918547310373
1598 2.8393447 0.97248983 865.7074960610505 1036.4574960610505 201.34571931915121 297.3457193191512
1615 2.2714758 0.7779919 869.4318623492258 1040.1818623492259 209.03138348446487 305.03138348446487
1632 2.2714758 0.7779919 872.9359432553329 1043.6859432553329 216.8199491363638 312.8199491363638
1649 2.2714758 0.7779919 876.2168989033121 1046.966898903312 224.7051040458423 320.7051040458423
1666 2.2714758 0.7779919 879.2720702485676 1050.0220702485676 232.6804577033056 328.6804577033056
1684 2.2714758 0.7779919 882.2581117598017 1053.0081117598017 241.21607894831448 337.2160789483145
1700 2.2714758 0.7779919 884.6953407916484 1055.4453407916485 248.87583895516212 344.8758389551621
1717 262.61792 78.53048 887.0590447096293 1057.8090447096292 257.08274103198784 353.08274103198784
1734 262.61792 78.53048 889.1881773273444 1059.9381773273444 265.35360145921436 361.35360145921436
1751 335.19724 98.51598 891.0810130930984 1061.8310130930984 273.6817171329047 369.6817171329047
1768 335.19724 98.51598 892.7360179615537 1063.4860179615537 282.0603385467098 378.0603385467098
1786 394.06354 115.15311 894.2276611419293 1064.9776611419293 290.97932248926173 386.97932248926173
1802 394.06354 115.15311 895.3273636603816 1066.0773636603817 298.94190141113677 394.94190141113677
1819 463.0277 145.19067 896.2616043392997 1067.0116043392995 307.4311612295389 403.4311612295389
1836 463.0277 145.19067 896.9538155200738 1067.703815520074 315.9435746118702 411.9435746118702
1853 509.02072 184.13084 897.4034362013994 1068.1534362013995 324.4722426880359 420.4722426880359
1870 509.02072 184.13084 897.6101019890048 1068.3601019890048 333.01025341435343 429.01025341435343
1887 537.4159 217.13016 897.5736453909749 1068.323645390975 341.5506871754069 437.5506871754069
1904 537.4159 217.13016 897.2940959534936 1068.0440959534935 350.08662239203596 446.08662239203596
1921 561.07825 247.75665 896.7716802368993 1067.5216802368993 358.6111411309172 454.6111411309172
1938 561.07825 247.75665 896.0068216320687 1066.7568216320687 367.1173347111916 463.1173347111916
1955 580.4055 271.25058 895.0001400172805 1065.7501400172805 375.5983093035911 471.5983093035911
1972 580.4055 271.25058 893.7524512558361 1064.5024512558361 384.04719151753216 480.04719151753216
1989 593.4884 284.89627 892.2647665348454 1063.0147665348454 392.4571339716405 488.4571339716405
2006 474.79074 227.91702 890.5382915457113 1061.2882915457112 400.8213208432003 496.8213208432003
2023 474.79074 227.91702 888.5744255069792 1059.3244255069792 409.13297339202586 505.13297339202586
2041 474.79074 227.91702 886.2380618516396 1056.9880618516395 417.86880070345273 513.8688007034527
2057 512.47314 254.76762 883.9410778307275 1054.6910778307274 425.5717789017766 521.5717789017766
2075 512.47314 254.76762 881.1113627748334 1051.8613627748334 434.1604916486035 530.1604916486035
2091 540.3945 271.19177 878.3797408159044 1049.1297408159044 441.7202700970553 537.7202700970553
2108 540.3945 271.19177 875.2565931762647 1046.0065931762647 449.6692503292295 545.6692503292295
2125 562.81586 284.12994 871.9084395119482 1042.6584395119482 457.52610752219204 553.526107522192
2142 562.81586 284.12994 868.3379933280626 1039.0879933280626 465.2844741001809 561.2844741001809
2160 579.8677 291.4977 864.3184484911064 1035.0684484911064 473.3848773771026 569.3848773771026
2176 579.8677 291.4977 860.5419758597092 1031.291975859709 480.4806693117979 576.4806693117979
2193 594.678 296.8023 856.3227228435584 1027.0727228435585 487.90618221638465 583.9061822163847
2211 608.0045 311.3179 851.6268309919924 1022.3768309919924 495.63417507762983 591.6341750776298
2228 608.0045 311.3179 846.9798386747549 1017.7298386747549 502.79977346953126 598.7997734695313
2244 620.6186 312.51538 842.4215218060378 1013.1715218060378 509.42048008140796 605.420480081408
2261 620.6186 312.51538 837.3858258058228 1008.1358258058228 516.3184583144773 612.3184583144773
2279 620.6186 312.51538 831.8422069588121 1002.5922069588121 523.4627962141102 619.4627962141102
2295 628.4783 322.7603 826.7357312689596 997.4857312689596 529.6705264551181 625.6705264551181
2313 628.4783 322.7603 820.794526925818 991.544526925818 536.4878107309933 632.4878107309933
2329 634.99866 335.4735 815.3430576999276 986.0930576999276 542.394882086187 638.394882086187
2346 634.99866 335.4735 809.379702109853 980.129702109853 548.5086966087915 644.5086966087915
2363 638.9449 345.78152 803.2447303028227 973.9947303028227 554.4502838409564 650.4502838409564
2381 643.3154 346.0602 796.5673499372441 967.3173499372441 560.5483052740481 656.5483052740481
2397 643.3154 346.0602 790.4799614017456 961.2299614017456 565.7976585231695 661.7976585231695
2415 648.0152 344.35782 783.4663765564474 954.2163765564474 571.5058019659065 667.5058019659065
2431 648.0152 344.35782 777.0901233483269 947.8401233483269 576.4002277485814 672.4002277485814
2449 518.4122 275.48627 769.7630660054275 940.5130660054275 581.6999923319313 677.6999923319313
2465 518.4122 275.48627 763.1186144283101 933.8686144283101 586.2236271487043 682.2236271487043
2483 414.72974 220.38902 755.5018325769166 926.2518325769166 591.0978356150445 687.0978356150445
2499 414.72974 220.38902 748.6107182018081 919.3607182018081 595.2360177503971 691.2360177503971
2516 331.78378 176.31122 741.17025546435 911.92025546435 599.4288511793545 695.4288511793545
2534 331.78378 176.31122 733.1654466713042 903.9154466713042 603.6355494252274 699.6355494252274
2550 265.42703 141.04898 725.9464464020558 896.6964464020558 607.1708066759479 703.1708066759479
2568 265.42703 141.04898 717.7152155588545 888.4652155588545 610.9151507775223 706.9151507775223
2584 212.34163 112.83919 710.3067300841386 881.0567300841386 614.0338607170812 710.0338607170812
2602 212.34163 112.83919 701.8757557291436 872.6257557291436 617.3037147460062 713.3037147460062
2618 169.8733 90.271355 694.3017969577133 865.0517969577133 619.9957692114392 715.9957692114392
2636 169.8733 90.271355 685.6984050251664 856.4484050251664 622.7805351262059 718.7805351262059
2652 135.89865 72.21709 677.9835211872297 848.7335211872297 625.0372088029525 721.0372088029525
2669 135.89865 72.21709 669.7233728534557 840.4733728534557 627.2075284601758 723.2075284601758
2686 135.89865 72.21709 661.4047925232513 832.1547925232513 629.1418395004217 725.1418395004217
2703 135.89865 72.21709 653.0345219750633 823.7845219750633 630.8385742647915 726.8385742647915
2720 108.718925 57.77367 644.6193448795832 815.3693448795832 632.296357637651 728.296357637651
2738 86.97514 46.218937 635.6677906981013 806.4177906981013 633.5781344048996 729.5781344048996
2754 69.58012 36.97515 627.6815821743512 798.4315821743512 634.4905389924386 730.4905389924386
2771 55.664093 29.580122 619.1727237438794 789.9227237438794 635.2251587040392 731.2251587040392
2788 55.664093 29.580122 610.6464019995067 781.3964019995067 635.7172719246712 731.7172719246712
2806 55.664093 29.580122 601.607177164819 772.357177164819 635.9735692774082 731.9735692774082
2822 44.531277 23.664099 593.5690176902656 764.3190176902656 635.9725804261168 731.9725804261168
2839 44.531277 23.664099 585.0317954607539 755.7817954607539 635.7355687926154 731.7355687926154
2857 35.625023 18.93128 576.0036557812324 746.7536557812324 635.2198480618783 731.2198480618783
2873 35.625023 18.93128 567.9948801263789 738.7448801263789 634.5331740297464 730.5331740297464
2890 28.50002 15.145024 559.5089945588649 730.2589945588649 633.5687653790487 729.5687653790487
2908 28.50002 15.145024 550.5577560156919 721.3077560156919 632.2847862171152 728.2847862171152
2924 28.50002 15.145024 542.6367489028069 713.3867489028069 630.9174329219486 726.9174329219486
2941 28.50002 15.145024 534.2640628953682 705.0140628953682 629.232657883161 725.232657883161
2958 18.240013 9.692816 525.9427276452934 696.6927276452934 627.3102329649023 723.3102329649023
2975 18.240013 9.692816 517.6794871637487 688.4294871637487 625.1517161929854 721.1517161929854
2992 14.5920105 7.754253 509.48103837910116 680.2310383791012 622.7588569334407 718.7588569334407
3009 14.5920105 7.754253 501.3540257094023 672.1040257094023 620.1335944747455 716.1335944747455
3026 14.5920105 7.754253 493.3050356774336 664.0550356774336 617.278056456131 713.278056456131
3043 14.5920105 7.754253 485.3405915726703 656.0905915726703 614.1945571432422 710.1945571432422
3060 14.5920105 7.754253 477.46714816449344 648.2171481644934 610.8855955525434 706.8855955525434
3077 14.5920105 7.754253 469.691086470933 640.441086470933 607.3538534259965 703.3538534259965
3094 14.5920105 7.754253 462.0187085871838 632.7687085871838 603.6021930576474 699.6021930576474
3111 150.0572 80.1156 454.4562325780845 625.2062325780845 599.6336549738851 695.6336549738851
3129 339.69562 179.83066 446.5755041384623 617.3255041384623 595.1988614943655 691.1988614943655
3145 339.69562 179.83066 439.68540812706976 610.4354081270698 591.058983999804 687.058983999804
3162 404.02332 215.31113 432.4890306732291 603.2390306732291 586.4598004361334 682.4598004361334
3179 457.4859 246.68042 425.4264873683203 596.1764873683203 581.6576321782761 677.6576321782761
3196 457.4859 246.68042 418.50350203784535 589.2535020378454 576.6563711348483 672.6563711348483
3213 457.4859 246.68042 411.72568540279684 582.4756854027969 571.4600705688548 667.4600705688548
3230 457.4859 246.68042 405.09853053246013 575.8485305324601 566.0729418127313 662.0729418127313
3247 457.4859 246.68042 398.6274083925641 569.3774083925641 560.4993508552757 656.4993508552757
3264 457.4859 246.68042 392.31756349239276 563.0675634923928 554.7438148032415 650.7438148032415
3282 457.4859 246.68042 385.818018823778 556.568018823778 548.4565902131905 644.4565902131905
3299 457.4859 246.68042 379.8561676524065 550.6061676524065 542.3413086562304 638.3413086562304
3316 457.4859 246.68042 374.0708068390105 544.8208068390105 536.0587981572892 632.0587981572892
3332 498.54486 268.38547 368.7911854693228 539.5411854693227 529.9976425819129 625.9976425819129
3350 498.54486 268.38547 363.0481643908829 533.7981643908829 523.0125883346178 619.0125883346178
3366 531.861 283.92633 358.12202667636814 528.8720266763681 516.6608030789737 612.6608030789737
3383 560.38275 297.88202 353.07648117741576 523.8264811774158 509.7700260162269 605.7700260162269
3400 560.38275 297.88202 348.2291295851123 518.9791295851123 502.7384173488538 598.7384173488538
3417 448.3062 238.30562 343.58390042682595 514.333900426826 495.5716758314352 591.5716758314352
3434 448.3062 238.30562 339.144558420162 509.894558420162 488.2756097367269 584.2756097367269
3451 358.645 190.6445 334.91470142185455 505.66470142185455 480.85613214835485 576.8561321483548
3469 358.645 190.6445 330.668167657697 501.418167657697 472.8723845988062 568.8723845988062
3485 358.645 190.6445 327.0969822152257 497.8469822152257 465.6710900449318 561.6710900449318
3502 286.916 152.51561 323.5154558633554 494.2654558633554 457.9178322199049 553.9178322199049
3520 286.916 152.51561 319.9654481323775 490.7154481323775 449.60093862583636 545.6009386258363
3537 361.4491 194.19525 316.8442563482289 487.5942563482289 441.6511902174244 537.6511902174244
3554 422.89017 225.1561 313.9506228120883 484.7006228120883 433.61581699217805 529.615816992178
3570 422.89017 225.1561 311.4371790087004 482.1871790087004 425.9807263598813 521.9807263598814
3588 474.6637 248.9544 308.85522471939606 479.60522471939606 417.31430922285153 513.3143092228515
3604 474.6637 248.9544 306.780351140146 477.530351140146 409.5485569510936 505.5485569510936
3621 515.8864 270.8037 304.80461285468476 475.55461285468476 401.23971851615926 497.23971851615926
3638 515.8864 270.8037 303.06619032461737 473.81619032461737 392.87800666884965 488.87800666884965
3655 548.32996 289.20203 301.5664924513526 472.3164924513526 384.4701981434725 480.4701981434725
3672 548.32996 289.20203 300.30673466233077 471.05673466233077 376.02310703330426 472.02310703330426
3689 576.30414 303.008 299.28793792598333 470.03793792598333 367.5435792681223 463.5435792681223
3706 576.30414 303.008 298.5109279242903 469.2609279242903 359.03848706593226 455.03848706593226
3724 599.30164 309.86005 297.95244725508564 468.70244725508564 350.0128916126015 446.0128916126015
3740 614.0628 317.63763 297.68459056430925 468.43459056430925 341.9791962294431 437.9791962294431
3758 614.0628 317.63763 417.6579818975829 588.4079818975829 332.55436575878036 428.55436575878036
3774 627.1273 326.25208 417.99123095517183 588.7412309551719 324.5235450269113 420.5235450269113
3791 627.1273 326.25208 418.73774721758974 589.4877472175897 316.01623679178385 412.01623679178385
3808 627.1273 326.25208 419.88693415828243 590.6369341582824 307.553911501838 403.553911501838
3825 637.4712 331.72415 421.43620498653286 592.1862049865329 299.15561763711503 395.15561763711503
3842 637.4712 331.72415 423.3820723329198 594.1320723329197 290.84025954453836 386.84025954453836
3859 645.5859 334.87756 425.72015609929747 596.4701560992975 282.62655488470796 378.62655488470796
3877 645.5859 334.87756 428.61741332353733 599.3674133235373 274.0610328969076 370.0610328969076
3894 652.9947 325.61652 431.7454617306055 602.4954617306055 266.1145309557668 362.1145309557668
3910 652.9947 325.61652 435.03073493989234 605.7807349398923 258.7788567193968 354.7788567193968
3927 655.6207 317.35403 438.876415455004 609.626415455004 251.15374548655507 347.15374548655507
3944 655.6207 317.35403 443.0794350159092 613.8294350159092 243.71962102511617 339.71962102511617
3961 660.4496 312.88318 447.6303327319572 618.3803327319572 236.49321736108072 332.4932173610807
3978 663.3423 309.3192 452.518864647575 623.268864647575 229.49080094619188 325.4908009461919
3996 663.3423 309.3192 458.0507256503695 628.8007256503695 222.33812451057264 318.33812451057264
4013 663.3423 309.3192 463.5989209792019 634.3489209792019 215.84589003154827 311.84589003154827
4029 666.89954 306.0473 469.09657621838664 639.8465762183866 209.98236520147657 305.98236520147657
4046 666.89954 306.0473 475.21838667089924 645.9683866708992 204.0279536670738 300.0279536670738
4064 671.3277 300.03836 482.00032161194906 652.7503216119491 198.0473496171248 294.04734961712484
4081 671.3277 300.03836 488.6736998190197 659.4236998190197 192.7184094558065 288.7184094558065
4097 673.33435 298.07733 495.1788343096449 665.9288343096449 187.9973542961332 283.9973542961332
4114 676.27637 296.79193 502.31406246496294 673.064062464963 183.30479645322103 279.304796453221
4131 676.27637 296.79193 509.66383312829794 680.4138331282979 178.95595164869005 274.9559516486901
4149 676.27637 296.79193 517.6613936238961 688.4113936238961 174.73679385759596 270.73679385759596
4165 676.27637 296.79193 524.9403796987771 695.6903796987771 171.32776198864897 267.32776198864894
4182 676.27637 296.79193 532.8327684862486 703.5827684862486 168.06558799499004 264.06558799499004
4199 676.27637 296.79193 540.8710029469295 711.6210029469295 165.1814301122385 261.1814301122385
4216 683.58673 296.0133 549.0369892185008 719.7869892185008 162.68178050678887 258.68178050678887
4233 681.0714 292.64795 557.3123458725511 728.0623458725511 160.57226582663537 256.5722658266354
4250 681.798 293.35605 565.678445290706 736.428445290706 158.85763453593017 254.85763453593017
4268 681.798 293.35605 574.6146433324445 745.3646433324445 157.4768264733346 253.4768264733346
4284 685.53644 293.46133 582.6073830375866 753.3573830375866 156.6275629290547 252.6275629290547
4301 685.53644 293.46133 591.132114755926 761.882114755926 156.1171424476271 252.1171424476271
4319 684.8379 289.47235 600.1738207000526 770.9238207000526 156.01804670179018 252.01804670179018
4335 684.8379 289.47235 608.206202299593 778.956202299593 156.31127426047263 252.31127426047263
4352 680.97687 286.09818 616.7171247860152 787.4671247860152 157.01538956894865 253.01538956894865
4369 680.97687 286.09818 625.1850713827765 795.9350713827765 158.12239470530233 254.12239470530233
4386 678.18604 289.61676 633.5909809564164 804.3409809564164 159.6297978289907 255.6297978289907
4403 678.18604 289.61676 641.9159320172428 812.6659320172428 161.53420581373558 257.5342058137356
4420 680.07806 283.87732 650.1411853111272 820.8911853111272 163.83133188536496 259.831331885365
4437 680.07806 283.87732 658.2482260010909 828.9982260010909 166.5160052712332 262.5160052712332
4454 677.157 284.66595 666.2188053437343 836.9688053437343 169.58218283949915 265.5821828394992
4472 677.157 284.66595 674.4895705675439 845.2395705675439 173.23686599396328 269.2368659939633
4488 677.157 284.66595 681.6791612546845 852.4291612546845 176.83059975054408 272.8305997505441
4505 677.157 284.66595 689.1341369531456 859.8841369531456 180.99652309031762 276.9965230903176
4522 677.157 284.66595 696.3831279004737 867.1331279004737 185.51135533338842 281.51135533338845
4539 678.2055 287.6658 703.4098168015221 874.1598168015221 190.36493370665013 286.36493370665016
4556 676.491 287.7892 710.1983867574248 880.9483867574248 195.54633292803192 291.5463329280319
4574 676.491 287.7892 717.1097699331881 887.8597699331881 201.3768602579292 297.3768602579292
4590 675.7146 286.25623 723.0006166338345 893.7506166338345 206.8452294582745 302.8452294582745
4608 675.7146 286.25623 729.3284286327194 900.0784286327194 213.30441374529323 309.30441374529323
4624 674.94794 282.98898 734.6746124154753 905.4246124154753 219.30636805391646 315.30636805391646
4641 674.94794 282.98898 740.0552705632856 910.8052705632856 225.93811728273374 321.93811728273374
4659 676.3117 286.31628 745.4027404132385 916.1527404132385 233.2296762758943 329.2296762758943
4675 676.3117 286.31628 749.8433760095571 920.5933760095571 239.9293697063817 335.9293697063817
4692 674.5273 280.2786 754.2287905304013 924.9787905304013 247.25737894613326 343.25737894613326
4709 676.11475 280.52908 758.2616938824929 929.0116938824929 254.78514557975075 350.78514557975075
4727 676.11475 280.52908 762.1375264313018 932.8875264313018 262.95461241672945 358.95461241672945
4743 675.766 281.23877 765.2344691549205 935.9844691549205 270.3717602734482 366.3717602734482
4760 675.766 281.23877 768.1586455346032 938.9086455346032 278.3955232583588 374.3955232583588
4777 675.93396 280.11862 770.6989549944915 941.4489549944915 286.5489524624127 382.5489524624127
4794 675.93396 280.11862 772.8496793622878 943.5996793622878 294.8136947228397 390.8136947228397
4812 675.93396 280.11862 774.6969169040786 945.4469169040786 303.6652471183856 399.6652471183856
4828 674.5424 279.6529 775.9638957607996 946.7138957607996 311.60249482388303 407.60249482388303
4846 674.5424 279.6529 776.9640893640834 947.7140893640834 320.5892561483454 416.5892561483454
4862 674.5424 279.6529 777.47327042036 948.22327042036 328.6108439720703 424.6108439720703
4879 674.5424 279.6529 777.6213291668411 948.3713291668411 337.1495592469291 433.1495592469291
4896 674.5424 279.6529 777.3642207321774 948.1142207321774 345.68568689301895 441.68568689301895
4913 674.9831 305.83844 776.7025238609478 947.4525238609478 354.200012303063 450.200012303063
4931 674.9831 305.83844 775.5625863875596 946.3125863875596 363.1701187073185 459.1701187073185
4947 678.31165 311.91913 774.1722300260149 944.9222300260149 371.0866865084376 467.0866865084376
4965 678.31165 311.91913 772.1874555236557 942.9374555236557 379.90841743392417 475.90841743392417
4982 678.85504 315.97894 769.9083637432075 940.6583637432075 388.13868599538773 484.13868599538773
4998 678.85504 315.97894 767.4089744590015 938.1589744590015 395.77793921594457 491.77793921594457
5016 681.6011 318.32993 764.1927668269823 934.9427668269823 404.2288725853804 500.2288725853804
5033 681.6011 318.32993 760.7691273551981 931.5191273551981 412.05257201114836 508.05257201114836
5049 684.85876 320.88846 757.2112637502574 927.9612637502574 419.25998091660404 515.259980916604
5066 684.85876 320.88846 753.0825400722103 923.8325400722103 426.73562274375536 522.7356227437554
5084 684.9815 323.15958 748.3297491910079 919.0797491910079 434.4280375262833 530.4280375262833
5100 684.9815 323.15958 743.7853810904619 914.5353810904619 441.057807893992 537.057807893992
5118 682.67474 322.16965 738.3250770999266 909.0750770999266 448.265258669255 544.265258669255
5135 682.67474 322.16965 732.8418577475671 903.5918577475671 454.81246307048013 550.8124630704801
5151 681.6932 321.97424 727.4029103666112 898.1529103666112 460.73048537096236 556.7304853709624
5169 681.6932 321.97424 720.9753375862501 891.7253375862501 467.09040474938706 563.0904047493871
5186 683.73303 322.34634 714.618748013828 885.368748013828 472.79350469111057 568.7935046911106
5202 683.73303 322.34634 708.3952424593289 879.1452424593289 477.8800669068827 573.8800669068827
5219 686.1886 325.604 701.5410462255444 872.2910462255444 482.9743356401059 578.9743356401059
5236 686.1886 325.604 694.4529376018812 865.2029376018812 487.73776886380733 583.7377688638073
5253 684.92645 329.12244 687.1468717414465 857.8968717414465 492.15964421036574 588.1596442103657
5271 682.7209 331.11328 679.1917557803298 849.9417557803298 496.45829474187997 592.45829474188
5288 682.7209 331.11328 671.489242169551 842.239242169551 500.14650081167713 596.1465008116771
5304 682.7209 331.11328 664.0876183788416 834.8376183788416 503.28036453280606 599.2803645328061
5321 683.83655 329.51114 656.0785261011198 826.8285261011198 506.2444868016163 602.2444868016163
5338 683.83655 329.51114 647.9378564156366 818.6878564156366 508.8253930396211 604.8253930396211
5355 682.4546 334.6582 639.6839337638094 810.4339337638094 511.01727369220305 607.017273692203
5372 682.4546 334.6582 631.335337516615 802.085337516615 512.8151948914908 608.8151948914908
5390 682.75476 331.63403 622.413344134101 793.163344134101 514.2849909417206 610.2849909417206
5407 682.75476 331.63403 613.9291943374132 784.6791943374132 515.2600715357657 611.2600715357657
5423 680.75256 321.21298 605.9102433377668 776.6602433377668 515.8092176247758 611.8092176247758
5440 680.75256 321.21298 597.3723718445073 768.1223718445073 515.9998227193989 611.9998227193989
5458 679.1779 311.32312 588.3333032838261 759.0833032838261 515.7600188365996 611.7600188365996
5475 679.1779 311.32312 579.8175479661336 750.5675479661336 515.1169859395293 611.1169859395293
5491 679.0941 314.64404 571.8389937950213 742.5889937950213 514.1434306506889 610.1434306506889
5508 678.98285 318.2873 563.4184791480179 734.1684791480179 512.7198741828516 608.7198741828516
5525 678.98285 318.2873 555.0749625136663 725.8249625136663 510.8985257511097 606.8985257511097
5543 678.7543 321.23016 546.3454446332313 717.0954446332313 508.5410304866251 604.5410304866251
5560 678.7543 321.23016 538.2193505800357 708.9693505800357 505.9145927134932 601.9145927134932
5576 678.7543 321.23016 530.6930913626405 701.4430913626405 503.0931464966776 599.0931464966776
5594 679.3561 322.67435 522.3863149437265 693.1363149437265 499.5210698075416 595.5210698075416
5610 679.3561 322.67435 515.1612667811617 685.9112667811617 495.99916469660786 591.9991646966079
5627 676.57996 320.67172 507.6651444467964 678.4151444467964 491.90774319720856 587.9077431972086
5644 676.57996 320.67172 500.37151947034613 671.1215194703461 487.4653773139863 583.4653773139863
5661 677.6113 324.16116 493.29680961702684 664.0468096170268 482.6820667001052 578.6820667001052
5679 677.39935 325.27936 486.06223977640286 656.8122397764029 477.25774503117407 573.2577450311741
5695 677.39935 325.27936 479.86730663188473 650.6173066318847 472.13642294632587 568.1364229463259
5712 677.8003 326.97684 473.54274297137306 644.2927429713731 466.3978277836013 562.3978277836013
5730 677.8003 326.97684 467.15087413130334 637.9008741313033 460.00202610763864 556.0020261076386
5746 678.8928 328.41132 461.7451414322254 632.4951414322254 454.0536489719888 550.0536489719889
5764 678.8928 328.41132 455.98806905859533 626.7380690585953 447.0809605355471 543.0809605355471
5781 677.4186 330.17496 450.87878898296606 621.6287889829661 440.23794679551276 536.2379467955127
5797 677.4186 330.17496 446.37160595691194 617.1216059569119 433.58284065575424 529.5828406557542
5814 676.0821 322.3329 441.9133795805666 612.6633795805666 426.29889958551144 522.2988995855114
5831 676.0821 322.3329 437.80565612063515 608.5556561206351 418.8116979778178 514.8116979778179
5848 676.0821 322.3329 434.05768195865755 604.8076819586576 411.1380893339877 507.1380893339877
5866 673.1877 315.29626 430.4907154271366 601.2407154271366 402.8291173091274 498.8291173091274
5882 672.69885 319.97305 427.67389913133843 598.4238991313384 395.30112404946493 491.30112404946493
5899 672.69885 319.97305 425.052460199564 595.8024601995639 387.1734160167848 483.1734160167848
5917 674.61993 323.4707 422.70033489037223 593.4503348903722 378.44244969702606 474.44244969702606
5934 674.61993 323.4707 420.8841188838897 591.6341188838896 370.0978143331939 466.0978143331939
5950 674.2613 324.26428 419.53810174796206 590.2881017479621 362.1735872774116 458.1735872774116
5967 674.2613 324.26428 418.4970946157316 589.2470946157316 353.69727415859836 449.69727415859836
5984 674.1396 326.7104 417.85929986469176 588.6092998646918 345.18112492358273 441.18112492358273
6002 674.1396 326.7104 417.6286526131048 588.3786526131048 337.1467028281774 433.1467028281774
