0 413.98334 650.76056 297.625 468.375 336.0 432.0
17 413.98334 650.76056 297.7465672298508 468.4965672298508 327.460353677165 423.460353677165
34 403.45032 640.0725 298.1111703954607 468.8611703954607 318.92762829531256 414.92762829531256
51 403.45032 640.0725 298.7185140048509 469.4685140048509 310.4087391863609 406.4087391863609
68 394.4192 639.9533 299.56810583748677 470.31810583748677 301.91059046864586 397.91059046864586
85 394.4192 639.9533 300.6592573431978 471.4092573431978 293.44006945149073 389.44006945149073
102 400.47958 638.2749 301.9910842002114 472.7410842002114 285.00404105339845 381.00404105339845
119 410.94012 636.7069 303.56250703184975 474.31250703184975 276.6093422383909 372.6093422383909
137 410.94012 636.7069 305.4860993111701 476.2360993111701 267.7734457537099 363.7734457537099
153 439.54556 637.92804 307.4188532438116 478.1688532438116 259.9711082224287 355.9711082224287
170 439.54556 637.92804 309.7006512552929 480.4506512552929 251.74105744826687 347.7410574482669
187 480.72827 634.6859 312.21579703666407 482.96579703666407 243.57929418234613 339.57929418234613
204 480.72827 634.6859 314.9622521925565 485.7122521925565 235.4924331110061 331.4924331110061
221 504.2978 629.18854 317.93779086333535 488.68779086333535 227.48702821623766 323.48702821623766
239 504.2978 629.18854 321.3353713044251 492.0853713044251 219.10671073469888 315.1067107346989
255 524.35364 622.22473 324.5662889638151 495.3162889638151 211.74646754616077 307.7464675461608
272 524.35364 622.22473 328.2138763391684 498.9638763391684 204.0240686798987 300.02406867989873
289 524.35364 622.22473 332.0798074744846 502.8298074744846 196.40862946948707 292.4086294694871
306 537.40717 629.30634 336.16094923283765 506.91094923283765 188.90632183391858 284.9063218339186
323 551.5936 633.9851 340.4539940602396 511.2039940602396 181.52322600490484 277.5232260049048
340 551.5936 633.9851 344.9554626662418 515.7054626662418 174.26532559916362 270.2653255991636
357 550.7575 632.46564 349.6617068437197 520.4117068437197 167.13850276900726 263.13850276900723
374 550.7575 632.46564 354.5689124255555 525.3189124255555 160.14853343516307 256.1485334351631
392 560.107 638.6435 359.9793956887837 530.7293956887837 152.90284887099742 248.90284887099742
408 560.107 638.6435 364.97014001297055 535.7201400129705 146.601699784777 242.601699784777
425 559.90967 641.75397 370.45573236238414 541.2057323623842 140.05581447516937 236.05581447516937
442 559.90967 641.75397 376.12543363562395 546.875433635624 133.66873177782583 229.66873177782583
459 558.53186 642.29156 381.9746488335043 552.7246488335043 127.44562809241546 223.44562809241546
476 558.53186 642.29156 387.9986374701024 558.7486374701024 121.39154692211227 217.39154692211227
493 498.20517 648.9852 394.1925174146769 564.9425174146769 115.51139478609738 211.51139478609738
510 498.20517 648.9852 400.5512688483818 571.3012688483818 109.8099372430793 205.8099372430793
527 496.96002 634.9747 407.06973833256984 577.8197383325698 104.29179502905546 200.29179502905546
544 496.96002 634.9747 413.7426429853873 584.4926429853873 98.96144031244515 194.96144031244515
561 478.22183 636.5303 420.564574763276 591.314574763276 93.82319306962836 189.82319306962836
578 478.22183 636.5303 427.53000484391305 598.280004843913 88.88121758382923 184.88121758382923
595 470.4044 636.02954 434.6332881070341 605.3832881070341 84.13951907017963 180.13951907017963
612 470.4044 636.02954 441.86866770951156 612.6186677095116 79.60194042970028 175.60194042970028
629 458.55463 639.19 449.2302797509776 619.9802797509776 75.27215913482809 171.2721591348281
647 458.55463 639.19 457.15588471125693 627.9058847112569 70.91807370173689 166.9180737017369
663 439.5373 645.3698 464.3082388604396 635.0582388604396 67.24985358281685 163.24985358281685
680 439.5373 645.3698 472.0123660236304 642.7623660236304 63.563830988764266 159.56383098876427
697 469.24686 634.6324 479.81829571979983 650.5682957197998 60.09860379723074 156.09860379723074
714 461.713 637.01843 487.71970164728384 658.4697016472838 56.85698039535282 152.85698039535282
731 461.713 637.01843 495.7101801258791 666.4601801258791 53.84158795097835 149.84158795097835
748 457.0047 637.78424 503.783255286693 674.533255286693 51.0548702834833 147.0548702834833
765 457.0047 637.78424 511.93238432050157 682.6823843205016 48.49908588318232 144.49908588318232
782 480.77774 639.18787 520.1509627803556 690.9009627803556 46.176306080939696 142.1763060809397
799 480.77774 639.18787 528.4323299341439 699.1823299341439 44.08841336946284 140.08841336946284
816 480.77774 639.18787 536.7697741627716 707.5197741627716 42.23709987763954 138.23709987763954
833 467.2043 634.1598 545.156538399579 715.906538399579 40.62386599915499 136.623865999155
850 467.2043 634.1598 553.585825606595 724.335825606595 39.25001917650059 135.2500191765006
867 453.71408 634.68036 562.0508042831839 732.8008042831839 38.116672841359446 134.11667284135945
884 453.71408 634.68036 570.5446140026227 741.2946140026227 37.2247455122278 133.2247455122278
901 457.05426 632.3218 579.0603709721212 749.8103709721212 36.574960050003085 132.57496005000309
918 459.3592 631.9029 587.5911736117806 758.3411736117806 36.167843072143 132.167843072143
935 459.3592 631.9029 596.1301081479654 766.8801081479654 36.00372452586896 132.00372452586896
952 461.80807 628.25464 604.6702542165596 775.4202542165596 36.08273742076125 132.08273742076125
969 461.80807 628.25464 613.2046904715623 783.9546904715623 36.40481772096149 132.4048177209615
987 492.73145 611.641 622.2272422323567 792.9772422323567 37.01048567359351 133.0104856735935
1003 492.73145 611.641 630.2287768999744 800.9787768999744 37.77693963769889 133.7769396376989
1020 492.73145 611.641 638.7046299331981 809.4546299331981 38.82586922049978 134.82586922049978
1037 478.45834 615.1164 647.1471900543268 817.8971900543268 40.115643042381976 136.11564304238198
1055 478.45834 615.1164 656.0424796955454 826.7924796955454 41.74263294520472 137.74263294520472
1071 488.01962 617.81323 663.9050950571935 834.6550950571935 43.41334787928315 139.41334787928315
1088 469.4503 619.6112 672.2068585250034 842.9568585250034 45.41860627535635 141.41860627535635
1105 469.4503 619.6112 680.4481772598931 851.1981772598931 47.65936583863811 143.6593658386381
1122 492.92963 625.8144 688.6223720999366 859.3723720999366 50.133810549576026 146.13381054957603
1139 492.92963 625.8144 696.7228182836474 867.4728182836474 52.839934998910564 148.83993499891056
1156 501.71942 622.3955 704.742950819005 875.492950819005 55.77554601295549 151.7755460129555
1173 501.71942 622.3955 712.6762698040402 883.4262698040402 58.93826443105149 154.9382644310515
1190 519.215 624.6735 720.5163456946693 891.2663456946693 62.32552703375262 158.32552703375262
1207 519.215 624.6735 728.2568245155068 899.0068245155068 65.93458862018292 161.93458862018292
1224 533.2258 628.59326 735.8914330094331 906.6414330094331 69.76252423287974 165.76252423287974
1241 533.2258 628.59326 743.413983721744 914.163983721744 73.80623152831976 169.80623152831976
1258 540.2624 631.3055 750.8183800147626 921.5683800147626 78.06243329120804 174.06243329120804
1275 561.3351 631.1976 758.0986210088488 928.8486210088488 82.52768009049117 178.52768009049117
1292 561.3351 631.1976 765.2488064458005 935.9988064458005 87.19835307494287 183.19835307494287
1309 561.3351 631.1976 772.263141470708 943.013141470708 92.0706669060545 188.0706669060545
1327 524.12335 635.074 779.5356963702274 950.2856963702274 97.4449779482751 193.4449779482751
1343 524.12335 635.074 785.8616359705578 956.6116359705578 102.40426185718263 198.40426185718263
1360 539.30164 633.93414 792.434774570124 963.184774570124 107.85716813378187 203.85716813378187
1377 539.30164 633.93414 798.8500299387413 969.6000299387413 113.49497235758312 209.49497235758312
1394 522.4912 648.5483 805.1022028442499 975.8522028442499 119.31310538030687 215.31310538030687
1411 522.4912 648.5483 811.1862262243785 981.9362262243785 125.30685190652298 221.30685190652298
1428 496.87317 656.70776 817.0971692933363 987.8471692933363 131.47135431515434 227.47135431515434
1445 496.87317 656.70776 822.8302415379586 993.5802415379586 137.80161659632608 233.80161659632608
1462 485.47144 649.6984 828.3807966001699 999.1307966001699 144.29250840037312 240.29250840037312
1479 502.70624 652.90784 833.7443360426164 1004.4943360426164 150.93876919572267 246.93876919572267
1496 502.70624 652.90784 838.9165129944168 1009.6665129944168 157.73501253228335 253.73501253228335
1513 504.03552 651.9129 843.8931356740757 1014.6431356740757 164.675730406883 260.67573040688296
1530 504.03552 651.9129 848.6701707867052 1019.4201707867052 171.7552977272204 267.7552977272204
1547 504.03552 651.9129 853.2437467928016 1023.9937467928016 178.96797687071094 274.9679768707109
1564 480.83218 645.5063 857.6101570459276 1028.3601570459277 186.30792233453255 282.3079223345326
1581 480.83218 645.5063 861.7658627967578 1032.5158627967578 193.76918547310373 289.76918547310373
1598 467.09625 653.89374 865.7074960610505 1036.4574960610505 201.34571931915121 297.3457193191512
1615 467.09625 653.89374 869.4318623492258 1040.1818623492259 209.03138348446487 305.03138348446487
1632 494.67575 659.8444 872.9359432553329 1043.6859432553329 216.8199491363638 312.8199491363638
1650 494.67575 659.8444 876.4028900120431 1047.1528900120431 225.17180845816728 321.1718084581673
1666 485.94156 668.82983 879.2720702485676 1050.0220702485676 232.6804577033056 328.6804577033056
1683 464.38367 666.77356 882.0989812329851 1052.8489812329851 240.73954649774532 336.7395464977453
1700 464.38367 666.77356 884.6953407916484 1055.4453407916485 248.87583895516212 344.8758389551621
1717 452.29907 674.58154 887.0590447096293 1057.8090447096292 257.08274103198784 353.08274103198784
1734 452.29907 674.58154 889.1881773273444 1059.9381773273444 265.35360145921436 361.35360145921436
1751 473.4773 673.76245 891.0810130930984 1061.8310130930984 273.6817171329047 369.6817171329047
1768 473.4773 673.76245 892.7360179615537 1063.4860179615537 282.0603385467098 378.0603385467098
1785 473.4773 673.76245 894.1518506369953 1064.9018506369953 290.4826752619944 386.4826752619944
1802 469.90085 667.1964 895.3273636603816 1066.0773636603817 298.94190141113677 394.94190141113677
1819 469.90085 667.1964 896.2616043392997 1067.0116043392995 307.4311612295389 403.4311612295389
1836 492.77466 668.5252 896.9538155200738 1067.703815520074 315.9435746118702 411.9435746118702
1853 494.07812 658.3193 897.4034362013994 1068.1534362013995 324.4722426880359 420.4722426880359
1870 494.07812 658.3193 897.6101019890048 1068.3601019890048 333.01025341435343 429.01025341435343
1887 505.85104 652.7347 897.5736453909749 1068.323645390975 341.5506871754069 437.5506871754069
1904 505.85104 652.7347 897.2940959534936 1068.0440959534935 350.08662239203596 446.08662239203596
1921 495.69727 649.9695 896.7716802368993 1067.5216802368993 358.6111411309172 454.6111411309172
1939 495.69727 649.9695 895.9542920861586 1066.7042920861586 367.61698093385 463.61698093385
1955 488.6449 657.7705 895.0001400172805 1065.7501400172805 375.5983093035911 471.5983093035911
1972 488.6449 657.7705 893.7524512558361 1064.5024512558361 384.04719151753216 480.04719151753216
1989 494.59827 652.8561 892.2647665348454 1063.0147665348454 392.4571339716405 488.4571339716405
2006 494.59827 652.8561 890.5382915457113 1061.2882915457112 400.8213208432003 496.8213208432003
2023 499.5703 661.75714 888.5744255069792 1059.3244255069792 409.13297339202586 505.13297339202586
2040 499.5703 661.75714 886.3747600303433 1057.1247600303432 417.385355454278 513.3853554542779
2057 521.54846 669.62 883.9410778307275 1054.6910778307274 425.5717789017766 521.5717789017766
2074 521.54846 669.62 881.2753512814876 1052.0253512814875 433.68560906238275 529.6856090623828
2091 537.2823 667.1605 878.3797408159044 1049.1297408159044 441.7202700970553 537.7202700970553
2108 537.2823 667.1605 875.2565931762647 1046.0065931762647 449.6692503292295 545.6692503292295
2125 501.3337 667.0464 871.9084395119482 1042.6584395119482 457.52610752219204 553.526107522192
2142 501.3337 667.0464 868.3379933280626 1039.0879933280626 465.2844741001809 561.2844741001809
2159 492.4387 664.6436 864.5481482862865 1035.2981482862865 472.9380623089762 568.9380623089762
2176 492.4387 664.6436 860.5419758597092 1031.291975859709 480.4806693117979 576.4806693117979
2194 499.90076 659.5005 856.0679679827582 1026.817967982758 488.339201456037 584.339201456037
2210 499.90076 659.5005 851.8938087238421 1022.6438087238421 495.20858302917645 591.2085830291765
2227 473.02075 663.2379 847.2588229060326 1018.0088229060326 502.38195353258584 598.3819535325858
2244 473.02075 663.2379 842.4215218060378 1013.1715218060378 509.42048008140796 605.420480081408
2261 466.33707 665.1484 837.3858258058228 1008.1358258058228 516.3184583144773 612.3184583144773
2278 467.76147 667.4453 832.1558160761413 1002.9058160761413 523.0702977777584 619.0702977777584
2295 467.76147 667.4453 826.7357312689596 997.4857312689596 529.6705264551181 625.6705264551181
2312 467.76147 667.4453 821.1299640822481 991.8799640822481 536.1137952031119 632.1137952031119
2329 491.45355 661.02893 815.3430576999276 986.0930576999276 542.394882086187 638.394882086187
2346 491.45355 661.02893 809.379702109853 980.129702109853 548.5086966087915 644.5086966087915
2363 476.2862 667.24066 803.2447303028227 973.9947303028227 554.4502838409564 650.4502838409564
2380 476.2862 667.24066 796.9431143556885 967.6931143556885 560.2148284340103 656.2148284340103
2398 466.66547 674.09033 790.0948566711968 960.8448566711968 566.1203039129076 662.1203039129076
2415 466.66547 674.09033 783.4663765564474 954.2163765564474 571.5058019659065 667.5058019659065
2431 474.7605 674.671 777.0901233483269 947.8401233483269 576.4002277485814 672.4002277485814
2448 498.5258 676.73206 770.1742900189863 940.9242900189863 581.4113740517007 677.4113740517007
2465 498.5258 676.73206 763.1186144283101 933.8686144283101 586.2236271487043 682.2236271487043
2482 486.6557 676.2894 755.9288148358737 926.6788148358737 590.8330869577367 686.8330869577367
2499 486.6557 676.2894 748.6107182018081 919.3607182018081 595.2360177503971 691.2360177503971
2516 491.8377 679.1195 741.17025546435 911.92025546435 599.4288511793545 695.4288511793545
2533 491.8377 679.1195 733.6134567331254 904.3634567331254 603.4081891703074 699.4081891703074
2550 491.8377 679.1195 725.9464464020558 896.6964464020558 607.1708066759479 703.1708066759479
2567 477.56207 678.99567 718.1754381858558 888.9254381858558 610.7136542896951 706.7136542896951
2584 477.56207 678.99567 710.3067300841386 881.0567300841386 614.0338607170812 710.0338607170812
2601 494.83835 678.345 702.346699277214 873.096699277214 617.1287351027865 713.1287351027865
2618 494.83835 678.345 694.3017969577133 865.0517969577133 619.9957692114392 715.9957692114392
2635 518.65656 673.1656 686.178543102233 856.928543102233 622.6326394604092 718.6326394604092
2652 508.04437 661.76544 677.9835211872297 848.7335211872297 625.0372088029525 721.0372088029525
2669 508.04437 661.76544 669.7233728534557 840.4733728534557 627.2075284601758 723.2075284601758
2686 490.11197 663.1633 661.4047925232513 832.1547925232513 629.1418395004217 725.1418395004217
2703 490.11197 663.1633 653.0345219750633 823.7845219750633 630.8385742647915 726.8385742647915
2720 494.19882 662.7011 644.6193448795832 815.3693448795832 632.296357637651 728.296357637651
2737 494.19882 662.7011 636.1660813019316 806.9160813019316 633.5140081610913 729.5140081610913
2754 494.4699 662.74786 627.6815821743512 798.4315821743512 634.4905389924386 730.4905389924386
2772 494.4699 662.74786 618.6715913636143 789.4215913636143 635.2608243522246 731.2608243522246
2788 489.19443 662.2228 610.6464019995067 781.3964019995067 635.7172719246712 731.7172719246712
2805 489.19443 662.2228 602.1095270833351 772.8595270833351 635.9664798220608 731.9664798220608
2822 514.8148 662.8397 593.5690176902656 764.3190176902656 635.9725804261168 731.9725804261168
2840 514.8148 662.8397 584.5298561883765 755.2798561883765 635.714059077236 731.714059077236
2856 495.2533 664.355 576.5047793711809 747.2547793711809 635.2556370072082 731.2556370072082
2873 495.2533 664.355 567.9948801263789 738.7448801263789 634.5331740297464 730.5331740297464
2890 488.6684 667.521 559.5089945588649 730.2589945588649 633.5687653790487 729.5687653790487
2907 488.6684 667.521 551.0540000393138 721.8040000393138 632.3631926583694 728.3631926583694
2924 512.2346 673.4557 542.6367489028069 713.3867489028069 630.9174329219486 726.9174329219486
2941 512.2346 673.4557 534.2640628953682 705.0140628953682 629.232657883161 725.232657883161
2958 485.3098 672.9395 525.9427276452934 696.6927276452934 627.3102329649023 723.3102329649023
2975 485.3098 672.9395 517.6794871637487 688.4294871637487 625.1517161929854 721.1517161929854
2992 489.5558 669.69324 509.48103837910116 680.2310383791012 622.7588569334407 718.7588569334407
3009 471.35162 672.04785 501.3540257094023 672.1040257094023 620.1335944747455 716.1335944747455
3027 471.35162 672.04785 492.83413519547366 663.5841351954737 617.1029609476205 713.1029609476205
3043 471.35162 672.04785 485.3405915726703 656.0905915726703 614.1945571432422 710.1945571432422
3061 492.1498 670.98865 477.0069751274623 647.7569751274623 610.6839858379951 706.6839858379951
3077 492.1498 670.98865 469.691086470933 640.441086470933 607.3538534259965 703.3538534259965
3094 518.77905 670.47644 462.0187085871838 632.7687085871838 603.6021930576474 699.6021930576474
3111 518.77905 670.47644 454.4562325780845 625.2062325780845 599.6336549738851 695.6336549738851
3128 485.92932 666.7565 447.00978743869564 617.7597874386956 595.4514554692516 691.4514554692516
3145 485.92932 666.7565 439.68540812706976 610.4354081270698 591.058983999804 687.058983999804
3162 500.125 663.914 432.4890306732291 603.2390306732291 586.4598004361334 682.4598004361334
3179 500.125 663.914 425.4264873683203 596.1764873683203 581.6576321782761 677.6576321782761
3196 525.45575 670.4978 418.50350203784535 589.2535020378454 576.6563711348483 672.6563711348483
3213 535.4147 668.93585 411.72568540279684 582.4756854027969 571.4600705688548 667.4600705688548
3230 535.4147 668.93585 405.09853053246013 575.8485305324601 566.0729418127313 662.0729418127313
3247 544.7738 666.1678 398.6274083925641 569.3774083925641 560.4993508552757 656.4993508552757
3264 544.7738 666.1678 392.31756349239276 563.0675634923928 554.7438148032415 650.7438148032415
3281 534.4896 657.8029 386.17410963438175 556.9241096343817 548.8109982204569 644.8109982204569
3298 534.4896 657.8029 380.2020257696452 550.9520257696452 542.7057093474355 638.7057093474355
3315 534.4896 657.8029 374.4061519627961 545.1561519627961 536.4328962045494 632.4328962045494
3333 538.06775 653.4049 368.4666251188419 539.2166251188419 529.6141503656863 625.6141503656863
3349 538.06775 653.4049 363.3616769287074 534.1116769287074 523.4051639192346 619.4051639192346
3366 512.264 656.385 358.12202667636814 528.8720266763681 516.6608030789737 612.6608030789737
3383 512.264 656.385 353.07648117741576 523.8264811774158 509.7700260162269 605.7700260162269
3400 478.6082 654.7728 348.2291295851123 518.9791295851123 502.7384173488538 598.7384173488538
3417 504.34225 650.03033 343.58390042682595 514.333900426826 495.5716758314352 591.5716758314352
3434 504.34225 650.03033 339.144558420162 509.894558420162 488.2756097367269 584.2756097367269
3452 482.62302 642.78125 334.67248418581175 505.42248418581175 480.4159770489023 576.4159770489023
3468 482.62302 642.78125 330.8977575118902 501.6477575118902 473.3192561685689 569.3192561685689
3485 453.80484 649.0082 327.0969822152257 497.8469822152257 465.6710900449318 561.6710900449318
3502 453.80484 649.0082 323.5154558633554 494.2654558633554 457.9178322199049 553.9178322199049
3519 480.1593 641.93317 320.1560810978608 490.9060810978608 450.06576630732854 546.0657663073285
3536 480.1593 641.93317 317.0215805179704 487.7715805179704 442.1212559998803 538.1212559998803
3553 460.97858 640.55927 314.1144944740342 484.8644944740342 434.0907399116313 530.0907399116313
3570 460.97858 640.55927 311.4371790087004 482.1871790087004 425.9807263598813 521.9807263598814
3587 488.3667 640.5438 308.9918039474663 479.7418039474663 417.79778809050777 513.7977880905078
3604 488.3667 640.5438 306.780351140146 477.530351140146 409.5485569510936 505.5485569510936
3622 481.42657 644.2092 304.69576873233893 475.44576873233893 400.74925072104793 496.74925072104793
3638 481.42657 644.2092 303.06619032461737 473.81619032461737 392.87800666884965 488.87800666884965
3655 485.77054 641.83356 301.5664924513526 472.3164924513526 384.4701981434725 480.4701981434725
3672 485.77054 641.83356 300.30673466233077 471.05673466233077 376.02310703330426 472.02310703330426
3689 455.26257 648.026 299.28793792598333 470.03793792598333 367.5435792681223 463.5435792681223
3706 455.26257 648.026 298.5109279242903 469.2609279242903 359.03848706593226 455.03848706593226
3723 481.48343 641.7905 297.97633438360816 468.72633438360816 350.5147233633919 446.5147233633919
3740 481.48343 641.7905 297.68459056430925 468.43459056430925 341.9791962294431 437.9791962294431
3757 485.26343 647.76685 417.64906576024066 588.3990657602407 333.056686471707 429.056686471707
3774 485.26343 647.76685 417.99123095517183 588.7412309551719 324.5235450269113 420.5235450269113
3791 478.03497 645.7706 418.73774721758974 589.4877472175897 316.01623679178385 412.01623679178385
3808 478.03497 645.7706 419.88693415828243 590.6369341582824 307.553911501838 403.553911501838
3825 480.60437 639.88446 421.43620498653286 592.1862049865329 299.15561763711503 395.15561763711503
3843 480.60437 639.88446 423.5087967246308 594.2587967246309 290.35410470841526 386.35410470841526
3859 460.16522 636.15936 425.72015609929747 596.4701560992975 282.62655488470796 378.62655488470796
3876 460.16522 636.15936 428.4451933182859 599.1951933182859 274.53299249891984 370.53299249891984
3893 479.8123 633.69305 431.55105000007745 602.3010500000775 266.5777907912517 362.5777907912517
3910 479.8123 633.69305 435.03073493989234 605.7807349398923 258.7788567193968 354.7788567193968
3927 458.47214 637.05225 438.876415455004 609.626415455004 251.15374548655507 347.15374548655507
3945 458.47214 637.05225 443.3376014504479 614.0876014504479 243.28862718732034 339.28862718732034
3961 451.37326 637.22046 447.6303327319572 618.3803327319572 236.49321736108072 332.4932173610807
3978 451.37326 637.22046 452.518864647575 623.268864647575 229.49080094619188 325.4908009461919
3995 488.42126 638.3429 457.734026801152 628.484026801152 222.7281340425647 318.7281340425647
4012 440.47842 654.91943 463.26407999467915 634.0140799946792 216.22043924223226 312.22043924223226
4029 440.47842 654.91943 469.09657621838664 639.8465762183866 209.98236520147657 305.98236520147657
4046 422.7108 650.6248 475.21838667089924 645.9683866708992 204.0279536670738 300.0279536670738
4063 422.7108 650.6248 481.6157313118342 652.3657313118342 198.37060786867886 294.37060786867886
4080 422.7108 650.6248 488.27420988032543 659.0242098803254 193.0230623484931 289.0230623484931
4097 414.54865 645.2893 495.1788343096449 665.9288343096449 187.9973542961332 283.9973542961332
4114 414.54865 645.2893 502.31406246496294 673.064062464963 183.30479645322103 279.304796453221
4131 443.56042 643.0255 509.66383312829794 680.4138331282979 178.95595164869005 274.9559516486901
4148 443.56042 643.0255 517.2116021519138 687.9616021519138 174.9606090221234 270.96060902212344
4165 474.42715 637.72736 524.9403796987771 695.6903796987771 171.32776198864897 267.32776198864894
4182 500.7508 635.0286 532.8327684862486 703.5827684862486 168.06558799499004 264.06558799499004
4199 500.7508 635.0286 540.8710029469295 711.6210029469295 165.1814301122385 261.1814301122385
4216 525.29407 636.78406 549.0369892185008 719.7869892185008 162.68178050678887 258.68178050678887
4233 525.29407 636.78406 557.3123458725511 728.0623458725511 160.57226582663537 256.5722658266354
4250 529.3087 635.14166 565.678445290706 736.428445290706 158.85763453593017 254.85763453593017
4267 529.3087 635.14166 574.1164555949256 744.8664555949256 157.54174622631027 253.54174622631027
4284 524.25684 629.0313 582.6073830375866 753.3573830375866 156.6275629290547 252.6275629290547
4301 524.25684 629.0313 591.132114755926 761.882114755926 156.1171424476271 252.1171424476271
4319 561.90515 642.3445 600.1738207000526 770.9238207000526 156.01804670179018 252.01804670179018
4335 561.90515 642.3445 608.206202299593 778.956202299593 156.31127426047263 252.31127426047263
4352 561.90515 642.3445 616.7171247860152 787.4671247860152 157.01538956894865 253.01538956894865
4369 527.50024 642.14435 625.1850713827765 795.9350713827765 158.12239470530233 254.12239470530233
4386 530.2882 649.82764 633.5909809564164 804.3409809564164 159.6297978289907 255.6297978289907
4403 530.2882 649.82764 641.9159320172428 812.6659320172428 161.53420581373558 257.5342058137356
4420 499.1626 662.87714 650.1411853111272 820.8911853111272 163.83133188536496 259.831331885365
4437 499.1626 662.87714 658.2482260010909 828.9982260010909 166.5160052712332 262.5160052712332
4454 506.38574 658.4219 666.2188053437343 836.9688053437343 169.58218283949915 265.5821828394992
4471 506.38574 658.4219 674.0349817666976 844.7849817666976 173.0229627020636 269.02296270206364
4488 514.22046 666.90027 681.6791612546845 852.4291612546845 176.83059975054408 272.8305997505441
4505 514.22046 666.90027 689.1341369531456 859.8841369531456 180.99652309031762 276.9965230903176
4522 528.18 668.2118 696.3831279004737 867.1331279004737 185.51135533338842 281.51135533338845
4539 528.18 668.2118 703.4098168015221 874.1598168015221 190.36493370665013 286.36493370665016
4556 490.58902 677.7129 710.1983867574248 880.9483867574248 195.54633292803192 291.5463329280319
4573 490.58902 677.7129 716.733556869033 887.483556869033 201.0438897990301 297.0438897990301
4590 439.6464 689.18787 723.0006166338345 893.7506166338345 206.8452294582745 302.8452294582745
4607 439.6464 689.18787 728.9854590589218 899.7354590589218 212.9372932370277 308.9372932370277
4624 396.70795 697.2825 734.6746124154753 905.4246124154753 219.30636805391646 315.30636805391646
4641 396.70795 697.2825 740.0552705632856 910.8052705632856 225.93811728273374 321.93811728273374
4659 385.94946 692.7456 745.4027404132385 916.1527404132385 233.2296762758943 329.2296762758943
4675 385.94946 692.7456 749.8433760095571 920.5933760095571 239.9293697063817 335.9293697063817
4692 363.45297 700.293 754.2287905304013 924.9787905304013 247.25737894613326 343.25737894613326
4709 363.45297 700.293 758.2616938824929 929.0116938824929 254.78514557975075 350.78514557975075
4726 393.38843 697.6089 761.9330081024611 932.6830081024611 262.4957247950736 358.4957247950736
4743 393.38843 697.6089 765.2344691549205 935.9844691549205 270.3717602734482 366.3717602734482
4760 408.09247 683.0534 768.1586455346032 938.9086455346032 278.3955232583588 374.3955232583588
4777 413.81613 691.0255 770.6989549944915 941.4489549944915 286.5489524624127 382.5489524624127
4794 413.81613 691.0255 772.8496793622878 943.5996793622878 294.8136947228397 390.8136947228397
4811 413.81613 691.0255 774.605977411876 945.355977411876 303.17114631399613 399.17114631399613
4828 433.45737 696.54224 775.9638957607996 946.7138957607996 311.60249482388303 407.60249482388303
4845 433.45737 696.54224 776.9203777692248 947.6703777692248 320.08876150040663 416.08876150040663
4862 399.16052 697.97986 777.47327042036 948.22327042036 328.6108439720703 424.6108439720703
4879 399.16052 697.97986 777.6213291668411 948.3713291668411 337.1495592469291 433.1495592469291
4896 425.8545 699.1766 777.3642207321774 948.1142207321774 345.68568689301895 441.68568689301895
4913 425.8545 699.1766 776.7025238609478 947.4525238609478 354.200012303063 450.200012303063
4930 464.6513 699.10223 775.6377280160616 946.3877280160616 362.6733699460652 458.6733699460652
4947 480.23495 706.91876 774.1722300260149 944.9222300260149 371.0866865084376 467.0866865084376
4964 480.23495 706.91876 772.3093286896907 943.0593286896907 379.4210238275436 475.4210238275436
4982 504.28693 702.6944 769.9083637432075 940.6583637432075 388.13868599538773 484.13868599538773
4998 504.28693 702.6944 767.4089744590015 938.1589744590015 395.77793921594457 491.77793921594457
5015 450.51144 709.80005 764.3825521379785 935.1325521379785 403.7636982827043 499.7636982827043
5033 450.51144 709.80005 760.7691273551981 931.5191273551981 412.05257201114836 508.05257201114836
5049 462.139 711.5096 757.2112637502574 927.9612637502574 419.25998091660404 515.259980916604
5066 462.139 711.5096 753.0825400722103 923.8325400722103 426.73562274375536 522.7356227437554
5083 462.139 711.5096 748.6038854061801 919.3538854061801 434.00702098068035 530.0070209806804
5100 472.69617 710.79144 743.7853810904619 914.5353810904619 441.057807893992 537.057807893992
5117 472.69617 710.79144 738.6378734563121 909.3878734563121 447.8721123408068 543.8721123408068
5135 485.06494 710.8413 732.8418577475671 903.5918577475671 454.81246307048013 550.8124630704801
5151 485.06494 710.8413 727.4029103666112 898.1529103666112 460.73048537096236 556.7304853709624
5168 469.5139 712.9515 721.3407445286122 892.0907445286122 466.7456100820642 562.7456100820642
5185 463.0346 713.7049 715.0000976809954 885.7500976809954 472.46642973411736 568.4664297341174
5202 463.0346 713.7049 708.3952424593289 879.1452424593289 477.8800669068827 573.8800669068827
5219 467.32574 713.136 701.5410462255444 872.2910462255444 482.9743356401059 578.9743356401059
5236 467.32574 713.136 694.4529376018812 865.2029376018812 487.73776886380733 583.7377688638073
5254 439.86987 721.3203 686.7106646883476 857.4606646883476 492.40890111191015 588.4089011119102
5270 439.86987 721.3203 679.639294413571 850.389294413571 496.2300081502966 592.2300081502966
5287 490.61612 721.5517 671.9471049847989 842.6971049847989 499.93969839739407 595.9396983973941
5304 490.61612 721.5517 664.0876183788416 834.8376183788416 503.28036453280606 599.2803645328061
5321 493.89822 713.82227 656.0785261011198 826.8285261011198 506.2444868016163 602.2444868016163
5338 493.89822 713.82227 647.9378564156366 818.6878564156366 508.8253930396211 604.8253930396211
5355 508.014 715.84076 639.6839337638094 810.4339337638094 511.01727369220305 607.017273692203
5372 508.014 715.84076 631.335337516615 802.085337516615 512.8151948914908 608.8151948914908
5389 512.1096 719.10956 622.9108601528986 793.6608601528986 514.2151095623715 610.2151095623715
5406 512.1096 719.10956 614.4294649579773 785.1794649579773 515.2138665323532 611.2138665323532
5423 495.10815 725.7338 605.9102433377668 776.6602433377668 515.8092176247758 611.8092176247758
5440 495.10815 725.7338 597.3723718445073 768.1223718445073 515.9998227193989 611.9998227193989
5457 511.56604 729.77576 588.8350690108309 759.5850690108309 515.7852527689789 611.7852527689789
5474 511.56604 729.77576 580.317552089333 751.067552089333 515.1659907650433 611.1659907650433
5491 515.87463 725.33356 571.8389937950213 742.5889937950213 514.1434306506889 610.1434306506889
5509 515.87463 725.33356 562.9253682235171 733.6753682235171 512.6237117563112 608.6237117563112
5525 504.86285 726.0888 555.0749625136663 725.8249625136663 510.8985257511097 606.8985257511097
5542 509.237 725.6887 546.8272249367301 717.5772249367301 508.68348516468336 604.6834851646834
5559 509.237 725.6887 538.6938318657412 709.4438318657412 506.079738423869 602.079738423869
5576 497.87595 724.3178 530.6930913626405 701.4430913626405 503.0931464966776 599.0931464966776
5593 497.87595 724.3178 522.843012891798 693.593012891798 499.7304321259451 595.7304321259451
5610 497.87595 724.3178 515.1612667811617 685.9112667811617 495.99916469660786 591.9991646966079
5627 508.25 727.64435 507.6651444467964 678.4151444467964 491.90774319720856 587.9077431972086
5644 508.25 727.64435 500.37151947034613 671.1215194703461 487.4653773139863 583.4653773139863
5661 512.9595 728.8739 493.29680961702684 664.0468096170268 482.6820667001052 578.6820667001052
5678 512.9595 728.8739 486.4569398796541 657.2069398796541 477.56857846668925 573.5685784666892
5695 455.38892 732.1577 479.86730663188473 650.6173066318847 472.13642294632587 568.1364229463259
5712 472.41632 728.16156 473.54274297137306 644.2927429713731 466.3978277836013 562.3978277836013
5730 472.41632 728.16156 467.15087413130334 637.9008741313033 460.00202610763864 556.0020261076386
5746 489.36453 728.3391 461.7451414322254 632.4951414322254 454.0536489719888 550.0536489719889
5763 489.36453 728.3391 456.29865965604995 627.04865965605 447.47585175716756 543.4758517571676
5780 473.08948 729.0758 451.1702998949387 621.9202998949387 440.6471252215585 536.6471252215586
5797 473.08948 729.0758 446.37160595691194 617.1216059569119 433.58284065575424 529.5828406557542
5814 494.5304 735.0306 441.9133795805666 612.6633795805666 426.29889958551144 522.2988995855114
5831 494.5304 735.0306 437.80565612063515 608.5556561206351 418.8116979778178 514.8116979778179
5848 494.5304 735.0306 434.05768195865755 604.8076819586576 411.1380893339877 507.1380893339877
5865 459.2543 731.36316 430.67789368960894 601.4278936896089 403.295346752855 499.295346752855
5882 459.2543 731.36316 427.67389913133843 598.4238991313384 395.30112404946493 491.30112404946493
5899 458.43973 729.22296 425.052460199564 595.8024601995639 387.1734160167848 483.1734160167848
5916 469.13742 735.9708 422.8194776869708 593.5694776869708 378.9305179198789 474.9305179198789
5933 469.13742 735.9708 420.97997798067684 591.7299779806768 370.59098431373195 466.59098431373195
5950 445.97296 732.89044 419.53810174796206 590.2881017479621 362.1735872774116 458.1735872774116
5967 445.97296 732.89044 418.4970946157316 589.2470946157316 353.69727415859836 449.69727415859836
5984 446.32275 717.5377 417.85929986469176 588.6092998646918 345.18112492358273 441.18112492358273
6001 446.32275 717.5377 417.6286526131048 588.3786526131048 337.1467028281774 433.1467028281774
