0 609.9806 375.9604 333.0 433.0 334.0 434.0
17 609.9806 375.9604 333.1215672298508 433.1215672298508 325.460353677165 425.460353677165
34 611.2233 386.37875 333.4861703954607 433.4861703954607 316.92762829531256 416.92762829531256
52 611.2233 386.37875 334.1367899590455 434.1367899590455 307.9082065772343 407.9082065772343
68 611.2233 386.37875 334.94310583748677 434.94310583748677 299.91059046864586 399.91059046864586
85 599.7752 381.27734 336.0342573431978 436.0342573431978 291.44006945149073 391.44006945149073
102 599.7752 381.27734 337.3660842002114 437.3660842002114 283.00404105339845 383.00404105339845
119 605.7285 381.6041 338.93750703184975 438.93750703184975 274.6093422383909 374.6093422383909
136 605.7285 381.6041 340.74725228130916 440.74725228130916 266.2627764750041 366.2627764750041
153 608.7586 384.03458 342.7938532438116 442.7938532438116 257.9711082224287 357.9711082224287
170 608.7586 384.03458 345.0756512552929 445.0756512552929 249.74105744826687 349.7410574482669
187 610.6454 394.003 347.59079703666407 447.59079703666407 241.57929418234613 341.57929418234613
204 613.43054 389.7691 350.3372521925565 450.3372521925565 233.4924331110061 333.4924331110061
221 613.43054 389.7691 353.31279086333535 453.31279086333535 225.48702821623766 325.48702821623766
238 607.14795 377.16803 356.51500152904384 456.51500152904384 217.5695674640201 317.5695674640201
256 607.14795 377.16803 360.14975501321027 460.14975501321027 209.2893596734873 309.2893596734873
272 606.3325 384.85422 363.5888763391684 463.5888763391684 202.0240686798987 302.02406867989873
289 606.3325 384.85422 367.4548074744846 467.4548074744846 194.40862946948707 294.4086294694871
306 606.3325 384.85422 371.53594923283765 471.53594923283765 186.90632183391858 286.9063218339186
324 599.6142 380.27487 376.0880516625483 476.0880516625483 179.0927671105879 279.09276711058794
340 599.6142 380.27487 380.3304626662418 480.3304626662418 172.26532559916362 272.2653255991636
357 565.6955 351.26727 385.0367068437197 485.0367068437197 165.13850276900726 265.13850276900723
374 521.76917 321.20847 389.9439124255555 489.9439124255555 158.14853343516307 258.1485334351631
391 521.76917 321.20847 395.0481023758233 495.0481023758233 151.30108260568883 251.30108260568883
409 493.34808 301.11575 400.66264512599264 500.66264512599264 144.21234621253794 244.21234621253794
426 493.34808 301.11575 406.15919195402086 506.15919195402086 137.675656616284 237.675656616284
442 477.22195 282.32526 411.50043363562395 511.50043363562395 131.66873177782583 231.66873177782583
459 477.22195 282.32526 417.3496488335043 517.3496488335043 125.44562809241546 225.44562809241546
476 460.79926 270.5725 423.3736374701024 523.3736374701024 119.39154692211227 219.39154692211227
493 460.79926 270.5725 429.5675174146769 529.5675174146769 113.51139478609738 213.51139478609738
510 444.53357 257.91608 435.9262688483818 535.9262688483818 107.8099372430793 207.8099372430793
527 444.53357 257.91608 442.44473833256984 542.4447383325698 102.29179502905546 202.29179502905546
544 424.82104 229.46487 449.1176429853873 549.1176429853873 96.96144031244515 196.96144031244515
562 424.82104 229.46487 456.34538828338435 556.3453882833844 91.52701560946679 191.5270156094668
578 412.33685 224.32556 462.90500484391305 562.905004843913 86.88121758382923 186.88121758382923
595 412.33685 224.32556 470.0082881070341 570.0082881070341 82.13951907017963 182.13951907017963
612 408.0341 206.17374 477.24366770951156 577.2436677095116 77.60194042970028 177.60194042970028
629 408.0341 206.17374 484.6052797509776 584.6052797509776 73.27215913482809 173.2721591348281
646 408.95847 197.62341 492.08715802621145 592.0871580262115 69.15368424901567 169.15368424901567
663 408.95847 197.62341 499.6832388604396 599.6832388604396 65.24985358281685 165.24985358281685
680 415.2871 183.90195 507.3873660236304 607.3873660236304 61.563830988764266 161.56383098876427
698 415.2871 183.90195 515.6555035702502 615.6555035702502 57.90170381248561 157.9017038124856
714 425.02728 174.57959 523.0947016472838 623.0947016472838 54.85698039535282 154.85698039535282
732 425.02728 174.57959 531.5578441028453 631.5578441028453 51.6713103368038 151.6713103368038
749 432.09927 170.10576 539.6355747641641 639.6355747641641 48.89811628054434 148.89811628054434
765 437.6116 164.47621 547.3073843205016 647.3073843205016 46.49908588318232 146.49908588318232
783 437.6116 164.47621 556.0114292711773 656.0114292711773 44.04696936032366 144.04696936032366
800 437.6116 164.47621 564.2962813350795 664.2962813350795 41.972948099647 141.972948099647
816 442.93173 162.69817 572.1447741627716 672.1447741627716 40.23709987763954 140.23709987763954
833 442.93173 162.69817 580.531538399579 680.531538399579 38.62386599915499 138.623865999155
850 461.44583 154.3474 588.960825606595 688.960825606595 37.25001917650059 137.2500191765006
867 461.44583 154.3474 597.4258042831839 697.4258042831839 36.116672841359446 136.11667284135945
884 471.8024 142.77478 605.9196140026227 705.9196140026227 35.2247455122278 135.2247455122278
901 471.8024 142.77478 614.4353709721212 714.4353709721212 34.574960050003085 134.57496005000309
919 493.78476 136.55725 623.4683063658551 723.4683063658551 34.151460206215404 134.1514602062154
935 493.78476 136.55725 631.5051081479654 731.5051081479654 34.00372452586896 134.00372452586896
952 507.9036 133.24825 640.0452542165596 740.0452542165596 34.08273742076125 134.08273742076125
969 517.3862 143.48251 648.5796904715623 748.5796904715623 34.40481772096149 134.4048177209615
986 517.3862 143.48251 657.1015001944813 757.1015001944813 34.96970439707047 134.96970439707047
1003 527.8995 144.01964 665.6037768999744 765.6037768999744 35.77693963769889 135.7769396376989
1020 527.8995 144.01964 674.0796299331981 774.0796299331981 36.82586922049978 136.82586922049978
1037 541.3823 139.46248 682.5221900543268 782.5221900543268 38.115643042381976 138.11564304238198
1055 541.3823 139.46248 691.4174796955454 791.4174796955454 39.74263294520472 139.74263294520472
1071 541.3823 139.46248 699.2800950571935 799.2800950571935 41.41334787928315 141.41334787928315
1088 556.99255 143.80803 707.5818585250034 807.5818585250034 43.41860627535635 143.41860627535635
1106 556.99255 143.80803 716.3059353437416 816.3059353437416 45.79847131476845 145.79847131476845
1123 565.0147 148.1077 724.4759748533495 824.4759748533495 48.286601601133555 148.28660160113355
1140 565.0147 148.1077 732.5718778238853 832.5718778238853 51.006287796662775 151.00628779666278
1156 578.5241 147.34248 740.117950819005 840.117950819005 53.77554601295549 153.7755460129555
1174 598.21515 151.8244 748.5150943092397 848.5150943092397 57.13132537838908 157.13132537838908
1190 598.21515 151.8244 755.8913456946693 855.8913456946693 60.32552703375262 160.32552703375262
1208 612.978 151.7685 764.0839106673807 864.0839106673807 64.15373198032523 164.15373198032523
1224 612.978 151.7685 771.2664330094331 871.2664330094331 67.76252423287974 167.76252423287974
1241 626.8208 139.00864 778.788983721744 878.788983721744 71.80623152831976 171.80623152831976
1259 626.8208 139.00864 786.6251244418916 886.6251244418916 76.31934271231506 176.31934271231506
1275 643.0396 140.78423 793.4736210088488 893.4736210088488 80.52768009049117 180.52768009049117
1292 643.0396 140.78423 800.6238064458005 900.6238064458005 85.19835307494287 185.19835307494287
1309 666.2118 142.4853 807.638141470708 907.638141470708 90.0706669060545 190.0706669060545
1327 666.2118 142.4853 814.9106963702274 914.9106963702274 95.4449779482751 195.4449779482751
1343 676.31 144.08102 821.2366359705578 921.2366359705578 100.40426185718263 200.40426185718263
1360 676.31 144.08102 827.809774570124 927.809774570124 105.85716813378187 205.85716813378187
1377 688.09076 144.92589 834.2250299387413 934.2250299387413 111.49497235758312 211.49497235758312
1394 688.09076 144.92589 840.4772028442499 940.4772028442499 117.31310538030687 217.31310538030687
1411 700.99414 154.41238 846.5612262243785 946.5612262243785 123.30685190652298 223.30685190652298
1429 700.99414 154.41238 852.8143786828404 952.8143786828404 129.83918367062486 229.83918367062486
1445 714.6787 162.88283 858.2052415379586 958.2052415379586 135.80161659632608 235.80161659632608
1462 714.6787 162.88283 863.7557966001699 963.7557966001699 142.29250840037312 242.29250840037312
1479 725.9491 158.56186 869.1193360426164 969.1193360426164 148.93876919572267 248.93876919572267
1497 725.9491 158.56186 874.5897089352587 974.5897089352587 156.13934516994212 256.1393451699421
1513 739.4098 164.53265 879.2681356740757 979.2681356740757 162.675730406883 262.67573040688296
1530 753.09985 172.78093 884.0451707867052 984.0451707867052 169.7552977272204 269.7552977272204
1547 753.09985 172.78093 888.6187467928016 988.6187467928016 176.96797687071094 276.9679768707109
1564 766.425 186.46442 892.9851570459276 992.9851570459276 184.30792233453255 284.3079223345326
1581 766.425 186.46442 897.1408627967578 997.1408627967578 191.76918547310373 291.76918547310373
1598 766.425 186.46442 901.0824960610505 1001.0824960610505 199.34571931915121 299.3457193191512
1615 786.4584 198.56052 904.8068623492258 1004.8068623492258 207.03138348446487 307.03138348446487
1632 786.4584 198.56052 908.3109432553329 1008.3109432553329 214.8199491363638 314.8199491363638
1650 804.4022 208.89778 911.7778900120431 1011.7778900120431 223.17180845816728 323.1718084581673
1667 804.4022 208.89778 914.8197010204906 1014.8197010204906 231.15226732338112 331.1522673233811
1684 814.3114 223.49817 917.6331117598017 1017.6331117598017 239.21607894831448 339.2160789483145
1700 814.3114 223.49817 920.0703407916484 1020.0703407916484 246.87583895516212 346.8758389551621
1717 825.1237 228.14062 922.4340447096293 1022.4340447096293 255.08274103198784 355.08274103198784
1735 828.69086 241.9393 924.6810775952 1024.6810775952 263.8419714294728 363.8419714294728
1752 828.69086 241.9393 926.5599638955216 1026.5599638955216 272.17324529251096 372.17324529251096
1768 842.7612 255.10266 928.1110179615537 1028.1110179615537 280.0603385467098 380.0603385467098
1785 842.7612 255.10266 929.5268506369953 1029.5268506369953 288.4826752619944 388.4826752619944
1802 854.46497 272.57977 930.7023636603816 1030.7023636603817 296.94190141113677 396.94190141113677
1819 854.46497 272.57977 931.6366043392997 1031.6366043392995 305.4311612295389 405.4311612295389
1837 854.46497 272.57977 932.361983596427 1032.3619835964269 314.44487849148953 414.44487849148953
1853 853.0971 282.5603 932.7784362013994 1032.7784362013995 322.4722426880359 422.4722426880359
1870 853.0971 282.5603 932.9851019890048 1032.9851019890048 331.01025341435343 431.01025341435343
1887 856.0784 299.34808 932.9486453909749 1032.948645390975 339.5506871754069 439.5506871754069
1904 856.0784 299.34808 932.6690959534936 1032.6690959534935 348.08662239203596 448.08662239203596
1921 865.6908 308.81775 932.1466802368993 1032.1466802368993 356.6111411309172 456.6111411309172
1938 880.14905 319.06775 931.3818216320687 1031.3818216320687 365.1173347111916 465.1173347111916
1956 880.14905 319.06775 930.3084090841814 1030.3084090841814 374.09625777841393 474.09625777841393
1972 883.72217 330.81577 929.1274512558361 1029.1274512558361 382.04719151753216 482.04719151753216
1989 883.72217 330.81577 927.6397665348454 1027.6397665348454 390.4571339716405 490.4571339716405
2006 888.8352 342.385 925.9132915457113 1025.9132915457112 398.8213208432003 498.8213208432003
2024 888.8352 342.385 923.8265442264865 1023.8265442264865 407.6201139178652 507.6201139178652
2040 896.09204 355.97864 921.7497600303433 1021.7497600303433 415.385355454278 515.3853554542779
2058 896.09204 355.97864 919.1656735406054 1019.1656735406054 424.0511370669554 524.0511370669553
2074 896.09204 355.97864 916.6503512814876 1016.6503512814876 431.68560906238275 531.6856090623828
2091 896.1005 364.7275 913.7547408159044 1013.7547408159044 439.7202700970553 539.7202700970553
2108 896.1005 364.7275 910.6315931762647 1010.6315931762647 447.6692503292295 547.6692503292295
2125 888.7842 388.50433 907.2834395119482 1007.2834395119482 455.52610752219204 555.526107522192
2142 897.2045 395.0356 903.7129933280626 1003.7129933280626 463.2844741001809 563.2844741001809
2159 897.2045 395.0356 899.9231482862865 999.9231482862865 470.9380623089762 570.9380623089762
2176 892.5069 400.8404 895.9169758597092 995.9169758597092 478.4806693117979 578.4806693117979
2193 892.5069 400.8404 891.6977228435584 991.6977228435584 485.90618221638465 585.9061822163847
2211 887.6996 421.47018 887.0018309919924 987.0018309919924 493.63417507762983 593.6341750776298
2227 887.6996 421.47018 882.6338229060326 982.6338229060326 500.38195353258584 600.3819535325858
2244 882.7565 441.10654 877.7965218060378 977.7965218060378 507.42048008140796 607.420480081408
2261 882.7565 441.10654 872.7608258058228 972.7608258058228 514.3184583144773 614.3184583144773
2278 879.5984 455.5532 867.5308160761413 967.5308160761413 521.0702977777584 621.0702977777584
2295 879.5984 455.5532 862.1107312689596 962.1107312689596 527.6705264551181 627.6705264551181
2312 873.96564 475.84467 856.5049640822481 956.5049640822481 534.1137952031119 634.1137952031119
2329 873.96564 475.84467 850.7180576999276 950.7180576999276 540.394882086187 640.394882086187
2346 870.0952 492.76755 844.754702109853 944.754702109853 546.5086966087915 646.5086966087915
2364 870.0952 492.76755 838.2536107340788 938.2536107340788 552.7943218655896 652.7943218655896
2380 867.63574 517.859 832.3181143556885 932.3181143556885 558.2148284340103 658.2148284340103
2397 867.63574 517.859 825.8549614017456 925.8549614017456 563.7976585231695 663.7976585231695
2415 862.85614 536.0487 818.8413765564474 918.8413765564474 569.5058019659065 669.5058019659065
2431 862.85614 536.0487 812.4651233483269 912.4651233483269 574.4002277485814 674.4002277485814
2448 847.94073 545.9359 805.5492900189863 905.5492900189863 579.4113740517007 679.4113740517007
2465 847.94073 545.9359 798.4936144283101 898.4936144283101 584.2236271487043 684.2236271487043
2483 833.2665 562.62585 790.8768325769166 890.8768325769166 589.0978356150445 689.0978356150445
2499 820.3765 572.4044 783.9857182018081 883.9857182018081 593.2360177503971 693.2360177503971
2516 820.3765 572.4044 776.54525546435 876.54525546435 597.4288511793545 697.4288511793545
2533 807.9509 589.0058 768.9884567331254 868.9884567331254 601.4081891703074 701.4081891703074
2551 807.9509 589.0058 760.8671459641587 860.8671459641587 605.3853219740902 705.3853219740902
2568 800.05774 603.1431 753.0902155588545 853.0902155588545 608.9151507775223 708.9151507775223
2584 800.05774 603.1431 745.6817300841386 845.6817300841386 612.0338607170812 712.0338607170812
2601 800.05774 603.1431 737.721699277214 837.721699277214 615.1287351027865 715.1287351027865
2618 785.3074 617.47144 729.6767969577133 829.6767969577133 617.9957692114392 717.9957692114392
2635 785.3074 617.47144 721.553543102233 821.553543102233 620.6326394604092 720.6326394604092
2652 780.71014 631.4275 713.3585211872297 813.3585211872297 623.0372088029525 723.0372088029525
2669 780.71014 631.4275 705.0983728534557 805.0983728534557 625.2075284601758 725.2075284601758
2686 763.0801 641.28345 696.7797925232513 796.7797925232513 627.1418395004217 727.1418395004217
2703 763.0801 641.28345 688.4095219750633 788.4095219750633 628.8385742647915 728.8385742647915
2720 749.2312 642.98083 679.9943448795832 779.9943448795832 630.296357637651 730.296357637651
2737 742.0932 646.85046 671.5410813019316 771.5410813019316 631.5140081610913 731.5140081610913
2754 742.0932 646.85046 663.0565821743512 763.0565821743512 632.4905389924386 732.4905389924386
2771 734.5552 653.1296 654.5477237438794 754.5477237438794 633.2251587040392 733.2251587040392
2788 734.5552 653.1296 646.0214019995067 746.0214019995067 633.7172719246712 733.7172719246712
2806 715.3119 660.2378 636.982177164819 736.982177164819 633.9735692774082 733.9735692774082
2822 715.3119 660.2378 628.9440176902656 728.9440176902656 633.9725804261168 733.9725804261168
2839 715.3119 660.2378 620.4067954607539 720.4067954607539 633.7355687926154 733.7355687926154
2856 694.19653 667.244 611.8797793711809 711.8797793711809 633.2556370072082 733.2556370072082
2873 683.0575 675.94635 603.3698801263789 703.3698801263789 632.5331740297464 732.5331740297464
2890 683.0575 675.94635 594.8839945588649 694.8839945588649 631.5687653790487 731.5687653790487
2908 666.6043 685.9952 585.9327560156919 685.9327560156919 630.2847862171152 730.2847862171152
2925 666.6043 685.9952 577.5179378468152 677.5179378468152 628.8249324247021 728.8249324247021
2941 650.1468 695.9499 569.6390628953682 669.6390628953682 627.232657883161 727.232657883161
2958 650.1468 695.9499 561.3177276452934 661.3177276452934 625.3102329649023 725.3102329649023
2975 631.1668 696.18475 553.0544871637487 653.0544871637487 623.1517161929854 723.1517161929854
2993 631.1668 696.18475 544.3759367047026 644.3759367047026 620.6108431393186 720.6108431393186
3009 617.9747 682.0893 536.7290257094023 636.7290257094023 618.1335944747455 718.1335944747455
3026 617.9747 682.0893 528.6800356774336 628.6800356774336 615.278056456131 715.278056456131
3043 600.68567 688.0009 520.7155915726703 620.7155915726703 612.1945571432422 712.1945571432422
3060 600.68567 688.0009 512.8421481644934 612.8421481644934 608.8855955525434 708.8855955525434
3077 592.58325 687.3959 505.066086470933 605.066086470933 605.3538534259965 705.3538534259965
3094 592.58325 687.3959 497.3937085871838 597.3937085871838 601.6021930576474 701.6021930576474
3111 582.5898 665.8992 489.8312325780845 589.8312325780845 597.6336549738851 697.6336549738851
3128 582.5898 665.8992 482.38478743869564 582.3847874386956 593.4514554692516 693.4514554692516
3145 569.797 671.8954 475.06040812706976 575.0604081270698 589.058983999804 689.058983999804
3163 569.797 671.8954 467.4448257527072 567.4448257527072 584.182901653867 684.182901653867
3179 561.2097 673.63196 460.8014873683203 560.8014873683203 579.6576321782761 679.6576321782761
3196 561.2097 673.63196 453.87850203784535 553.8785020378454 574.6563711348483 674.6563711348483
3213 542.725 675.5633 447.10068540279684 547.1006854027969 569.4600705688548 669.4600705688548
3230 542.725 675.5633 440.47353053246013 540.4735305324601 564.0729418127313 664.0729418127313
3248 525.1211 670.3345 433.6267260338776 533.6267260338776 558.165781572544 658.165781572544
3264 525.1211 670.3345 427.69256349239276 527.6925634923928 552.7438148032415 652.7438148032415
3281 507.48468 669.26184 421.54910963438175 521.5491096343817 546.8109982204569 646.8109982204569
3298 490.09647 666.09875 415.5770257696452 515.5770257696452 540.7057093474355 640.7057093474355
3315 490.09647 666.09875 409.7811519627961 509.7811519627961 534.4328962045494 634.4328962045494
3332 474.48016 665.3446 404.1661854693228 504.1661854693228 527.9976425819129 627.9976425819129
3349 474.48016 665.3446 398.7366769287074 498.7366769287074 521.4051639192346 621.4051639192346
3366 474.48016 665.3446 393.49702667636814 493.49702667636814 514.6608030789737 614.6608030789737
3383 464.41382 661.4487 388.45148117741576 488.45148117741576 507.7700260162269 607.7700260162269
3400 464.41382 661.4487 383.6041295851123 483.6041295851123 500.7384173488538 600.7384173488538
3417 451.78336 655.81824 378.95890042682595 478.95890042682595 493.5716758314352 593.5716758314352
3435 451.78336 655.81824 374.2649101067921 474.2649101067921 485.8425278304917 585.8425278304917
3451 436.1587 650.87714 370.28970142185455 470.28970142185455 478.85613214835485 578.8561321483548
3468 431.74655 647.529 366.2727575118902 466.2727575118902 471.3192561685689 571.3192561685689
3485 431.74655 647.529 362.4719822152257 462.4719822152257 463.6710900449318 563.6710900449318
3502 419.70258 633.06213 358.8904558633554 458.8904558633554 455.9178322199049 555.9178322199049
3519 419.70258 633.06213 355.5310810978608 455.5310810978608 448.06576630732854 548.0657663073285
3536 408.9888 618.39197 352.3965805179704 452.3965805179704 440.1212559998803 540.1212559998803
3553 408.9888 618.39197 349.4894944740342 449.4894944740342 432.0907399116313 532.0907399116313
3570 396.34344 606.31146 346.8121790087004 446.8121790087004 423.9807263598813 523.9807263598814
3588 396.34344 606.31146 344.23022471939606 444.23022471939606 415.31430922285153 515.3143092228515
3605 396.34344 606.31146 342.03258971905177 442.03258971905177 407.06138620638365 507.06138620638365
3622 386.95264 599.9151 340.07076873233893 440.07076873233893 398.74925072104793 498.74925072104793
3639 386.95264 599.9151 338.34635171354296 438.34635171354296 390.3846393220784 490.3846393220784
3655 378.37424 591.7529 336.9414924513526 436.9414924513526 382.4701981434725 482.4701981434725
3673 373.00244 579.6558 335.61512624611004 435.61512624611004 373.52514215512616 473.52514215512616
3689 373.00244 579.6558 334.66293792598333 434.66293792598333 365.5435792681223 465.5435792681223
3706 367.8457 573.39575 333.8859279242903 433.8859279242903 357.03848706593226 457.03848706593226
3723 367.8457 573.39575 333.35133438360816 433.35133438360816 348.5147233633919 448.5147233633919
3740 363.57092 566.4774 333.05959056430925 433.05959056430925 339.9791962294431 439.9791962294431
3757 363.57092 566.4774 453.02406576024066 553.0240657602407 331.056686471707 431.056686471707
3774 352.10294 554.3844 453.36623095517183 553.3662309551719 322.5235450269113 422.5235450269113
3792 352.10294 554.3844 454.16922084104294 554.1692208410429 313.5170210808991 413.5170210808991
3808 344.58023 540.1676 455.26193415828243 555.2619341582824 305.553911501838 405.553911501838
3825 344.58023 540.1676 456.81120498653286 556.8112049865329 297.15561763711503 397.15561763711503
3842 336.9813 522.03455 458.7570723329198 558.7570723329197 288.84025954453836 388.84025954453836
3859 336.9813 522.03455 461.09515609929747 561.0951560992975 280.62655488470796 380.62655488470796
3876 330.80902 492.10623 463.8201933182859 563.8201933182859 272.53299249891984 372.53299249891984
3893 330.80902 492.10623 466.92605000007745 566.9260500000775 264.5777907912517 364.5777907912517
3910 326.70236 474.72336 470.40573493989234 570.4057349398923 256.7788567193968 356.7788567193968
3928 326.70236 474.72336 474.4888488204813 574.4888488204813 248.71099161237862 348.7109916123786
3944 308.97226 438.19815 478.4544350159092 578.4544350159092 241.71962102511617 341.71962102511617
3961 308.97226 438.19815 483.0053327319572 583.0053327319572 234.49321736108072 334.4932173610807
3978 293.3737 415.91327 487.893864647575 587.893864647575 227.49080094619188 327.4908009461919
3996 293.3737 415.91327 493.4257256503695 593.4257256503695 220.33812451057264 320.33812451057264
4012 285.88995 400.56775 498.63907999467915 598.6390799946792 214.22043924223226 314.22043924223226
4029 285.88995 400.56775 504.47157621838664 604.4715762183866 207.98236520147657 307.98236520147657
4047 315.07565 376.85706 510.9622116294033 610.9622116294033 201.6868177027948 301.68681770279477
4063 342.96423 366.04694 516.9907313118342 616.9907313118342 196.37060786867886 296.37060786867886
4080 342.96423 366.04694 523.6492098803254 623.6492098803254 191.0230623484931 291.0230623484931
4097 342.96423 366.04694 530.5538343096449 630.5538343096449 185.9973542961332 285.9973542961332
4114 364.32132 352.65323 537.689062464963 637.689062464963 181.30479645322103 281.304796453221
4131 364.32132 352.65323 545.0388331282979 645.0388331282979 176.95595164869005 276.9559516486901
4149 392.9189 327.07037 553.0363936238961 653.0363936238961 172.73679385759596 272.73679385759596
4165 392.9189 327.07037 560.3153796987771 660.3153796987771 169.32776198864897 269.32776198864894
4182 413.35983 311.915 568.2077684862486 668.2077684862486 166.06558799499004 266.06558799499004
4200 413.35983 311.915 576.7229970015156 676.7229970015156 163.02368896976233 263.02368896976236
4216 437.31744 290.97983 584.4119892185008 684.4119892185008 160.68178050678887 260.68178050678887
4233 456.67728 279.7386 592.6873458725511 692.6873458725511 158.57226582663537 258.5722658266354
4251 456.67728 279.7386 601.547993109811 701.547993109811 156.76915826363768 256.7691582636377
4267 478.37128 278.77283 609.4914555949256 709.4914555949256 155.54174622631027 255.54174622631027
4284 478.37128 278.77283 617.9823830375866 717.9823830375866 154.6275629290547 254.6275629290547
4301 490.94012 273.2721 626.507114755926 726.507114755926 154.1171424476271 254.1171424476271
4318 490.94012 273.2721 635.0464617946108 735.0464617946108 154.01163372561214 254.01163372561214
4335 503.52643 270.2537 643.581202299593 743.581202299593 154.31127426047263 254.31127426047263
4352 503.52643 270.2537 652.0921247860152 752.0921247860152 155.01538956894865 255.01538956894865
4369 503.52643 270.2537 660.5600713827765 760.5600713827765 156.12239470530233 256.1223947053023
4387 517.88354 265.49637 669.4581090553891 769.4581090553891 157.73086973577773 257.73086973577773
4403 517.88354 265.49637 677.2909320172428 777.2909320172428 159.53420581373558 259.5342058137356
4420 533.1183 263.37943 685.5161853111272 785.5161853111272 161.83133188536496 261.831331885365
4437 533.1183 263.37943 693.6232260010909 793.6232260010909 164.5160052712332 264.5160052712332
4454 551.1143 256.8644 701.5938053437343 801.5938053437343 167.58218283949915 267.5821828394992
4471 510.2502 258.04266 709.4099817666976 809.4099817666976 171.0229627020636 271.02296270206364
4488 510.2502 258.04266 717.0541612546845 817.0541612546845 174.83059975054408 274.8305997505441
4505 543.24646 258.14233 724.5091369531456 824.5091369531456 178.99652309031762 278.9965230903176
4523 543.24646 258.14233 732.1777732058051 832.1777732058051 183.78758605914797 283.787586059148
4539 562.45386 264.6962 738.7848168015221 838.7848168015221 188.36493370665013 288.36493370665016
4557 562.45386 264.6962 745.9649695491788 845.9649695491788 193.86108443850046 293.8610844385005
4573 584.61487 269.10352 752.108556869033 852.108556869033 199.0438897990301 299.0438897990301
4591 584.61487 269.10352 758.735613124305 858.735613124305 205.19566935752866 305.1956693575287
4607 603.44714 275.15305 764.3604590589218 864.3604590589218 210.9372932370277 310.9372932370277
4625 603.44714 275.15305 770.3747830567704 870.3747830567704 217.68934279222185 317.68934279222185
4641 617.5462 276.50308 775.4302705632856 875.4302705632856 223.93811728273374 323.93811728273374
4658 617.5462 276.50308 780.4903217770493 880.4903217770493 230.81761302381858 330.8176130238186
4675 635.42303 293.05414 785.2183760095571 885.2183760095571 237.9293697063817 337.9293697063817
4692 635.42303 293.05414 789.6037905304013 889.6037905304013 245.25737894613326 345.25737894613326
4709 659.599 293.05316 793.6366938824929 893.6366938824929 252.78514557975075 352.78514557975075
4727 659.599 293.05316 797.5125264313018 897.5125264313018 260.95461241672945 360.95461241672945
4743 674.9165 296.90512 800.6094691549205 900.6094691549205 268.3717602734482 368.3717602734482
4760 674.9165 296.90512 803.5336455346032 903.5336455346032 276.3955232583588 376.3955232583588
4777 690.8718 306.027 806.0739549944915 906.0739549944915 284.5489524624127 384.5489524624127
4794 690.8718 306.027 808.2246793622878 908.2246793622878 292.8136947228397 392.8136947228397
4812 697.4031 318.0648 810.0719169040786 910.0719169040786 301.6652471183856 401.6652471183856
4828 707.64276 325.38797 811.3388957607996 911.3388957607996 309.60249482388303 409.60249482388303
4845 707.64276 325.38797 812.2953777692248 912.2953777692248 318.08876150040663 418.08876150040663
4862 707.64276 325.38797 812.84827042036 912.84827042036 326.6108439720703 426.6108439720703
4879 717.71375 332.72144 812.9963291668411 912.9963291668411 335.1495592469291 435.1495592469291
4897 717.71375 332.72144 812.7114868280897 912.7114868280897 344.18732065055974 444.18732065055974
4913 720.9158 352.40143 812.0775238609478 912.0775238609478 352.200012303063 452.200012303063
4931 720.9158 352.40143 810.9375863875596 910.9375863875596 361.1701187073185 461.1701187073185
4947 734.53107 373.96844 809.5472300260149 909.5472300260149 369.0866865084376 469.0866865084376
4964 734.53107 373.96844 807.6843286896907 907.6843286896907 377.4210238275436 477.4210238275436
4981 739.56635 388.52423 805.4282173508461 905.4282173508461 385.65762152102405 485.65762152102405
4999 739.56635 388.52423 802.6164664715639 902.6164664715639 394.25159169433493 494.25159169433493
5015 745.97815 395.4838 799.7575521379785 899.7575521379785 401.7636982827043 501.7636982827043
5032 744.30054 416.06247 796.3557627878217 896.3557627878217 409.59692297976756 509.59692297976756
5049 744.30054 416.06247 792.5862637502574 892.5862637502574 417.25998091660404 517.259980916604
5066 746.2162 437.0831 788.4575400722103 888.4575400722103 424.73562274375536 524.7356227437554
5083 746.2162 437.0831 783.9788854061801 883.9788854061801 432.00702098068035 532.0070209806804
5101 746.2162 437.0831 778.8665841399335 878.8665841399335 439.4653480122629 539.4653480122629
5117 751.7592 458.15283 774.0128734563121 874.0128734563121 445.8721123408068 545.8721123408068
5134 751.7592 458.15283 768.5479494131282 868.5479494131282 452.4345954942897 552.4345954942896
5151 753.18604 476.68106 762.7779103666112 862.7779103666112 458.73048537096236 558.7304853709624
5168 753.18604 476.68106 756.7157445286122 856.7157445286122 464.7456100820642 564.7456100820642
5185 744.6425 490.67755 750.3750976809954 850.3750976809954 470.46642973411736 570.4664297341174
5202 744.6425 490.67755 743.7702424593289 843.7702424593289 475.8800669068827 575.8800669068827
5219 744.53784 507.15137 736.9160462255444 836.9160462255444 480.9743356401059 580.9743356401059
5236 736.9869 516.2151 729.8279376018812 829.8279376018812 485.73776886380733 585.7377688638073
5253 736.9869 516.2151 722.5218717414465 822.5218717414465 490.15964421036574 590.1596442103657
5270 726.1264 525.8827 715.014294413571 815.014294413571 494.2300081502966 594.2300081502966
5288 726.1264 525.8827 706.864242169551 806.864242169551 498.14650081167713 598.1465008116771
5305 723.58136 532.7577 698.995462019195 798.995462019195 501.46521726278866 601.4652172627887
5321 723.58136 532.7577 691.4535261011198 791.4535261011198 504.2444868016163 604.2444868016163
5338 716.42285 545.591 683.3128564156366 783.3128564156366 506.8253930396211 606.8253930396211
5355 716.42285 545.591 675.0589337638094 775.0589337638094 509.01727369220305 609.017273692203
5372 707.78094 558.0904 666.710337516615 766.710337516615 510.8151948914908 610.8151948914908
5389 707.78094 558.0904 658.2858601528986 758.2858601528986 512.2151095623715 612.2151095623715
5406 691.7152 569.2145 649.8044649579773 749.8044649579773 513.2138665323532 613.2138665323532
5423 691.7152 569.2145 641.2852433377668 741.2852433377668 513.8092176247758 613.8092176247758
5440 672.9772 573.6688 632.7473718445073 732.7473718445073 513.9998227193989 613.9998227193989
5458 672.9772 573.6688 623.7083032838261 723.7083032838261 513.7600188365996 613.7600188365996
5474 661.39386 574.6963 615.692552089333 715.692552089333 513.1659907650433 613.1659907650433
5491 661.39386 574.6963 607.2139937950213 707.2139937950213 512.1434306506889 612.1434306506889
5508 649.6988 583.0302 598.7934791480179 698.7934791480179 510.71987418285164 610.7198741828516
5526 649.6988 583.0302 589.9619676676424 689.9619676676424 508.7790827672435 608.7790827672435
5542 634.1432 589.3194 582.2022249367301 682.2022249367301 506.68348516468336 606.6834851646834
5560 634.1432 589.3194 573.5943505800357 673.5943505800357 503.9145927134932 603.9145927134932
5576 622.23193 594.72424 566.0680913626405 666.0680913626405 501.0931464966776 601.0931464966776
5593 607.44293 602.9923 558.218012891798 658.218012891798 497.7304321259451 597.7304321259451
5610 607.44293 602.9923 550.5362667811617 650.5362667811617 493.99916469660786 593.9991646966079
5627 607.44293 602.9923 543.0401444467964 643.0401444467964 489.90774319720856 589.9077431972086
5644 597.10315 610.2137 535.7465194703461 635.7465194703461 485.4653773139863 585.4653773139863
5662 597.10315 610.2137 528.2628105761767 628.2628105761767 480.3903041584317 580.3903041584317
5678 588.89386 612.86035 521.8319398796541 621.8319398796541 475.56857846668925 575.5685784666892
5695 588.89386 612.86035 515.2423066318847 615.2423066318847 470.13642294632587 570.1364229463259
5712 575.11676 596.42816 508.91774297137306 608.9177429713731 464.3978277836013 564.3978277836013
5729 575.11676 596.42816 502.8724853308397 602.8724853308397 458.36571041097886 558.3657104109789
5746 563.7386 603.5214 497.1201414322254 597.1201414322254 452.0536489719888 552.0536489719889
5763 563.7386 603.5214 491.67365965604995 591.67365965605 445.47585175716756 545.4758517571676
5780 547.69904 598.14343 486.5452998949387 586.5452998949387 438.6471252215585 538.6471252215586
5798 537.97156 584.84174 481.47483091410595 581.474830914106 431.16029607556385 531.1602960755638
5814 537.97156 584.84174 477.2883795805666 577.2883795805666 424.29889958551144 524.2988995855114
5831 529.1583 574.8843 473.18065612063515 573.1806561206351 416.8116979778178 516.8116979778179
5848 529.1583 574.8843 469.43268195865755 569.4326819586576 409.1380893339877 509.1380893339877
5865 529.1583 574.8843 466.05289368960894 566.0528936896089 401.295346752855 501.295346752855
5882 518.4405 572.66296 463.04889913133843 563.0488991313384 393.30112404946493 493.30112404946493
5900 518.4405 572.66296 460.2853018905736 560.2853018905736 384.6915481808328 484.6915481808328
5916 507.14938 554.6607 458.1944776869708 558.1944776869708 376.9305179198789 476.9305179198789
5933 507.14938 554.6607 456.35497798067684 556.3549779806768 368.59098431373195 468.59098431373195
5950 505.6248 533.51324 454.91310174796206 554.9131017479621 360.1735872774116 460.1735872774116
5967 505.6248 533.51324 453.8720946157316 553.8720946157316 351.69727415859836 451.69727415859836
5984 497.49948 513.53864 453.23429986469176 553.2342998646918 343.18112492358273 443.18112492358273
6001 479.59082 503.6947 453.0036526131048 553.0036526131048 335.1467028281774 435.1467028281774
