1 628.6432 461.65598 333.00042067616835 433.00042067616835 333.4976002348308 433.4976002348308
17 628.6432 461.65598 333.1215672298508 433.1215672298508 325.460353677165 425.460353677165
34 627.5973 458.16235 333.4861703954607 433.4861703954607 316.92762829531256 416.92762829531256
51 627.5973 458.16235 334.0935140048509 434.0935140048509 308.4087391863609 408.4087391863609
69 630.4001 464.0518 335.00061216007174 435.00061216007174 299.41149255853884 399.41149255853884
85 632.47186 465.31635 336.0342573431978 436.0342573431978 291.44006945149073 391.44006945149073
103 632.47186 465.31635 337.4518999466856 437.4518999466856 282.5090245297676 382.5090245297676
119 630.2802 464.14435 338.93750703184975 438.93750703184975 274.6093422383909 374.6093422383909
136 630.2802 464.14435 340.74725228130916 440.74725228130916 266.2627764750041 366.2627764750041
153 634.7239 464.18954 342.7938532438116 442.7938532438116 257.9711082224287 357.9711082224287
170 634.7239 464.18954 345.0756512552929 445.0756512552929 249.74105744826687 349.7410574482669
188 634.7239 464.18954 347.745971055829 447.745971055829 241.10145872448777 341.10145872448777
205 632.0159 467.4677 350.50596515083794 450.50596515083794 233.0192083877314 333.0192083877314
221 632.0159 467.4677 353.31279086333535 453.31279086333535 225.48702821623766 325.48702821623766
239 631.7944 466.37262 356.7103713044251 456.7103713044251 217.10671073469888 317.1067107346989
256 631.7944 466.37262 360.14975501321027 460.14975501321027 209.2893596734873 309.2893596734873
272 635.19 464.3373 363.5888763391684 463.5888763391684 202.0240686798987 302.02406867989873
289 632.29803 455.83963 367.4548074744846 467.4548074744846 194.40862946948707 294.4086294694871
306 632.29803 455.83963 371.53594923283765 471.53594923283765 186.90632183391858 286.9063218339186
323 635.64233 456.63214 375.8289940602396 475.8289940602396 179.52322600490484 279.5232260049048
340 635.64233 456.63214 380.3304626662418 480.3304626662418 172.26532559916362 272.2653255991636
357 586.1472 440.12494 385.0367068437197 485.0367068437197 165.13850276900726 265.13850276900723
374 586.1472 440.12494 389.9439124255555 489.9439124255555 158.14853343516307 258.1485334351631
391 546.1654 419.85532 395.0481023758233 495.0481023758233 151.30108260568883 251.30108260568883
408 546.1654 419.85532 400.34514001297055 500.34514001297055 144.601699784777 244.601699784777
425 510.45096 397.17075 405.83073236238414 505.83073236238414 138.05581447516937 238.05581447516937
443 510.45096 397.17075 411.8395815063909 511.8395815063909 131.2980777305462 231.2980777305462
459 491.1801 377.46075 417.3496488335043 517.3496488335043 125.44562809241546 225.44562809241546
477 491.1801 377.46075 423.73332887425113 523.7333288742511 119.04079373995708 219.04079373995708
493 474.3327 369.65222 429.5675174146769 529.5675174146769 113.51139478609738 213.51139478609738
510 474.3327 369.65222 435.9262688483818 535.9262688483818 107.8099372430793 207.8099372430793
527 464.49307 353.26282 442.44473833256984 542.4447383325698 102.29179502905546 202.29179502905546
544 464.49307 353.26282 449.1176429853873 549.1176429853873 96.96144031244515 196.96144031244515
561 451.78586 326.567 455.939574763276 555.939574763276 91.82319306962836 191.82319306962836
579 451.78586 326.567 463.31908475446505 563.319084754465 86.5967118216947 186.5967118216947
595 446.52512 302.0634 470.0082881070341 570.0082881070341 82.13951907017963 182.13951907017963
612 446.52512 302.0634 477.24366770951156 577.2436677095116 77.60194042970028 177.60194042970028
630 452.65762 279.38162 485.0421198581312 585.0421198581312 73.02401316610684 173.02401316610684
647 446.17133 261.77017 492.53088471125693 592.5308847112569 68.91807370173689 168.9180737017369
663 446.17133 261.77017 499.6832388604396 599.6832388604396 65.24985358281685 165.24985358281685
681 450.60437 247.32918 507.8437817222184 607.8437817222184 61.353853820736504 161.3538538207365
697 450.60437 247.32918 515.1932957197998 615.1932957197998 58.09860379723074 158.09860379723074
714 450.60437 247.32918 523.0947016472838 623.0947016472838 54.85698039535282 154.85698039535282
732 456.00415 227.6645 531.5578441028453 631.5578441028453 51.6713103368038 151.6713103368038
748 456.00415 227.6645 539.158255286693 639.158255286693 49.0548702834833 149.0548702834833
765 467.73624 209.86237 547.3073843205016 647.3073843205016 46.49908588318232 146.49908588318232
782 467.73624 209.86237 555.5259627803556 655.5259627803556 44.176306080939696 144.1763060809397
800 476.16095 203.29279 564.2962813350795 664.2962813350795 41.972948099647 141.972948099647
816 476.16095 203.29279 572.1447741627716 672.1447741627716 40.23709987763954 140.23709987763954
833 485.181 188.51952 580.531538399579 680.531538399579 38.62386599915499 138.623865999155
850 495.673 187.80823 588.960825606595 688.960825606595 37.25001917650059 137.2500191765006
868 495.673 187.80823 597.9247092126128 697.9247092126128 36.05751565750103 136.05751565750103
884 502.93567 180.1452 605.9196140026227 705.9196140026227 35.2247455122278 135.2247455122278
901 502.93567 180.1452 614.4353709721212 714.4353709721212 34.574960050003085 134.57496005000309
918 521.47 174.20319 622.9661736117806 722.9661736117806 34.167843072143 134.167843072143
935 521.47 174.20319 631.5051081479654 731.5051081479654 34.00372452586896 134.00372452586896
952 538.1787 176.17683 640.0452542165596 740.0452542165596 34.08273742076125 134.08273742076125
970 538.1787 176.17683 649.0813904556234 749.0813904556234 34.431328605587055 134.43132860558705
986 538.1787 176.17683 657.1015001944813 757.1015001944813 34.96970439707047 134.96970439707047
1003 550.64343 170.60373 665.6037768999744 765.6037768999744 35.77693963769889 135.7769396376989
1020 550.64343 170.60373 674.0796299331981 774.0796299331981 36.82586922049978 136.82586922049978
1037 568.4903 163.20024 682.5221900543268 782.5221900543268 38.115643042381976 138.11564304238198
1054 588.98157 154.26782 690.9246150057149 790.9246150057149 39.645215808474234 139.64521580847423
1071 588.98157 154.26782 699.2800950571935 799.2800950571935 41.41334787928315 141.41334787928315
1088 596.9875 153.88367 707.5818585250034 807.5818585250034 43.41860627535635 143.41860627535635
1106 596.9875 153.88367 716.3059353437416 816.3059353437416 45.79847131476845 145.79847131476845
1122 609.69714 157.43661 723.9973720999366 823.9973720999366 48.133810549576026 148.13381054957603
1139 609.69714 157.43661 732.0978182836474 832.0978182836474 50.839934998910564 150.83993499891056
1156 626.0026 155.7643 740.117950819005 840.117950819005 53.77554601295549 153.7755460129555
1173 626.0026 155.7643 748.0512698040402 848.0512698040402 56.93826443105149 156.9382644310515
1190 642.1152 155.2579 755.8913456946693 855.8913456946693 60.32552703375262 160.32552703375262
1207 642.1152 155.2579 763.6318245155068 863.6318245155068 63.93458862018292 163.93458862018292
1224 661.0638 155.27264 771.2664330094331 871.2664330094331 67.76252423287974 167.76252423287974
1241 661.0638 155.27264 778.788983721744 878.788983721744 71.80623152831976 171.80623152831976
1258 685.7732 152.065 786.1933800147626 886.1933800147626 76.06243329120804 176.06243329120804
1275 685.7732 152.065 793.4736210088488 893.4736210088488 80.52768009049117 180.52768009049117
1292 702.45636 158.59673 800.6238064458005 900.6238064458005 85.19835307494287 185.19835307494287
1309 702.45636 158.59673 807.638141470708 907.638141470708 90.0706669060545 190.0706669060545
1327 714.4662 169.7266 814.9106963702274 914.9106963702274 95.4449779482751 195.4449779482751
1343 714.4662 169.7266 821.2366359705578 921.2366359705578 100.40426185718263 200.40426185718263
1360 731.811 173.06705 827.809774570124 927.809774570124 105.85716813378187 205.85716813378187
1377 731.811 173.06705 834.2250299387413 934.2250299387413 111.49497235758312 211.49497235758312
1394 745.48303 181.66277 840.4772028442499 940.4772028442499 117.31310538030687 217.31310538030687
1411 762.0627 191.06064 846.5612262243785 946.5612262243785 123.30685190652298 223.30685190652298
1428 762.0627 191.06064 852.4721692933363 952.4721692933363 129.47135431515434 229.47135431515434
1445 769.8577 204.6084 858.2052415379586 958.2052415379586 135.80161659632608 235.80161659632608
1463 769.8577 204.6084 864.0765190178248 964.0765190178248 142.67921608302754 242.67921608302754
1479 769.8577 204.6084 869.1193360426164 969.1193360426164 148.93876919572267 248.93876919572267
1496 778.93164 218.01294 874.2915129944168 974.2915129944168 155.73501253228335 255.73501253228335
1513 778.93164 218.01294 879.2681356740757 979.2681356740757 162.675730406883 262.67573040688296
1530 794.5424 224.00662 884.0451707867052 984.0451707867052 169.7552977272204 269.7552977272204
1547 794.5424 224.00662 888.6187467928016 988.6187467928016 176.96797687071094 276.9679768707109
1564 809.8044 239.7633 892.9851570459276 992.9851570459276 184.30792233453255 284.3079223345326
1582 809.8044 239.7633 897.3786814969314 997.3786814969314 192.2117326082863 292.2117326082863
1598 828.5647 248.67282 901.0824960610505 1001.0824960610505 199.34571931915121 299.3457193191512
1615 844.3602 248.3703 904.8068623492258 1004.8068623492258 207.03138348446487 307.03138348446487
1632 844.3602 248.3703 908.3109432553329 1008.3109432553329 214.8199491363638 314.8199491363638
1649 853.2556 256.9579 911.5918989033121 1011.5918989033121 222.7051040458423 322.7051040458423
1667 853.2556 256.9579 914.8197010204906 1014.8197010204906 231.15226732338112 331.1522673233811
1683 861.2474 269.89853 917.4739812329851 1017.4739812329851 238.73954649774532 338.7395464977453
1700 861.2474 269.89853 920.0703407916484 1020.0703407916484 246.87583895516212 346.8758389551621
1717 861.2474 269.89853 922.4340447096293 1022.4340447096293 255.08274103198784 355.08274103198784
1734 868.91046 286.70926 924.5631773273444 1024.5631773273444 263.35360145921436 363.35360145921436
1751 868.91046 286.70926 926.4560130930984 1026.4560130930984 271.6817171329047 371.6817171329047
1768 870.89056 306.9916 928.1110179615537 1028.1110179615537 280.0603385467098 380.0603385467098
1785 870.89056 306.9916 929.5268506369953 1029.5268506369953 288.4826752619944 388.4826752619944
1802 881.0908 313.11487 930.7023636603816 1030.7023636603817 296.94190141113677 396.94190141113677
1819 889.0203 324.44983 931.6366043392997 1031.6366043392995 305.4311612295389 405.4311612295389
1836 889.0203 324.44983 932.3288155200738 1032.328815520074 313.9435746118702 413.9435746118702
1853 904.9467 330.0175 932.7784362013994 1032.7784362013995 322.4722426880359 422.4722426880359
1870 904.9467 330.0175 932.9851019890048 1032.9851019890048 331.01025341435343 431.01025341435343
1887 915.4487 327.73886 932.9486453909749 1032.948645390975 339.5506871754069 439.5506871754069
1904 915.4487 327.73886 932.6690959534936 1032.6690959534935 348.08662239203596 448.08662239203596
1921 934.93365 331.28033 932.1466802368993 1032.1466802368993 356.6111411309172 456.6111411309172
1939 934.93365 331.28033 931.3292920861586 1031.3292920861586 365.61698093385 465.61698093385
1955 940.7268 349.66217 930.3751400172805 1030.3751400172805 373.5983093035911 473.5983093035911
1972 940.7268 349.66217 929.1274512558361 1029.1274512558361 382.04719151753216 482.04719151753216
1989 940.7268 349.66217 927.6397665348454 1027.6397665348454 390.4571339716405 490.4571339716405
2006 944.64453 367.5595 925.9132915457113 1025.9132915457112 398.8213208432003 498.8213208432003
2024 945.4381 390.11734 923.8265442264865 1023.8265442264865 407.6201139178652 507.6201139178652
2040 945.4381 390.11734 921.7497600303433 1021.7497600303433 415.385355454278 515.3853554542779
2057 936.2939 415.81464 919.3160778307275 1019.3160778307275 423.5717789017766 523.5717789017766
2074 936.2939 415.81464 916.6503512814876 1016.6503512814876 431.68560906238275 531.6856090623828
2091 926.6376 444.27054 913.7547408159044 1013.7547408159044 439.7202700970553 539.7202700970553
2108 926.6376 444.27054 910.6315931762647 1010.6315931762647 447.6692503292295 547.6692503292295
2125 927.12 463.93063 907.2834395119482 1007.2834395119482 455.52610752219204 555.526107522192
2142 927.12 463.93063 903.7129933280626 1003.7129933280626 463.2844741001809 563.2844741001809
2160 920.57825 474.4816 899.6934484911064 999.6934484911064 471.3848773771026 571.3848773771026
2176 920.57825 474.4816 895.9169758597092 995.9169758597092 478.4806693117979 578.4806693117979
2194 912.8747 482.726 891.4429679827582 991.4429679827582 486.339201456037 586.339201456037
2211 912.8747 482.726 887.0018309919924 987.0018309919924 493.63417507762983 593.6341750776298
2227 910.6615 503.0096 882.6338229060326 982.6338229060326 500.38195353258584 600.3819535325858
2244 910.6615 503.0096 877.7965218060378 977.7965218060378 507.42048008140796 607.420480081408
2262 900.55725 524.65375 872.4585164298949 972.4585164298949 514.719724737489 614.719724737489
2278 900.55725 524.65375 867.5308160761413 967.5308160761413 521.0702977777584 621.0702977777584
2295 892.2999 543.20667 862.1107312689596 962.1107312689596 527.6705264551181 627.6705264551181
2312 892.2999 543.20667 856.5049640822481 956.5049640822481 534.1137952031119 634.1137952031119
2329 893.3385 559.4852 850.7180576999276 950.7180576999276 540.394882086187 640.394882086187
2347 893.3385 559.4852 844.398524111755 944.398524111755 546.8630169930223 646.8630169930223
2363 887.80255 571.0031 838.6197303028227 938.6197303028227 552.4502838409564 652.4502838409564
2381 882.6101 583.6993 831.9423499372441 931.9423499372441 558.5483052740481 658.5483052740481
2397 882.6101 583.6993 825.8549614017456 925.8549614017456 563.7976585231695 663.7976585231695
2414 873.64636 601.84796 819.2355094916655 919.2355094916655 569.1942495138428 669.1942495138428
2431 873.64636 601.84796 812.4651233483269 912.4651233483269 574.4002277485814 674.4002277485814
2449 868.6549 609.8685 805.1380660054275 905.1380660054275 579.6999923319313 679.6999923319313
2465 868.6549 609.8685 798.4936144283101 898.4936144283101 584.2236271487043 684.2236271487043
2482 868.6549 609.8685 791.3038148358737 891.3038148358737 588.8330869577367 688.8330869577367
2499 859.2642 626.224 783.9857182018081 883.9857182018081 593.2360177503971 693.2360177503971
2516 859.2642 626.224 776.54525546435 876.54525546435 597.4288511793545 697.4288511793545
2533 840.94244 634.77716 768.9884567331254 868.9884567331254 601.4081891703074 701.4081891703074
2550 840.94244 634.77716 761.3214464020558 861.3214464020558 605.1708066759479 705.1708066759479
2568 833.659 655.4182 753.0902155588545 853.0902155588545 608.9151507775223 708.9151507775223
2584 818.87317 663.15967 745.6817300841386 845.6817300841386 612.0338607170812 712.0338607170812
2601 818.87317 663.15967 737.721699277214 837.721699277214 615.1287351027865 715.1287351027865
2619 812.38007 674.18933 729.2010633664289 829.2010633664289 618.1572723108953 718.1572723108953
2635 812.38007 674.18933 721.553543102233 821.553543102233 620.6326394604092 720.6326394604092
2652 799.98663 687.18494 713.3585211872297 813.3585211872297 623.0372088029525 723.0372088029525
2669 799.98663 687.18494 705.0983728534557 805.0983728534557 625.2075284601758 725.2075284601758
2687 786.0401 694.09283 696.2887884500344 796.2887884500344 627.2482382837565 727.2482382837565
2704 786.0401 694.09283 687.9156881752673 787.9156881752673 628.9309532623472 728.9309532623472
2720 786.0401 694.09283 679.9943448795832 779.9943448795832 630.296357637651 730.296357637651
2737 774.7249 704.9034 671.5410813019316 771.5410813019316 631.5140081610913 731.5140081610913
2754 774.7249 704.9034 663.0565821743512 763.0565821743512 632.4905389924386 732.4905389924386
2771 762.9386 712.7822 654.5477237438794 754.5477237438794 633.2251587040392 733.2251587040392
2788 751.6723 720.44714 646.0214019995067 746.0214019995067 633.7172719246712 733.7172719246712
2805 751.6723 720.44714 637.4845270833351 737.4845270833351 633.9664798220608 733.9664798220608
2822 737.86475 725.4986 628.9440176902656 728.9440176902656 633.9725804261168 733.9725804261168
2839 737.86475 725.4986 620.4067954607539 720.4067954607539 633.7355687926154 733.7355687926154
2856 726.821 729.1589 611.8797793711809 711.8797793711809 633.2556370072082 733.2556370072082
2873 726.821 729.1589 603.3698801263789 703.3698801263789 632.5331740297464 732.5331740297464
2890 709.72595 730.72534 594.8839945588649 694.8839945588649 631.5687653790487 731.5687653790487
2907 709.72595 730.72534 586.4290000393138 686.4290000393138 630.3631926583694 730.3631926583694
2924 697.59467 733.07495 578.0117489028069 678.0117489028069 628.9174329219486 728.9174329219486
2942 684.3811 735.80133 569.1480850152877 669.1480850152877 627.1261382967836 727.1261382967836
2958 684.3811 735.80133 561.3177276452934 661.3177276452934 625.3102329649023 725.3102329649023
2975 684.3811 735.80133 553.0544871637487 653.0544871637487 623.1517161929854 723.1517161929854
2993 664.0144 737.85986 544.3759367047026 644.3759367047026 620.6108431393186 720.6108431393186
3010 664.0144 737.85986 536.2533318686146 636.2533318686146 617.9719743310518 717.9719743310518
3026 647.89453 737.14417 528.6800356774336 628.6800356774336 615.278056456131 715.278056456131
3043 647.89453 737.14417 520.7155915726703 620.7155915726703 612.1945571432422 712.1945571432422
3061 637.0306 737.31396 512.3819751274623 612.3819751274623 608.6839858379951 708.6839858379951
3077 637.0306 737.31396 505.066086470933 605.066086470933 605.3538534259965 705.3538534259965
3094 622.5966 736.64014 497.3937085871838 597.3937085871838 601.6021930576474 701.6021930576474
3111 622.5966 736.64014 489.8312325780845 589.8312325780845 597.6336549738851 697.6336549738851
3128 607.1772 732.37317 482.38478743869564 582.3847874386956 593.4514554692516 693.4514554692516
3145 590.34766 728.7862 475.06040812706976 575.0604081270698 589.058983999804 689.058983999804
3162 590.34766 728.7862 467.8640306732291 567.8640306732291 584.4598004361334 684.4598004361334
3179 573.03064 730.1709 460.8014873683203 560.8014873683203 579.6576321782761 679.6576321782761
3196 573.03064 730.1709 453.87850203784535 553.8785020378454 574.6563711348483 674.6563711348483
3213 573.03064 730.1709 447.10068540279684 547.1006854027969 569.4600705688548 669.4600705688548
3230 554.13983 730.3689 440.47353053246013 540.4735305324601 564.0729418127313 664.0729418127313
3247 554.13983 730.3689 434.0024083925641 534.0024083925641 558.4993508552757 658.4993508552757
3264 533.0503 719.7573 427.69256349239276 527.6925634923928 552.7438148032415 652.7438148032415
3281 533.0503 719.7573 421.54910963438175 521.5491096343817 546.8109982204569 646.8109982204569
3298 514.77747 710.36 415.5770257696452 515.5770257696452 540.7057093474355 640.7057093474355
3315 514.77747 710.36 409.7811519627961 509.7811519627961 534.4328962045494 634.4328962045494
3332 498.1579 703.52893 404.1661854693228 504.1661854693228 527.9976425819129 627.9976425819129
3350 493.25476 700.18384 398.4231643908829 498.4231643908829 521.0125883346178 621.0125883346178
3367 493.25476 700.18384 393.19481603687143 493.19481603687143 514.259462288142 614.259462288142
3383 480.5632 696.40326 388.45148117741576 488.45148117741576 507.7700260162269 607.7700260162269
3400 480.5632 696.40326 383.6041295851123 483.6041295851123 500.7384173488538 600.7384173488538
3417 470.48807 693.4502 378.95890042682595 478.95890042682595 493.5716758314352 593.5716758314352
3434 470.48807 693.4502 374.519558420162 474.519558420162 486.2756097367269 586.2756097367269
3451 454.4558 687.3564 370.28970142185455 470.28970142185455 478.85613214835485 578.8561321483548
3468 454.4558 687.3564 366.2727575118902 466.2727575118902 471.3192561685689 571.3192561685689
3485 439.71338 682.05945 362.4719822152257 462.4719822152257 463.6710900449318 563.6710900449318
3502 439.71338 682.05945 358.8904558633554 458.8904558633554 455.9178322199049 555.9178322199049
3519 439.71338 682.05945 355.5310810978608 455.5310810978608 448.06576630732854 548.0657663073285
3536 426.82324 675.8936 352.3965805179704 452.3965805179704 440.1212559998803 540.1212559998803
3553 415.4702 671.5839 349.4894944740342 449.4894944740342 432.0907399116313 532.0907399116313
3570 415.4702 671.5839 346.8121790087004 446.8121790087004 423.9807263598813 523.9807263598814
3587 404.28488 666.87085 344.3668039474663 444.3668039474663 415.79778809050777 515.7977880905078
3605 404.28488 666.87085 342.03258971905177 442.03258971905177 407.06138620638365 507.06138620638365
3621 396.24542 654.5839 340.17961285468476 440.17961285468476 399.23971851615926 499.23971851615926
3638 396.24542 654.5839 338.44119032461737 438.44119032461737 390.87800666884965 490.87800666884965
3656 388.92157 648.70056 336.8607362133312 436.8607362133312 381.97433109371923 481.97433109371923
3673 388.92157 648.70056 335.61512624611004 435.61512624611004 373.52514215512616 473.52514215512616
3690 383.53192 631.4953 334.61053131423415 434.61053131423415 365.043920136258 465.043920136258
3706 383.53192 631.4953 333.8859279242903 433.8859279242903 357.03848706593226 457.03848706593226
3723 373.70544 612.7602 333.35133438360816 433.35133438360816 348.5147233633919 448.5147233633919
3741 373.70544 612.7602 333.0499980009779 433.0499980009779 339.4768878742076 439.4768878742076
3757 364.15234 600.48444 453.02406576024066 553.0240657602407 331.056686471707 431.056686471707
3774 364.15234 600.48444 453.36623095517183 553.3662309551719 322.5235450269113 422.5235450269113
3791 356.27417 581.9389 454.11274721758974 554.1127472175897 314.01623679178385 414.01623679178385
3809 356.27417 581.9389 455.34202256495803 555.342022564958 305.0579362572376 405.0579362572376
3825 352.43146 566.3476 456.81120498653286 556.8112049865329 297.15561763711503 397.15561763711503
3842 352.43146 566.3476 458.7570723329198 558.7570723329197 288.84025954453836 388.84025954453836
3859 342.6193 541.71313 461.09515609929747 561.0951560992975 280.62655488470796 380.62655488470796
3876 342.6193 541.71313 463.8201933182859 563.8201933182859 272.53299249891984 372.53299249891984
3893 333.0232 521.56177 466.92605000007745 566.9260500000775 264.5777907912517 364.5777907912517
3910 333.0232 521.56177 470.40573493989234 570.4057349398923 256.7788567193968 356.7788567193968
3927 331.35394 507.71667 474.251415455004 574.251415455004 249.15374548655507 349.15374548655507
3944 312.8781 482.773 478.4544350159092 578.4544350159092 241.71962102511617 341.71962102511617
3961 312.8781 482.773 483.0053327319572 583.0053327319572 234.49321736108072 334.4932173610807
3979 312.8781 482.773 488.19170848039323 588.1917084803932 227.08620899447726 327.08620899447726
3995 303.21378 473.10995 493.109026801152 593.109026801152 220.7281340425647 320.7281340425647
4012 303.21378 473.10995 498.63907999467915 598.6390799946792 214.22043924223226 314.22043924223226
4029 327.31885 456.51758 504.47157621838664 604.4715762183866 207.98236520147657 307.98236520147657
4047 327.31885 456.51758 510.9622116294033 610.9622116294033 201.6868177027948 301.68681770279477
4064 349.4444 434.28027 517.3753216119491 617.3753216119491 196.0473496171248 296.04734961712484
4080 349.4444 434.28027 523.6492098803254 623.6492098803254 191.0230623484931 291.0230623484931
4098 368.97687 424.58313 530.9673246451781 630.9673246451781 185.71199252826437 285.7119925282644
4114 368.97687 424.58313 537.689062464963 637.689062464963 181.30479645322103 281.304796453221
4131 380.47232 413.80826 545.0388331282979 645.0388331282979 176.95595164869005 276.9559516486901
4148 395.3075 411.25092 552.5866021519138 652.5866021519138 172.9606090221234 272.96060902212344
4165 395.3075 411.25092 560.3153796987771 660.3153796987771 169.32776198864897 269.32776198864894
4183 404.43784 396.39102 568.6767438562879 668.6767438562879 165.88540004190477 265.88540004190475
4200 404.43784 396.39102 576.7229970015156 676.7229970015156 163.02368896976233 263.02368896976236
4216 425.39996 385.39603 584.4119892185008 684.4119892185008 160.68178050678887 260.68178050678887
4233 425.39996 385.39603 592.6873458725511 692.6873458725511 158.57226582663537 258.5722658266354
4250 425.39996 385.39603 601.053445290706 701.053445290706 156.85763453593017 256.8576345359302
4267 451.34332 368.1037 609.4914555949256 709.4914555949256 155.54174622631027 255.54174622631027
4284 451.34332 368.1037 617.9823830375866 717.9823830375866 154.6275629290547 254.6275629290547
4302 466.84967 359.24197 627.009212437205 727.009212437205 154.09972077737774 254.09972077737774
4319 481.30188 356.68103 635.5488207000526 735.5488207000526 154.01804670179018 254.01804670179018
4335 481.30188 356.68103 643.581202299593 743.581202299593 154.31127426047263 254.31127426047263
4353 505.57224 348.29175 652.5916157056257 752.5916157056257 155.06937491294823 255.06937491294823
4369 505.57224 348.29175 660.5600713827765 760.5600713827765 156.12239470530233 256.1223947053023
4386 527.08307 343.637 668.9659809564164 768.9659809564164 157.6297978289907 257.6297978289907
4403 527.08307 343.637 677.2909320172428 777.2909320172428 159.53420581373558 259.5342058137356
4420 550.1801 336.93228 685.5161853111272 785.5161853111272 161.83133188536496 261.831331885365
4437 550.1801 336.93228 693.6232260010909 793.6232260010909 164.5160052712332 264.5160052712332
4454 566.4945 328.49905 701.5938053437343 801.5938053437343 167.58218283949915 267.5821828394992
4471 566.4945 328.49905 709.4099817666976 809.4099817666976 171.0229627020636 271.02296270206364
4488 566.4945 328.49905 717.0541612546845 817.0541612546845 174.83059975054408 274.8305997505441
4505 582.77 332.01184 724.5091369531456 824.5091369531456 178.99652309031762 278.9965230903176
4523 602.81274 321.12683 732.1777732058051 832.1777732058051 183.78758605914797 283.787586059148
4539 602.81274 321.12683 738.7848168015221 838.7848168015221 188.36493370665013 288.36493370665016
4556 619.31006 321.73743 745.5733867574248 845.5733867574248 193.54633292803192 293.5463329280319
4573 619.31006 321.73743 752.108556869033 852.108556869033 199.0438897990301 299.0438897990301
4590 635.73224 315.0149 758.3756166338345 858.3756166338345 204.8452294582745 304.8452294582745
4607 635.73224 315.0149 764.3604590589218 864.3604590589218 210.9372932370277 310.9372932370277
4624 649.44556 320.7785 770.0496124154753 870.0496124154753 217.30636805391646 317.30636805391646
4641 649.44556 320.7785 775.4302705632856 875.4302705632856 223.93811728273374 323.93811728273374
4658 662.3318 319.85895 780.4903217770493 880.4903217770493 230.81761302381858 330.8176130238186
4675 662.3318 319.85895 785.2183760095571 885.2183760095571 237.9293697063817 337.9293697063817
4692 676.22217 331.25946 789.6037905304013 889.6037905304013 245.25737894613326 345.25737894613326
4709 692.62445 344.68698 793.6366938824929 893.6366938824929 252.78514557975075 352.78514557975075
4726 692.62445 344.68698 797.3080081024611 897.3080081024611 260.4957247950736 360.4957247950736
4743 692.62445 344.68698 800.6094691549205 900.6094691549205 268.3717602734482 368.3717602734482
4761 712.0039 353.77643 803.6937615671286 903.6937615671286 276.8717253711941 376.8717253711941
4777 712.0039 353.77643 806.0739549944915 906.0739549944915 284.5489524624127 384.5489524624127
4795 722.04224 361.37692 808.3389522412413 908.3389522412413 293.3029260641045 393.3029260641045
4811 722.04224 361.37692 809.980977411876 909.980977411876 301.17114631399613 401.17114631399613
4828 739.9307 380.3594 811.3388957607996 911.3388957607996 309.60249482388303 409.60249482388303
4845 739.9307 380.3594 812.2953777692248 912.2953777692248 318.08876150040663 418.08876150040663
4862 750.2315 395.03073 812.84827042036 912.84827042036 326.6108439720703 426.6108439720703
4879 750.2315 395.03073 812.9963291668411 912.9963291668411 335.1495592469291 435.1495592469291
4896 760.7955 408.78387 812.7392207321774 912.7392207321774 343.68568689301895 443.68568689301895
4913 768.24915 424.72296 812.0775238609478 912.0775238609478 352.200012303063 452.200012303063
4931 768.24915 424.72296 810.9375863875596 910.9375863875596 361.1701187073185 461.1701187073185
4948 776.6324 441.28143 809.4486116349954 909.4486116349954 369.57931213616394 469.57931213616394
4964 776.6324 441.28143 807.6843286896907 907.6843286896907 377.4210238275436 477.4210238275436
4981 776.6324 441.28143 805.4282173508461 905.4282173508461 385.65762152102405 485.65762152102405
4998 781.75903 448.52197 802.7839744590015 902.7839744590015 393.77793921594457 493.77793921594457
5016 781.75903 448.52197 799.5677668269823 899.5677668269823 402.2288725853804 502.2288725853804
5032 784.7916 457.6473 796.3557627878217 896.3557627878217 409.59692297976756 509.59692297976756
5050 784.7916 457.6473 792.3532545820084 892.3532545820084 417.70507902225296 517.7050790222529
5066 781.9758 468.6937 788.4575400722103 888.4575400722103 424.73562274375536 524.7356227437554
5083 786.0882 482.75455 783.9788854061801 883.9788854061801 432.00702098068035 532.0070209806804
5100 786.0882 482.75455 779.1603810904619 879.1603810904619 439.057807893992 539.057807893992
5117 786.3602 498.93372 774.0128734563121 874.0128734563121 445.8721123408068 545.8721123408068
5134 786.3602 498.93372 768.5479494131282 868.5479494131282 452.4345954942897 552.4345954942896
5151 789.7607 510.06525 762.7779103666112 862.7779103666112 458.73048537096236 558.7304853709624
5169 789.7607 510.06525 756.3503375862501 856.3503375862501 465.09040474938706 565.0904047493871
5185 786.57355 524.87854 750.3750976809954 850.3750976809954 470.46642973411736 570.4664297341174
5202 786.57355 524.87854 743.7702424593289 843.7702424593289 475.8800669068827 575.8800669068827
5219 780.9802 546.46295 736.9160462255444 836.9160462255444 480.9743356401059 580.9743356401059
5236 780.9802 546.46295 729.8279376018812 829.8279376018812 485.73776886380733 585.7377688638073
5253 780.9802 546.46295 722.5218717414465 822.5218717414465 490.15964421036574 590.1596442103657
5270 770.6598 561.5103 715.014294413571 815.014294413571 494.2300081502966 594.2300081502966
5287 760.54144 577.5654 707.3221049847989 807.3221049847989 497.93969839739407 597.9396983973941
5304 760.54144 577.5654 699.4626183788416 799.4626183788416 501.28036453280606 601.2803645328061
5321 749.19196 592.45526 691.4535261011198 791.4535261011198 504.2444868016163 604.2444868016163
5339 749.19196 592.45526 682.8302861911227 782.8302861911227 506.96514844936485 606.9651484493648
5355 739.5295 600.8614 675.0589337638094 775.0589337638094 509.01727369220305 609.017273692203
5372 739.5295 600.8614 666.710337516615 766.710337516615 510.8151948914908 610.8151948914908
5389 717.62946 608.9979 658.2858601528986 758.2858601528986 512.2151095623715 612.2151095623715
5406 717.62946 608.9979 649.8044649579773 749.8044649579773 513.2138665323532 613.2138665323532
5423 703.4541 618.48175 641.2852433377668 741.2852433377668 513.8092176247758 613.8092176247758
5440 703.4541 618.48175 632.7473718445073 732.7473718445073 513.9998227193989 613.9998227193989
5457 694.63385 626.84924 624.2100690108309 724.2100690108309 513.7852527689789 613.7852527689789
5475 686.62714 631.0148 615.1925479661336 715.1925479661336 513.1169859395293 613.1169859395293
5491 686.62714 631.0148 607.2139937950213 707.2139937950213 512.1434306506889 612.1434306506889
5508 686.62714 631.0148 598.7934791480179 698.7934791480179 510.71987418285164 610.7198741828516
5525 674.0321 623.325 590.4499625136663 690.4499625136663 508.8985257511097 608.8985257511097
5542 674.0321 623.325 582.2022249367301 682.2022249367301 506.68348516468336 606.6834851646834
5559 664.57086 627.46765 574.0688318657412 674.0688318657412 504.079738423869 604.079738423869
5576 664.57086 627.46765 566.0680913626405 666.0680913626405 501.0931464966776 601.0931464966776
5594 645.5302 632.25323 557.7613149437265 657.7613149437265 497.5210698075416 597.5210698075416
5610 645.5302 632.25323 550.5362667811617 650.5362667811617 493.99916469660786 593.9991646966079
5628 630.9192 636.2022 542.6053395844086 642.6053395844086 489.65604828708047 589.6560482870805
5644 630.9192 636.2022 535.7465194703461 635.7465194703461 485.4653773139863 585.4653773139863
5661 617.8854 635.45905 528.6718096170268 628.6718096170268 480.6820667001052 580.6820667001052
5678 604.41925 627.4527 521.8319398796541 621.8319398796541 475.56857846668925 575.5685784666892
5695 604.41925 627.4527 515.2423066318847 615.2423066318847 470.13642294632587 570.1364229463259
5712 588.38715 629.99164 508.91774297137306 608.9177429713731 464.3978277836013 564.3978277836013
5729 588.38715 629.99164 502.8724853308397 602.8724853308397 458.36571041097886 558.3657104109789
5746 588.38715 629.99164 497.1201414322254 597.1201414322254 452.0536489719888 552.0536489719889
5764 572.56775 633.2629 491.36306905859533 591.3630690585953 445.0809605355471 545.0809605355471
5780 572.56775 633.2629 486.5452998949387 586.5452998949387 438.6471252215585 538.6471252215586
5797 553.481 630.00793 481.74660595691194 581.7466059569119 431.58284065575424 531.5828406557542
5814 553.481 630.00793 477.2883795805666 577.2883795805666 424.29889958551144 524.2988995855114
5831 543.51044 626.1274 473.18065612063515 573.1806561206351 416.8116979778178 516.8116979778179
5848 535.925 613.3668 469.43268195865755 569.4326819586576 409.1380893339877 509.1380893339877
5865 535.925 613.3668 466.05289368960894 566.0528936896089 401.295346752855 501.295346752855
5882 521.3237 610.6845 463.04889913133843 563.0488991313384 393.30112404946493 493.30112404946493
5900 521.3237 610.6845 460.2853018905736 560.2853018905736 384.6915481808328 484.6915481808328
5916 512.99036 605.69574 458.1944776869708 558.1944776869708 376.9305179198789 476.9305179198789
5933 512.99036 605.69574 456.35497798067684 556.3549779806768 368.59098431373195 468.59098431373195
5950 504.03284 602.1031 454.91310174796206 554.9131017479621 360.1735872774116 460.1735872774116
5967 504.03284 602.1031 453.8720946157316 553.8720946157316 351.69727415859836 451.69727415859836
5984 504.03284 602.1031 453.23429986469176 553.2342998646918 343.18112492358273 443.18112492358273
6001 496.4465 595.905 453.0036526131048 553.0036526131048 335.1467028281774 435.1467028281774
