0 619.10675 426.8989 333.0 433.0 334.0 434.0
17 619.10675 426.8989 333.1215672298508 433.1215672298508 325.460353677165 425.460353677165
34 624.6033 432.04758 333.4861703954607 433.4861703954607 316.92762829531256 416.92762829531256
51 624.6033 432.04758 334.0935140048509 434.0935140048509 308.4087391863609 408.4087391863609
68 625.22656 433.66232 334.94310583748677 434.94310583748677 299.91059046864586 399.91059046864586
85 625.22656 433.66232 336.0342573431978 436.0342573431978 291.44006945149073 391.44006945149073
102 623.16235 437.88577 337.3660842002114 437.3660842002114 283.00404105339845 383.00404105339845
119 625.9025 435.8049 338.93750703184975 438.93750703184975 274.6093422383909 374.6093422383909
136 625.9025 435.8049 340.74725228130916 440.74725228130916 266.2627764750041 366.2627764750041
159 622.41614 435.3954 343.5724285109775 443.5724285109775 255.05900392086028 355.0590039208603
170 622.41614 435.3954 345.0756512552929 445.0756512552929 249.74105744826687 349.7410574482669
187 622.41614 435.3954 347.59079703666407 447.59079703666407 241.57929418234613 341.57929418234613
204 622.61884 431.07785 350.3372521925565 450.3372521925565 233.4924331110061 333.4924331110061
221 622.61884 431.07785 353.31279086333535 453.31279086333535 225.48702821623766 325.48702821623766
238 620.8938 433.83002 356.51500152904384 456.51500152904384 217.5695674640201 317.5695674640201
255 620.8938 433.83002 359.9412889638151 459.9412889638151 209.74646754616077 309.7464675461608
272 622.0189 440.41458 363.5888763391684 463.5888763391684 202.0240686798987 302.02406867989873
289 625.89087 435.3001 367.4548074744846 467.4548074744846 194.40862946948707 294.4086294694871
306 625.89087 435.3001 371.53594923283765 471.53594923283765 186.90632183391858 286.9063218339186
323 629.3126 437.43887 375.8289940602396 475.8289940602396 179.52322600490484 279.5232260049048
340 629.3126 437.43887 380.3304626662418 480.3304626662418 172.26532559916362 272.2653255991636
357 594.4759 406.15875 385.0367068437197 485.0367068437197 165.13850276900726 265.13850276900723
375 594.4759 406.15875 390.2387457035903 490.2387457035903 157.7417422858324 257.7417422858324
391 544.0097 377.17874 395.0481023758233 495.0481023758233 151.30108260568883 251.30108260568883
408 544.0097 377.17874 400.34514001297055 500.34514001297055 144.601699784777 244.601699784777
425 544.0097 377.17874 405.83073236238414 505.83073236238414 138.05581447516937 238.05581447516937
442 489.8911 349.14612 411.50043363562395 511.50043363562395 131.66873177782583 231.66873177782583
460 489.8911 349.14612 417.69921012162035 517.6992101216204 125.08477825264669 225.0847782526467
476 458.43076 322.6707 423.3736374701024 523.3736374701024 119.39154692211227 219.39154692211227
493 458.43076 322.6707 429.5675174146769 529.5675174146769 113.51139478609738 213.51139478609738
510 435.5512 303.69235 435.9262688483818 535.9262688483818 107.8099372430793 207.8099372430793
527 424.1295 282.63254 442.44473833256984 542.4447383325698 102.29179502905546 202.29179502905546
545 424.1295 282.63254 449.51486122421545 549.5148612242155 96.65383119074559 196.6538311907456
561 415.98505 266.02603 455.939574763276 555.939574763276 91.82319306962836 191.82319306962836
578 415.98505 266.02603 462.90500484391305 562.905004843913 86.88121758382923 186.88121758382923
595 418.91632 257.08054 470.0082881070341 570.0082881070341 82.13951907017963 182.13951907017963
612 418.91632 257.08054 477.24366770951156 577.2436677095116 77.60194042970028 177.60194042970028
629 420.17065 247.4563 484.6052797509776 584.6052797509776 73.27215913482809 173.2721591348281
646 420.17065 247.4563 492.08715802621145 592.0871580262115 69.15368424901567 169.15368424901567
663 425.54446 235.95518 499.6832388604396 599.6832388604396 65.24985358281685 165.24985358281685
680 425.54446 235.95518 507.3873660236304 607.3873660236304 61.563830988764266 161.56383098876427
697 438.18625 232.18813 515.1932957197998 615.1932957197998 58.09860379723074 158.09860379723074
714 438.18625 232.18813 523.0947016472838 623.0947016472838 54.85698039535282 154.85698039535282
731 448.23376 231.64703 531.0851801258791 631.0851801258791 51.84158795097835 151.84158795097835
749 448.23376 231.64703 539.6355747641641 639.6355747641641 48.89811628054434 148.89811628054434
765 454.30133 223.11441 547.3073843205016 647.3073843205016 46.49908588318232 146.49908588318232
782 454.30133 223.11441 555.5259627803556 655.5259627803556 44.176306080939696 144.1763060809397
799 465.41556 225.58194 563.8073299341439 663.8073299341439 42.08841336946284 142.08841336946284
816 465.41556 225.58194 572.1447741627716 672.1447741627716 40.23709987763954 140.23709987763954
833 475.3515 208.3367 580.531538399579 680.531538399579 38.62386599915499 138.623865999155
850 475.3515 208.3367 588.960825606595 688.960825606595 37.25001917650059 137.2500191765006
867 494.8443 196.91426 597.4258042831839 697.4258042831839 36.116672841359446 136.11667284135945
884 509.60785 185.88358 605.9196140026227 705.9196140026227 35.2247455122278 135.2247455122278
901 509.60785 185.88358 614.4353709721212 714.4353709721212 34.574960050003085 134.57496005000309
918 509.60785 185.88358 622.9661736117806 722.9661736117806 34.167843072143 134.167843072143
935 520.85803 185.39252 631.5051081479654 731.5051081479654 34.00372452586896 134.00372452586896
952 520.85803 185.39252 640.0452542165596 740.0452542165596 34.08273742076125 134.08273742076125
969 531.692 175.94173 648.5796904715623 748.5796904715623 34.40481772096149 134.4048177209615
986 531.692 175.94173 657.1015001944813 757.1015001944813 34.96970439707047 134.96970439707047
1003 545.38196 166.21715 665.6037768999744 765.6037768999744 35.77693963769889 135.7769396376989
1020 545.38196 166.21715 674.0796299331981 774.0796299331981 36.82586922049978 136.82586922049978
1037 560.39374 162.99464 682.5221900543268 782.5221900543268 38.115643042381976 138.11564304238198
1054 560.39374 162.99464 690.9246150057149 790.9246150057149 39.645215808474234 139.64521580847423
1071 577.2613 164.40202 699.2800950571935 799.2800950571935 41.41334787928315 141.41334787928315
1088 595.52734 167.90073 707.5818585250034 807.5818585250034 43.41860627535635 143.41860627535635
1105 595.52734 167.90073 715.8231772598931 815.8231772598931 45.65936583863811 145.6593658386381
1123 609.60596 167.1786 724.4759748533495 824.4759748533495 48.286601601133555 148.28660160113355
1139 609.60596 167.1786 732.0978182836474 832.0978182836474 50.839934998910564 150.83993499891056
1156 630.5924 162.45042 740.117950819005 840.117950819005 53.77554601295549 153.7755460129555
1173 630.5924 162.45042 748.0512698040402 848.0512698040402 56.93826443105149 156.9382644310515
1190 630.5924 162.45042 755.8913456946693 855.8913456946693 60.32552703375262 160.32552703375262
1207 646.36444 162.41025 763.6318245155068 863.6318245155068 63.93458862018292 163.93458862018292
1224 646.36444 162.41025 771.2664330094331 871.2664330094331 67.76252423287974 167.76252423287974
1241 658.0012 165.8454 778.788983721744 878.788983721744 71.80623152831976 171.80623152831976
1258 676.0874 170.89413 786.1933800147626 886.1933800147626 76.06243329120804 176.06243329120804
1275 676.0874 170.89413 793.4736210088488 893.4736210088488 80.52768009049117 180.52768009049117
1292 692.0607 177.18243 800.6238064458005 900.6238064458005 85.19835307494287 185.19835307494287
1309 692.0607 177.18243 807.638141470708 907.638141470708 90.0706669060545 190.0706669060545
1326 709.22906 190.4696 814.5109413283826 914.5109413283826 95.14067282585665 195.14067282585665
1343 709.22906 190.4696 821.2366359705578 921.2366359705578 100.40426185718263 200.40426185718263
1360 723.9739 203.82672 827.809774570124 927.809774570124 105.85716813378187 205.85716813378187
1377 723.9739 203.82672 834.2250299387413 934.2250299387413 111.49497235758312 211.49497235758312
1394 742.3981 212.40033 840.4772028442499 940.4772028442499 117.31310538030687 217.31310538030687
1411 742.3981 212.40033 846.5612262243785 946.5612262243785 123.30685190652298 223.30685190652298
1428 742.3981 212.40033 852.4721692933363 952.4721692933363 129.47135431515434 229.47135431515434
1445 753.3393 220.7844 858.2052415379586 958.2052415379586 135.80161659632608 235.80161659632608
1462 760.8942 243.7608 863.7557966001699 963.7557966001699 142.29250840037312 242.29250840037312
1479 760.8942 243.7608 869.1193360426164 969.1193360426164 148.93876919572267 248.93876919572267
1497 773.6777 246.7827 874.5897089352587 974.5897089352587 156.13934516994212 256.1393451699421
1513 773.6777 246.7827 879.2681356740757 979.2681356740757 162.675730406883 262.67573040688296
1530 790.18054 247.23723 884.0451707867052 984.0451707867052 169.7552977272204 269.7552977272204
1547 790.18054 247.23723 888.6187467928016 988.6187467928016 176.96797687071094 276.9679768707109
1564 804.2062 257.5111 892.9851570459276 992.9851570459276 184.30792233453255 284.3079223345326
1581 804.2062 257.5111 897.1408627967578 997.1408627967578 191.76918547310373 291.76918547310373
1598 818.9492 262.58203 901.0824960610505 1001.0824960610505 199.34571931915121 299.3457193191512
1615 818.9492 262.58203 904.8068623492258 1004.8068623492258 207.03138348446487 307.03138348446487
1632 827.81824 276.81973 908.3109432553329 1008.3109432553329 214.8199491363638 314.8199491363638
1649 839.27576 290.7608 911.5918989033121 1011.5918989033121 222.7051040458423 322.7051040458423
1666 839.27576 290.7608 914.6470702485676 1014.6470702485676 230.6804577033056 330.6804577033056
1683 853.94366 291.4027 917.4739812329851 1017.4739812329851 238.73954649774532 338.7395464977453
1700 853.94366 291.4027 920.0703407916484 1020.0703407916484 246.87583895516212 346.8758389551621
1717 853.94366 291.4027 922.4340447096293 1022.4340447096293 255.08274103198784 355.08274103198784
1734 865.13007 293.62936 924.5631773273444 1024.5631773273444 263.35360145921436 363.35360145921436
1751 865.13007 293.62936 926.4560130930984 1026.4560130930984 271.6817171329047 371.6817171329047
1768 871.09595 303.74936 928.1110179615537 1028.1110179615537 280.0603385467098 380.0603385467098
1785 871.09595 303.74936 929.5268506369953 1029.5268506369953 288.4826752619944 388.4826752619944
1802 884.79956 312.35083 930.7023636603816 1030.7023636603817 296.94190141113677 396.94190141113677
1819 884.79956 312.35083 931.6366043392997 1031.6366043392995 305.4311612295389 405.4311612295389
1836 890.5433 326.22406 932.3288155200738 1032.328815520074 313.9435746118702 413.9435746118702
1853 897.3739 340.64435 932.7784362013994 1032.7784362013995 322.4722426880359 422.4722426880359
1871 897.3739 340.64435 932.9896881603357 1032.9896881603358 331.5126324227158 431.5126324227158
1887 906.4186 355.4713 932.9486453909749 1032.948645390975 339.5506871754069 439.5506871754069
1904 906.4186 355.4713 932.6690959534936 1032.6690959534935 348.08662239203596 448.08662239203596
1921 914.5034 368.11707 932.1466802368993 1032.1466802368993 356.6111411309172 456.6111411309172
1938 914.5034 368.11707 931.3818216320687 1031.3818216320687 365.1173347111916 465.1173347111916
1955 914.5034 368.11707 930.3751400172805 1030.3751400172805 373.5983093035911 473.5983093035911
1972 922.7473 383.2053 929.1274512558361 1029.1274512558361 382.04719151753216 482.04719151753216
1989 922.7473 383.2053 927.6397665348454 1027.6397665348454 390.4571339716405 490.4571339716405
2006 928.78015 405.8268 925.9132915457113 1025.9132915457112 398.8213208432003 498.8213208432003
2023 928.78015 405.8268 923.9494255069792 1023.9494255069792 407.13297339202586 507.13297339202586
2040 926.44025 426.97766 921.7497600303433 1021.7497600303433 415.385355454278 515.3853554542779
2057 928.8219 448.0954 919.3160778307275 1019.3160778307275 423.5717789017766 523.5717789017766
2074 928.8219 448.0954 916.6503512814876 1016.6503512814876 431.68560906238275 531.6856090623828
2091 927.2927 466.24463 913.7547408159044 1013.7547408159044 439.7202700970553 539.7202700970553
2108 927.2927 466.24463 910.6315931762647 1010.6315931762647 447.6692503292295 547.6692503292295
2125 919.0855 488.8424 907.2834395119482 1007.2834395119482 455.52610752219204 555.526107522192
2142 919.0855 488.8424 903.7129933280626 1003.7129933280626 463.2844741001809 563.2844741001809
2159 915.84766 504.4049 899.9231482862865 999.9231482862865 470.9380623089762 570.9380623089762
2176 915.84766 504.4049 895.9169758597092 995.9169758597092 478.4806693117979 578.4806693117979
2193 915.84766 504.4049 891.6977228435584 991.6977228435584 485.90618221638465 585.9061822163847
2210 910.6562 523.9195 887.2688087238421 987.2688087238421 493.20858302917645 593.2085830291765
2227 909.82886 541.2042 882.6338229060326 982.6338229060326 500.38195353258584 600.3819535325858
2245 909.82886 541.2042 877.5057571776003 977.5057571776003 507.8301892854297 607.8301892854297
2261 904.67365 565.41174 872.7608258058228 972.7608258058228 514.3184583144773 614.3184583144773
2278 904.67365 565.41174 867.5308160761413 967.5308160761413 521.0702977777584 621.0702977777584
2295 897.6446 585.78436 862.1107312689596 962.1107312689596 527.6705264551181 627.6705264551181
2312 897.6446 585.78436 856.5049640822481 956.5049640822481 534.1137952031119 634.1137952031119
2329 890.8585 597.35913 850.7180576999276 950.7180576999276 540.394882086187 640.394882086187
2346 890.8585 597.35913 844.754702109853 944.754702109853 546.5086966087915 646.5086966087915
2363 883.2864 611.1885 838.6197303028227 938.6197303028227 552.4502838409564 652.4502838409564
2380 883.2864 611.1885 832.3181143556885 932.3181143556885 558.2148284340103 658.2148284340103
2397 871.0718 623.49805 825.8549614017456 925.8549614017456 563.7976585231695 663.7976585231695
2414 868.11084 639.7129 819.2355094916655 919.2355094916655 569.1942495138428 669.1942495138428
2431 868.11084 639.7129 812.4651233483269 912.4651233483269 574.4002277485814 674.4002277485814
2448 868.11084 639.7129 805.5492900189863 905.5492900189863 579.4113740517007 679.4113740517007
2465 862.9186 645.63116 798.4936144283101 898.4936144283101 584.2236271487043 684.2236271487043
2482 862.9186 645.63116 791.3038148358737 891.3038148358737 588.8330869577367 688.8330869577367
2499 852.4634 664.9351 783.9857182018081 883.9857182018081 593.2360177503971 693.2360177503971
2516 852.4634 664.9351 776.54525546435 876.54525546435 597.4288511793545 697.4288511793545
2533 845.57367 677.0989 768.9884567331254 868.9884567331254 601.4081891703074 701.4081891703074
2550 845.57367 677.0989 761.3214464020558 861.3214464020558 605.1708066759479 705.1708066759479
2567 841.3278 689.3389 753.5504381858558 853.5504381858558 608.7136542896951 708.7136542896951
2584 841.3278 689.3389 745.6817300841386 845.6817300841386 612.0338607170812 712.0338607170812
2601 829.58185 699.85657 737.721699277214 837.721699277214 615.1287351027865 715.1287351027865
2619 821.04913 706.97784 729.2010633664289 829.2010633664289 618.1572723108953 718.1572723108953
2635 821.04913 706.97784 721.553543102233 821.553543102233 620.6326394604092 720.6326394604092
2652 809.08545 716.0667 713.3585211872297 813.3585211872297 623.0372088029525 723.0372088029525
2669 809.08545 716.0667 705.0983728534557 805.0983728534557 625.2075284601758 725.2075284601758
2686 796.26105 724.2601 696.7797925232513 796.7797925232513 627.1418395004217 727.1418395004217
2703 796.26105 724.2601 688.4095219750633 788.4095219750633 628.8385742647915 728.8385742647915
2720 796.26105 724.2601 679.9943448795832 779.9943448795832 630.296357637651 730.296357637651
2737 786.4907 734.73895 671.5410813019316 771.5410813019316 631.5140081610913 731.5140081610913
2754 786.4907 734.73895 663.0565821743512 763.0565821743512 632.4905389924386 732.4905389924386
2771 773.57385 741.7287 654.5477237438794 754.5477237438794 633.2251587040392 733.2251587040392
2788 773.57385 741.7287 646.0214019995067 746.0214019995067 633.7172719246712 733.7172719246712
2805 759.7936 751.688 637.4845270833351 737.4845270833351 633.9664798220608 733.9664798220608
2822 747.5443 754.5991 628.9440176902656 728.9440176902656 633.9725804261168 733.9725804261168
2839 747.5443 754.5991 620.4067954607539 720.4067954607539 633.7355687926154 733.7355687926154
2856 727.9821 756.8753 611.8797793711809 711.8797793711809 633.2556370072082 733.2556370072082
2873 727.9821 756.8753 603.3698801263789 703.3698801263789 632.5331740297464 732.5331740297464
2890 713.20325 761.96265 594.8839945588649 694.8839945588649 631.5687653790487 731.5687653790487
2907 713.20325 761.96265 586.4290000393138 686.4290000393138 630.3631926583694 730.3631926583694
2924 701.5944 764.34705 578.0117489028069 678.0117489028069 628.9174329219486 728.9174329219486
2941 701.5944 764.34705 569.6390628953682 669.6390628953682 627.232657883161 727.232657883161
2958 701.5944 764.34705 561.3177276452934 661.3177276452934 625.3102329649023 725.3102329649023
2975 684.7641 766.1088 553.0544871637487 653.0544871637487 623.1517161929854 723.1517161929854
2993 684.7641 766.1088 544.3759367047026 644.3759367047026 620.6108431393186 720.6108431393186
3009 667.4438 769.7407 536.7290257094023 636.7290257094023 618.1335944747455 718.1335944747455
3026 652.0357 773.01825 528.6800356774336 628.6800356774336 615.278056456131 715.278056456131
3043 652.0357 773.01825 520.7155915726703 620.7155915726703 612.1945571432422 712.1945571432422
3060 633.0155 773.20746 512.8421481644934 612.8421481644934 608.8855955525434 708.8855955525434
3077 633.0155 773.20746 505.066086470933 605.066086470933 605.3538534259965 705.3538534259965
3094 621.0907 773.8496 497.3937085871838 597.3937085871838 601.6021930576474 701.6021930576474
3111 621.0907 773.8496 489.8312325780845 589.8312325780845 597.6336549738851 697.6336549738851
3128 607.16626 772.4785 482.38478743869564 582.3847874386956 593.4514554692516 693.4514554692516
3145 607.16626 772.4785 475.06040812706976 575.0604081270698 589.058983999804 689.058983999804
3162 591.1012 770.6169 467.8640306732291 567.8640306732291 584.4598004361334 684.4598004361334
3179 591.1012 770.6169 460.8014873683203 560.8014873683203 579.6576321782761 679.6576321782761
3196 570.07184 770.87024 453.87850203784535 553.8785020378454 574.6563711348483 674.6563711348483
3213 570.07184 770.87024 447.10068540279684 547.1006854027969 569.4600705688548 669.4600705688548
3230 556.83673 768.71564 440.47353053246013 540.4735305324601 564.0729418127313 664.0729418127313
3247 556.83673 768.71564 434.0024083925641 534.0024083925641 558.4993508552757 658.4993508552757
3264 543.0271 764.48425 427.69256349239276 527.6925634923928 552.7438148032415 652.7438148032415
3281 543.0271 764.48425 421.54910963438175 521.5491096343817 546.8109982204569 646.8109982204569
3298 530.5026 761.91833 415.5770257696452 515.5770257696452 540.7057093474355 640.7057093474355
3315 530.5026 761.91833 409.7811519627961 509.7811519627961 534.4328962045494 634.4328962045494
3332 514.2224 753.7344 404.1661854693228 504.1661854693228 527.9976425819129 627.9976425819129
3349 514.2224 753.7344 398.7366769287074 498.7366769287074 521.4051639192346 621.4051639192346
3366 492.2593 718.2179 393.49702667636814 493.49702667636814 514.6608030789737 614.6608030789737
3384 483.82404 715.16406 388.16081736231547 488.16081736231547 507.3602452851014 607.3602452851014
3400 483.82404 715.16406 383.6041295851123 483.6041295851123 500.7384173488538 600.7384173488538
3417 465.1726 702.119 378.95890042682595 478.95890042682595 493.5716758314352 593.5716758314352
3434 465.1726 702.119 374.519558420162 474.519558420162 486.2756097367269 586.2756097367269
3451 465.1726 702.119 370.28970142185455 470.28970142185455 478.85613214835485 578.8561321483548
3468 454.26355 695.9251 366.2727575118902 466.2727575118902 471.3192561685689 571.3192561685689
3485 454.26355 695.9251 362.4719822152257 462.4719822152257 463.6710900449318 563.6710900449318
3502 438.40375 690.6337 358.8904558633554 458.8904558633554 455.9178322199049 555.9178322199049
3519 438.40375 690.6337 355.5310810978608 455.5310810978608 448.06576630732854 548.0657663073285
3536 428.5797 685.05865 352.3965805179704 452.3965805179704 440.1212559998803 540.1212559998803
3553 428.5797 685.05865 349.4894944740342 449.4894944740342 432.0907399116313 532.0907399116313
3570 414.93854 663.248 346.8121790087004 446.8121790087004 423.9807263598813 523.9807263598814
3587 399.6164 645.2673 344.3668039474663 444.3668039474663 415.79778809050777 515.7977880905078
3604 399.6164 645.2673 342.155351140146 442.155351140146 407.5485569510936 507.5485569510936
3621 388.45355 636.6459 340.17961285468476 440.17961285468476 399.23971851615926 499.23971851615926
3638 388.45355 636.6459 338.44119032461737 438.44119032461737 390.87800666884965 490.87800666884965
3655 379.25467 621.15924 336.9414924513526 436.9414924513526 382.4701981434725 482.4701981434725
3672 379.25467 621.15924 335.68173466233077 435.68173466233077 374.02310703330426 474.02310703330426
3689 372.37927 617.2888 334.66293792598333 434.66293792598333 365.5435792681223 465.5435792681223
3706 372.37927 617.2888 333.8859279242903 433.8859279242903 357.03848706593226 457.03848706593226
3723 372.37927 617.2888 333.35133438360816 433.35133438360816 348.5147233633919 448.5147233633919
3741 359.70584 596.4702 333.0499980009779 433.0499980009779 339.4768878742076 439.4768878742076
3757 359.70584 596.4702 453.02406576024066 553.0240657602407 331.056686471707 431.056686471707
3774 353.16663 577.79266 453.36623095517183 553.3662309551719 322.5235450269113 422.5235450269113
3791 346.74124 562.1084 454.11274721758974 554.1127472175897 314.01623679178385 414.01623679178385
3808 346.74124 562.1084 455.26193415828243 555.2619341582824 305.553911501838 405.553911501838
3825 340.2612 547.83923 456.81120498653286 556.8112049865329 297.15561763711503 397.15561763711503
3842 340.2612 547.83923 458.7570723329198 558.7570723329197 288.84025954453836 388.84025954453836
3859 335.96252 529.221 461.09515609929747 561.0951560992975 280.62655488470796 380.62655488470796
3876 335.96252 529.221 463.8201933182859 563.8201933182859 272.53299249891984 372.53299249891984
3893 334.47552 512.9487 466.92605000007745 566.9260500000775 264.5777907912517 364.5777907912517
3910 334.47552 512.9487 470.40573493989234 570.4057349398923 256.7788567193968 356.7788567193968
3927 326.56125 498.7984 474.251415455004 574.251415455004 249.15374548655507 349.15374548655507
3944 326.56125 498.7984 478.4544350159092 578.4544350159092 241.71962102511617 341.71962102511617
3961 326.51688 483.80362 483.0053327319572 583.0053327319572 234.49321736108072 334.4932173610807
3978 326.51688 483.80362 487.893864647575 587.893864647575 227.49080094619188 327.4908009461919
3995 323.5328 465.94162 493.109026801152 593.109026801152 220.7281340425647 320.7281340425647
4012 323.5328 465.94162 498.63907999467915 598.6390799946792 214.22043924223226 314.22043924223226
4029 321.0443 449.60367 504.47157621838664 604.4715762183866 207.98236520147657 307.98236520147657
4046 321.0443 449.60367 510.59338667089924 610.5933866708992 202.0279536670738 302.0279536670738
4063 338.64044 440.8584 516.9907313118342 616.9907313118342 196.37060786867886 296.37060786867886
4080 338.64044 440.8584 523.6492098803254 623.6492098803254 191.0230623484931 291.0230623484931
4097 347.13855 415.6212 530.5538343096449 630.5538343096449 185.9973542961332 285.9973542961332
4114 347.13855 415.6212 537.689062464963 637.689062464963 181.30479645322103 281.304796453221
4132 368.3818 399.30862 545.4775025692394 645.4775025692394 176.71105428707807 276.71105428707807
4148 368.3818 399.30862 552.5866021519138 652.5866021519138 172.9606090221234 272.96060902212344
4165 390.75958 374.6065 560.3153796987771 660.3153796987771 169.32776198864897 269.32776198864894
4182 417.9063 361.63553 568.2077684862486 668.2077684862486 166.06558799499004 266.06558799499004
4199 417.9063 361.63553 576.2460029469295 676.2460029469295 163.1814301122385 263.1814301122385
4216 438.81284 347.48557 584.4119892185008 684.4119892185008 160.68178050678887 260.68178050678887
4233 438.81284 347.48557 592.6873458725511 692.6873458725511 158.57226582663537 258.5722658266354
4250 438.81284 347.48557 601.053445290706 701.053445290706 156.85763453593017 256.8576345359302
4267 460.6938 337.76743 609.4914555949256 709.4914555949256 155.54174622631027 255.54174622631027
4284 460.6938 337.76743 617.9823830375866 717.9823830375866 154.6275629290547 254.6275629290547
4301 482.56165 330.9056 626.507114755926 726.507114755926 154.1171424476271 254.1171424476271
4318 482.56165 330.9056 635.0464617946108 735.0464617946108 154.01163372561214 254.01163372561214
4335 501.52396 324.59656 643.581202299593 743.581202299593 154.31127426047263 254.31127426047263
4352 521.39703 322.54602 652.0921247860152 752.0921247860152 155.01538956894865 255.01538956894865
4369 521.39703 322.54602 660.5600713827765 760.5600713827765 156.12239470530233 256.1223947053023
4386 534.2179 311.39008 668.9659809564164 768.9659809564164 157.6297978289907 257.6297978289907
4403 534.2179 311.39008 677.2909320172428 777.2909320172428 159.53420581373558 259.5342058137356
4420 555.8211 302.9504 685.5161853111272 785.5161853111272 161.83133188536496 261.831331885365
4437 555.8211 302.9504 693.6232260010909 793.6232260010909 164.5160052712332 264.5160052712332
4454 577.16064 291.8567 701.5938053437343 801.5938053437343 167.58218283949915 267.5821828394992
4471 577.16064 291.8567 709.4099817666976 809.4099817666976 171.0229627020636 271.02296270206364
4488 577.16064 291.8567 717.0541612546845 817.0541612546845 174.83059975054408 274.8305997505441
4506 599.6582 289.88297 724.9414118764473 824.9414118764473 179.25253868910977 279.25253868910977
4522 599.6582 289.88297 731.7581279004737 831.7581279004737 183.51135533338842 283.51135533338845
4539 617.5766 300.47354 738.7848168015221 838.7848168015221 188.36493370665013 288.36493370665016
4556 633.68274 303.58322 745.5733867574248 845.5733867574248 193.54633292803192 293.5463329280319
4573 633.68274 303.58322 752.108556869033 852.108556869033 199.0438897990301 299.0438897990301
4590 646.99756 314.89835 758.3756166338345 858.3756166338345 204.8452294582745 304.8452294582745
4607 646.99756 314.89835 764.3604590589218 864.3604590589218 210.9372932370277 310.9372932370277
4624 662.5032 316.6107 770.0496124154753 870.0496124154753 217.30636805391646 317.30636805391646
4641 662.5032 316.6107 775.4302705632856 875.4302705632856 223.93811728273374 323.93811728273374
4658 679.3743 322.08942 780.4903217770493 880.4903217770493 230.81761302381858 330.8176130238186
4675 679.3743 322.08942 785.2183760095571 885.2183760095571 237.9293697063817 337.9293697063817
4692 695.016 327.8005 789.6037905304013 889.6037905304013 245.25737894613326 345.25737894613326
4709 695.016 327.8005 793.6366938824929 893.6366938824929 252.78514557975075 352.78514557975075
4726 695.016 327.8005 797.3080081024611 897.3080081024611 260.4957247950736 360.4957247950736
4743 706.3351 338.6912 800.6094691549205 900.6094691549205 268.3717602734482 368.3717602734482
4760 721.1068 348.01465 803.5336455346032 903.5336455346032 276.3955232583588 376.3955232583588
4777 721.1068 348.01465 806.0739549944915 906.0739549944915 284.5489524624127 384.5489524624127
4794 735.6143 353.18024 808.2246793622878 908.2246793622878 292.8136947228397 392.8136947228397
4811 735.6143 353.18024 809.980977411876 909.980977411876 301.17114631399613 401.17114631399613
4828 750.44385 365.20154 811.3388957607996 911.3388957607996 309.60249482388303 409.60249482388303
4845 750.44385 365.20154 812.2953777692248 912.2953777692248 318.08876150040663 418.08876150040663
4862 760.074 378.8597 812.84827042036 912.84827042036 326.6108439720703 426.6108439720703
4880 760.074 378.8597 812.9924195110625 912.9924195110625 335.6519438712278 435.6519438712278
4896 768.5756 392.0989 812.7392207321774 912.7392207321774 343.68568689301895 443.68568689301895
4913 768.5756 392.0989 812.0775238609478 912.0775238609478 352.200012303063 452.200012303063
4930 773.0333 402.70456 811.0127280160616 911.0127280160616 360.6733699460652 460.6733699460652
4947 779.606 417.9101 809.5472300260149 909.5472300260149 369.0866865084376 469.0866865084376
4964 779.606 417.9101 807.6843286896907 907.6843286896907 377.4210238275436 477.4210238275436
4981 779.606 417.9101 805.4282173508461 905.4282173508461 385.65762152102405 485.65762152102405
4998 784.7334 431.2339 802.7839744590015 902.7839744590015 393.77793921594457 493.77793921594457
5015 784.7334 431.2339 799.7575521379785 899.7575521379785 401.7636982827043 501.7636982827043
5032 784.22046 451.25314 796.3557627878217 896.3557627878217 409.59692297976756 509.59692297976756
5049 784.22046 451.25314 792.5862637502574 892.5862637502574 417.25998091660404 517.259980916604
5066 789.65686 463.59882 788.4575400722103 888.4575400722103 424.73562274375536 524.7356227437554
5083 789.65686 463.59882 783.9788854061801 883.9788854061801 432.00702098068035 532.0070209806804
5100 792.2603 486.70605 779.1603810904619 879.1603810904619 439.057807893992 539.057807893992
5117 787.9457 505.35245 774.0128734563121 874.0128734563121 445.8721123408068 545.8721123408068
5134 787.9457 505.35245 768.5479494131282 868.5479494131282 452.4345954942897 552.4345954942896
5151 784.3171 517.8656 762.7779103666112 862.7779103666112 458.73048537096236 558.7304853709624
5168 784.3171 517.8656 756.7157445286122 856.7157445286122 464.7456100820642 564.7456100820642
5185 784.77966 537.9935 750.3750976809954 850.3750976809954 470.46642973411736 570.4664297341174
5202 784.77966 537.9935 743.7702424593289 843.7702424593289 475.8800669068827 575.8800669068827
5219 784.77966 537.9935 736.9160462255444 836.9160462255444 480.9743356401059 580.9743356401059
5236 786.0785 551.1033 729.8279376018812 829.8279376018812 485.73776886380733 585.7377688638073
5254 786.0785 551.1033 722.0856646883476 822.0856646883476 490.40890111191015 590.4089011119102
5270 785.7454 566.87555 715.014294413571 815.014294413571 494.2300081502966 594.2300081502966
5287 785.7454 566.87555 707.3221049847989 807.3221049847989 497.93969839739407 597.9396983973941
5304 774.7008 582.8042 699.4626183788416 799.4626183788416 501.28036453280606 601.2803645328061
5321 766.2409 597.78186 691.4535261011198 791.4535261011198 504.2444868016163 604.2444868016163
5338 766.2409 597.78186 683.3128564156366 783.3128564156366 506.8253930396211 606.8253930396211
5355 763.45404 613.0706 675.0589337638094 775.0589337638094 509.01727369220305 609.017273692203
5372 763.45404 613.0706 666.710337516615 766.710337516615 510.8151948914908 610.8151948914908
5389 750.01715 631.94904 658.2858601528986 758.2858601528986 512.2151095623715 612.2151095623715
5406 750.01715 631.94904 649.8044649579773 749.8044649579773 513.2138665323532 613.2138665323532
5423 737.5735 642.4043 641.2852433377668 741.2852433377668 513.8092176247758 613.8092176247758
5440 737.5735 642.4043 632.7473718445073 732.7473718445073 513.9998227193989 613.9998227193989
5457 723.7561 650.54456 624.2100690108309 724.2100690108309 513.7852527689789 613.7852527689789
5474 723.7561 650.54456 615.692552089333 715.692552089333 513.1659907650433 613.1659907650433
5491 723.7561 650.54456 607.2139937950213 707.2139937950213 512.1434306506889 612.1434306506889
5508 710.31335 652.0671 598.7934791480179 698.7934791480179 510.71987418285164 610.7198741828516
5525 710.31335 652.0671 590.4499625136663 690.4499625136663 508.8985257511097 608.8985257511097
5542 696.55597 651.26984 582.2022249367301 682.2022249367301 506.68348516468336 606.6834851646834
5559 682.06915 653.4678 574.0688318657412 674.0688318657412 504.079738423869 604.079738423869
5576 682.06915 653.4678 566.0680913626405 666.0680913626405 501.0931464966776 601.0931464966776
5593 666.1592 655.78033 558.218012891798 658.218012891798 497.7304321259451 597.7304321259451
5610 666.1592 655.78033 550.5362667811617 650.5362667811617 493.99916469660786 593.9991646966079
5628 652.5465 654.48206 542.6053395844086 642.6053395844086 489.65604828708047 589.6560482870805
5644 652.5465 654.48206 535.7465194703461 635.7465194703461 485.4653773139863 585.4653773139863
5661 642.19147 654.58264 528.6718096170268 628.6718096170268 480.6820667001052 580.6820667001052
5678 642.19147 654.58264 521.8319398796541 621.8319398796541 475.56857846668925 575.5685784666892
5695 622.94824 653.777 515.2423066318847 615.2423066318847 470.13642294632587 570.1364229463259
5712 601.7906 652.23474 508.91774297137306 608.9177429713731 464.3978277836013 564.3978277836013
5729 601.7906 652.23474 502.8724853308397 602.8724853308397 458.36571041097886 558.3657104109789
5746 601.7906 652.23474 497.1201414322254 597.1201414322254 452.0536489719888 552.0536489719889
5763 585.1415 646.0848 491.67365965604995 591.67365965605 445.47585175716756 545.4758517571676
5780 585.1415 646.0848 486.5452998949387 586.5452998949387 438.6471252215585 538.6471252215586
5797 575.6291 645.79016 481.74660595691194 581.7466059569119 431.58284065575424 531.5828406557542
5814 575.6291 645.79016 477.2883795805666 577.2883795805666 424.29889958551144 524.2988995855114
5831 553.39355 640.0869 473.18065612063515 573.1806561206351 416.8116979778178 516.8116979778179
5848 553.39355 640.0869 469.43268195865755 569.4326819586576 409.1380893339877 509.1380893339877
5865 549.19995 643.1133 466.05289368960894 566.0528936896089 401.295346752855 501.295346752855
5882 549.19995 643.1133 463.04889913133843 563.0488991313384 393.30112404946493 493.30112404946493
5899 540.26276 644.7627 460.427460199564 560.4274601995639 385.1734160167848 485.1734160167848
5916 526.07904 635.0453 458.1944776869708 558.1944776869708 376.9305179198789 476.9305179198789
5933 526.07904 635.0453 456.35497798067684 556.3549779806768 368.59098431373195 468.59098431373195
5950 515.14624 618.3165 454.91310174796206 554.9131017479621 360.1735872774116 460.1735872774116
5967 515.14624 618.3165 453.8720946157316 553.8720946157316 351.69727415859836 451.69727415859836
5984 515.14624 618.3165 453.23429986469176 553.2342998646918 343.18112492358273 443.18112492358273
6001 503.76846 609.12 453.0036526131048 553.0036526131048 335.1467028281774 435.1467028281774
