683.0 1067.0 384.0 768.0
1 633.81836 295.47772
17 633.81836 295.47772
35 639.5354 294.84058
52 646.451 304.8873
69 646.451 304.8873
85 646.451 304.8873
102 653.9641 308.31964
120 653.9641 308.31964
136 657.78143 304.0703
153 657.78143 304.0703
171 659.9874 314.36868
188 659.9874 314.36868
204 662.1865 316.28384
222 662.1865 316.28384
238 662.1865 316.28384
256 664.63635 326.5976
272 670.79193 325.08896
289 670.79193 325.08896
306 671.4452 332.70123
323 671.4452 332.70123
341 669.4339 333.1771
357 669.4339 333.1771
374 667.3334 330.95926
391 667.3334 330.95926
408 671.3218 327.3445
426 671.3218 327.3445
443 642.4026 320.3275
459 619.6393 306.56442
476 619.6393 306.56442
493 599.6566 294.9677
511 599.6566 294.9677
527 599.6566 294.9677
545 584.8811 280.80826
562 584.8811 280.80826
578 576.39606 270.24994
595 576.39606 270.24994
612 567.7058 262.96948
629 524.94617 239.07823
647 524.94617 239.07823
663 497.65924 221.55624
680 497.65924 221.55624
697 474.8402 205.18925
714 474.8402 205.18925
731 456.29797 191.13689
749 456.29797 191.13689
765 456.29797 191.13689
782 439.82413 184.77089
799 439.82413 184.77089
816 430.71866 176.76534
834 421.6444 173.75473
850 421.6444 173.75473
867 411.19473 172.0307
884 411.19473 172.0307
901 400.4455 166.84573
918 400.4455 166.84573
936 396.0946 162.056
953 396.0946 162.056
969 391.91214 157.56999
986 391.91214 157.56999
1003 391.07196 156.66301
1021 391.07196 156.66301
1037 390.75705 153.53453
1054 390.75705 153.53453
1072 391.1142 152.3437
1088 391.1142 152.3437
1105 386.15207 155.09976
1122 386.15207 155.09976
1139 383.16382 155.87549
1156 383.16382 155.87549
1173 384.4032 158.37851
1190 384.4032 158.37851
1208 381.9541 158.10509
1224 382.49518 156.16888
1242 382.49518 156.16888
1258 382.49518 156.16888
1275 377.9417 159.71991
1292 377.9417 159.71991
1310 378.22955 159.10757
1326 378.22955 159.10757
1343 380.42792 156.97772
1360 380.42792 156.97772
1377 383.10544 154.38623
1394 383.10544 154.38623
1411 386.56226 153.76628
1428 387.5967 156.53383
1446 387.5967 156.53383
1462 384.39236 160.11374
1479 384.39236 160.11374
1496 388.50452 164.30734
1513 388.50452 164.30734
1530 386.8857 160.91885
1547 386.8857 160.91885
1564 386.8857 160.91885
1582 388.6137 159.99231
1599 391.2858 156.19208
1616 391.2858 156.19208
1632 389.77585 151.99226
1650 389.77585 151.99226
1667 389.46756 147.95493
1683 389.46756 147.95493
1700 390.3751 148.40775
1717 390.3751 148.40775
1734 390.74243 147.98686
1751 390.74243 147.98686
1768 393.86444 152.11845
1785 393.86444 152.11845
1803 394.55145 150.06763
1819 394.55145 150.06763
1836 396.6964 156.3388
1853 396.6964 156.3388
1871 394.71863 153.56712
1887 394.71863 153.56712
1904 396.78717 151.62518
1921 396.78717 151.62518
1938 400.35114 155.51717
1956 400.35114 155.51717
1972 398.27655 155.52403
1990 394.8938 157.80988
2006 394.8938 157.80988
2024 395.47998 163.22171
2040 395.47998 163.22171
2058 395.47998 163.22171
2074 396.62042 164.07446
2091 396.62042 164.07446
2108 394.2409 162.50107
2126 394.2409 162.50107
2142 398.81363 163.58936
2159 398.81363 163.58936
2176 399.68848 164.61272
2193 400.65152 170.82481
2211 400.65152 170.82481
2227 397.98807 172.1182
2245 397.98807 172.1182
2261 397.98807 172.1182
2278 397.87415 169.52846
2295 401.88562 172.93497
2312 401.88562 172.93497
2329 401.88562 172.93497
2346 399.96594 173.94298
2364 399.96594 173.94298
2380 392.5466 175.94295
2397 394.9296 177.22137
2415 394.9296 177.22137
2432 394.08716 177.51672
2449 394.08716 177.51672
2465 391.2209 176.4002
2482 391.2209 176.4002
2500 390.13208 179.35516
2516 390.13208 179.35516
2533 391.42783 188.63081
2550 391.42783 188.63081
2568 393.6312 185.92896
2584 393.6312 185.92896
2602 395.11264 191.25174
2619 395.11264 191.25174
2635 396.04752 193.33246
2652 396.04752 193.33246
2669 395.12567 190.07237
2686 395.12567 190.07237
2704 389.33847 183.7713
2720 389.33847 183.7713
2737 384.5727 183.50024
2754 384.5727 183.50024
2772 385.2196 182.03711
2788 387.6383 176.62492
2806 387.6383 176.62492
2822 387.6383 176.62492
2839 391.60846 178.4921
2856 391.60846 178.4921
2873 391.6516 175.12337
2890 391.6516 175.12337
2907 388.5314 179.59842
2924 388.5314 179.59842
2941 387.84735 180.0321
2958 384.6886 177.59277
2975 384.6886 177.59277
2992 385.32123 179.42212
3009 385.32123 179.42212
3027 380.59683 182.26155
3043 380.59683 182.26155
3061 380.59683 182.26155
3078 389.6923 181.18658
3094 389.6923 181.18658
3111 400.22375 182.08282
3128 400.22375 182.08282
3145 409.2964 182.13815
3163 420.05472 179.33545
3179 420.05472 179.33545
3197 426.71194 174.83495
3214 426.71194 174.83495
3231 422.42996 172.85098
3248 422.42996 172.85098
3264 426.2225 172.70865
3282 426.2225 172.70865
3298 426.2225 172.70865
3316 429.28244 174.29071
3333 436.0456 173.58636
3349 436.0456 173.58636
3367 439.13327 170.67517
3384 439.13327 170.67517
3401 441.98138 166.92326
3417 441.98138 166.92326
3434 444.68637 167.53378
3451 444.68637 167.53378
3468 446.24823 172.86018
3485 446.24823 172.86018
3503 445.8324 172.92932
3519 445.8324 172.92932
3536 449.14066 172.74109
3553 449.14066 172.74109
3570 449.97488 170.15071
3588 449.97488 170.15071
3604 451.7246 172.50264
3621 451.7246 172.50264
3638 449.62128 174.10814
3655 449.62128 174.10814
3672 450.14926 173.08548
3689 450.14926 173.08548
3706 451.5568 175.96542
3724 447.18115 176.07228
3740 447.18115 176.07228
3757 444.91803 174.90752
3774 444.91803 174.90752
3791 444.91803 174.90752
3808 443.26727 180.63983
3826 443.26727 180.63983
3842 441.20322 181.72247
3859 441.20322 181.72247
3876 439.3327 180.20502
3894 439.3327 180.20502
3910 438.93082 178.66995
3927 443.68823 180.41876
3944 443.68823 180.41876
3961 446.05902 183.63705
3978 446.05902 183.63705
3995 446.86432 177.91031
