299.0 683.0 0.0 384.0
7 699.7406 362.1231
17 697.0105 357.67908
34 697.0105 357.67908
51 692.6793 355.14255
68 692.6793 355.14255
86 689.952 354.55646
102 689.952 354.55646
119 687.71063 356.52393
137 687.71063 356.52393
154 684.9469 363.2608
170 684.9469 363.2608
188 686.72845 362.9345
205 689.4069 362.8566
222 689.4069 362.8566
239 689.4069 362.8566
256 689.4069 362.8566
272 689.4069 362.8566
290 689.4069 362.8566
306 689.4069 362.8566
323 689.4069 362.8566
340 689.4069 362.8566
357 688.58905 364.38727
374 721.67255 393.60944
392 721.67255 393.60944
408 760.6894 419.18878
425 760.6894 419.18878
442 791.87823 453.4981
460 791.87823 453.4981
476 791.87823 453.4981
493 813.3455 472.44067
511 813.3455 472.44067
527 834.342 491.4905
546 834.342 491.4905
562 852.4049 515.3249
579 864.0996 540.0109
595 864.0996 540.0109
612 877.01373 553.6482
629 877.01373 553.6482
646 884.6736 565.5493
663 884.6736 565.5493
680 894.0788 573.2471
697 894.0788 573.2471
715 899.051 574.0929
731 899.051 574.0929
748 899.051 574.0929
766 900.96277 571.9878
783 902.3811 583.7904
799 902.3811 583.7904
816 903.3614 588.7401
834 903.3614 588.7401
850 900.9741 583.52
867 900.9741 583.52
884 902.2688 589.13086
901 902.2688 589.13086
918 901.8366 577.95636
936 901.8366 577.95636
952 901.8366 577.95636
969 901.96295 589.5778
986 901.9314 591.02295
1004 901.9314 591.02295
1021 903.8799 589.9583
1038 903.8799 589.9583
1054 906.4456 591.32104
1072 906.4456 591.32104
1088 907.3997 588.0873
1105 907.3997 588.0873
1122 908.1225 581.0651
1139 908.1225 581.0651
1156 912.6095 580.4443
1173 912.6095 580.4443
1190 910.9493 590.8261
1207 910.9493 590.8261
1224 907.06635 583.9003
1241 907.06635 583.9003
1259 914.0481 585.1443
1275 914.0481 585.1443
1292 916.4443 592.4322
1310 916.4443 592.4322
1326 914.2529 594.04224
1343 911.58575 589.49084
1361 911.58575 589.49084
1378 906.1544 581.15216
1394 906.1544 581.15216
1412 904.1782 579.79895
1428 904.1782 579.79895
1445 904.1782 579.79895
1462 901.65137 577.50415
1479 901.65137 577.50415
1497 901.64465 580.6179
1514 901.64465 580.6179
1530 902.83746 595.3731
1547 903.19666 597.9044
1565 903.19666 597.9044
1581 900.74567 588.94885
1598 900.74567 588.94885
1615 904.3345 591.09814
1633 904.3345 591.09814
1649 901.05963 584.89136
1666 901.05963 584.89136
1684 903.06775 593.8983
1700 903.06775 593.8983
1717 904.25806 593.19196
1734 904.25806 593.19196
1752 905.1117 594.5564
1769 905.1117 594.5564
1786 900.1007 589.52454
1802 900.1007 589.52454
1820 899.82104 594.75653
1837 899.82104 594.75653
1853 898.3323 588.24713
1870 898.3323 588.24713
1887 899.2433 587.8746
1904 899.2433 587.8746
1921 903.7898 593.27374
1938 900.3961 594.6195
1956 900.3961 594.6195
1972 901.8357 583.1235
1989 901.8357 583.1235
2007 901.8357 583.1235
2023 898.2834 591.22577
2040 898.2834 591.22577
2058 898.13513 596.20996
2074 898.13513 596.20996
2091 901.2826 603.0434
2109 901.2826 603.0434
2126 893.0486 598.6072
2142 893.23224 606.9976
2160 893.23224 606.9976
2176 895.424 606.27747
2193 895.424 606.27747
2211 899.68536 611.97284
2228 899.68536 611.97284
2245 893.661 605.3517
2262 893.661 605.3517
2278 893.661 605.3517
2295 897.181 606.9672
2312 896.07495 603.35333
2329 896.07495 603.35333
2346 894.73035 609.5153
2363 894.73035 609.5153
2380 900.28265 616.0187
2397 900.28265 616.0187
2414 901.2369 619.53564
2431 901.2369 619.53564
2449 902.8509 626.43164
2466 902.8509 626.43164
2482 902.36975 628.8288
2499 902.36975 628.8288
2516 909.1407 632.6356
2533 909.1407 632.6356
2551 898.1192 620.9806
2568 898.1192 620.9806
2584 898.1437 620.44135
2601 898.1437 620.44135
2618 894.46674 616.22485
2635 894.46674 616.22485
2652 899.6051 613.84863
2669 899.6051 613.84863
2686 898.6637 615.91315
2703 900.25507 616.98627
2720 900.25507 616.98627
2737 896.6929 606.13354
2755 896.6929 606.13354
2771 896.6929 606.13354
2789 898.89935 609.393
2806 898.89935 609.393
2822 898.6864 605.03595
2840 898.6864 605.03595
2856 896.0692 611.7998
2873 896.0692 611.7998
2891 897.71875 605.06287
2908 900.46313 610.71027
2924 900.46313 610.71027
2941 899.49646 618.00305
2959 899.49646 618.00305
2975 896.51074 607.02075
2992 896.51074 607.02075
3009 898.9106 607.1167
3027 898.9106 607.1167
3043 898.9106 607.1167
3061 903.2218 623.61975
3077 903.2218 623.61975
3094 903.4097 629.5939
3111 904.9222 637.0576
3128 904.9222 637.0576
3145 905.64886 638.166
3162 905.64886 638.166
3179 905.4213 625.5551
3197 905.4213 625.5551
3214 906.88635 629.3398
3231 906.88635 629.3398
3247 906.88635 629.3398
3264 903.9824 619.3899
3281 903.9824 619.3899
3299 905.6168 625.2481
3315 907.8042 630.20703
3333 907.8042 630.20703
3349 905.8224 631.19965
3367 905.8224 631.19965
3383 900.8399 629.69684
3400 900.8399 629.69684
3418 900.5138 626.27686
3434 900.5138 626.27686
3451 896.76807 635.3782
3469 895.90356 640.5947
3485 895.90356 640.5947
3502 897.8899 645.3237
3519 897.8899 645.3237
3537 897.8899 645.3237
3553 895.42505 644.2229
3571 895.42505 644.2229
3588 893.3679 647.6112
3604 893.3679 647.6112
3621 894.52985 641.76587
3638 894.52985 641.76587
3656 893.4957 629.0685
3673 893.0658 628.3611
3689 893.0658 628.3611
3706 897.73615 631.1599
3723 897.73615 631.1599
3740 897.73615 631.1599
3757 899.4628 634.21497
3774 899.4628 634.21497
3791 903.10913 637.0677
3808 903.10913 637.0677
3825 901.9133 642.54376
3842 901.9133 642.54376
3859 902.58655 627.8218
3876 904.51605 634.2553
3894 904.51605 634.2553
3911 908.35956 632.9392
3928 908.35956 632.9392
3944 907.67365 629.75397
3961 907.67365 629.75397
3978 907.67365 629.75397
3996 907.26483 632.69037
