683.0 1067.0 384.0 768.0
2 661.4669 352.52625
18 664.02106 351.07727
34 664.02106 351.07727
51 663.0674 351.74637
68 663.0674 351.74637
85 661.2316 362.5699
103 661.2316 362.5699
119 663.3029 364.89798
136 663.3029 364.89798
154 662.4395 360.8544
170 662.4395 360.8544
187 663.131 361.95535
204 660.8673 362.58447
221 660.8673 362.58447
238 659.056 363.05844
255 659.056 363.05844
272 659.056 363.05844
290 656.4004 362.9926
307 656.4004 362.9926
324 658.27625 368.77252
340 658.9285 370.77448
357 658.9285 370.77448
375 662.5612 387.12848
391 662.5612 387.12848
408 653.0791 392.0155
425 653.0791 392.0155
443 653.0791 392.0155
460 592.94946 366.55844
476 592.94946 366.55844
494 549.588 349.4442
510 517.7775 335.40045
527 517.7775 335.40045
544 489.20087 320.91458
561 489.20087 320.91458
579 470.0851 309.2515
595 470.0851 309.2515
612 444.07907 302.66824
629 444.07907 302.66824
646 429.29437 286.6235
663 429.29437 286.6235
680 425.386 264.46072
698 425.386 264.46072
714 425.386 264.46072
731 420.32007 242.22836
748 416.14114 229.60135
766 416.14114 229.60135
783 412.14172 216.3669
799 412.14172 216.3669
816 413.1147 205.1895
833 413.1147 205.1895
850 412.15585 198.44698
867 412.15585 198.44698
885 408.37128 194.05702
901 408.10254 189.61014
919 408.10254 189.61014
936 408.10254 189.61014
952 405.78836 186.96251
969 405.78836 186.96251
986 400.96317 182.80319
1003 400.96317 182.80319
1020 397.38507 180.81271
1038 397.38507 180.81271
1055 394.37546 181.5704
1071 394.37546 181.5704
1089 393.23154 177.75241
1105 391.52832 179.35696
1123 391.52832 179.35696
1139 390.80963 181.0922
1156 390.80963 181.0922
1173 391.87866 177.56763
1190 391.87866 177.56763
1207 391.87866 177.56763
1224 389.92456 177.73537
1241 389.92456 177.73537
1259 389.568 177.95721
1276 388.19104 174.61253
1293 388.19104 174.61253
1309 385.6404 169.05759
1327 385.6404 169.05759
1344 384.36063 165.25006
1361 384.36063 165.25006
1378 380.60104 160.72142
1394 380.60104 160.72142
1411 375.57065 158.06247
1430 375.57065 158.06247
1445 373.48892 154.17453
1463 373.48892 154.17453
1479 372.58612 150.4855
1496 372.58612 150.4855
1513 373.80396 150.47667
1531 373.80396 150.47667
1547 378.00455 147.03462
1564 378.00455 147.03462
1581 381.92145 145.73584
1598 381.92145 145.73584
1615 385.5408 146.29218
1632 385.5408 146.29218
1649 385.5408 146.29218
1666 379.90912 143.4561
1683 379.90912 143.4561
1701 379.54156 142.53763
1717 379.54156 142.53763
1734 382.9181 145.55554
1752 382.9181 145.55554
1769 382.9181 145.55554
1785 380.84796 144.54565
1803 380.84796 144.54565
1819 381.74713 147.47824
1836 381.74713 147.47824
1853 382.52182 144.9493
1883 382.52182 144.9493
1888 386.1016 146.68863
1904 384.99362 150.64474
1922 384.99362 150.64474
1938 386.52936 149.93756
1955 386.52936 149.93756
1972 383.35422 152.09138
1989 383.35422 152.09138
2006 377.08487 152.7252
2023 377.08487 152.7252
2040 379.69818 151.32477
2058 379.69818 151.32477
2074 377.55295 152.0654
2092 377.55295 152.0654
2108 377.6272 153.96494
2125 377.6272 153.96494
2143 379.38162 157.1304
2160 379.38162 157.1304
2176 381.1415 152.94728
2194 381.1415 152.94728
2210 381.1415 152.94728
2228 379.5783 154.34776
2244 383.4226 153.76128
2261 383.4226 153.76128
2278 385.7964 151.90283
2295 385.7964 151.90283
2313 392.92886 152.21118
2329 392.92886 152.21118
2346 392.75552 153.93326
2363 392.75552 153.93326
2381 392.84064 156.78703
2397 392.84064 156.78703
2414 393.426 156.57336
2431 393.426 156.57336
2448 397.30347 166.36118
2465 397.30347 166.36118
2482 398.0305 165.80568
2499 398.0305 165.80568
2517 398.39166 163.22395
2533 398.39166 163.22395
2551 398.2889 163.83507
2567 398.2889 163.83507
2585 396.96973 164.7649
2602 396.96973 164.7649
2618 398.24658 159.84944
2636 396.9139 159.99846
2652 396.9139 159.99846
2669 395.41388 165.06372
2687 395.41388 165.06372
2703 395.41388 165.06372
2721 393.06906 171.78186
2737 393.06906 171.78186
2754 395.53198 172.15265
2771 395.53198 172.15265
2788 393.1057 173.36624
2805 393.1057 173.36624
2822 395.08118 176.02612
2839 395.71072 177.60577
2856 395.71072 177.60577
2874 398.56415 180.10472
2890 398.56415 180.10472
2907 399.8231 179.50128
2924 399.8231 179.50128
2941 399.8231 179.50128
2958 397.33505 179.69983
2976 397.33505 179.69983
2993 397.2856 179.61734
3010 395.69888 182.01602
3026 395.69888 182.01602
3043 394.1001 184.97403
3061 394.1001 184.97403
3077 396.23337 184.15744
3095 396.23337 184.15744
3111 397.17523 181.07187
3128 397.17523 181.07187
3145 398.01678 182.0221
3163 398.01678 182.0221
3179 404.80756 184.11412
3196 403.29395 182.45732
3214 403.29395 182.45732
3230 403.29395 182.45732
3247 401.908 184.18483
3265 401.908 184.18483
3281 400.9165 181.27397
3298 400.9165 181.27397
3315 402.7644 184.68396
3332 402.7644 184.68396
3350 400.77612 182.90585
3366 400.77612 182.90585
3384 398.04874 184.75343
3401 399.45782 178.43353
3417 399.45782 178.43353
3435 402.90063 184.62381
3452 402.90063 184.62381
3468 399.83978 188.96875
3485 399.83978 188.96875
3502 399.83978 188.96875
3519 399.20966 186.15794
3537 399.20966 186.15794
3553 400.32025 191.1364
3570 400.32025 191.1364
3588 401.99893 190.95229
3604 399.53442 194.90973
3621 399.53442 194.90973
3638 389.74985 199.94266
3655 389.74985 199.94266
3673 395.72446 197.7717
3689 395.72446 197.7717
3707 395.72446 197.7717
3724 403.03305 191.64307
3740 403.03305 191.64307
3757 402.57883 191.05365
3774 402.57883 191.05365
3791 406.49094 193.07857
3808 407.3803 194.06314
3825 407.3803 194.06314
3842 409.73926 189.88014
3859 409.73926 189.88014
3876 410.20175 189.26541
3893 410.20175 189.26541
3910 410.901 188.477
3927 410.901 188.477
3945 410.901 188.477
3962 404.69766 188.90768
3978 404.69766 188.90768
3996 402.39368 184.48276
