2 205.895 -3.5366752 297.6266827034936 468.3766827034936 334.9952018786457 430.9952018786457
18 205.895 -3.5366752 297.76128878990846 468.51128878990846 326.9581694712406 422.9581694712406
34 164.716 -2.8293402 298.1111703954607 468.8611703954607 318.92762829531256 414.92762829531256
52 164.716 -2.8293402 298.7617899590455 469.5117899590455 309.9082065772343 405.9082065772343
68 164.716 -2.8293402 299.56810583748677 470.31810583748677 301.91059046864586 397.91059046864586
85 164.716 -2.8293402 300.6592573431978 471.4092573431978 293.44006945149073 389.44006945149073
102 164.716 -2.8293402 301.9910842002114 472.7410842002114 285.00404105339845 381.00404105339845
119 164.716 -2.8293402 303.56250703184975 474.31250703184975 276.6093422383909 372.6093422383909
136 164.716 -2.8293402 305.37225228130916 476.12225228130916 268.2627764750041 364.2627764750041
153 164.716 -2.8293402 307.4188532438116 478.1688532438116 259.9711082224287 355.9711082224287
171 436.3069 126.22271 309.84216057483684 480.59216057483684 251.25899851671107 347.2589985167111
187 436.3069 126.22271 312.21579703666407 482.96579703666407 243.57929418234613 339.57929418234613
204 492.758 153.28317 314.9622521925565 485.7122521925565 235.4924331110061 331.4924331110061
221 537.86725 179.11725 317.93779086333535 488.68779086333535 227.48702821623766 323.48702821623766
238 537.86725 179.11725 321.14000152904384 491.89000152904384 219.5695674640201 315.5695674640201
255 537.86725 179.11725 324.5662889638151 495.3162889638151 211.74646754616077 307.7464675461608
273 618.0295 103.58963 328.4352697116431 499.1852697116431 203.57308012612515 299.57308012612515
289 618.0295 103.58963 332.0798074744846 502.8298074744846 196.40862946948707 292.4086294694871
306 674.2381 45.681522 336.16094923283765 506.91094923283765 188.90632183391858 284.9063218339186
323 674.2381 45.681522 340.4539940602396 511.2039940602396 181.52322600490484 277.5232260049048
340 721.39874 0.6555977 344.9554626662418 515.7054626662418 174.26532559916362 270.2653255991636
357 721.39874 0.6555977 349.6617068437197 520.4117068437197 167.13850276900726 263.13850276900723
375 760.4985 -42.378223 354.8637457035903 525.6137457035903 159.7417422858324 255.7417422858324
391 760.4985 -42.378223 359.6731023758233 530.4231023758233 153.30108260568883 249.30108260568883
409 794.5417 -64.124245 365.28764512599264 536.0376451259926 146.21234621253794 242.21234621253794
425 794.5417 -64.124245 370.45573236238414 541.2057323623842 140.05581447516937 236.05581447516937
443 794.5417 -64.124245 376.4645815063909 547.2145815063909 133.2980777305462 229.2980777305462
459 794.5417 -64.124245 381.9746488335043 552.7246488335043 127.44562809241546 223.44562809241546
476 794.5417 -64.124245 387.9986374701024 558.7486374701024 121.39154692211227 217.39154692211227
494 776.92255 3.0448837 394.5620474236076 565.3120474236076 115.17102252884061 211.1710225288406
510 805.4158 -34.532413 400.5512688483818 571.3012688483818 109.8099372430793 205.8099372430793
529 805.4158 -34.532413 407.8468737227756 578.5968737227756 103.65486278661677 199.65486278661677
544 827.9068 -62.47975 413.7426429853873 584.4926429853873 98.96144031244515 194.96144031244515
561 827.9068 -62.47975 420.564574763276 591.314574763276 93.82319306962836 189.82319306962836
578 848.0241 -86.34866 427.53000484391305 598.280004843913 88.88121758382923 184.88121758382923
595 848.0241 -86.34866 434.6332881070341 605.3832881070341 84.13951907017963 180.13951907017963
613 861.5315 -102.98593 442.298267202495 613.048267202495 79.34146014899 175.34146014899
629 805.118 -33.782288 449.2302797509776 619.9802797509776 75.27215913482809 171.2721591348281
646 805.118 -33.782288 456.71215802621145 627.4621580262115 71.15368424901567 167.15368424901567
663 776.2309 24.175032 464.3082388604396 635.0582388604396 67.24985358281685 163.24985358281685
681 776.2309 24.175032 472.4687817222184 643.2187817222184 63.353853820736504 159.3538538207365
698 746.4283 -26.394094 480.2805035702502 651.0305035702502 59.90170381248561 155.9017038124856
714 746.4283 -26.394094 487.71970164728384 658.4697016472838 56.85698039535282 152.85698039535282
732 747.88336 -52.729614 496.18284410284525 666.9328441028453 53.6713103368038 149.6713103368038
749 747.88336 -52.729614 504.26057476416406 675.0105747641641 50.89811628054434 146.89811628054434
765 731.6487 9.291649 511.93238432050157 682.6823843205016 48.49908588318232 144.49908588318232
783 731.6487 9.291649 520.6364292711773 691.3864292711773 46.04696936032366 142.04696936032366
800 760.8288 -34.093304 528.9212813350795 699.6712813350795 43.972948099647 139.972948099647
816 760.8288 -34.093304 536.7697741627716 707.5197741627716 42.23709987763954 138.23709987763954
833 729.58704 -67.43692 545.156538399579 715.906538399579 40.62386599915499 136.623865999155
850 729.58704 -67.43692 553.585825606595 724.335825606595 39.25001917650059 135.2500191765006
868 757.2171 -89.80774 562.5497092126128 733.2997092126128 38.05751565750103 134.05751565750103
885 757.2171 -89.80774 571.0450007018427 741.7950007018427 37.17981387243941 133.1798138724394
901 777.8819 -105.70963 579.0603709721212 749.8103709721212 36.574960050003085 132.57496005000309
918 777.8819 -105.70963 587.5911736117806 758.3411736117806 36.167843072143 132.167843072143
936 781.52356 -120.21785 596.6325037720162 767.3825037720162 36.00164175242986 132.00164175242986
952 781.52356 -120.21785 604.6702542165596 775.4202542165596 36.08273742076125 132.08273742076125
969 769.6265 -146.6755 613.2046904715623 783.9546904715623 36.40481772096149 132.4048177209615
987 769.6265 -146.6755 622.2272422323567 792.9772422323567 37.01048567359351 133.0104856735935
1003 782.81793 -158.00162 630.2287768999744 800.9787768999744 37.77693963769889 133.7769396376989
1021 782.81793 -158.00162 639.2022397075203 809.9522397075203 38.895080588854285 134.89508058885428
1037 799.31396 -164.81519 647.1471900543268 817.8971900543268 40.115643042381976 136.11564304238198
1054 799.31396 -164.81519 655.5496150057149 826.2996150057149 41.645215808474234 137.64521580847423
1071 768.4547 -173.70117 663.9050950571935 834.6550950571935 43.41334787928315 139.41334787928315
1088 768.4547 -173.70117 672.2068585250034 842.9568585250034 45.41860627535635 141.41860627535635
1105 568.6937 -171.03758 680.4481772598931 851.1981772598931 47.65936583863811 143.6593658386381
1122 568.6937 -171.03758 688.6223720999366 859.3723720999366 50.133810549576026 146.13381054957603
1139 568.6937 -171.03758 696.7228182836474 867.4728182836474 52.839934998910564 148.83993499891056
1156 568.6937 -171.03758 704.742950819005 875.492950819005 55.77554601295549 151.7755460129555
1173 568.6937 -171.03758 712.6762698040402 883.4262698040402 58.93826443105149 154.9382644310515
1190 568.6937 -171.03758 720.5163456946693 891.2663456946693 62.32552703375262 158.32552703375262
1207 568.6937 -171.03758 728.2568245155068 899.0068245155068 65.93458862018292 161.93458862018292
1224 592.2224 -167.86801 735.8914330094331 906.6414330094331 69.76252423287974 165.76252423287974
1241 473.77792 -134.29442 743.413983721744 914.163983721744 73.80623152831976 169.80623152831976
1258 473.77792 -134.29442 750.8183800147626 921.5683800147626 78.06243329120804 174.06243329120804
1275 379.02234 -107.43554 758.0986210088488 928.8486210088488 82.52768009049117 178.52768009049117
1293 379.02234 -107.43554 765.665231024628 936.415231024628 87.47941582800502 183.47941582800502
1309 303.21786 -85.94843 772.263141470708 943.013141470708 92.0706669060545 188.0706669060545
1327 303.21786 -85.94843 779.5356963702274 950.2856963702274 97.4449779482751 193.4449779482751
1343 242.5743 -68.75875 785.8616359705578 956.6116359705578 102.40426185718263 198.40426185718263
1361 194.05943 -55.007 792.8165644145411 963.5665644145411 108.18372933127876 204.18372933127876
1377 194.05943 -55.007 798.8500299387413 969.6000299387413 113.49497235758312 209.49497235758312
1394 155.24754 -44.0056 805.1022028442499 975.8522028442499 119.31310538030687 215.31310538030687
1412 155.24754 -44.0056 811.5387673844003 982.2887673844003 125.66479105149173 221.66479105149173
1428 124.19804 -35.20448 817.0971692933363 987.8471692933363 131.47135431515434 227.47135431515434
1445 124.19804 -35.20448 822.8302415379586 993.5802415379586 137.80161659632608 233.80161659632608
1462 99.35843 -28.163584 828.3807966001699 999.1307966001699 144.29250840037312 240.29250840037312
1480 99.35843 -28.163584 834.0539206730178 1004.8039206730178 151.33444969515332 247.33444969515332
1496 99.35843 -28.163584 838.9165129944168 1009.6665129944168 157.73501253228335 253.73501253228335
1513 99.35843 -28.163584 843.8931356740757 1014.6431356740757 164.675730406883 260.67573040688296
1531 99.35843 -28.163584 848.9448737571439 1019.6948737571439 172.1759448228275 268.1759448228275
1547 99.35843 -28.163584 853.2437467928016 1023.9937467928016 178.96797687071094 274.9679768707109
1565 372.20728 -84.92628 857.8604766962846 1028.6104766962846 186.74352051365594 282.74352051365594
1582 372.20728 -84.92628 862.0036814969314 1032.7536814969314 194.2117326082863 290.2117326082863
1598 474.8722 -106.536865 865.7074960610505 1036.4574960610505 201.34571931915121 297.3457193191512
1616 474.8722 -106.536865 869.6441112173986 1040.3941112173986 209.48674720608716 305.48674720608716
1632 503.19922 -121.960335 872.9359432553329 1043.6859432553329 216.8199491363638 312.8199491363638
1650 503.19922 -121.960335 876.4028900120431 1047.1528900120431 225.17180845816728 321.1718084581673
1667 579.03033 -136.79051 879.4447010204906 1050.1947010204906 233.15226732338112 329.1522673233811
1684 579.03033 -136.79051 882.2581117598017 1053.0081117598017 241.21607894831448 337.2160789483145
1701 636.7938 -145.82544 884.84084210631 1055.59084210631 249.35670803135872 345.3567080313587
1718 636.7938 -145.82544 887.1907988908573 1057.9407988908574 257.5675570143351 353.5675570143351
1734 681.40265 -149.48434 889.1881773273444 1059.9381773273444 265.35360145921436 361.35360145921436
1751 681.40265 -149.48434 891.0810130930984 1061.8310130930984 273.6817171329047 369.6817171329047
1769 718.58997 -155.51434 892.8259350518042 1063.5759350518042 282.55462653755245 378.55462653755245
1786 718.58997 -155.51434 894.2276611419293 1064.9776611419293 290.97932248926173 386.97932248926173
1802 753.22656 -161.25966 895.3273636603816 1066.0773636603817 298.94190141113677 394.94190141113677
1819 753.22656 -161.25966 896.2616043392997 1067.0116043392995 307.4311612295389 403.4311612295389
1836 791.4075 -171.50111 896.9538155200738 1067.703815520074 315.9435746118702 411.9435746118702
1854 791.4075 -171.50111 897.4223209778079 1068.1723209778079 324.97428757271297 420.97428757271297
1870 791.4075 -171.50111 897.6101019890048 1068.3601019890048 333.01025341435343 429.01025341435343
1887 791.4075 -171.50111 897.5736453909749 1068.323645390975 341.5506871754069 437.5506871754069
1904 791.4075 -171.50111 897.2940959534936 1068.0440959534935 350.08662239203596 446.08662239203596
1921 791.4075 -171.50111 896.7716802368993 1067.5216802368993 358.6111411309172 454.6111411309172
1938 807.9604 -108.16019 896.0068216320687 1066.7568216320687 367.1173347111916 463.1173347111916
1956 791.2376 -37.66953 894.9334090841814 1065.6834090841814 376.09625777841393 472.09625777841393
1972 791.2376 -37.66953 893.7524512558361 1064.5024512558361 384.04719151753216 480.04719151753216
1990 815.26575 -72.11133 892.1698065389205 1062.9198065389205 392.9504779694597 488.9504779694597
2006 815.26575 -72.11133 890.5382915457113 1061.2882915457112 400.8213208432003 496.8213208432003
2024 827.25793 -97.68393 888.4515442264865 1059.2015442264865 409.6201139178652 505.6201139178652
2041 827.25793 -97.68393 886.2380618516396 1056.9880618516395 417.86880070345273 513.8688007034527
2057 827.25793 -97.68393 883.9410778307275 1054.6910778307274 425.5717789017766 521.5717789017766
2074 633.29254 -102.79139 881.2753512814876 1052.0253512814875 433.68560906238275 529.6856090623828
2091 633.29254 -102.79139 878.3797408159044 1049.1297408159044 441.7202700970553 537.7202700970553
2109 661.1293 -120.67955 875.0658458507073 1045.8158458507073 450.13403109346496 546.134031093465
2125 661.1293 -120.67955 871.9084395119482 1042.6584395119482 457.52610752219204 553.526107522192
2143 691.3967 -137.17876 868.1211054216201 1038.87110542162 465.737646624778 561.737646624778
2159 725.85803 -149.61812 864.5481482862865 1035.2981482862865 472.9380623089762 568.9380623089762
2176 725.85803 -149.61812 860.5419758597092 1031.291975859709 480.4806693117979 576.4806693117979
2193 753.0352 -155.34541 856.3227228435584 1027.0727228435585 487.90618221638465 583.9061822163847
2211 753.0352 -155.34541 851.6268309919924 1022.3768309919924 495.63417507762983 591.6341750776298
2228 753.0352 -155.34541 846.9798386747549 1017.7298386747549 502.79977346953126 598.7997734695313
2244 602.42816 -124.27633 842.4215218060378 1013.1715218060378 509.42048008140796 605.420480081408
2261 481.94254 -99.42107 837.3858258058228 1008.1358258058228 516.3184583144773 612.3184583144773
2279 481.94254 -99.42107 831.8422069588121 1002.5922069588121 523.4627962141102 619.4627962141102
2296 481.94254 -99.42107 826.4110765741736 997.1610765741736 530.0539388051589 626.0539388051589
2312 385.55405 -79.53686 821.1299640822481 991.8799640822481 536.1137952031119 632.1137952031119
2330 308.44324 -63.629486 814.9971099362925 985.7471099362925 542.7591976716982 638.7591976716982
2346 308.44324 -63.629486 809.379702109853 980.129702109853 548.5086966087915 644.5086966087915
2363 246.7546 -50.90359 803.2447303028227 973.9947303028227 554.4502838409564 650.4502838409564
2380 246.7546 -50.90359 796.9431143556885 967.6931143556885 560.2148284340103 656.2148284340103
2398 197.40367 -40.722874 790.0948566711968 960.8448566711968 566.1203039129076 662.1203039129076
2414 197.40367 -40.722874 783.8605094916655 954.6105094916655 571.1942495138428 667.1942495138428
2432 157.92294 -32.5783 776.6872816327669 947.4372816327669 576.7004347658467 672.7004347658467
2448 157.92294 -32.5783 770.1742900189863 940.9242900189863 581.4113740517007 677.4113740517007
2466 126.338356 -26.062641 762.6993413925139 933.4493413925139 586.5004227817345 682.5004227817345
2482 126.338356 -26.062641 755.9288148358737 926.6788148358737 590.8330869577367 686.8330869577367
2500 101.07069 -20.850113 748.1763727666926 918.9263727666926 595.48850486691 691.48850486691
2516 101.07069 -20.850113 741.17025546435 911.92025546435 599.4288511793545 695.4288511793545
2533 80.85655 -16.68009 733.6134567331254 904.3634567331254 603.4081891703074 699.4081891703074
2550 80.85655 -16.68009 725.9464464020558 896.6964464020558 607.1708066759479 703.1708066759479
2567 80.85655 -16.68009 718.1754381858558 888.9254381858558 610.7136542896951 706.7136542896951
2584 80.85655 -16.68009 710.3067300841386 881.0567300841386 614.0338607170812 710.0338607170812
2601 80.85655 -16.68009 702.346699277214 873.096699277214 617.1287351027865 713.1287351027865
2618 80.85655 -16.68009 694.3017969577133 865.0517969577133 619.9957692114392 715.9957692114392
2635 80.85655 -16.68009 686.178543102233 856.928543102233 622.6326394604092 718.6326394604092
2652 245.68477 -60.474854 677.9835211872297 848.7335211872297 625.0372088029525 721.0372088029525
2669 448.15988 -124.24956 669.7233728534557 840.4733728534557 627.2075284601758 723.2075284601758
2686 448.15988 -124.24956 661.4047925232513 832.1547925232513 629.1418395004217 725.1418395004217
2703 486.064 -133.72495 653.0345219750633 823.7845219750633 630.8385742647915 726.8385742647915
2720 526.69824 -58.45614 644.6193448795832 815.3693448795832 632.296357637651 728.296357637651
2737 526.69824 -58.45614 636.1660813019316 806.9160813019316 633.5140081610913 729.5140081610913
2754 597.27576 -86.22995 627.6815821743512 798.4315821743512 634.4905389924386 730.4905389924386
2771 597.27576 -86.22995 619.1727237438794 789.9227237438794 635.2251587040392 731.2251587040392
2788 597.27576 -86.22995 610.6464019995067 781.3964019995067 635.7172719246712 731.7172719246712
2806 643.2881 -107.48111 601.607177164819 772.357177164819 635.9735692774082 731.9735692774082
2823 643.2881 -107.48111 593.0666695312384 763.8166695312384 635.9653673731979 731.9653673731979
2839 642.43146 -125.81082 585.0317954607539 755.7817954607539 635.7355687926154 731.7355687926154
2857 642.43146 -125.81082 576.0036557812324 746.7536557812324 635.2198480618783 731.2198480618783
2873 683.24255 -140.70052 567.9948801263789 738.7448801263789 634.5331740297464 730.5331740297464
2890 683.24255 -140.70052 559.5089945588649 730.2589945588649 633.5687653790487 729.5687653790487
2908 676.6461 -154.74252 550.5577560156919 721.3077560156919 632.2847862171152 728.2847862171152
2925 676.6461 -154.74252 542.1429378468152 712.8929378468152 630.8249324247021 726.8249324247021
2941 676.6461 -154.74252 534.2640628953682 705.0140628953682 629.232657883161 725.232657883161
2958 676.6461 -154.74252 525.9427276452934 696.6927276452934 627.3102329649023 723.3102329649023
2975 676.6461 -154.74252 517.6794871637487 688.4294871637487 625.1517161929854 721.1517161929854
2993 670.28314 -163.40662 509.00093670470255 679.7509367047026 622.6108431393186 718.6108431393186
3009 705.3487 -167.02516 501.3540257094023 672.1040257094023 620.1335944747455 716.1335944747455
3026 705.3487 -167.02516 493.3050356774336 664.0550356774336 617.278056456131 713.278056456131
3043 691.92566 -176.50322 485.3405915726703 656.0905915726703 614.1945571432422 710.1945571432422
3060 691.92566 -176.50322 477.46714816449344 648.2171481644934 610.8855955525434 706.8855955525434
3077 721.10803 -178.6237 469.691086470933 640.441086470933 607.3538534259965 703.3538534259965
3094 721.10803 -178.6237 462.0187085871838 632.7687085871838 603.6021930576474 699.6021930576474
3111 741.62836 -179.17343 454.4562325780845 625.2062325780845 599.6336549738851 695.6336549738851
3128 651.42896 -93.74652 447.00978743869564 617.7597874386956 595.4514554692516 691.4514554692516
3145 651.42896 -93.74652 439.68540812706976 610.4354081270698 591.058983999804 687.058983999804
3163 662.20245 -22.297115 432.0698257527072 602.8198257527072 586.182901653867 682.182901653867
3180 662.20245 -22.297115 425.01533437862736 595.7653343786274 581.3689127295427 677.3689127295427
3196 665.1122 35.567772 418.50350203784535 589.2535020378454 576.6563711348483 672.6563711348483
3214 665.1122 35.567772 411.3316291336331 582.0816291336331 571.1484211540582 667.1484211540582
3231 661.29724 -3.7328434 404.71350519699024 575.4635051969902 565.7502016818883 661.7502016818883
3248 661.29724 -3.7328434 398.2517260338776 569.0017260338776 560.165781572544 656.165781572544
3264 661.29724 -3.7328434 392.31756349239276 563.0675634923928 554.7438148032415 650.7438148032415
3281 702.2006 -41.232494 386.17410963438175 556.9241096343817 548.8109982204569 644.8109982204569
3298 607.0516 28.073807 380.2020257696452 550.9520257696452 542.7057093474355 638.7057093474355
3315 607.0516 28.073807 374.4061519627961 545.1561519627961 536.4328962045494 632.4328962045494
3332 631.3853 -1.4376545 368.7911854693228 539.5411854693227 529.9976425819129 625.9976425819129
3349 631.3853 -1.4376545 363.3616769287074 534.1116769287074 523.4051639192346 619.4051639192346
3366 663.39166 -26.622984 358.12202667636814 528.8720266763681 516.6608030789737 612.6608030789737
3383 663.39166 -26.622984 353.07648117741576 523.8264811774158 509.7700260162269 605.7700260162269
3400 689.6029 -52.92085 348.2291295851123 518.9791295851123 502.7384173488538 598.7384173488538
3418 689.6029 -52.92085 343.31702741539596 514.067027415396 495.1460181088685 591.1460181088685
3434 675.451 15.111755 339.144558420162 509.894558420162 488.2756097367269 584.2756097367269
3452 675.451 15.111755 334.67248418581175 505.42248418581175 480.4159770489023 576.4159770489023
3468 700.83984 -16.363857 330.8977575118902 501.6477575118902 473.3192561685689 569.3192561685689
3485 700.83984 -16.363857 327.0969822152257 497.8469822152257 465.6710900449318 561.6710900449318
3503 723.56116 -38.886288 323.31166860027383 494.06166860027383 457.45861935813366 553.4586193581337
3519 756.3931 -60.33043 320.1560810978608 490.9060810978608 450.06576630732854 546.0657663073285
3537 756.3931 -60.33043 316.8442563482289 487.5942563482289 441.6511902174244 537.6511902174244
3554 756.3931 -60.33043 313.9506228120883 484.7006228120883 433.61581699217805 529.615816992178
3570 783.81213 -84.65886 311.4371790087004 482.1871790087004 425.9807263598813 521.9807263598814
3588 783.81213 -84.65886 308.85522471939606 479.60522471939606 417.31430922285153 513.3143092228515
3604 688.2504 -14.56023 306.780351140146 477.530351140146 409.5485569510936 505.5485569510936
3622 688.2504 -14.56023 304.69576873233893 475.44576873233893 400.74925072104793 496.74925072104793
3638 550.60034 -11.648185 303.06619032461737 473.81619032461737 392.87800666884965 488.87800666884965
3655 550.60034 -11.648185 301.5664924513526 472.3164924513526 384.4701981434725 480.4701981434725
3672 620.9261 -46.78637 300.30673466233077 471.05673466233077 376.02310703330426 472.02310703330426
3690 496.74088 -37.429096 299.23553131423415 469.98553131423415 367.043920136258 463.043920136258
3706 496.74088 -37.429096 298.5109279242903 469.2609279242903 359.03848706593226 455.03848706593226
3724 496.74088 -37.429096 297.95244725508564 468.70244725508564 350.0128916126015 446.0128916126015
3740 575.123 -64.66784 297.68459056430925 468.43459056430925 341.9791962294431 437.9791962294431
3757 575.123 -64.66784 417.64906576024066 588.3990657602407 333.056686471707 429.056686471707
3774 634.35223 -87.58699 417.99123095517183 588.7412309551719 324.5235450269113 420.5235450269113
3791 634.35223 -87.58699 418.73774721758974 589.4877472175897 316.01623679178385 412.01623679178385
3808 650.3733 -13.948433 419.88693415828243 590.6369341582824 307.553911501838 403.553911501838
3825 650.3733 -13.948433 421.43620498653286 592.1862049865329 299.15561763711503 395.15561763711503
3843 694.7411 -35.11483 423.5087967246308 594.2587967246309 290.35410470841526 386.35410470841526
3859 694.7411 -35.11483 425.72015609929747 596.4701560992975 282.62655488470796 378.62655488470796
3876 555.7929 -28.091864 428.4451933182859 599.1951933182859 274.53299249891984 370.53299249891984
3894 444.63434 -22.473492 431.7454617306055 602.4954617306055 266.1145309557668 362.1145309557668
3910 444.63434 -22.473492 435.03073493989234 605.7807349398923 258.7788567193968 354.7788567193968
3928 444.63434 -22.473492 439.1138488204813 609.8638488204813 250.71099161237862 346.7109916123786
3944 355.7075 -17.978794 443.0794350159092 613.8294350159092 243.71962102511617 339.71962102511617
3961 355.7075 -17.978794 447.6303327319572 618.3803327319572 236.49321736108072 332.4932173610807
3978 355.7075 -17.978794 452.518864647575 623.268864647575 229.49080094619188 325.4908009461919
3996 355.7075 -17.978794 458.0507256503695 628.8007256503695 222.33812451057264 318.33812451057264
4012 227.65282 -11.506429 463.26407999467915 634.0140799946792 216.22043924223226 312.22043924223226
4029 182.12225 -9.205143 469.09657621838664 639.8465762183866 209.98236520147657 305.98236520147657
4046 182.12225 -9.205143 475.21838667089924 645.9683866708992 204.0279536670738 300.0279536670738
4063 145.6978 -7.3641143 481.6157313118342 652.3657313118342 198.37060786867886 294.37060786867886
4080 145.6978 -7.3641143 488.27420988032543 659.0242098803254 193.0230623484931 289.0230623484931
4097 116.55824 -5.8912916 495.1788343096449 665.9288343096449 187.9973542961332 283.9973542961332
4114 116.55824 -5.8912916 502.31406246496294 673.064062464963 183.30479645322103 279.304796453221
4131 93.2466 -4.713033 509.66383312829794 680.4138331282979 178.95595164869005 274.9559516486901
4149 93.2466 -4.713033 517.6613936238961 688.4113936238961 174.73679385759596 270.73679385759596
4165 74.59728 -3.7704265 524.9403796987771 695.6903796987771 171.32776198864897 267.32776198864894
4182 74.59728 -3.7704265 532.8327684862486 703.5827684862486 168.06558799499004 264.06558799499004
4200 59.677826 -3.0163412 541.3479970015156 712.0979970015156 165.02368896976233 261.02368896976236
4217 59.677826 -3.0163412 549.5209282560902 720.2709282560902 162.54684124624086 258.5468412462409
4233 47.74226 -2.413073 557.3123458725511 728.0623458725511 160.57226582663537 256.5722658266354
4250 47.74226 -2.413073 565.678445290706 736.428445290706 158.85763453593017 254.85763453593017
4268 38.19381 -1.9304584 574.6146433324445 745.3646433324445 157.4768264733346 253.4768264733346
4284 38.19381 -1.9304584 582.6073830375866 753.3573830375866 156.6275629290547 252.6275629290547
4301 38.19381 -1.9304584 591.132114755926 761.882114755926 156.1171424476271 252.1171424476271
4319 38.19381 -1.9304584 600.1738207000526 770.9238207000526 156.01804670179018 252.01804670179018
4335 38.19381 -1.9304584 608.206202299593 778.956202299593 156.31127426047263 252.31127426047263
4352 38.19381 -1.9304584 616.7171247860152 787.4671247860152 157.01538956894865 253.01538956894865
4369 217.68773 -215.82068 625.1850713827765 795.9350713827765 158.12239470530233 254.12239470530233
4387 217.68773 -215.82068 634.0831090553891 804.8331090553891 159.73086973577773 255.73086973577773
4403 347.33237 -211.93573 641.9159320172428 812.6659320172428 161.53420581373558 257.5342058137356
4420 347.33237 -211.93573 650.1411853111272 820.8911853111272 163.83133188536496 259.831331885365
4438 420.48077 -117.6726 658.7210379112927 829.4710379112927 166.68587137647998 262.68587137648
4454 420.48077 -117.6726 666.2188053437343 836.9688053437343 169.58218283949915 265.5821828394992
4471 477.1405 -134.25864 674.0349817666976 844.7849817666976 173.0229627020636 269.02296270206364
4488 574.2548 -163.83514 681.6791612546845 852.4291612546845 176.83059975054408 272.8305997505441
4506 574.2548 -163.83514 689.5664118764473 860.3164118764473 181.25253868910977 277.25253868910977
4522 649.21063 -176.4873 696.3831279004737 867.1331279004737 185.51135533338842 281.51135533338845
4540 649.21063 -176.4873 703.8158878779227 874.5658878779227 190.66075777100514 286.66075777100514
4556 706.3899 -181.34201 710.1983867574248 880.9483867574248 195.54633292803192 291.5463329280319
4574 706.3899 -181.34201 717.1097699331881 887.8597699331881 201.3768602579292 297.3768602579292
4590 706.3899 -181.34201 723.0006166338345 893.7506166338345 206.8452294582745 302.8452294582745
4607 699.0453 -92.07417 728.9854590589218 899.7354590589218 212.9372932370277 308.9372932370277
4624 699.0453 -92.07417 734.6746124154753 905.4246124154753 219.30636805391646 315.30636805391646
4642 688.8437 -23.2024 740.3619103211945 911.1119103211945 226.33608418463587 322.33608418463587
4658 731.00073 -64.97454 745.1153217770493 915.8653217770493 232.81761302381858 328.8176130238186
4675 731.00073 -64.97454 749.8433760095571 920.5933760095571 239.9293697063817 335.9293697063817
4692 711.3119 -3.225254 754.2287905304013 924.9787905304013 247.25737894613326 343.25737894613326
4709 711.3119 -3.225254 758.2616938824929 929.0116938824929 254.78514557975075 350.78514557975075
4726 698.15515 49.297935 761.9330081024611 932.6830081024611 262.4957247950736 358.4957247950736
4744 698.15515 49.297935 765.4169917624882 936.1669917624882 270.8398319494411 366.8398319494411
4760 733.51105 -3.0817108 768.1586455346032 938.9086455346032 278.3955232583588 374.3955232583588
4777 733.51105 -3.0817108 770.6989549944915 941.4489549944915 286.5489524624127 382.5489524624127
4794 764.0496 -42.654892 772.8496793622878 943.5996793622878 294.8136947228397 390.8136947228397
4811 764.0496 -42.654892 774.605977411876 945.355977411876 303.17114631399613 399.17114631399613
4828 764.0496 -42.654892 775.9638957607996 946.7138957607996 311.60249482388303 407.60249482388303
4846 747.69763 15.274349 776.9640893640834 947.7140893640834 320.5892561483454 416.5892561483454
4862 774.1421 -22.91344 777.47327042036 948.22327042036 328.6108439720703 424.6108439720703
4880 774.1421 -22.91344 777.6174195110625 948.3674195110625 337.6519438712278 433.6519438712278
4896 752.4616 34.262844 777.3642207321774 948.1142207321774 345.68568689301895 441.68568689301895
4913 752.4616 34.262844 776.7025238609478 947.4525238609478 354.200012303063 450.200012303063
4930 772.72797 -7.543703 775.6377280160616 946.3877280160616 362.6733699460652 458.6733699460652
4947 772.72797 -7.543703 774.1722300260149 944.9222300260149 371.0866865084376 467.0866865084376
4964 789.8981 -42.844982 772.3093286896907 943.0593286896907 379.4210238275436 475.4210238275436
4982 789.8981 -42.844982 769.9083637432075 940.6583637432075 388.13868599538773 484.13868599538773
4998 755.5401 -70.17805 767.4089744590015 938.1589744590015 395.77793921594457 491.77793921594457
5015 755.5401 -70.17805 764.3825521379785 935.1325521379785 403.7636982827043 499.7636982827043
5033 776.59406 -95.273575 760.7691273551981 931.5191273551981 412.05257201114836 508.05257201114836
5049 759.11084 -22.534405 757.2112637502574 927.9612637502574 419.25998091660404 515.259980916604
5067 759.11084 -22.534405 752.8286816660764 923.5786816660764 427.1691680191018 523.1691680191018
5083 759.11084 -22.534405 748.6038854061801 919.3538854061801 434.00702098068035 530.0070209806804
5100 786.179 -58.306526 743.7853810904619 914.5353810904619 441.057807893992 537.057807893992
5118 786.179 -58.306526 738.3250770999266 909.0750770999266 448.265258669255 544.265258669255
5134 809.2471 -86.26074 733.1729494131282 903.9229494131282 454.4345954942897 550.4345954942896
5152 809.2471 -86.26074 727.0542686708334 897.8042686708334 461.0922236245453 557.0922236245453
5168 782.8883 -14.749294 721.3407445286122 892.0907445286122 466.7456100820642 562.7456100820642
5185 782.8883 -14.749294 715.0000976809954 885.7500976809954 472.46642973411736 568.4664297341174
5202 804.75183 -53.799736 708.3952424593289 879.1452424593289 477.8800669068827 573.8800669068827
5220 817.63434 -83.25891 701.1304202885274 871.8804202885274 483.26380400796154 579.2638040079615
5237 817.63434 -83.25891 694.029044019961 864.779044019961 488.007435004336 584.007435004336
5253 788.27563 -12.297855 687.1468717414465 857.8968717414465 492.15964421036574 588.1596442103657
5271 788.27563 -12.297855 679.1917557803298 849.9417557803298 496.45829474187997 592.45829474188
5287 801.55304 -51.668587 671.9471049847989 842.6971049847989 499.93969839739407 595.9396983973941
5304 801.55304 -51.668587 664.0876183788416 834.8376183788416 503.28036453280606 599.2803645328061
5322 777.9065 16.529469 655.6031277542164 826.3531277542164 506.40697374848173 602.4069737484817
5338 777.9065 16.529469 647.9378564156366 818.6878564156366 508.8253930396211 604.8253930396211
5356 777.9065 16.529469 639.1952779150454 809.9452779150454 511.133982978935 607.133982978935
5372 821.1256 -24.683266 631.335337516615 802.085337516615 512.8151948914908 608.8151948914908
5390 821.1256 -24.683266 622.413344134101 793.163344134101 514.2849909417206 610.2849909417206
5406 858.63824 -63.748196 614.4294649579773 785.1794649579773 515.2138665323532 611.2138665323532
5423 834.97205 -84.14476 605.9102433377668 776.6602433377668 515.8092176247758 611.8092176247758
5441 834.97205 -84.14476 596.8699739756478 767.6199739756478 515.9984164810973 611.9984164810973
5457 865.20776 -108.39017 588.8350690108309 759.5850690108309 515.7852527689789 611.7852527689789
5474 865.20776 -108.39017 580.317552089333 751.067552089333 515.1659907650433 611.1659907650433
5491 838.0437 -24.709938 571.8389937950213 742.5889937950213 514.1434306506889 610.1434306506889
5508 838.0437 -24.709938 563.4184791480179 734.1684791480179 512.7198741828516 608.7198741828516
5525 799.4828 37.530296 555.0749625136663 725.8249625136663 510.8985257511097 606.8985257511097
5542 799.4828 37.530296 546.8272249367301 717.5772249367301 508.68348516468336 604.6834851646834
5559 844.2261 -5.2455654 538.6938318657412 709.4438318657412 506.079738423869 602.079738423869
5576 844.2261 -5.2455654 530.6930913626405 701.4430913626405 503.0931464966776 599.0931464966776
5593 844.2261 -5.2455654 522.843012891798 693.593012891798 499.7304321259451 595.7304321259451
5610 811.11005 50.716705 515.1612667811617 685.9112667811617 495.99916469660786 591.9991646966079
5627 784.0329 94.18217 507.6651444467964 678.4151444467964 491.90774319720856 587.9077431972086
5645 784.0329 94.18217 499.9491421383856 670.6991421383856 487.19334241625086 583.1933424162509
5661 627.2263 75.34573 493.29680961702684 664.0468096170268 482.6820667001052 578.6820667001052
5679 627.2263 75.34573 486.06223977640286 656.8122397764029 477.25774503117407 573.2577450311741
5695 632.6163 115.708084 479.86730663188473 650.6173066318847 472.13642294632587 568.1364229463259
5712 632.6163 115.708084 473.54274297137306 644.2927429713731 466.3978277836013 562.3978277836013
5729 641.89685 148.947 467.4974853308397 638.2474853308397 460.36571041097886 556.3657104109789
5747 641.89685 148.947 461.4161702808618 632.1661702808618 453.6739338449379 549.6739338449379
5763 674.56885 79.343666 456.29865965604995 627.04865965605 447.47585175716756 543.4758517571676
5781 674.56885 79.343666 450.87878898296606 621.6287889829661 440.23794679551276 536.2379467955127
5798 539.6551 63.474934 446.09983091410595 616.849830914106 433.16029607556385 529.1602960755638
5815 539.6551 63.474934 441.66195216566996 612.41195216567 425.8639399883317 521.8639399883317
5831 610.1 16.488129 437.80565612063515 608.5556561206351 418.8116979778178 514.8116979778179
5849 610.1 16.488129 433.8486005938714 604.5986005938714 410.68126269395975 506.68126269395975
5865 626.92993 69.393906 430.67789368960894 601.4278936896089 403.295346752855 499.295346752855
5882 626.92993 69.393906 427.67389913133843 598.4238991313384 395.30112404946493 491.30112404946493
5899 683.9035 15.211704 425.052460199564 595.8024601995639 387.1734160167848 483.1734160167848
5916 683.9035 15.211704 422.8194776869708 593.5694776869708 378.9305179198789 474.9305179198789
5933 681.0586 69.289185 420.97997798067684 591.7299779806768 370.59098431373195 466.59098431373195
5950 681.0586 69.289185 419.53810174796206 590.2881017479621 362.1735872774116 458.1735872774116
5967 680.8249 112.30269 418.4970946157316 589.2470946157316 353.69727415859836 449.69727415859836
5984 680.8249 112.30269 417.85929986469176 588.6092998646918 345.18112492358273 441.18112492358273
6001 723.02454 50.974815 417.6286526131048 588.3786526131048 337.1467028281774 433.1467028281774
