5 411.61026 -505.4371 297.6355168452194 468.3855168452194 333.48802935375215 429.48802935375215
17 411.61026 -505.4371 297.7465672298508 468.4965672298508 327.460353677165 423.460353677165
35 537.82135 -295.33163 298.1401809083458 468.8901809083458 318.4260666429181 414.4260666429181
52 594.0681 -258.0146 298.7617899590455 469.5117899590455 309.9082065772343 405.9082065772343
69 594.0681 -258.0146 299.62561216007174 470.37561216007174 301.41149255853884 397.41149255853884
85 594.0681 -258.0146 300.6592573431978 471.4092573431978 293.44006945149073 389.44006945149073
103 634.40454 -231.3701 302.0768999466856 472.8268999466856 284.5090245297676 380.5090245297676
119 634.40454 -231.3701 303.56250703184975 474.31250703184975 276.6093422383909 372.6093422383909
136 669.5568 -214.01987 305.37225228130916 476.12225228130916 268.2627764750041 364.2627764750041
154 669.5568 -214.01987 307.54658317776153 478.29658317776153 259.4852165009684 355.4852165009684
171 673.2037 -118.34651 309.84216057483684 480.59216057483684 251.25899851671107 347.2589985167111
188 673.2037 -118.34651 312.370971055829 483.120971055829 243.10145872448777 339.10145872448777
204 673.2037 -118.34651 314.9622521925565 485.7122521925565 235.4924331110061 331.4924331110061
221 747.8877 -124.26102 317.93779086333535 488.68779086333535 227.48702821623766 323.48702821623766
238 747.8877 -124.26102 321.14000152904384 491.89000152904384 219.5695674640201 315.5695674640201
255 755.173 -128.49713 324.5662889638151 495.3162889638151 211.74646754616077 307.7464675461608
272 755.173 -128.49713 328.2138763391684 498.9638763391684 204.0240686798987 300.02406867989873
290 755.173 -128.49713 332.31394874217887 503.06394874217887 195.9641257374746 291.9641257374746
306 778.62317 -126.693245 336.16094923283765 506.91094923283765 188.90632183391858 284.9063218339186
323 778.62317 -126.693245 340.4539940602396 511.2039940602396 181.52322600490484 277.5232260049048
340 788.04535 -129.01147 344.9554626662418 515.7054626662418 174.26532559916362 270.2653255991636
357 788.04535 -129.01147 349.6617068437197 520.4117068437197 167.13850276900726 263.13850276900723
374 803.4604 -131.41295 354.5689124255555 525.3189124255555 160.14853343516307 256.1485334351631
392 773.4026 -53.125805 359.9793956887837 530.7293956887837 152.90284887099742 248.90284887099742
409 773.4026 -53.125805 365.28764512599264 536.0376451259926 146.21234621253794 242.21234621253794
425 791.94666 -68.32488 370.45573236238414 541.2057323623842 140.05581447516937 236.05581447516937
442 791.94666 -68.32488 376.12543363562395 546.875433635624 133.66873177782583 229.66873177782583
459 765.4613 -4.0519104 381.9746488335043 552.7246488335043 127.44562809241546 223.44562809241546
477 765.4613 -4.0519104 388.35832887425113 559.1083288742511 121.04079373995708 217.04079373995708
493 744.00354 -30.098368 394.1925174146769 564.9425174146769 115.51139478609738 211.51139478609738
510 744.00354 -30.098368 400.5512688483818 571.3012688483818 109.8099372430793 205.8099372430793
527 767.5985 -46.667953 407.06973833256984 577.8197383325698 104.29179502905546 200.29179502905546
544 767.5985 -46.667953 413.7426429853873 584.4926429853873 98.96144031244515 194.96144031244515
561 767.5985 -46.667953 420.564574763276 591.314574763276 93.82319306962836 189.82319306962836
578 734.71906 15.810299 427.53000484391305 598.280004843913 88.88121758382923 184.88121758382923
596 727.6299 67.54137 435.055298817712 605.805298817712 83.86691558325475 179.86691558325475
613 727.6299 67.54137 442.298267202495 613.048267202495 79.34146014899 175.34146014899
629 755.77405 30.440931 449.2302797509776 619.9802797509776 75.27215913482809 171.2721591348281
647 755.77405 30.440931 457.15588471125693 627.9058847112569 70.91807370173689 166.9180737017369
664 744.3675 80.59198 464.7584925058843 635.5084925058843 67.02696940712423 163.02696940712423
680 744.3675 80.59198 472.0123660236304 642.7623660236304 63.563830988764266 159.56383098876427
697 744.3675 80.59198 479.81829571979983 650.5682957197998 60.09860379723074 156.09860379723074
714 744.3675 80.59198 487.71970164728384 658.4697016472838 56.85698039535282 152.85698039535282
731 744.3675 80.59198 495.7101801258791 666.4601801258791 53.84158795097835 149.84158795097835
748 744.3675 80.59198 503.783255286693 674.533255286693 51.0548702834833 147.0548702834833
766 744.3675 80.59198 512.4139724557664 683.1639724557664 48.355982532478436 144.35598253247844
782 744.3675 80.59198 520.1509627803556 690.9009627803556 46.176306080939696 142.1763060809397
799 744.3675 80.59198 528.4323299341439 699.1823299341439 44.08841336946284 140.08841336946284
816 744.3675 80.59198 536.7697741627716 707.5197741627716 42.23709987763954 138.23709987763954
833 733.0865 118.778244 545.156538399579 715.906538399579 40.62386599915499 136.623865999155
851 733.0865 118.778244 554.0828444296311 724.8328444296311 39.176684392405264 135.17668439240526
867 768.99316 61.649197 562.0508042831839 732.8008042831839 38.116672841359446 134.11667284135945
885 768.99316 61.649197 571.0450007018427 741.7950007018427 37.17981387243941 133.1798138724394
901 768.99316 61.649197 579.0603709721212 749.8103709721212 36.574960050003085 132.57496005000309
918 741.3342 103.83678 587.5911736117806 758.3411736117806 36.167843072143 132.167843072143
935 711.3307 135.7171 596.1301081479654 766.8801081479654 36.00372452586896 132.00372452586896
952 711.3307 135.7171 604.6702542165596 775.4202542165596 36.08273742076125 132.08273742076125
969 711.3307 135.7171 613.2046904715623 783.9546904715623 36.40481772096149 132.4048177209615
986 699.9061 164.33327 621.7265001944813 792.4765001944813 36.96970439707047 132.96970439707047
1003 694.6374 181.25517 630.2287768999744 800.9787768999744 37.77693963769889 133.7769396376989
1021 694.6374 181.25517 639.2022397075203 809.9522397075203 38.895080588854285 134.89508058885428
1037 686.5005 197.69675 647.1471900543268 817.8971900543268 40.115643042381976 136.11564304238198
1054 686.5005 197.69675 655.5496150057149 826.2996150057149 41.645215808474234 137.64521580847423
1072 682.41895 210.96666 664.3949870000625 835.1449870000625 43.52475517402934 139.52475517402934
1088 682.41895 210.96666 672.2068585250034 842.9568585250034 45.41860627535635 141.41860627535635
1106 700.7284 140.95592 680.9309353437416 851.6809353437416 47.79847131476845 143.79847131476845
1122 700.7284 140.95592 688.6223720999366 859.3723720999366 50.133810549576026 146.13381054957603
1139 692.9659 167.26932 696.7228182836474 867.4728182836474 52.839934998910564 148.83993499891056
1156 692.9659 167.26932 704.742950819005 875.492950819005 55.77554601295549 151.7755460129555
1173 707.2334 105.16412 712.6762698040402 883.4262698040402 58.93826443105149 154.9382644310515
1190 707.2334 105.16412 720.5163456946693 891.2663456946693 62.32552703375262 158.32552703375262
1208 696.55884 136.5123 728.7089106673807 899.4589106673807 66.15373198032523 162.15373198032523
1224 711.7945 79.021255 735.8914330094331 906.6414330094331 69.76252423287974 165.76252423287974
1242 711.7945 79.021255 743.8528662476037 914.6028662476037 74.05074702783952 170.05074702783952
1258 711.7945 79.021255 750.8183800147626 921.5683800147626 78.06243329120804 174.06243329120804
1275 731.9757 29.563606 758.0986210088488 928.8486210088488 82.52768009049117 178.52768009049117
1292 731.9757 29.563606 765.2488064458005 935.9988064458005 87.19835307494287 183.19835307494287
1309 710.8173 -13.652296 772.263141470708 943.013141470708 92.0706669060545 188.0706669060545
1326 710.8173 -13.652296 779.1359413283826 949.8859413283826 97.14067282585665 193.14067282585665
1343 697.17566 -41.432716 785.8616359705578 956.6116359705578 102.40426185718263 198.40426185718263
1360 697.17566 -41.432716 792.434774570124 963.184774570124 107.85716813378187 203.85716813378187
1377 724.4563 -61.261818 798.8500299387413 969.6000299387413 113.49497235758312 209.49497235758312
1394 724.4563 -61.261818 805.1022028442499 975.8522028442499 119.31310538030687 215.31310538030687
1412 698.7071 -74.05894 811.5387673844003 982.2887673844003 125.66479105149173 221.66479105149173
1428 698.7071 -74.05894 817.0971692933363 987.8471692933363 131.47135431515434 227.47135431515434
1446 725.2957 -83.59247 823.1618418139614 993.9118418139614 138.17903805565956 234.17903805565956
1462 725.2957 -83.59247 828.3807966001699 999.1307966001699 144.29250840037312 240.29250840037312
1479 725.2957 -83.59247 833.7443360426164 1004.4943360426164 150.93876919572267 246.93876919572267
1497 725.2957 -83.59247 839.2147089352587 1009.9647089352587 158.13934516994212 254.13934516994212
1513 725.2957 -83.59247 843.8931356740757 1014.6431356740757 164.675730406883 260.67573040688296
1530 725.2957 -83.59247 848.6701707867052 1019.4201707867052 171.7552977272204 267.7552977272204
1547 725.2957 -83.59247 853.2437467928016 1023.9937467928016 178.96797687071094 274.9679768707109
1565 750.8096 -94.95148 857.8604766962846 1028.6104766962846 186.74352051365594 282.74352051365594
1581 784.84735 -97.52786 861.7658627967578 1032.5158627967578 193.76918547310373 289.76918547310373
1599 811.224 -106.685074 865.9326210713034 1036.6826210713034 201.79485674886422 297.7948567488642
1616 811.224 -106.685074 869.6441112173986 1040.3941112173986 209.48674720608716 305.48674720608716
1632 792.1345 -29.477303 872.9359432553329 1043.6859432553329 216.8199491363638 312.8199491363638
1649 792.1345 -29.477303 876.2168989033121 1046.966898903312 224.7051040458423 320.7051040458423
1666 771.34717 -39.809563 879.2720702485676 1050.0220702485676 232.6804577033056 328.6804577033056
1683 771.34717 -39.809563 882.0989812329851 1052.8489812329851 240.73954649774532 336.7395464977453
1700 784.36707 -51.41239 884.6953407916484 1055.4453407916485 248.87583895516212 344.8758389551621
1717 784.36707 -51.41239 887.0590447096293 1057.8090447096292 257.08274103198784 353.08274103198784
1735 769.17847 -67.77847 889.3060775952 1060.0560775952 265.8419714294728 361.8419714294728
1751 803.3373 -80.47596 891.0810130930984 1061.8310130930984 273.6817171329047 369.6817171329047
1769 803.3373 -80.47596 892.8259350518042 1063.5759350518042 282.55462653755245 378.55462653755245
1785 827.35724 -95.58575 894.1518506369953 1064.9018506369953 290.4826752619944 386.4826752619944
1803 827.35724 -95.58575 895.3890061395116 1066.1390061395116 299.4405053679775 395.4405053679775
1819 827.35724 -95.58575 896.2616043392997 1067.0116043392995 307.4311612295389 403.4311612295389
1836 794.62305 -96.60904 896.9538155200738 1067.703815520074 315.9435746118702 411.9435746118702
1853 794.62305 -96.60904 897.4034362013994 1068.1534362013995 324.4722426880359 420.4722426880359
1870 794.62305 -96.60904 897.6101019890048 1068.3601019890048 333.01025341435343 429.01025341435343
1887 794.62305 -96.60904 897.5736453909749 1068.323645390975 341.5506871754069 437.5506871754069
1904 794.62305 -96.60904 897.2940959534936 1068.0440959534935 350.08662239203596 446.08662239203596
1921 794.62305 -96.60904 896.7716802368993 1067.5216802368993 358.6111411309172 454.6111411309172
1938 798.5687 -103.65375 896.0068216320687 1066.7568216320687 367.1173347111916 463.1173347111916
1955 647.4892 -88.130394 895.0001400172805 1065.7501400172805 375.5983093035911 471.5983093035911
1973 647.4892 -88.130394 893.6715730175129 1064.4215730175129 384.54303868307437 480.54303868307437
1989 517.9914 -70.50432 892.2647665348454 1063.0147665348454 392.4571339716405 488.4571339716405
2006 517.9914 -70.50432 890.5382915457113 1061.2882915457112 400.8213208432003 496.8213208432003
2023 414.39313 -56.403454 888.5744255069792 1059.3244255069792 409.13297339202586 505.13297339202586
2040 414.39313 -56.403454 886.3747600303433 1057.1247600303432 417.385355454278 513.3853554542779
2057 331.5145 -45.122765 883.9410778307275 1054.6910778307274 425.5717789017766 521.5717789017766
2074 331.5145 -45.122765 881.2753512814876 1052.0253512814875 433.68560906238275 529.6856090623828
2092 331.5145 -45.122765 878.2023009969078 1048.9523009969078 442.19029223658174 538.1902922365817
2108 265.2116 -36.098213 875.2565931762647 1046.0065931762647 449.6692503292295 545.6692503292295
2125 265.2116 -36.098213 871.9084395119482 1042.6584395119482 457.52610752219204 553.526107522192
2143 212.1693 -28.87857 868.1211054216201 1038.87110542162 465.737646624778 561.737646624778
2159 169.73544 -23.102858 864.5481482862865 1035.2981482862865 472.9380623089762 568.9380623089762
2176 169.73544 -23.102858 860.5419758597092 1031.291975859709 480.4806693117979 576.4806693117979
2193 135.78836 -18.482286 856.3227228435584 1027.0727228435585 487.90618221638465 583.9061822163847
2211 135.78836 -18.482286 851.6268309919924 1022.3768309919924 495.63417507762983 591.6341750776298
2227 135.78836 -18.482286 847.2588229060326 1018.0088229060326 502.38195353258584 598.3819535325858
2244 135.78836 -18.482286 842.4215218060378 1013.1715218060378 509.42048008140796 605.420480081408
2261 135.78836 -18.482286 837.3858258058228 1008.1358258058228 516.3184583144773 612.3184583144773
2278 135.78836 -18.482286 832.1558160761413 1002.9058160761413 523.0702977777584 619.0702977777584
2295 135.78836 -18.482286 826.7357312689596 997.4857312689596 529.6705264551181 625.6705264551181
2312 135.78836 -18.482286 821.1299640822481 991.8799640822481 536.1137952031119 632.1137952031119
2329 416.49146 64.41916 815.3430576999276 986.0930576999276 542.394882086187 638.394882086187
2346 416.49146 64.41916 809.379702109853 980.129702109853 548.5086966087915 644.5086966087915
2364 500.08752 14.5777855 802.8786107340788 973.6286107340788 554.7943218655896 650.7943218655896
2380 500.08752 14.5777855 796.9431143556885 967.6931143556885 560.2148284340103 656.2148284340103
2397 572.1372 -20.460373 790.4799614017456 961.2299614017456 565.7976585231695 661.7976585231695
2414 572.1372 -20.460373 783.8605094916655 954.6105094916655 571.1942495138428 667.1942495138428
2431 630.3811 -51.566162 777.0901233483269 947.8401233483269 576.4002277485814 672.4002277485814
2449 630.3811 -51.566162 769.7630660054275 940.5130660054275 581.6999923319313 677.6999923319313
2466 672.1964 -74.273254 762.6993413925139 933.4493413925139 586.5004227817345 682.5004227817345
2482 672.1964 -74.273254 755.9288148358737 926.6788148358737 590.8330869577367 686.8330869577367
2499 704.7895 -81.532364 748.6107182018081 919.3607182018081 595.2360177503971 691.2360177503971
2517 737.20715 -88.75357 740.7288988675523 911.4788988675523 599.6688721273433 695.6688721273433
2534 737.20715 -88.75357 733.1654466713042 903.9154466713042 603.6355494252274 699.6355494252274
2550 754.6923 -94.238846 725.9464464020558 896.6964464020558 607.1708066759479 703.1708066759479
2567 754.6923 -94.238846 718.1754381858558 888.9254381858558 610.7136542896951 706.7136542896951
2585 754.6923 -94.238846 709.8409582546325 880.5909582546325 614.2221750921277 710.2221750921277
2602 754.6923 -94.238846 701.8757557291436 872.6257557291436 617.3037147460062 713.3037147460062
2618 754.6923 -94.238846 694.3017969577133 865.0517969577133 619.9957692114392 715.9957692114392
2636 754.6923 -94.238846 685.6984050251664 856.4484050251664 622.7805351262059 718.7805351262059
2652 754.6923 -94.238846 677.9835211872297 848.7335211872297 625.0372088029525 721.0372088029525
2669 785.2765 -101.627426 669.7233728534557 840.4733728534557 627.2075284601758 723.2075284601758
2686 785.2765 -101.627426 661.4047925232513 832.1547925232513 629.1418395004217 725.1418395004217
2703 787.7113 -107.6909 653.0345219750633 823.7845219750633 630.8385742647915 726.8385742647915
2720 787.7113 -107.6909 644.6193448795832 815.3693448795832 632.296357637651 728.296357637651
2738 793.8071 -114.23528 635.6677906981013 806.4177906981013 633.5781344048996 729.5781344048996
2754 796.47144 -115.87077 627.6815821743512 798.4315821743512 634.4905389924386 730.4905389924386
2771 796.47144 -115.87077 619.1727237438794 789.9227237438794 635.2251587040392 731.2251587040392
2788 803.2271 -120.24534 610.6464019995067 781.3964019995067 635.7172719246712 731.7172719246712
2806 803.2271 -120.24534 601.607177164819 772.357177164819 635.9735692774082 731.9735692774082
2822 803.2271 -120.24534 593.5690176902656 764.3190176902656 635.9725804261168 731.9725804261168
2839 818.4363 -126.750694 585.0317954607539 755.7817954607539 635.7355687926154 731.7355687926154
2857 818.4363 -126.750694 576.0036557812324 746.7536557812324 635.2198480618783 731.2198480618783
2873 815.35065 -131.25238 567.9948801263789 738.7448801263789 634.5331740297464 730.5331740297464
2890 815.35065 -131.25238 559.5089945588649 730.2589945588649 633.5687653790487 729.5687653790487
2908 812.3938 -139.53877 550.5577560156919 721.3077560156919 632.2847862171152 728.2847862171152
2924 822.2658 -144.40665 542.6367489028069 713.3867489028069 630.9174329219486 726.9174329219486
2941 822.2658 -144.40665 534.2640628953682 705.0140628953682 629.232657883161 725.232657883161
2958 822.2658 -144.40665 525.9427276452934 696.6927276452934 627.3102329649023 723.3102329649023
2975 822.2658 -144.40665 517.6794871637487 688.4294871637487 625.1517161929854 721.1517161929854
2992 822.2658 -144.40665 509.48103837910116 680.2310383791012 622.7588569334407 718.7588569334407
3009 822.2658 -144.40665 501.3540257094023 672.1040257094023 620.1335944747455 716.1335944747455
3026 794.9895 -61.419804 493.3050356774336 664.0550356774336 617.278056456131 713.278056456131
3044 772.0619 4.7115974 484.8748660899855 655.6248660899855 614.0061281757542 710.0061281757542
3060 752.76227 51.9434 477.46714816449344 648.2171481644934 610.8855955525434 706.8855955525434
3079 752.76227 51.9434 468.78295124659496 639.532951246595 606.9238388791678 702.9238388791678
3095 780.7417 2.6786232 461.57075447846444 632.3207544784644 603.3747225815591 699.3747225815591
3112 780.7417 2.6786232 454.01493504921393 624.7649350492139 599.3935254421243 695.3935254421243
3128 750.6082 -24.644241 447.00978743869564 617.7597874386956 595.4514554692516 691.4514554692516
3146 750.6082 -24.644241 439.2584910195917 610.0084910195917 590.7941302961241 686.7941302961241
3163 779.50397 -64.72014 432.0698257527072 602.8198257527072 586.182901653867 682.182901653867
3179 779.50397 -64.72014 425.4264873683203 596.1764873683203 581.6576321782761 677.6576321782761
3196 768.6337 -95.46469 418.50350203784535 589.2535020378454 576.6563711348483 672.6563711348483
3214 768.6337 -95.46469 411.3316291336331 582.0816291336331 571.1484211540582 667.1484211540582
3230 793.8518 -113.52406 405.09853053246013 575.8485305324601 566.0729418127313 662.0729418127313
3247 793.8518 -113.52406 398.6274083925641 569.3774083925641 560.4993508552757 656.4993508552757
3265 776.45386 -42.39383 391.9515285815807 562.7015285815808 554.3996867092457 650.3996867092457
3282 755.3684 14.431694 385.818018823778 556.568018823778 548.4565902131905 644.4565902131905
3298 755.3684 14.431694 380.2020257696452 550.9520257696452 542.7057093474355 638.7057093474355
3315 743.5603 58.2077 374.4061519627961 545.1561519627961 536.4328962045494 632.4328962045494
3333 743.5603 58.2077 368.4666251188419 539.2166251188419 529.6141503656863 625.6141503656863
3349 743.5603 58.2077 363.3616769287074 534.1116769287074 523.4051639192346 619.4051639192346
3366 776.0069 8.833057 358.12202667636814 528.8720266763681 516.6608030789737 612.6608030789737
3384 776.0069 8.833057 352.78581736231547 523.5358173623155 509.3602452851014 605.3602452851014
3401 799.3793 -30.579836 347.9502481623738 518.7002481623738 502.3205287834901 598.3205287834901
3418 799.3793 -30.579836 343.31702741539596 514.067027415396 495.1460181088685 591.1460181088685
3435 639.5034 -24.46387 338.8899101067921 509.6399101067921 487.8425278304917 583.8425278304917
3453 639.5034 -24.46387 334.43100440214766 505.18100440214766 479.97541693371716 575.9754169337172
3469 694.37775 -57.0316 330.668167657697 501.418167657697 472.8723845988062 568.8723845988062
3486 694.37775 -57.0316 326.8802058135661 497.6302058135661 465.2178641711182 561.2178641711182
3502 681.95856 -79.57118 323.5154558633554 494.2654558633554 457.9178322199049 553.9178322199049
3519 720.6774 -100.86711 320.1560810978608 490.9060810978608 450.06576630732854 546.0657663073285
3536 720.6774 -100.86711 317.0215805179704 487.7715805179704 442.1212559998803 538.1212559998803
3554 712.74066 -28.536465 313.9506228120883 484.7006228120883 433.61581699217805 529.615816992178
3570 712.74066 -28.536465 311.4371790087004 482.1871790087004 425.9807263598813 521.9807263598814
3588 744.621 -62.12207 308.85522471939606 479.60522471939606 417.31430922285153 513.3143092228515
3604 744.621 -62.12207 306.780351140146 477.530351140146 409.5485569510936 505.5485569510936
3622 744.621 -62.12207 304.69576873233893 475.44576873233893 400.74925072104793 496.74925072104793
3638 769.166 -88.25912 303.06619032461737 473.81619032461737 392.87800666884965 488.87800666884965
3655 769.166 -88.25912 301.5664924513526 472.3164924513526 384.4701981434725 480.4701981434725
3672 615.3328 -70.60729 300.30673466233077 471.05673466233077 376.02310703330426 472.02310703330426
3690 616.8051 -99.82544 299.23553131423415 469.98553131423415 367.043920136258 463.043920136258
3706 616.8051 -99.82544 298.5109279242903 469.2609279242903 359.03848706593226 455.03848706593226
3723 669.32556 -116.18607 297.97633438360816 468.72633438360816 350.5147233633919 446.5147233633919
3741 669.32556 -116.18607 297.6749980009779 468.4249980009779 341.4768878742076 437.4768878742076
3757 691.6709 -133.14645 417.64906576024066 588.3990657602407 333.056686471707 429.056686471707
3774 691.6709 -133.14645 417.99123095517183 588.7412309551719 324.5235450269113 420.5235450269113
3791 553.33673 -106.517166 418.73774721758974 589.4877472175897 316.01623679178385 412.01623679178385
3809 553.33673 -106.517166 419.96702256495803 590.717022564958 307.0579362572376 403.0579362572376
3826 553.33673 -106.517166 421.53972789945465 592.2897278994546 298.66399928652106 394.66399928652106
3842 442.6694 -85.21374 423.3820723329198 594.1320723329197 290.84025954453836 386.84025954453836
3860 442.6694 -85.21374 425.8697967163995 596.6197967163995 282.14695788528695 378.14695788528695
3876 526.54315 -113.61937 428.4451933182859 599.1951933182859 274.53299249891984 370.53299249891984
3893 588.666 -154.88596 431.55105000007745 602.3010500000775 266.5777907912517 362.5777907912517
3911 588.666 -154.88596 435.2469007798122 605.9969007798122 258.3253394366035 354.3253394366035
3927 606.1418 -75.72354 438.876415455004 609.626415455004 251.15374548655507 347.15374548655507
3945 606.1418 -75.72354 443.3376014504479 614.0876014504479 243.28862718732034 339.28862718732034
3961 619.3009 -8.6405945 447.6303327319572 618.3803327319572 236.49321736108072 332.4932173610807
3979 619.3009 -8.6405945 452.81670848039323 623.5667084803932 229.08620899447726 325.08620899447726
3996 657.1223 -43.065517 458.0507256503695 628.8007256503695 222.33812451057264 318.33812451057264
4012 657.1223 -43.065517 463.26407999467915 634.0140799946792 216.22043924223226 312.22043924223226
4029 661.2189 18.608723 469.09657621838664 639.8465762183866 209.98236520147657 305.98236520147657
4047 661.2189 18.608723 475.5872116294033 646.3372116294033 203.6868177027948 299.68681770279477
4063 696.042 -15.636463 481.6157313118342 652.3657313118342 198.37060786867886 294.37060786867886
4080 723.99194 -37.917694 488.27420988032543 659.0242098803254 193.0230623484931 289.0230623484931
4098 723.99194 -37.917694 495.5923246451781 666.3423246451781 187.71199252826437 283.7119925282644
4114 723.99194 -37.917694 502.31406246496294 673.064062464963 183.30479645322103 279.304796453221
4132 749.8406 -60.621452 510.1025025692394 680.8525025692394 178.71105428707807 274.71105428707807
4148 749.8406 -60.621452 517.2116021519138 687.9616021519138 174.9606090221234 270.96060902212344
4166 767.3963 -79.4082 525.4002807325808 696.1502807325808 171.12553282347662 267.12553282347665
4182 767.3963 -79.4082 532.8327684862486 703.5827684862486 168.06558799499004 264.06558799499004
4200 796.7694 -99.518745 541.3479970015156 712.0979970015156 165.02368896976233 261.02368896976236
4216 796.7694 -99.518745 549.0369892185008 719.7869892185008 162.68178050678887 258.68178050678887
4233 811.8636 -111.987015 557.3123458725511 728.0623458725511 160.57226582663537 256.5722658266354
4250 811.8636 -111.987015 565.678445290706 736.428445290706 158.85763453593017 254.85763453593017
4268 816.6419 -120.719795 574.6146433324445 745.3646433324445 157.4768264733346 253.4768264733346
4284 824.2526 -135.73535 582.6073830375866 753.3573830375866 156.6275629290547 252.6275629290547
4301 824.2526 -135.73535 591.132114755926 761.882114755926 156.1171424476271 252.1171424476271
4319 824.2526 -135.73535 600.1738207000526 770.9238207000526 156.01804670179018 252.01804670179018
4336 824.2526 -135.73535 608.7076916320163 779.4576916320163 156.341507447631 252.341507447631
4352 824.2526 -135.73535 616.7171247860152 787.4671247860152 157.01538956894865 253.01538956894865
4369 824.2526 -135.73535 625.1850713827765 795.9350713827765 158.12239470530233 254.12239470530233
4386 824.2526 -135.73535 633.5909809564164 804.3409809564164 159.6297978289907 255.6297978289907
4403 800.1332 -57.08228 641.9159320172428 812.6659320172428 161.53420581373558 257.5342058137356
4420 800.1332 -57.08228 650.1411853111272 820.8911853111272 163.83133188536496 259.831331885365
4438 812.60266 -78.86578 658.7210379112927 829.4710379112927 166.68587137647998 262.68587137648
4454 812.60266 -78.86578 666.2188053437343 836.9688053437343 169.58218283949915 265.5821828394992
4471 784.9032 -10.910645 674.0349817666976 844.7849817666976 173.0229627020636 269.02296270206364
4489 799.4265 -46.896496 682.1230927560449 852.8730927560449 177.0658239377357 273.0658239377357
4505 799.4265 -46.896496 689.1341369531456 859.8841369531456 180.99652309031762 276.9965230903176
4522 769.9919 12.427345 696.3831279004737 867.1331279004737 185.51135533338842 281.51135533338845
4540 769.9919 12.427345 703.8158878779227 874.5658878779227 190.66075777100514 286.66075777100514
4556 742.4078 60.236496 710.1983867574248 880.9483867574248 195.54633292803192 291.5463329280319
4574 742.4078 60.236496 717.1097699331881 887.8597699331881 201.3768602579292 297.3768602579292
4591 712.3678 97.310196 723.360613124305 894.110613124305 207.19566935752866 303.1956693575287
4608 712.3678 97.310196 729.3284286327194 900.0784286327194 213.30441374529323 309.30441374529323
4624 712.3678 97.310196 734.6746124154753 905.4246124154753 219.30636805391646 315.30636805391646
4641 695.3394 129.42365 740.0552705632856 910.8052705632856 225.93811728273374 321.93811728273374
4658 675.31323 152.96973 745.1153217770493 915.8653217770493 232.81761302381858 328.8176130238186
4676 675.31323 152.96973 750.1109265519513 920.8609265519513 240.35460176468007 336.35460176468007
4692 710.8805 86.01242 754.2287905304013 924.9787905304013 247.25737894613326 343.25737894613326
4710 710.8805 86.01242 758.4877475670244 929.2377475670244 255.233816202647 351.233816202647
4726 737.01 37.883972 761.9330081024611 932.6830081024611 262.4957247950736 358.4957247950736
4744 737.01 37.883972 765.4169917624882 936.1669917624882 270.8398319494411 366.8398319494411
4761 756.9854 -6.348503 768.3187615671286 939.0687615671286 278.8717253711941 374.8717253711941
4777 756.9854 -6.348503 770.6989549944915 941.4489549944915 286.5489524624127 382.5489524624127
4794 734.3198 49.541435 772.8496793622878 943.5996793622878 294.8136947228397 390.8136947228397
4811 734.3198 49.541435 774.605977411876 945.355977411876 303.17114631399613 399.17114631399613
4828 727.4116 92.61155 775.9638957607996 946.7138957607996 311.60249482388303 407.60249482388303
4846 718.3645 127.51462 776.9640893640834 947.7140893640834 320.5892561483454 416.5892561483454
4862 718.3645 127.51462 777.47327042036 948.22327042036 328.6108439720703 424.6108439720703
4879 718.3645 127.51462 777.6213291668411 948.3713291668411 337.1495592469291 433.1495592469291
4897 744.3647 67.482475 777.3364868280897 948.0864868280897 346.18732065055974 442.18732065055974
4913 744.3647 67.482475 776.7025238609478 947.4525238609478 354.200012303063 450.200012303063
4931 731.69226 107.85096 775.5625863875596 946.3125863875596 363.1701187073185 459.1701187073185
4947 731.69226 107.85096 774.1722300260149 944.9222300260149 371.0866865084376 467.0866865084376
4965 722.15204 137.63315 772.1874555236557 942.9374555236557 379.90841743392417 475.90841743392417
4981 722.15204 137.63315 770.0532173508461 940.8032173508461 387.65762152102405 483.65762152102405
4998 713.70044 164.28049 767.4089744590015 938.1589744590015 395.77793921594457 491.77793921594457
5015 713.70044 164.28049 764.3825521379785 935.1325521379785 403.7636982827043 499.7636982827043
5032 713.9946 185.93454 760.9807627878217 931.7307627878217 411.59692297976756 507.59692297976756
5049 725.16833 105.43353 757.2112637502574 927.9612637502574 419.25998091660404 515.259980916604
5066 725.16833 105.43353 753.0825400722103 923.8325400722103 426.73562274375536 522.7356227437554
5083 725.16833 105.43353 748.6038854061801 919.3538854061801 434.00702098068035 530.0070209806804
5100 730.02374 136.13713 743.7853810904619 914.5353810904619 441.057807893992 537.057807893992
5117 730.02374 136.13713 738.6378734563121 909.3878734563121 447.8721123408068 543.8721123408068
5134 714.4649 158.35678 733.1729494131282 903.9229494131282 454.4345954942897 550.4345954942896
5151 714.4649 158.35678 727.4029103666112 898.1529103666112 460.73048537096236 556.7304853709624
5168 723.5078 180.59981 721.3407445286122 892.0907445286122 466.7456100820642 562.7456100820642
5185 723.5078 180.59981 715.0000976809954 885.7500976809954 472.46642973411736 568.4664297341174
5202 772.3277 107.688705 708.3952424593289 879.1452424593289 477.8800669068827 573.8800669068827
5220 813.7593 53.487843 701.1304202885274 871.8804202885274 483.26380400796154 579.2638040079615
5236 813.7593 53.487843 694.4529376018812 865.2029376018812 487.73776886380733 583.7377688638073
5253 788.6801 91.105095 687.1468717414465 857.8968717414465 492.15964421036574 588.1596442103657
5271 788.6801 91.105095 679.1917557803298 849.9417557803298 496.45829474187997 592.45829474188
5287 827.45447 116.52938 671.9471049847989 842.6971049847989 499.93969839739407 595.9396983973941
5304 827.45447 116.52938 664.0876183788416 834.8376183788416 503.28036453280606 599.2803645328061
5322 791.716 141.59937 655.6031277542164 826.3531277542164 506.40697374848173 602.4069737484817
5338 791.716 141.59937 647.9378564156366 818.6878564156366 508.8253930396211 604.8253930396211
5355 769.275 166.44118 639.6839337638094 810.4339337638094 511.01727369220305 607.017273692203
5372 769.275 166.44118 631.335337516615 802.085337516615 512.8151948914908 608.8151948914908
5389 769.275 166.44118 622.9108601528986 793.6608601528986 514.2151095623715 610.2151095623715
5406 744.3329 175.95288 614.4294649579773 785.1794649579773 515.2138665323532 611.2138665323532
5423 732.3596 194.44992 605.9102433377668 776.6602433377668 515.8092176247758 611.8092176247758
5440 732.3596 194.44992 597.3723718445073 768.1223718445073 515.9998227193989 611.9998227193989
5457 762.6698 120.670135 588.8350690108309 759.5850690108309 515.7852527689789 611.7852527689789
5474 762.6698 120.670135 580.317552089333 751.067552089333 515.1659907650433 611.1659907650433
5491 743.7368 148.2186 571.8389937950213 742.5889937950213 514.1434306506889 610.1434306506889
5508 743.7368 148.2186 563.4184791480179 734.1684791480179 512.7198741828516 608.7198741828516
5525 710.93866 166.64397 555.0749625136663 725.8249625136663 510.8985257511097 606.8985257511097
5542 710.93866 166.64397 546.8272249367301 717.5772249367301 508.68348516468336 604.6834851646834
5559 704.08716 185.86284 538.6938318657412 709.4438318657412 506.079738423869 602.079738423869
5576 704.08716 185.86284 530.6930913626405 701.4430913626405 503.0931464966776 599.0931464966776
5593 696.2653 202.07458 522.843012891798 693.593012891798 499.7304321259451 595.7304321259451
5610 696.2653 202.07458 515.1612667811617 685.9112667811617 495.99916469660786 591.9991646966079
5628 692.5503 216.30316 507.2303395844086 677.9803395844086 491.65604828708047 587.6560482870805
5644 692.5503 216.30316 500.37151947034613 671.1215194703461 487.4653773139863 583.4653773139863
5662 687.55096 223.19847 492.88781057617666 663.6378105761767 482.3903041584317 578.3903041584317
5678 687.55096 223.19847 486.4569398796541 657.2069398796541 477.56857846668925 573.5685784666892
5696 681.9085 230.0013 479.48779392617575 650.2377939261758 471.80721829516574 567.8072182951657
5712 681.9085 230.0013 473.54274297137306 644.2927429713731 466.3978277836013 562.3978277836013
5729 718.27655 150.6622 467.4974853308397 638.2474853308397 460.36571041097886 556.3657104109789
5746 718.27655 150.6622 461.7451414322254 632.4951414322254 454.0536489719888 550.0536489719889
5763 706.69385 173.6991 456.29865965604995 627.04865965605 447.47585175716756 543.4758517571676
5780 706.69385 173.6991 451.1702998949387 621.9202998949387 440.6471252215585 536.6471252215586
5797 702.3235 193.1736 446.37160595691194 617.1216059569119 433.58284065575424 529.5828406557542
5814 694.6902 209.19888 441.9133795805666 612.6633795805666 426.29889958551144 522.2988995855114
5831 694.6902 209.19888 437.80565612063515 608.5556561206351 418.8116979778178 514.8116979778179
5848 694.6902 209.19888 434.05768195865755 604.8076819586576 411.1380893339877 507.1380893339877
5865 688.5958 220.27458 430.67789368960894 601.4278936896089 403.295346752855 499.295346752855
5882 688.5958 220.27458 427.67389913133843 598.4238991313384 395.30112404946493 491.30112404946493
5899 721.49414 139.7581 425.052460199564 595.8024601995639 387.1734160167848 483.1734160167848
5916 721.49414 139.7581 422.8194776869708 593.5694776869708 378.9305179198789 474.9305179198789
5933 703.91315 168.21046 420.97997798067684 591.7299779806768 370.59098431373195 466.59098431373195
5950 703.91315 168.21046 419.53810174796206 590.2881017479621 362.1735872774116 458.1735872774116
5968 678.9329 182.914 418.4483973510431 589.1983973510431 353.19723998721406 449.19723998721406
5985 678.9329 182.914 417.8343745722001 588.5843745722001 344.6793437701557 440.6793437701557
6001 676.5343 199.5726 417.6286526131048 588.3786526131048 337.1467028281774 433.1467028281774
