1 21.707764 -0.8299183 297.62542067616835 468.37542067616835 335.4976002348308 431.4976002348308
18 21.707764 -0.8299183 297.76128878990846 468.51128878990846 326.9581694712406 422.9581694712406
34 21.707764 -0.8299183 298.1111703954607 468.8611703954607 318.92762829531256 414.92762829531256
51 21.707764 -0.8299183 298.7185140048509 469.4685140048509 310.4087391863609 406.4087391863609
68 21.707764 -0.8299183 299.56810583748677 470.31810583748677 301.91059046864586 397.91059046864586
85 21.707764 -0.8299183 300.6592573431978 471.4092573431978 293.44006945149073 389.44006945149073
102 177.7407 -63.81135 301.9910842002114 472.7410842002114 285.00404105339845 381.00404105339845
119 349.84302 -19.047428 303.56250703184975 474.31250703184975 276.6093422383909 372.6093422383909
136 349.84302 -19.047428 305.37225228130916 476.12225228130916 268.2627764750041 364.2627764750041
153 404.56937 31.890339 307.4188532438116 478.1688532438116 259.9711082224287 355.9711082224287
171 404.56937 31.890339 309.84216057483684 480.59216057483684 251.25899851671107 347.2589985167111
187 449.12546 75.362915 312.21579703666407 482.96579703666407 243.57929418234613 339.57929418234613
204 449.12546 75.362915 314.9622521925565 485.7122521925565 235.4924331110061 331.4924331110061
222 449.12546 75.362915 318.1199060276202 488.8699060276202 227.01879775167134 323.01879775167134
239 484.31213 109.91107 321.3353713044251 492.0853713044251 219.10671073469888 315.1067107346989
255 484.31213 109.91107 324.5662889638151 495.3162889638151 211.74646754616077 307.7464675461608
273 513.891 137.20605 328.4352697116431 499.1852697116431 203.57308012612515 299.57308012612515
290 537.7711 158.90948 332.31394874217887 503.06394874217887 195.9641257374746 291.9641257374746
306 537.7711 158.90948 336.16094923283765 506.91094923283765 188.90632183391858 284.9063218339186
323 557.8685 176.93219 340.4539940602396 511.2039940602396 181.52322600490484 277.5232260049048
341 557.8685 176.93219 345.2266685145469 515.9766685145469 173.84241533816768 269.8424153381677
358 570.5132 196.46355 349.94484113972976 520.6948411397298 166.72348388819168 262.7234838881917
374 570.5132 196.46355 354.5689124255555 525.3189124255555 160.14853343516307 256.1485334351631
392 456.41055 157.17084 359.9793956887837 530.7293956887837 152.90284887099742 248.90284887099742
408 456.41055 157.17084 364.97014001297055 535.7201400129705 146.601699784777 242.601699784777
425 365.12845 125.73667 370.45573236238414 541.2057323623842 140.05581447516937 236.05581447516937
442 365.12845 125.73667 376.12543363562395 546.875433635624 133.66873177782583 229.66873177782583
459 365.12845 125.73667 381.9746488335043 552.7246488335043 127.44562809241546 223.44562809241546
477 292.10275 100.58934 388.35832887425113 559.1083288742511 121.04079373995708 217.04079373995708
493 224.2819 372.50037 394.1925174146769 564.9425174146769 115.51139478609738 211.51139478609738
511 224.2819 372.50037 400.93033797716447 571.6803379771645 109.48022176480373 205.48022176480373
527 179.42552 298.0003 407.06973833256984 577.8197383325698 104.29179502905546 200.29179502905546
544 179.42552 298.0003 413.7426429853873 584.4926429853873 98.96144031244515 194.96144031244515
561 143.54042 238.40025 420.564574763276 591.314574763276 93.82319306962836 189.82319306962836
579 143.54042 238.40025 427.94408475446505 598.694084754465 88.5967118216947 184.5967118216947
595 114.83234 190.7202 434.6332881070341 605.3832881070341 84.13951907017963 180.13951907017963
612 114.83234 190.7202 441.86866770951156 612.6186677095116 79.60194042970028 175.60194042970028
629 91.86587 152.57616 449.2302797509776 619.9802797509776 75.27215913482809 171.2721591348281
647 73.4927 122.06093 457.15588471125693 627.9058847112569 70.91807370173689 166.9180737017369
663 73.4927 122.06093 464.3082388604396 635.0582388604396 67.24985358281685 163.24985358281685
681 73.4927 122.06093 472.4687817222184 643.2187817222184 63.353853820736504 159.3538538207365
698 58.79416 97.64874 480.2805035702502 651.0305035702502 59.90170381248561 155.9017038124856
714 58.79416 97.64874 487.71970164728384 658.4697016472838 56.85698039535282 152.85698039535282
731 58.79416 97.64874 495.7101801258791 666.4601801258791 53.84158795097835 149.84158795097835
748 58.79416 97.64874 503.783255286693 674.533255286693 51.0548702834833 147.0548702834833
765 58.79416 97.64874 511.93238432050157 682.6823843205016 48.49908588318232 144.49908588318232
782 58.79416 97.64874 520.1509627803556 690.9009627803556 46.176306080939696 142.1763060809397
799 58.79416 97.64874 528.4323299341439 699.1823299341439 44.08841336946284 140.08841336946284
816 164.07607 132.05676 536.7697741627716 707.5197741627716 42.23709987763954 138.23709987763954
833 225.48177 137.65826 545.156538399579 715.906538399579 40.62386599915499 136.623865999155
850 225.48177 137.65826 553.585825606595 724.335825606595 39.25001917650059 135.2500191765006
867 297.3294 164.50436 562.0508042831839 732.8008042831839 38.116672841359446 134.11667284135945
884 356.3207 184.42978 570.5446140026227 741.2946140026227 37.2247455122278 133.2247455122278
901 356.3207 184.42978 579.0603709721212 749.8103709721212 36.574960050003085 132.57496005000309
918 406.74442 199.65968 587.5911736117806 758.3411736117806 36.167843072143 132.167843072143
936 406.74442 199.65968 596.6325037720162 767.3825037720162 36.00164175242986 132.00164175242986
952 406.74442 199.65968 604.6702542165596 775.4202542165596 36.08273742076125 132.08273742076125
969 432.44626 129.40654 613.2046904715623 783.9546904715623 36.40481772096149 132.4048177209615
987 432.44626 129.40654 622.2272422323567 792.9772422323567 37.01048567359351 133.0104856735935
1004 463.8548 153.25864 630.7281551661815 801.4781551661815 37.831958255007294 133.8319582550073
1020 463.8548 153.25864 638.7046299331981 809.4546299331981 38.82586922049978 134.82586922049978
1037 479.32608 89.112976 647.1471900543268 817.8971900543268 40.115643042381976 136.11564304238198
1056 502.9889 123.86824 656.535180553099 827.285180553099 41.84087532901299 137.840875329013
1071 502.9889 123.86824 663.9050950571935 834.6550950571935 43.41334787928315 139.41334787928315
1088 522.06714 149.16252 672.2068585250034 842.9568585250034 45.41860627535635 141.41860627535635
1105 522.06714 149.16252 680.4481772598931 851.1981772598931 47.65936583863811 143.6593658386381
1122 534.0519 175.11523 688.6223720999366 859.3723720999366 50.133810549576026 146.13381054957603
1140 534.0519 175.11523 697.1968778238853 867.9468778238853 53.006287796662775 149.00628779666278
1156 546.4355 193.68883 704.742950819005 875.492950819005 55.77554601295549 151.7755460129555
1174 546.4355 193.68883 713.1400943092397 883.8900943092397 59.13132537838908 155.13132537838908
1190 546.4355 193.68883 720.5163456946693 891.2663456946693 62.32552703375262 158.32552703375262
1207 555.8563 210.52797 728.2568245155068 899.0068245155068 65.93458862018292 161.93458862018292
1224 555.8563 210.52797 735.8914330094331 906.6414330094331 69.76252423287974 165.76252423287974
1241 562.2002 225.53754 743.413983721744 914.163983721744 73.80623152831976 169.80623152831976
1259 566.95184 233.73273 751.2501244418916 922.0001244418916 78.31934271231506 174.31934271231506
1275 566.95184 233.73273 758.0986210088488 928.8486210088488 82.52768009049117 178.52768009049117
1292 575.31885 243.61276 765.2488064458005 935.9988064458005 87.19835307494287 183.19835307494287
1310 575.31885 243.61276 772.671396715908 943.421396715908 92.36346949445999 188.36346949446
1326 579.0685 249.83197 779.1359413283826 949.8859413283826 97.14067282585665 193.14067282585665
1344 579.0685 249.83197 786.2525668282935 957.0025668282935 102.71982289007568 198.71982289007568
1360 581.05743 260.14374 792.434774570124 963.184774570124 107.85716813378187 203.85716813378187
1377 581.05743 260.14374 798.8500299387413 969.6000299387413 113.49497235758312 209.49497235758312
1394 582.6842 262.19308 805.1022028442499 975.8522028442499 119.31310538030687 215.31310538030687
1411 582.6842 262.19308 811.1862262243785 981.9362262243785 125.30685190652298 221.30685190652298
1428 603.384 190.6794 817.0971692933363 987.8471692933363 131.47135431515434 227.47135431515434
1445 603.384 190.6794 822.8302415379586 993.5802415379586 137.80161659632608 233.80161659632608
1463 602.5994 207.96898 828.7015190178248 999.4515190178248 144.67921608302754 240.67921608302754
1479 602.5994 207.96898 833.7443360426164 1004.4943360426164 150.93876919572267 246.93876919572267
1496 603.48584 220.47925 838.9165129944168 1009.6665129944168 157.73501253228335 253.73501253228335
1513 603.48584 220.47925 843.8931356740757 1014.6431356740757 164.675730406883 260.67573040688296
1530 599.5636 228.65407 848.6701707867052 1019.4201707867052 171.7552977272204 267.7552977272204
1547 599.5636 228.65407 853.2437467928016 1023.9937467928016 178.96797687071094 274.9679768707109
1564 598.47644 244.01309 857.6101570459276 1028.3601570459277 186.30792233453255 282.3079223345326
1581 598.47644 244.01309 861.7658627967578 1032.5158627967578 193.76918547310373 289.76918547310373
1598 598.02673 250.63652 865.7074960610505 1036.4574960610505 201.34571931915121 297.3457193191512
1615 598.02673 250.63652 869.4318623492258 1040.1818623492259 209.03138348446487 305.03138348446487
1632 598.7576 256.99368 872.9359432553329 1043.6859432553329 216.8199491363638 312.8199491363638
1649 597.23346 262.6287 876.2168989033121 1046.966898903312 224.7051040458423 320.7051040458423
1666 597.23346 262.6287 879.2720702485676 1050.0220702485676 232.6804577033056 328.6804577033056
1683 597.23346 262.6287 882.0989812329851 1052.8489812329851 240.73954649774532 336.7395464977453
1700 622.81036 156.10304 884.6953407916484 1055.4453407916485 248.87583895516212 344.8758389551621
1718 622.81036 156.10304 887.1907988908573 1057.9407988908574 257.5675570143351 353.5675570143351
1734 633.693 62.87728 889.1881773273444 1059.9381773273444 265.35360145921436 361.35360145921436
1751 633.693 62.87728 891.0810130930984 1061.8310130930984 273.6817171329047 369.6817171329047
1768 652.43353 2.6486855 892.7360179615537 1063.4860179615537 282.0603385467098 378.0603385467098
1785 652.43353 2.6486855 894.1518506369953 1064.9018506369953 290.4826752619944 386.4826752619944
1802 652.43353 2.6486855 895.3273636603816 1066.0773636603817 298.94190141113677 394.94190141113677
1819 668.86127 49.22315 896.2616043392997 1067.0116043392995 307.4311612295389 403.4311612295389
1837 682.02594 84.914925 896.986983596427 1067.7369835964269 316.44487849148953 412.44487849148953
1854 690.75684 119.8246 897.4223209778079 1068.1723209778079 324.97428757271297 420.97428757271297
1870 690.75684 119.8246 897.6101019890048 1068.3601019890048 333.01025341435343 429.01025341435343
1887 696.96277 143.65894 897.5736453909749 1068.323645390975 341.5506871754069 437.5506871754069
1904 696.96277 143.65894 897.2940959534936 1068.0440959534935 350.08662239203596 446.08662239203596
1921 703.3717 164.41556 896.7716802368993 1067.5216802368993 358.6111411309172 454.6111411309172
1939 703.3717 164.41556 895.9542920861586 1066.7042920861586 367.61698093385 463.61698093385
1955 703.3717 164.41556 895.0001400172805 1065.7501400172805 375.5983093035911 471.5983093035911
1972 709.1395 181.99017 893.7524512558361 1064.5024512558361 384.04719151753216 480.04719151753216
1989 709.1395 181.99017 892.2647665348454 1063.0147665348454 392.4571339716405 488.4571339716405
2006 710.66724 196.49377 890.5382915457113 1061.2882915457112 400.8213208432003 496.8213208432003
2023 691.177 217.72342 888.5744255069792 1059.3244255069792 409.13297339202586 505.13297339202586
2041 691.177 217.72342 886.2380618516396 1056.9880618516395 417.86880070345273 513.8688007034527
2058 678.8339 234.68678 883.7906735406054 1054.5406735406054 426.0511370669554 522.0511370669553
2075 678.8339 234.68678 881.1113627748334 1051.8613627748334 434.1604916486035 530.1604916486035
2091 691.0858 175.94664 878.3797408159044 1049.1297408159044 441.7202700970553 537.7202700970553
2109 691.0858 175.94664 875.0658458507073 1045.8158458507073 450.13403109346496 546.134031093465
2125 691.0858 175.94664 871.9084395119482 1042.6584395119482 457.52610752219204 553.526107522192
2142 677.8982 200.73308 868.3379933280626 1039.0879933280626 465.2844741001809 561.2844741001809
2159 667.5418 223.3424 864.5481482862865 1035.2981482862865 472.9380623089762 568.9380623089762
2176 667.5418 223.3424 860.5419758597092 1031.291975859709 480.4806693117979 576.4806693117979
2194 667.5418 223.3424 856.0679679827582 1026.817967982758 488.339201456037 584.339201456037
2210 658.3396 236.22229 851.8938087238421 1022.6438087238421 495.20858302917645 591.2085830291765
2227 651.729 248.70818 847.2588229060326 1018.0088229060326 502.38195353258584 598.3819535325858
2244 651.729 248.70818 842.4215218060378 1013.1715218060378 509.42048008140796 605.420480081408
2261 645.6079 260.23834 837.3858258058228 1008.1358258058228 516.3184583144773 612.3184583144773
2278 645.6079 260.23834 832.1558160761413 1002.9058160761413 523.0702977777584 619.0702977777584
2295 640.71985 266.03738 826.7357312689596 997.4857312689596 529.6705264551181 625.6705264551181
2312 640.71985 266.03738 821.1299640822481 991.8799640822481 536.1137952031119 632.1137952031119
2329 637.3353 271.87524 815.3430576999276 986.0930576999276 542.394882086187 638.394882086187
2347 637.3353 271.87524 809.023524111755 979.773524111755 548.8630169930223 644.8630169930223
2363 633.788 276.712 803.2447303028227 973.9947303028227 554.4502838409564 650.4502838409564
2380 633.788 276.712 796.9431143556885 967.6931143556885 560.2148284340103 656.2148284340103
2398 631.1039 279.59814 790.0948566711968 960.8448566711968 566.1203039129076 662.1203039129076
2414 631.1039 279.59814 783.8605094916655 954.6105094916655 571.1942495138428 667.1942495138428
2431 630.9068 281.5922 777.0901233483269 947.8401233483269 576.4002277485814 672.4002277485814
2448 630.9068 281.5922 770.1742900189863 940.9242900189863 581.4113740517007 677.4113740517007
2465 629.416 282.72565 763.1186144283101 933.8686144283101 586.2236271487043 682.2236271487043
2482 629.416 282.72565 755.9288148358737 926.6788148358737 590.8330869577367 686.8330869577367
2499 629.04254 287.41165 748.6107182018081 919.3607182018081 595.2360177503971 691.2360177503971
2516 629.04254 287.41165 741.17025546435 911.92025546435 599.4288511793545 695.4288511793545
2533 626.59595 289.0895 733.6134567331254 904.3634567331254 603.4081891703074 699.4081891703074
2551 626.59595 289.0895 725.4921459641587 896.2421459641587 607.3853219740902 703.3853219740902
2567 626.46277 291.47296 718.1754381858558 888.9254381858558 610.7136542896951 706.7136542896951
2584 626.46277 291.47296 710.3067300841386 881.0567300841386 614.0338607170812 710.0338607170812
2601 622.9491 294.5522 702.346699277214 873.096699277214 617.1287351027865 713.1287351027865
2618 622.24927 295.3724 694.3017969577133 865.0517969577133 619.9957692114392 715.9957692114392
2635 622.24927 295.3724 686.178543102233 856.928543102233 622.6326394604092 718.6326394604092
2653 614.27246 213.91183 677.4993677514212 848.2493677514212 625.1713771733134 721.1713771733134
2670 614.27246 213.91183 669.2355964401853 839.9855964401853 627.327860798587 723.327860798587
2686 614.27246 213.91183 661.4047925232513 832.1547925232513 629.1418395004217 725.1418395004217
2703 613.7189 229.5805 653.0345219750633 823.7845219750633 630.8385742647915 726.8385742647915
2721 613.7189 229.5805 644.1230815799211 814.8730815799211 632.3746419810356 728.3746419810356
2737 612.60046 141.31763 636.1660813019316 806.9160813019316 633.5140081610913 729.5140081610913
2754 612.60046 141.31763 627.6815821743512 798.4315821743512 634.4905389924386 730.4905389924386
2771 639.99347 97.8356 619.1727237438794 789.9227237438794 635.2251587040392 731.2251587040392
2788 639.99347 97.8356 610.6464019995067 781.3964019995067 635.7172719246712 731.7172719246712
2805 628.06934 67.01381 602.1095270833351 772.8595270833351 635.9664798220608 731.9664798220608
2823 614.64655 34.535767 593.0666695312384 763.8166695312384 635.9653673731979 731.9653673731979
2839 614.64655 34.535767 585.0317954607539 755.7817954607539 635.7355687926154 731.7355687926154
2857 604.765 12.487394 576.0036557812324 746.7536557812324 635.2198480618783 731.2198480618783
2873 604.765 12.487394 567.9948801263789 738.7448801263789 634.5331740297464 730.5331740297464
2890 602.2092 -1.0432644 559.5089945588649 730.2589945588649 633.5687653790487 729.5687653790487
2907 602.2092 -1.0432644 551.0540000393138 721.8040000393138 632.3631926583694 728.3631926583694
2925 602.2092 -1.0432644 542.1429378468152 712.8929378468152 630.8249324247021 726.8249324247021
2941 595.7898 -16.888212 534.2640628953682 705.0140628953682 629.232657883161 725.232657883161
2958 595.7898 -16.888212 525.9427276452934 696.6927276452934 627.3102329649023 723.3102329649023
2975 600.31213 44.98017 517.6794871637487 688.4294871637487 625.1517161929854 721.1517161929854
2993 591.18463 11.355799 509.00093670470255 679.7509367047026 622.6108431393186 718.6108431393186
3009 591.18463 11.355799 501.3540257094023 672.1040257094023 620.1335944747455 716.1335944747455
3026 594.00525 67.120056 493.3050356774336 664.0550356774336 617.278056456131 713.278056456131
3043 594.00525 67.120056 485.3405915726703 656.0905915726703 614.1945571432422 710.1945571432422
3060 596.8769 112.630325 477.46714816449344 648.2171481644934 610.8855955525434 706.8855955525434
3077 596.8769 112.630325 469.691086470933 640.441086470933 607.3538534259965 703.3538534259965
3094 477.50153 90.10426 462.0187085871838 632.7687085871838 603.6021930576474 699.6021930576474
3112 477.50153 90.10426 454.01493504921393 624.7649350492139 599.3935254421243 695.3935254421243
3128 496.88696 53.46051 447.00978743869564 617.7597874386956 595.4514554692516 691.4514554692516
3145 496.88696 53.46051 439.68540812706976 610.4354081270698 591.058983999804 687.058983999804
3163 514.1033 20.449429 432.0698257527072 602.8198257527072 586.182901653867 682.182901653867
3179 514.1033 20.449429 425.4264873683203 596.1764873683203 581.6576321782761 677.6576321782761
3196 527.61255 -0.89533806 418.50350203784535 589.2535020378454 576.6563711348483 672.6563711348483
3213 527.61255 -0.89533806 411.72568540279684 582.4756854027969 571.4600705688548 667.4600705688548
3230 542.8046 54.546852 405.09853053246013 575.8485305324601 566.0729418127313 662.0729418127313
3247 542.8046 54.546852 398.6274083925641 569.3774083925641 560.4993508552757 656.4993508552757
3265 547.1099 24.648441 391.9515285815807 562.7015285815808 554.3996867092457 650.3996867092457
3281 547.1099 24.648441 386.17410963438175 556.9241096343817 548.8109982204569 644.8109982204569
3298 559.7395 71.85977 380.2020257696452 550.9520257696452 542.7057093474355 638.7057093474355
3315 559.7395 71.85977 374.4061519627961 545.1561519627961 536.4328962045494 632.4328962045494
3332 570.02637 108.74804 368.7911854693228 539.5411854693227 529.9976425819129 625.9976425819129
3349 570.02637 108.74804 363.3616769287074 534.1116769287074 523.4051639192346 619.4051639192346
3366 574.2466 70.41122 358.12202667636814 528.8720266763681 516.6608030789737 612.6608030789737
3383 580.9403 111.60274 353.07648117741576 523.8264811774158 509.7700260162269 605.7700260162269
3400 580.9403 111.60274 348.2291295851123 518.9791295851123 502.7384173488538 598.7384173488538
3417 578.105 66.782684 343.58390042682595 514.333900426826 495.5716758314352 591.5716758314352
3435 578.105 66.782684 338.8899101067921 509.6399101067921 487.8425278304917 583.8425278304917
3451 578.105 66.782684 334.91470142185455 505.66470142185455 480.85613214835485 576.8561321483548
3468 577.5163 35.015427 330.8977575118902 501.6477575118902 473.3192561685689 569.3192561685689
3485 577.5163 35.015427 327.0969822152257 497.8469822152257 465.6710900449318 561.6710900449318
3503 583.6968 85.774765 323.31166860027383 494.06166860027383 457.45861935813366 553.4586193581337
3519 583.6968 85.774765 320.1560810978608 490.9060810978608 450.06576630732854 546.0657663073285
3536 590.8485 128.06032 317.0215805179704 487.7715805179704 442.1212559998803 538.1212559998803
3553 590.8485 128.06032 314.1144944740342 484.8644944740342 434.0907399116313 530.0907399116313
3570 592.4284 160.31738 311.4371790087004 482.1871790087004 425.9807263598813 521.9807263598814
3588 597.5668 185.20038 308.85522471939606 479.60522471939606 417.31430922285153 513.3143092228515
3604 597.5668 185.20038 306.780351140146 477.530351140146 409.5485569510936 505.5485569510936
3621 595.6217 120.03599 304.80461285468476 475.55461285468476 401.23971851615926 497.23971851615926
3639 595.6217 120.03599 302.97135171354296 473.72135171354296 392.3846393220784 488.3846393220784
3655 595.6217 120.03599 301.5664924513526 472.3164924513526 384.4701981434725 480.4701981434725
3672 598.2421 151.38461 300.30673466233077 471.05673466233077 376.02310703330426 472.02310703330426
3690 598.39636 176.95691 299.23553131423415 469.98553131423415 367.043920136258 463.043920136258
3706 598.39636 176.95691 298.5109279242903 469.2609279242903 359.03848706593226 455.03848706593226
3723 598.39636 176.95691 297.97633438360816 468.72633438360816 350.5147233633919 446.5147233633919
3741 594.3411 116.81281 297.6749980009779 468.4249980009779 341.4768878742076 437.4768878742076
3757 600.6024 185.36725 417.64906576024066 588.3990657602407 333.056686471707 429.056686471707
3775 600.6024 185.36725 418.0239626747057 588.7739626747057 324.0222125716715 420.0222125716715
3791 594.03046 127.31343 418.73774721758974 589.4877472175897 316.01623679178385 412.01623679178385
3809 594.03046 127.31343 419.96702256495803 590.717022564958 307.0579362572376 403.0579362572376
3825 593.2996 157.44699 421.43620498653286 592.1862049865329 299.15561763711503 395.15561763711503
3842 593.2996 157.44699 423.3820723329198 594.1320723329197 290.84025954453836 386.84025954453836
3859 595.4121 180.91356 425.72015609929747 596.4701560992975 282.62655488470796 378.62655488470796
3876 595.4121 180.91356 428.4451933182859 599.1951933182859 274.53299249891984 370.53299249891984
3893 591.2189 121.51673 431.55105000007745 602.3010500000775 266.5777907912517 362.5777907912517
3910 591.2189 121.51673 435.03073493989234 605.7807349398923 258.7788567193968 354.7788567193968
3927 591.2189 121.51673 438.876415455004 609.626415455004 251.15374548655507 347.15374548655507
3944 593.05005 156.47336 443.0794350159092 613.8294350159092 243.71962102511617 339.71962102511617
3961 596.06683 182.4519 447.6303327319572 618.3803327319572 236.49321736108072 332.4932173610807
3978 596.06683 182.4519 452.518864647575 623.268864647575 229.49080094619188 325.4908009461919
3995 597.7256 204.5698 457.734026801152 628.484026801152 222.7281340425647 318.7281340425647
4012 597.7256 204.5698 463.26407999467915 634.0140799946792 216.22043924223226 312.22043924223226
4030 598.8986 222.99306 469.44880561963384 640.1988056196338 209.62411941289355 305.62411941289355
4046 598.8986 222.99306 475.21838667089924 645.9683866708992 204.0279536670738 300.0279536670738
4063 605.1027 237.31027 481.6157313118342 652.3657313118342 198.37060786867886 294.37060786867886
4080 605.1027 237.31027 488.27420988032543 659.0242098803254 193.0230623484931 289.0230623484931
4097 623.19446 214.21515 495.1788343096449 665.9288343096449 187.9973542961332 283.9973542961332
4114 623.19446 214.21515 502.31406246496294 673.064062464963 183.30479645322103 279.304796453221
4131 624.6571 228.3801 509.66383312829794 680.4138331282979 178.95595164869005 274.9559516486901
4148 625.98846 239.6788 517.2116021519138 687.9616021519138 174.9606090221234 270.96060902212344
4165 625.98846 239.6788 524.9403796987771 695.6903796987771 171.32776198864897 267.32776198864894
4182 620.26654 249.17566 532.8327684862486 703.5827684862486 168.06558799499004 264.06558799499004
4199 620.26654 249.17566 540.8710029469295 711.6210029469295 165.1814301122385 261.1814301122385
4216 620.26654 249.17566 549.0369892185008 719.7869892185008 162.68178050678887 258.68178050678887
4233 618.44684 259.68884 557.3123458725511 728.0623458725511 160.57226582663537 256.5722658266354
4250 618.44684 259.68884 565.678445290706 736.428445290706 158.85763453593017 254.85763453593017
4267 618.4675 265.97003 574.1164555949256 744.8664555949256 157.54174622631027 253.54174622631027
4284 618.4675 265.97003 582.6073830375866 753.3573830375866 156.6275629290547 252.6275629290547
4301 618.53845 273.71466 591.132114755926 761.882114755926 156.1171424476271 252.1171424476271
4318 618.53845 273.71466 599.6714617946108 770.4214617946108 156.01163372561214 252.01163372561214
4335 619.78424 275.73944 608.206202299593 778.956202299593 156.31127426047263 252.31127426047263
4353 621.7356 278.67407 617.2166157056257 787.9666157056257 157.06937491294823 253.06937491294823
4369 621.7356 278.67407 625.1850713827765 795.9350713827765 158.12239470530233 254.12239470530233
4387 622.8619 282.18832 634.0831090553891 804.8331090553891 159.73086973577773 255.73086973577773
4404 622.8619 282.18832 642.4027122819134 813.1527122819134 161.65850613580778 257.6585061358078
4420 623.08044 284.8734 650.1411853111272 820.8911853111272 163.83133188536496 259.831331885365
4437 623.08044 284.8734 658.2482260010909 828.9982260010909 166.5160052712332 262.5160052712332
4454 623.66644 287.09058 666.2188053437343 836.9688053437343 169.58218283949915 265.5821828394992
4471 623.66644 287.09058 674.0349817666976 844.7849817666976 173.0229627020636 269.02296270206364
4488 623.66644 287.09058 681.6791612546845 852.4291612546845 176.83059975054408 272.8305997505441
4506 609.42725 205.62888 689.5664118764473 860.3164118764473 181.25253868910977 277.25253868910977
4523 609.42725 205.62888 696.8027732058051 867.5527732058051 185.78758605914797 281.787586059148
4539 611.6244 223.76749 703.4098168015221 874.1598168015221 190.36493370665013 286.36493370665016
4557 614.65924 237.48732 710.5899695491788 881.3399695491788 195.86108443850046 291.8610844385005
4574 614.65924 237.48732 717.1097699331881 887.8597699331881 201.3768602579292 297.3768602579292
4590 613.89526 250.8889 723.0006166338345 893.7506166338345 206.8452294582745 302.8452294582745
4607 613.89526 250.8889 728.9854590589218 899.7354590589218 212.9372932370277 308.9372932370277
4624 613.7917 259.15427 734.6746124154753 905.4246124154753 219.30636805391646 315.30636805391646
4641 613.7917 259.15427 740.0552705632856 910.8052705632856 225.93811728273374 321.93811728273374
4659 615.7208 238.88133 745.4027404132385 916.1527404132385 233.2296762758943 329.2296762758943
4676 615.7208 238.88133 750.1109265519513 920.8609265519513 240.35460176468007 336.35460176468007
4692 632.3108 211.482 754.2287905304013 924.9787905304013 247.25737894613326 343.25737894613326
4709 632.3108 211.482 758.2616938824929 929.0116938824929 254.78514557975075 350.78514557975075
4726 639.36005 203.31685 761.9330081024611 932.6830081024611 262.4957247950736 358.4957247950736
4743 639.36005 203.31685 765.2344691549205 935.9844691549205 270.3717602734482 366.3717602734482
4760 646.1279 195.99707 768.1586455346032 938.9086455346032 278.3955232583588 374.3955232583588
4777 646.1279 195.99707 770.6989549944915 941.4489549944915 286.5489524624127 382.5489524624127
4795 650.50555 215.42542 772.9639522412413 943.7139522412413 295.3029260641045 391.3029260641045
4811 650.50555 215.42542 774.605977411876 945.355977411876 303.17114631399613 399.17114631399613
4829 653.97266 233.22899 776.0312971637562 946.7812971637562 312.1003528829921 408.1003528829921
4846 653.97266 233.22899 776.9640893640834 947.7140893640834 320.5892561483454 416.5892561483454
4863 658.1148 243.65224 777.4931938134266 948.2431938134266 329.11284860805364 425.11284860805364
4879 658.1148 243.65224 777.6213291668411 948.3713291668411 337.1495592469291 433.1495592469291
4896 656.6249 256.41785 777.3642207321774 948.1142207321774 345.68568689301895 441.68568689301895
4913 656.6249 256.41785 776.7025238609478 947.4525238609478 354.200012303063 450.200012303063
4930 658.9219 264.20047 775.6377280160616 946.3877280160616 362.6733699460652 458.6733699460652
4947 660.5548 271.83945 774.1722300260149 944.9222300260149 371.0866865084376 467.0866865084376
4964 660.5548 271.83945 772.3093286896907 943.0593286896907 379.4210238275436 475.4210238275436
4981 660.5548 271.83945 770.0532173508461 940.8032173508461 387.65762152102405 483.65762152102405
4998 658.0351 279.91934 767.4089744590015 938.1589744590015 395.77793921594457 491.77793921594457
5015 658.0351 279.91934 764.3825521379785 935.1325521379785 403.7636982827043 499.7636982827043
5032 659.3424 284.11124 760.9807627878217 931.7307627878217 411.59692297976756 507.59692297976756
5049 659.3424 284.11124 757.2112637502574 927.9612637502574 419.25998091660404 515.259980916604
5066 661.353 291.25244 753.0825400722103 923.8325400722103 426.73562274375536 522.7356227437554
5083 661.353 291.25244 748.6038854061801 919.3538854061801 434.00702098068035 530.0070209806804
5100 661.1475 294.91104 743.7853810904619 914.5353810904619 441.057807893992 537.057807893992
5118 659.4659 300.39142 738.3250770999266 909.0750770999266 448.265258669255 544.265258669255
5134 659.4659 300.39142 733.1729494131282 903.9229494131282 454.4345954942897 550.4345954942896
5152 660.73755 304.52066 727.0542686708334 897.8042686708334 461.0922236245453 557.0922236245453
5168 660.73755 304.52066 721.3407445286122 892.0907445286122 466.7456100820642 562.7456100820642
5186 651.28503 303.87646 714.618748013828 885.368748013828 472.79350469111057 568.7935046911106
5203 651.28503 303.87646 707.9988084758055 878.7488084758055 478.1886859160961 574.1886859160961
5219 651.28503 303.87646 701.5410462255444 872.2910462255444 482.9743356401059 578.9743356401059
5236 643.2495 303.43134 694.4529376018812 865.2029376018812 487.73776886380733 583.7377688638073
5253 643.2495 303.43134 687.1468717414465 857.8968717414465 492.15964421036574 588.1596442103657
5270 637.02985 299.98474 679.639294413571 850.389294413571 496.2300081502966 592.2300081502966
5288 637.02985 299.98474 671.489242169551 842.239242169551 500.14650081167713 596.1465008116771
5304 629.9266 298.87247 664.0876183788416 834.8376183788416 503.28036453280606 599.2803645328061
5321 627.62683 297.6107 656.0785261011198 826.8285261011198 506.2444868016163 602.2444868016163
5338 627.62683 297.6107 647.9378564156366 818.6878564156366 508.8253930396211 604.8253930396211
5355 625.48956 298.13217 639.6839337638094 810.4339337638094 511.01727369220305 607.017273692203
5373 625.48956 298.13217 630.8416959955493 801.5916959955493 512.9085953455605 608.9085953455605
5389 623.3569 295.46805 622.9108601528986 793.6608601528986 514.2151095623715 610.2151095623715
5407 623.3569 295.46805 613.9291943374132 784.6791943374132 515.2600715357657 611.2600715357657
5423 624.76245 297.28873 605.9102433377668 776.6602433377668 515.8092176247758 611.8092176247758
5440 624.76245 297.28873 597.3723718445073 768.1223718445073 515.9998227193989 611.9998227193989
5457 624.76245 297.28873 588.8350690108309 759.5850690108309 515.7852527689789 611.7852527689789
5474 619.6428 298.57794 580.317552089333 751.067552089333 515.1659907650433 611.1659907650433
5492 619.7328 296.8055 571.3418767722527 742.0918767722527 514.0707652406622 610.0707652406622
5508 619.7328 296.8055 563.4184791480179 734.1684791480179 512.7198741828516 608.7198741828516
5526 619.85956 301.56372 554.5869676676424 725.3369676676424 510.7790827672435 606.7790827672435
5542 619.85956 301.56372 546.8272249367301 717.5772249367301 508.68348516468336 604.6834851646834
5559 614.4616 303.9436 538.6938318657412 709.4438318657412 506.079738423869 602.079738423869
5576 614.4616 303.9436 530.6930913626405 701.4430913626405 503.0931464966776 599.0931464966776
5593 615.43964 303.97028 522.843012891798 693.593012891798 499.7304321259451 595.7304321259451
5610 615.43964 303.97028 515.1612667811617 685.9112667811617 495.99916469660786 591.9991646966079
5627 614.6462 305.93307 507.6651444467964 678.4151444467964 491.90774319720856 587.9077431972086
5645 614.6462 305.93307 499.9491421383856 670.6991421383856 487.19334241625086 583.1933424162509
5661 601.9179 302.43515 493.29680961702684 664.0468096170268 482.6820667001052 578.6820667001052
5678 601.9179 302.43515 486.4569398796541 657.2069398796541 477.56857846668925 573.5685784666892
5695 604.6288 305.61768 479.86730663188473 650.6173066318847 472.13642294632587 568.1364229463259
5712 604.6288 305.61768 473.54274297137306 644.2927429713731 466.3978277836013 562.3978277836013
5729 591.93414 304.5289 467.4974853308397 638.2474853308397 460.36571041097886 556.3657104109789
5746 591.93414 304.5289 461.7451414322254 632.4951414322254 454.0536489719888 550.0536489719889
5764 583.2903 304.3416 455.98806905859533 626.7380690585953 447.0809605355471 543.0809605355471
5780 583.2903 304.3416 451.1702998949387 621.9202998949387 440.6471252215585 536.6471252215586
5797 572.97266 227.92747 446.37160595691194 617.1216059569119 433.58284065575424 529.5828406557542
5815 572.97266 227.92747 441.66195216566996 612.41195216567 425.8639399883317 521.8639399883317
5831 581.8058 243.48337 437.80565612063515 608.5556561206351 418.8116979778178 514.8116979778179
5848 581.8058 243.48337 434.05768195865755 604.8076819586576 411.1380893339877 507.1380893339877
5865 579.0055 251.6384 430.67789368960894 601.4278936896089 403.295346752855 499.295346752855
5883 574.99677 256.92603 427.50904530471144 598.2590453047114 394.8265412727159 490.8265412727159
5900 574.99677 256.92603 424.9103018905736 595.6603018905736 386.6915481808328 482.6915481808328
5917 570.15735 260.21484 422.70033489037223 593.4503348903722 378.44244969702606 474.44244969702606
5933 570.15735 260.21484 420.97997798067684 591.7299779806768 370.59098431373195 466.59098431373195
5950 570.15735 260.21484 419.53810174796206 590.2881017479621 362.1735872774116 458.1735872774116
5967 581.86206 270.42685 418.4970946157316 589.2470946157316 353.69727415859836 449.69727415859836
5985 581.86206 270.42685 417.8343745722001 588.5843745722001 344.6793437701557 440.6793437701557
6001 587.47705 276.8171 417.6286526131048 588.3786526131048 337.1467028281774 433.1467028281774
