1 671.29736 371.0892 297.62542067616835 468.37542067616835 335.4976002348308 431.4976002348308
17 668.1683 367.93362 297.7465672298508 468.4965672298508 327.460353677165 423.460353677165
35 668.9325 366.15857 298.1401809083458 468.8901809083458 318.4260666429181 414.4260666429181
51 668.9325 366.15857 298.7185140048509 469.4685140048509 310.4087391863609 406.4087391863609
68 668.9325 366.15857 299.56810583748677 470.31810583748677 301.91059046864586 397.91059046864586
86 668.7766 366.7918 300.7309474282776 471.4809474282776 292.9428107334055 388.9428107334055
103 668.51227 366.7343 302.0768999466856 472.8268999466856 284.5090245297676 380.5090245297676
119 668.51227 366.7343 303.56250703184975 474.31250703184975 276.6093422383909 372.6093422383909
136 669.62836 366.73312 305.37225228130916 476.12225228130916 268.2627764750041 364.2627764750041
153 669.62836 366.73312 307.4188532438116 478.1688532438116 259.9711082224287 355.9711082224287
170 673.73566 368.18063 309.7006512552929 480.4506512552929 251.74105744826687 347.7410574482669
187 673.73566 368.18063 312.21579703666407 482.96579703666407 243.57929418234613 339.57929418234613
204 672.1913 367.01642 314.9622521925565 485.7122521925565 235.4924331110061 331.4924331110061
221 672.1913 367.01642 317.93779086333535 488.68779086333535 227.48702821623766 323.48702821623766
238 668.1927 365.15488 321.14000152904384 491.89000152904384 219.5695674640201 315.5695674640201
256 668.1927 365.15488 324.77475501321027 495.52475501321027 211.2893596734873 307.2893596734873
272 665.85547 370.5577 328.2138763391684 498.9638763391684 204.0240686798987 300.02406867989873
289 665.85547 370.5577 332.0798074744846 502.8298074744846 196.40862946948707 292.4086294694871
306 666.3869 368.9732 336.16094923283765 506.91094923283765 188.90632183391858 284.9063218339186
323 666.3869 368.9732 340.4539940602396 511.2039940602396 181.52322600490484 277.5232260049048
340 666.97034 368.47043 344.9554626662418 515.7054626662418 174.26532559916362 270.2653255991636
358 666.97034 368.47043 349.94484113972976 520.6948411397298 166.72348388819168 262.7234838881917
374 670.0781 369.81158 354.5689124255555 525.3189124255555 160.14853343516307 256.1485334351631
391 670.0781 369.81158 359.6731023758233 530.4231023758233 153.30108260568883 249.30108260568883
409 672.40936 369.60306 365.28764512599264 536.0376451259926 146.21234621253794 242.21234621253794
425 672.40936 369.60306 370.45573236238414 541.2057323623842 140.05581447516937 236.05581447516937
442 673.4915 374.79443 376.12543363562395 546.875433635624 133.66873177782583 229.66873177782583
459 673.4915 374.79443 381.9746488335043 552.7246488335043 127.44562809241546 223.44562809241546
477 673.2975 370.30765 388.35832887425113 559.1083288742511 121.04079373995708 217.04079373995708
493 673.2975 370.30765 394.1925174146769 564.9425174146769 115.51139478609738 211.51139478609738
511 676.61304 371.34872 400.93033797716447 571.6803379771645 109.48022176480373 205.48022176480373
528 674.60925 372.75522 407.45803936531155 578.2080393653116 103.97300354707676 199.97300354707676
544 674.60925 372.75522 413.7426429853873 584.4926429853873 98.96144031244515 194.96144031244515
561 674.60925 372.75522 420.564574763276 591.314574763276 93.82319306962836 189.82319306962836
579 672.159 371.31732 427.94408475446505 598.694084754465 88.5967118216947 184.5967118216947
595 672.159 371.31732 434.6332881070341 605.3832881070341 84.13951907017963 180.13951907017963
613 673.9867 373.0748 442.298267202495 613.048267202495 79.34146014899 175.34146014899
629 673.9867 373.0748 449.2302797509776 619.9802797509776 75.27215913482809 171.2721591348281
646 672.6362 372.51474 456.71215802621145 627.4621580262115 71.15368424901567 167.15368424901567
663 672.6362 372.51474 464.3082388604396 635.0582388604396 67.24985358281685 163.24985358281685
680 665.6995 371.24475 472.0123660236304 642.7623660236304 63.563830988764266 159.56383098876427
697 662.2698 368.13638 479.81829571979983 650.5682957197998 60.09860379723074 156.09860379723074
714 662.2698 368.13638 487.71970164728384 658.4697016472838 56.85698039535282 152.85698039535282
731 665.1604 367.86014 495.7101801258791 666.4601801258791 53.84158795097835 149.84158795097835
748 665.1604 367.86014 503.783255286693 674.533255286693 51.0548702834833 147.0548702834833
765 667.38574 359.9285 511.93238432050157 682.6823843205016 48.49908588318232 144.49908588318232
782 667.38574 359.9285 520.1509627803556 690.9009627803556 46.176306080939696 142.1763060809397
799 664.2323 365.93048 528.4323299341439 699.1823299341439 44.08841336946284 140.08841336946284
816 664.2323 365.93048 536.7697741627716 707.5197741627716 42.23709987763954 138.23709987763954
833 666.9688 365.87076 545.156538399579 715.906538399579 40.62386599915499 136.623865999155
850 666.9688 365.87076 553.585825606595 724.335825606595 39.25001917650059 135.2500191765006
868 666.9688 365.87076 562.5497092126128 733.2997092126128 38.05751565750103 134.05751565750103
885 663.4284 367.0598 571.0450007018427 741.7950007018427 37.17981387243941 133.1798138724394
901 664.8091 364.29764 579.0603709721212 749.8103709721212 36.574960050003085 132.57496005000309
918 664.8091 364.29764 587.5911736117806 758.3411736117806 36.167843072143 132.167843072143
935 666.27826 363.62466 596.1301081479654 766.8801081479654 36.00372452586896 132.00372452586896
953 666.27826 363.62466 605.1725055449577 775.9225055449577 36.09495642779058 132.09495642779058
969 666.6843 369.01843 613.2046904715623 783.9546904715623 36.40481772096149 132.4048177209615
986 666.6843 369.01843 621.7265001944813 792.4765001944813 36.96970439707047 132.96970439707047
1003 667.0654 367.9434 630.2287768999744 800.9787768999744 37.77693963769889 133.7769396376989
1020 667.0654 367.9434 638.7046299331981 809.4546299331981 38.82586922049978 134.82586922049978
1038 666.3152 371.17548 647.6426280498187 818.3926280498187 40.19899106955364 136.19899106955364
1054 666.3152 371.17548 655.5496150057149 826.2996150057149 41.645215808474234 137.64521580847423
1071 667.15076 377.7907 663.9050950571935 834.6550950571935 43.41334787928315 139.41334787928315
1088 667.15076 377.7907 672.2068585250034 842.9568585250034 45.41860627535635 141.41860627535635
1106 670.1255 383.30432 680.9309353437416 851.6809353437416 47.79847131476845 143.79847131476845
1122 670.1255 383.30432 688.6223720999366 859.3723720999366 50.133810549576026 146.13381054957603
1139 668.8828 384.5917 696.7228182836474 867.4728182836474 52.839934998910564 148.83993499891056
1156 668.8828 384.5917 704.742950819005 875.492950819005 55.77554601295549 151.7755460129555
1174 671.02466 388.44894 713.1400943092397 883.8900943092397 59.13132537838908 155.13132537838908
1190 671.02466 388.44894 720.5163456946693 891.2663456946693 62.32552703375262 158.32552703375262
1207 673.07916 389.88187 728.2568245155068 899.0068245155068 65.93458862018292 161.93458862018292
1224 673.07916 389.88187 735.8914330094331 906.6414330094331 69.76252423287974 165.76252423287974
1241 675.9969 386.33228 743.413983721744 914.163983721744 73.80623152831976 169.80623152831976
1258 675.9969 386.33228 750.8183800147626 921.5683800147626 78.06243329120804 174.06243329120804
1275 672.8558 387.11768 758.0986210088488 928.8486210088488 82.52768009049117 178.52768009049117
1292 674.79114 389.46686 765.2488064458005 935.9988064458005 87.19835307494287 183.19835307494287
1309 674.79114 389.46686 772.263141470708 943.013141470708 92.0706669060545 188.0706669060545
1326 672.93805 387.13348 779.1359413283826 949.8859413283826 97.14067282585665 193.14067282585665
1343 672.93805 387.13348 785.8616359705578 956.6116359705578 102.40426185718263 198.40426185718263
1360 672.93805 387.13348 792.434774570124 963.184774570124 107.85716813378187 203.85716813378187
1377 670.5979 381.65976 798.8500299387413 969.6000299387413 113.49497235758312 209.49497235758312
1394 670.5979 381.65976 805.1022028442499 975.8522028442499 119.31310538030687 215.31310538030687
1411 670.5371 381.7992 811.1862262243785 981.9362262243785 125.30685190652298 221.30685190652298
1429 670.5371 381.7992 817.4393786828404 988.1893786828404 131.83918367062486 227.83918367062486
1445 676.7265 381.32712 822.8302415379586 993.5802415379586 137.80161659632608 233.80161659632608
1463 677.428 375.0578 828.7015190178248 999.4515190178248 144.67921608302754 240.67921608302754
1479 677.428 375.0578 833.7443360426164 1004.4943360426164 150.93876919572267 246.93876919572267
1496 678.5055 375.59695 838.9165129944168 1009.6665129944168 157.73501253228335 253.73501253228335
1513 678.5055 375.59695 843.8931356740757 1014.6431356740757 164.675730406883 260.67573040688296
1530 675.3617 380.90063 848.6701707867052 1019.4201707867052 171.7552977272204 267.7552977272204
1548 675.3617 380.90063 853.5063645222324 1024.2563645222324 179.39627306401533 275.3962730640153
1565 674.19116 392.23102 857.8604766962846 1028.6104766962846 186.74352051365594 282.74352051365594
1581 674.19116 392.23102 861.7658627967578 1032.5158627967578 193.76918547310373 289.76918547310373
1598 668.9759 390.17462 865.7074960610505 1036.4574960610505 201.34571931915121 297.3457193191512
1615 668.9759 390.17462 869.4318623492258 1040.1818623492259 209.03138348446487 305.03138348446487
1632 668.9759 390.17462 872.9359432553329 1043.6859432553329 216.8199491363638 312.8199491363638
1649 666.805 388.68326 876.2168989033121 1046.966898903312 224.7051040458423 320.7051040458423
1667 665.0247 388.09155 879.4447010204906 1050.1947010204906 233.15226732338112 329.1522673233811
1684 665.0247 388.09155 882.2581117598017 1053.0081117598017 241.21607894831448 337.2160789483145
1700 663.95496 390.32355 884.6953407916484 1055.4453407916485 248.87583895516212 344.8758389551621
1717 663.95496 390.32355 887.0590447096293 1057.8090447096292 257.08274103198784 353.08274103198784
1734 662.8327 390.335 889.1881773273444 1059.9381773273444 265.35360145921436 361.35360145921436
1751 662.8327 390.335 891.0810130930984 1061.8310130930984 273.6817171329047 369.6817171329047
1768 664.45496 397.7662 892.7360179615537 1063.4860179615537 282.0603385467098 378.0603385467098
1786 664.45496 397.7662 894.2276611419293 1064.9776611419293 290.97932248926173 386.97932248926173
1802 661.75824 395.56186 895.3273636603816 1066.0773636603817 298.94190141113677 394.94190141113677
1819 661.75824 395.56186 896.2616043392997 1067.0116043392995 307.4311612295389 403.4311612295389
1836 661.0236 391.34225 896.9538155200738 1067.703815520074 315.9435746118702 411.9435746118702
1854 661.0236 391.34225 897.4223209778079 1068.1723209778079 324.97428757271297 420.97428757271297
1870 662.265 393.96613 897.6101019890048 1068.3601019890048 333.01025341435343 429.01025341435343
1888 662.265 393.96613 897.5639292403739 1068.313929240374 342.0529931552917 438.0529931552917
1904 656.78723 398.3706 897.2940959534936 1068.0440959534935 350.08662239203596 446.08662239203596
1921 656.78723 398.3706 896.7716802368993 1067.5216802368993 358.6111411309172 454.6111411309172
1939 654.2559 399.58545 895.9542920861586 1066.7042920861586 367.61698093385 463.61698093385
1955 654.2559 399.58545 895.0001400172805 1065.7501400172805 375.5983093035911 471.5983093035911
1973 653.78973 397.12207 893.6715730175129 1064.4215730175129 384.54303868307437 480.54303868307437
1989 653.78973 397.12207 892.2647665348454 1063.0147665348454 392.4571339716405 488.4571339716405
2006 656.12366 398.19672 890.5382915457113 1061.2882915457112 400.8213208432003 496.8213208432003
2024 656.12366 398.19672 888.4515442264865 1059.2015442264865 409.6201139178652 505.6201139178652
2040 652.6613 409.08588 886.3747600303433 1057.1247600303432 417.385355454278 513.3853554542779
2058 655.04816 405.57294 883.7906735406054 1054.5406735406054 426.0511370669554 522.0511370669553
2074 655.04816 405.57294 881.2753512814876 1052.0253512814875 433.68560906238275 529.6856090623828
2091 655.04816 405.57294 878.3797408159044 1049.1297408159044 441.7202700970553 537.7202700970553
2108 658.1735 403.05426 875.2565931762647 1046.0065931762647 449.6692503292295 545.6692503292295
2125 658.1735 403.05426 871.9084395119482 1042.6584395119482 457.52610752219204 553.526107522192
2142 660.4758 401.49393 868.3379933280626 1039.0879933280626 465.2844741001809 561.2844741001809
2159 660.4758 401.49393 864.5481482862865 1035.2981482862865 472.9380623089762 568.9380623089762
2176 657.15857 403.8686 860.5419758597092 1031.291975859709 480.4806693117979 576.4806693117979
2193 657.15857 403.8686 856.3227228435584 1027.0727228435585 487.90618221638465 583.9061822163847
2210 656.72235 408.3628 851.8938087238421 1022.6438087238421 495.20858302917645 591.2085830291765
2228 654.96014 403.23737 846.9798386747549 1017.7298386747549 502.79977346953126 598.7997734695313
2244 654.96014 403.23737 842.4215218060378 1013.1715218060378 509.42048008140796 605.420480081408
2261 656.1305 400.11465 837.3858258058228 1008.1358258058228 516.3184583144773 612.3184583144773
2278 656.1305 400.11465 832.1558160761413 1002.9058160761413 523.0702977777584 619.0702977777584
2296 657.01764 394.7671 826.4110765741736 997.1610765741736 530.0539388051589 626.0539388051589
2313 657.01764 394.7671 820.794526925818 991.544526925818 536.4878107309933 632.4878107309933
2330 659.31506 392.84708 814.9971099362925 985.7471099362925 542.7591976716982 638.7591976716982
2347 659.31506 392.84708 809.023524111755 979.773524111755 548.8630169930223 644.8630169930223
2363 659.31506 392.84708 803.2447303028227 973.9947303028227 554.4502838409564 650.4502838409564
2380 659.602 399.92346 796.9431143556885 967.6931143556885 560.2148284340103 656.2148284340103
2397 659.602 399.92346 790.4799614017456 961.2299614017456 565.7976585231695 661.7976585231695
2414 661.3773 396.48584 783.8605094916655 954.6105094916655 571.1942495138428 667.1942495138428
2431 661.3773 396.48584 777.0901233483269 947.8401233483269 576.4002277485814 672.4002277485814
2448 664.0264 391.66885 770.1742900189863 940.9242900189863 581.4113740517007 677.4113740517007
2466 664.1617 386.2656 762.6993413925139 933.4493413925139 586.5004227817345 682.5004227817345
2483 664.1617 386.2656 755.5018325769166 926.2518325769166 591.0978356150445 687.0978356150445
2499 659.1179 387.94485 748.6107182018081 919.3607182018081 595.2360177503971 691.2360177503971
2516 659.1179 387.94485 741.17025546435 911.92025546435 599.4288511793545 695.4288511793545
2533 661.815 387.6336 733.6134567331254 904.3634567331254 603.4081891703074 699.4081891703074
2550 661.815 387.6336 725.9464464020558 896.6964464020558 607.1708066759479 703.1708066759479
2567 661.815 387.6336 718.1754381858558 888.9254381858558 610.7136542896951 706.7136542896951
2584 661.9289 395.07162 710.3067300841386 881.0567300841386 614.0338607170812 710.0338607170812
2602 661.9289 395.07162 701.8757557291436 872.6257557291436 617.3037147460062 713.3037147460062
2618 663.5006 395.949 694.3017969577133 865.0517969577133 619.9957692114392 715.9957692114392
2635 662.27374 392.9801 686.178543102233 856.928543102233 622.6326394604092 718.6326394604092
2652 662.27374 392.9801 677.9835211872297 848.7335211872297 625.0372088029525 721.0372088029525
2670 662.1995 392.15585 669.2355964401853 839.9855964401853 627.327860798587 723.327860798587
2687 662.1995 392.15585 660.9137884500344 831.6637884500344 629.2482382837565 725.2482382837565
2703 661.2061 391.233 653.0345219750633 823.7845219750633 630.8385742647915 726.8385742647915
2721 661.2061 391.233 644.1230815799211 814.8730815799211 632.3746419810356 728.3746419810356
2737 657.102 391.80984 636.1660813019316 806.9160813019316 633.5140081610913 729.5140081610913
2754 657.102 391.80984 627.6815821743512 798.4315821743512 634.4905389924386 730.4905389924386
2771 659.3012 385.989 619.1727237438794 789.9227237438794 635.2251587040392 731.2251587040392
2788 659.3012 385.989 610.6464019995067 781.3964019995067 635.7172719246712 731.7172719246712
2805 655.9655 381.35574 602.1095270833351 772.8595270833351 635.9664798220608 731.9664798220608
2823 653.1042 384.27225 593.0666695312384 763.8166695312384 635.9653673731979 731.9653673731979
2839 653.1042 384.27225 585.0317954607539 755.7817954607539 635.7355687926154 731.7355687926154
2856 653.1042 384.27225 576.5047793711809 747.2547793711809 635.2556370072082 731.2556370072082
2873 655.1981 380.49768 567.9948801263789 738.7448801263789 634.5331740297464 730.5331740297464
2890 655.1981 380.49768 559.5089945588649 730.2589945588649 633.5687653790487 729.5687653790487
2907 659.02893 378.47083 551.0540000393138 721.8040000393138 632.3631926583694 728.3631926583694
2924 659.02893 378.47083 542.6367489028069 713.3867489028069 630.9174329219486 726.9174329219486
2941 663.99 382.16748 534.2640628953682 705.0140628953682 629.232657883161 725.232657883161
2958 663.99 382.16748 525.9427276452934 696.6927276452934 627.3102329649023 723.3102329649023
2976 669.9552 374.5283 517.1953667532769 687.9453667532769 625.0174287059479 721.0174287059479
2993 669.9552 374.5283 509.00093670470255 679.7509367047026 622.6108431393186 718.6108431393186
3009 671.37256 373.97852 501.3540257094023 672.1040257094023 620.1335944747455 716.1335944747455
3026 674.0244 371.30774 493.3050356774336 664.0550356774336 617.278056456131 713.278056456131
3044 674.0244 371.30774 484.8748660899855 655.6248660899855 614.0061281757542 710.0061281757542
3060 674.0244 371.30774 477.46714816449344 648.2171481644934 610.8855955525434 706.8855955525434
3077 677.2629 370.02634 469.691086470933 640.441086470933 607.3538534259965 703.3538534259965
3094 677.2629 370.02634 462.0187085871838 632.7687085871838 603.6021930576474 699.6021930576474
3111 679.0471 374.89603 454.4562325780845 625.2062325780845 599.6336549738851 695.6336549738851
3129 679.0471 374.89603 446.5755041384623 617.3255041384623 595.1988614943655 691.1988614943655
3145 676.41925 371.8567 439.68540812706976 610.4354081270698 591.058983999804 687.058983999804
3163 676.41925 371.8567 432.0698257527072 602.8198257527072 586.182901653867 682.182901653867
3179 672.16034 370.09326 425.4264873683203 596.1764873683203 581.6576321782761 677.6576321782761
3196 672.16034 370.09326 418.50350203784535 589.2535020378454 576.6563711348483 672.6563711348483
3213 672.2742 367.22214 411.72568540279684 582.4756854027969 571.4600705688548 667.4600705688548
3230 673.7182 366.78128 405.09853053246013 575.8485305324601 566.0729418127313 662.0729418127313
3247 673.7182 366.78128 398.6274083925641 569.3774083925641 560.4993508552757 656.4993508552757
3264 677.4529 364.32593 392.31756349239276 563.0675634923928 554.7438148032415 650.7438148032415
3281 677.4529 364.32593 386.17410963438175 556.9241096343817 548.8109982204569 644.8109982204569
3298 679.2877 369.55667 380.2020257696452 550.9520257696452 542.7057093474355 638.7057093474355
3315 679.2877 369.55667 374.4061519627961 545.1561519627961 536.4328962045494 632.4328962045494
3333 679.5442 369.61978 368.4666251188419 539.2166251188419 529.6141503656863 625.6141503656863
3349 679.5442 369.61978 363.3616769287074 534.1116769287074 523.4051639192346 619.4051639192346
3367 679.5442 369.61978 357.81981603687143 528.5698160368714 516.259462288142 612.259462288142
3383 678.83966 367.8641 353.07648117741576 523.8264811774158 509.7700260162269 605.7700260162269
3400 678.83966 367.8641 348.2291295851123 518.9791295851123 502.7384173488538 598.7384173488538
3418 674.76843 365.51392 343.31702741539596 514.067027415396 495.1460181088685 591.1460181088685
3434 676.6736 371.5345 339.144558420162 509.894558420162 488.2756097367269 584.2756097367269
3451 676.6736 371.5345 334.91470142185455 505.66470142185455 480.85613214835485 576.8561321483548
3469 678.81305 372.81302 330.668167657697 501.418167657697 472.8723845988062 568.8723845988062
3485 678.81305 372.81302 327.0969822152257 497.8469822152257 465.6710900449318 561.6710900449318
3502 678.2186 373.9333 323.5154558633554 494.2654558633554 457.9178322199049 553.9178322199049
3519 678.2186 373.9333 320.1560810978608 490.9060810978608 450.06576630732854 546.0657663073285
3536 677.23096 375.36392 317.0215805179704 487.7715805179704 442.1212559998803 538.1212559998803
3553 677.23096 375.36392 314.1144944740342 484.8644944740342 434.0907399116313 530.0907399116313
3570 676.24365 368.6136 311.4371790087004 482.1871790087004 425.9807263598813 521.9807263598814
3588 677.08014 370.37854 308.85522471939606 479.60522471939606 417.31430922285153 513.3143092228515
3604 677.08014 370.37854 306.780351140146 477.530351140146 409.5485569510936 505.5485569510936
3621 677.08014 370.37854 304.80461285468476 475.55461285468476 401.23971851615926 497.23971851615926
3638 677.99365 367.9598 303.06619032461737 473.81619032461737 392.87800666884965 488.87800666884965
3656 677.99365 367.9598 301.4857362133312 472.2357362133312 383.97433109371923 479.97433109371923
3672 678.05176 370.9174 300.30673466233077 471.05673466233077 376.02310703330426 472.02310703330426
3690 678.05176 370.9174 299.23553131423415 469.98553131423415 367.043920136258 463.043920136258
3707 677.7112 370.19876 298.4727655898568 469.2227655898568 358.5375386282254 454.5375386282254
3723 677.7112 370.19876 297.97633438360816 468.72633438360816 350.5147233633919 446.5147233633919
3740 676.3929 369.78455 297.68459056430925 468.43459056430925 341.9791962294431 437.9791962294431
3757 676.3929 369.78455 417.64906576024066 588.3990657602407 333.056686471707 429.056686471707
3774 679.6176 371.36884 417.99123095517183 588.7412309551719 324.5235450269113 420.5235450269113
3791 680.6958 366.68997 418.73774721758974 589.4877472175897 316.01623679178385 412.01623679178385
3808 680.6958 366.68997 419.88693415828243 590.6369341582824 307.553911501838 403.553911501838
3826 677.9073 365.1966 421.53972789945465 592.2897278994546 298.66399928652106 394.66399928652106
3842 677.9073 365.1966 423.3820723329198 594.1320723329197 290.84025954453836 386.84025954453836
3860 677.9073 365.1966 425.8697967163995 596.6197967163995 282.14695788528695 378.14695788528695
3876 671.96674 366.3925 428.4451933182859 599.1951933182859 274.53299249891984 370.53299249891984
3893 671.96674 366.3925 431.55105000007745 602.3010500000775 266.5777907912517 362.5777907912517
3910 671.885 367.73108 435.03073493989234 605.7807349398923 258.7788567193968 354.7788567193968
3927 671.885 367.73108 438.876415455004 609.626415455004 251.15374548655507 347.15374548655507
3945 670.40344 366.3517 443.3376014504479 614.0876014504479 243.28862718732034 339.28862718732034
3961 670.40344 366.3517 447.6303327319572 618.3803327319572 236.49321736108072 332.4932173610807
3978 668.60205 367.41974 452.518864647575 623.268864647575 229.49080094619188 325.4908009461919
3996 670.10114 368.6596 458.0507256503695 628.8007256503695 222.33812451057264 318.33812451057264
4013 670.10114 368.6596 463.5989209792019 634.3489209792019 215.84589003154827 311.84589003154827
4029 669.82434 370.90875 469.09657621838664 639.8465762183866 209.98236520147657 305.98236520147657
4046 669.82434 370.90875 475.21838667089924 645.9683866708992 204.0279536670738 300.0279536670738
4063 670.9781 375.5358 481.6157313118342 652.3657313118342 198.37060786867886 294.37060786867886
4081 670.9781 375.5358 488.6736998190197 659.4236998190197 192.7184094558065 288.7184094558065
4098 670.9781 375.5358 495.5923246451781 666.3423246451781 187.71199252826437 283.7119925282644
4114 673.0571 376.92322 502.31406246496294 673.064062464963 183.30479645322103 279.304796453221
4131 673.0571 376.92322 509.66383312829794 680.4138331282979 178.95595164869005 274.9559516486901
4148 669.6156 371.89557 517.2116021519138 687.9616021519138 174.9606090221234 270.96060902212344
4166 667.12427 372.3004 525.4002807325808 696.1502807325808 171.12553282347662 267.12553282347665
4182 667.12427 372.3004 532.8327684862486 703.5827684862486 168.06558799499004 264.06558799499004
4200 665.37244 372.9006 541.3479970015156 712.0979970015156 165.02368896976233 261.02368896976236
4217 665.37244 372.9006 549.5209282560902 720.2709282560902 162.54684124624086 258.5468412462409
4234 664.0826 380.4873 557.8021405586188 728.5521405586188 160.46043219287566 256.46043219287566
4250 664.0826 380.4873 565.678445290706 736.428445290706 158.85763453593017 254.85763453593017
4267 665.50323 380.4585 574.1164555949256 744.8664555949256 157.54174622631027 253.54174622631027
4284 665.50323 380.4585 582.6073830375866 753.3573830375866 156.6275629290547 252.6275629290547
4301 667.79236 380.6988 591.132114755926 761.882114755926 156.1171424476271 252.1171424476271
4318 667.79236 380.6988 599.6714617946108 770.4214617946108 156.01163372561214 252.01163372561214
4335 668.96124 374.64108 608.206202299593 778.956202299593 156.31127426047263 252.31127426047263
4352 666.61365 377.88867 616.7171247860152 787.4671247860152 157.01538956894865 253.01538956894865
4369 666.61365 377.88867 625.1850713827765 795.9350713827765 158.12239470530233 254.12239470530233
4386 664.47034 379.3844 633.5909809564164 804.3409809564164 159.6297978289907 255.6297978289907
4404 664.47034 379.3844 642.4027122819134 813.1527122819134 161.65850613580778 257.6585061358078
4420 664.47034 379.3844 650.1411853111272 820.8911853111272 163.83133188536496 259.831331885365
4437 663.7675 378.236 658.2482260010909 828.9982260010909 166.5160052712332 262.5160052712332
4454 663.7675 378.236 666.2188053437343 836.9688053437343 169.58218283949915 265.5821828394992
4472 665.31165 377.97797 674.4895705675439 845.2395705675439 173.23686599396328 269.2368659939633
4488 665.31165 377.97797 681.6791612546845 852.4291612546845 176.83059975054408 272.8305997505441
4505 664.8159 378.45776 689.1341369531456 859.8841369531456 180.99652309031762 276.9965230903176
4522 664.8159 378.45776 696.3831279004737 867.1331279004737 185.51135533338842 281.51135533338845
4539 661.6461 376.83118 703.4098168015221 874.1598168015221 190.36493370665013 286.36493370665016
4557 659.6302 380.8285 710.5899695491788 881.3399695491788 195.86108443850046 291.8610844385005
4574 659.6302 380.8285 717.1097699331881 887.8597699331881 201.3768602579292 297.3768602579292
4590 658.35034 381.94766 723.0006166338345 893.7506166338345 206.8452294582745 302.8452294582745
4608 658.35034 381.94766 729.3284286327194 900.0784286327194 213.30441374529323 309.30441374529323
4624 658.35034 381.94766 734.6746124154753 905.4246124154753 219.30636805391646 315.30636805391646
4641 662.8064 393.3842 740.0552705632856 910.8052705632856 225.93811728273374 321.93811728273374
4659 662.8064 393.3842 745.4027404132385 916.1527404132385 233.2296762758943 329.2296762758943
4676 662.4712 389.2298 750.1109265519513 920.8609265519513 240.35460176468007 336.35460176468007
4692 662.4712 389.2298 754.2287905304013 924.9787905304013 247.25737894613326 343.25737894613326
4709 662.57306 386.37106 758.2616938824929 929.0116938824929 254.78514557975075 350.78514557975075
4727 661.51917 393.6268 762.1375264313018 932.8875264313018 262.95461241672945 358.95461241672945
4743 661.51917 393.6268 765.2344691549205 935.9844691549205 270.3717602734482 366.3717602734482
4760 664.3028 391.81912 768.1586455346032 938.9086455346032 278.3955232583588 374.3955232583588
4777 664.3028 391.81912 770.6989549944915 941.4489549944915 286.5489524624127 382.5489524624127
4794 664.25574 392.75772 772.8496793622878 943.5996793622878 294.8136947228397 390.8136947228397
4813 664.25574 392.75772 774.7864769536039 945.5364769536039 304.1595998200765 400.1595998200765
4828 666.8262 387.01648 775.9638957607996 946.7138957607996 311.60249482388303 407.60249482388303
4846 666.8262 387.01648 776.9640893640834 947.7140893640834 320.5892561483454 416.5892561483454
4862 666.5541 388.473 777.47327042036 948.22327042036 328.6108439720703 424.6108439720703
4880 666.5541 388.473 777.6174195110625 948.3674195110625 337.6519438712278 433.6519438712278
4896 666.5541 388.473 777.3642207321774 948.1142207321774 345.68568689301895 441.68568689301895
4913 665.1384 385.37738 776.7025238609478 947.4525238609478 354.200012303063 450.200012303063
4930 665.1384 385.37738 775.6377280160616 946.3877280160616 362.6733699460652 458.6733699460652
4947 665.01013 384.25992 774.1722300260149 944.9222300260149 371.0866865084376 467.0866865084376
4964 661.27466 394.98145 772.3093286896907 943.0593286896907 379.4210238275436 475.4210238275436
4981 661.27466 394.98145 770.0532173508461 940.8032173508461 387.65762152102405 483.65762152102405
4998 659.2628 387.2021 767.4089744590015 938.1589744590015 395.77793921594457 491.77793921594457
5015 659.2628 387.2021 764.3825521379785 935.1325521379785 403.7636982827043 499.7636982827043
5032 655.2684 382.6516 760.9807627878217 931.7307627878217 411.59692297976756 507.59692297976756
5050 655.2684 382.6516 756.9782545820084 927.7282545820084 419.70507902225296 515.7050790222529
5067 654.642 380.99652 752.8286816660764 923.5786816660764 427.1691680191018 523.1691680191018
5083 654.642 380.99652 748.6038854061801 919.3538854061801 434.00702098068035 530.0070209806804
5100 652.90137 386.40176 743.7853810904619 914.5353810904619 441.057807893992 537.057807893992
5118 652.83795 378.43427 738.3250770999266 909.0750770999266 448.265258669255 544.265258669255
5134 652.83795 378.43427 733.1729494131282 903.9229494131282 454.4345954942897 550.4345954942896
5151 652.83795 378.43427 727.4029103666112 898.1529103666112 460.73048537096236 556.7304853709624
5168 652.1909 377.11694 721.3407445286122 892.0907445286122 466.7456100820642 562.7456100820642
5185 652.1909 377.11694 715.0000976809954 885.7500976809954 472.46642973411736 568.4664297341174
5202 646.4695 377.46503 708.3952424593289 879.1452424593289 477.8800669068827 573.8800669068827
5220 646.4695 377.46503 701.1304202885274 871.8804202885274 483.26380400796154 579.2638040079615
5237 646.79474 370.46387 694.029044019961 864.779044019961 488.007435004336 584.007435004336
5253 646.79474 370.46387 687.1468717414465 857.8968717414465 492.15964421036574 588.1596442103657
5270 648.65466 374.12695 679.639294413571 850.389294413571 496.2300081502966 592.2300081502966
5288 648.65466 374.12695 671.489242169551 842.239242169551 500.14650081167713 596.1465008116771
5304 651.33875 375.4062 664.0876183788416 834.8376183788416 503.28036453280606 599.2803645328061
5322 650.1472 378.31775 655.6031277542164 826.3531277542164 506.40697374848173 602.4069737484817
5338 650.1472 378.31775 647.9378564156366 818.6878564156366 508.8253930396211 604.8253930396211
5355 654.9429 377.54333 639.6839337638094 810.4339337638094 511.01727369220305 607.017273692203
5373 654.9429 377.54333 630.8416959955493 801.5916959955493 512.9085953455605 608.9085953455605
5389 654.9429 377.54333 622.9108601528986 793.6608601528986 514.2151095623715 610.2151095623715
5406 657.8234 391.50983 614.4294649579773 785.1794649579773 515.2138665323532 611.2138665323532
5424 657.8234 391.50983 605.4083442119403 776.1583442119403 515.8316422459586 611.8316422459586
5440 657.6838 396.49057 597.3723718445073 768.1223718445073 515.9998227193989 611.9998227193989
5458 657.6838 396.49057 588.3333032838261 759.0833032838261 515.7600188365996 611.7600188365996
5474 655.60474 395.492 580.317552089333 751.067552089333 515.1659907650433 611.1659907650433
5492 655.60474 395.492 571.3418767722527 742.0918767722527 514.0707652406622 610.0707652406622
5508 656.7065 390.84195 563.4184791480179 734.1684791480179 512.7198741828516 608.7198741828516
5526 653.963 385.65863 554.5869676676424 725.3369676676424 510.7790827672435 606.7790827672435
5542 653.963 385.65863 546.8272249367301 717.5772249367301 508.68348516468336 604.6834851646834
5559 651.72375 380.40582 538.6938318657412 709.4438318657412 506.079738423869 602.079738423869
5577 651.72375 380.40582 530.2269771400934 700.9769771400934 502.9056814927985 598.9056814927985
5594 651.5442 378.76752 522.3863149437265 693.1363149437265 499.5210698075416 595.5210698075416
5610 651.5442 378.76752 515.1612667811617 685.9112667811617 495.99916469660786 591.9991646966079
5627 649.7001 377.80945 507.6651444467964 678.4151444467964 491.90774319720856 587.9077431972086
5644 649.7001 377.80945 500.37151947034613 671.1215194703461 487.4653773139863 583.4653773139863
5661 649.7001 377.80945 493.29680961702684 664.0468096170268 482.6820667001052 578.6820667001052
5679 646.24536 380.27362 486.06223977640286 656.8122397764029 477.25774503117407 573.2577450311741
5696 646.24536 380.27362 479.48779392617575 650.2377939261758 471.80721829516574 567.8072182951657
5713 644.1564 386.271 473.1792719367003 643.9292719367003 466.0509929481327 562.0509929481327
5729 649.83777 380.26373 467.4974853308397 638.2474853308397 460.36571041097886 556.3657104109789
5746 649.83777 380.26373 461.7451414322254 632.4951414322254 454.0536489719888 550.0536489719889
5764 648.2022 375.99884 455.98806905859533 626.7380690585953 447.0809605355471 543.0809605355471
5780 648.2022 375.99884 451.1702998949387 621.9202998949387 440.6471252215585 536.6471252215586
5797 648.13684 374.5503 446.37160595691194 617.1216059569119 433.58284065575424 529.5828406557542
5814 648.13684 374.5503 441.9133795805666 612.6633795805666 426.29889958551144 522.2988995855114
5832 647.4523 376.06345 437.5751422903951 608.3251422903951 418.3653024466931 514.365302446693
5849 647.4523 376.06345 433.8486005938714 604.5986005938714 410.68126269395975 506.68126269395975
5865 644.5256 373.96814 430.67789368960894 601.4278936896089 403.295346752855 499.295346752855
5882 644.5256 373.96814 427.67389913133843 598.4238991313384 395.30112404946493 491.30112404946493
5899 644.519 371.16113 425.052460199564 595.8024601995639 387.1734160167848 483.1734160167848
5916 644.519 371.16113 422.8194776869708 593.5694776869708 378.9305179198789 474.9305179198789
5934 650.43036 379.45734 420.8841188838897 591.6341188838896 370.0978143331939 466.0978143331939
5950 650.43036 379.45734 419.53810174796206 590.2881017479621 362.1735872774116 458.1735872774116
5968 650.8239 375.6936 418.4483973510431 589.1983973510431 353.19723998721406 449.19723998721406
5985 650.8239 375.6936 417.8343745722001 588.5843745722001 344.6793437701557 440.6793437701557
6001 650.55896 372.56955 417.6286526131048 588.3786526131048 337.1467028281774 433.1467028281774
