8 409.5666 291.07336 333.0269228783674 433.0269228783674 329.9809202323113 429.9809202323113
18 526.7447 304.1881 333.13628878990846 433.13628878990846 324.9581694712406 424.9581694712406
34 526.7447 304.1881 333.4861703954607 433.4861703954607 316.92762829531256 416.92762829531256
52 576.10815 281.65704 334.1367899590455 434.1367899590455 307.9082065772343 407.9082065772343
69 576.10815 281.65704 335.00061216007174 435.00061216007174 299.41149255853884 399.41149255853884
85 589.57336 272.8128 336.0342573431978 436.0342573431978 291.44006945149073 391.44006945149073
102 589.57336 272.8128 337.3660842002114 437.3660842002114 283.00404105339845 383.00404105339845
119 610.13513 263.47757 338.93750703184975 438.93750703184975 274.6093422383909 374.6093422383909
136 610.13513 263.47757 340.74725228130916 440.74725228130916 266.2627764750041 366.2627764750041
154 622.5336 266.5761 342.92158317776153 442.92158317776153 257.4852165009684 357.4852165009684
170 622.5336 266.5761 345.0756512552929 445.0756512552929 249.74105744826687 349.7410574482669
187 638.53625 269.80017 347.59079703666407 447.59079703666407 241.57929418234613 341.57929418234613
204 647.3799 275.8037 350.3372521925565 450.3372521925565 233.4924331110061 333.4924331110061
221 647.3799 275.8037 353.31279086333535 453.31279086333535 225.48702821623766 325.48702821623766
238 651.6231 277.8563 356.51500152904384 456.51500152904384 217.5695674640201 317.5695674640201
256 651.6231 277.8563 360.14975501321027 460.14975501321027 209.2893596734873 309.2893596734873
273 660.00555 287.10388 363.8102697116431 463.8102697116431 201.57308012612515 301.57308012612515
289 660.00555 287.10388 367.4548074744846 467.4548074744846 194.40862946948707 294.4086294694871
307 660.00555 287.10388 371.7826486363828 471.7826486363828 186.46866317091627 286.4686631709163
323 663.5922 288.47385 375.8289940602396 475.8289940602396 179.52322600490484 279.5232260049048
340 663.5922 288.47385 380.3304626662418 480.3304626662418 172.26532559916362 272.2653255991636
358 670.51746 297.06235 385.31984113972976 485.31984113972976 164.72348388819168 264.7234838881917
374 670.51746 297.06235 389.9439124255555 489.9439124255555 158.14853343516307 258.1485334351631
392 670.4762 308.55048 395.3543956887837 495.3543956887837 150.90284887099742 250.90284887099742
408 676.7641 311.00235 400.34514001297055 500.34514001297055 144.601699784777 244.601699784777
425 676.7641 311.00235 405.83073236238414 505.83073236238414 138.05581447516937 238.05581447516937
442 673.9687 315.8311 411.50043363562395 511.50043363562395 131.66873177782583 231.66873177782583
459 673.9687 315.8311 417.3496488335043 517.3496488335043 125.44562809241546 225.44562809241546
477 674.91 312.61926 423.73332887425113 523.7333288742511 119.04079373995708 219.04079373995708
493 674.91 312.61926 429.5675174146769 529.5675174146769 113.51139478609738 213.51139478609738
510 674.91 312.61926 435.9262688483818 535.9262688483818 107.8099372430793 207.8099372430793
528 674.91 312.61926 442.83303936531155 542.8330393653116 101.97300354707676 201.97300354707676
544 674.91 312.61926 449.1176429853873 549.1176429853873 96.96144031244515 196.96144031244515
561 674.91 312.61926 455.939574763276 555.939574763276 91.82319306962836 191.82319306962836
578 674.91 312.61926 462.90500484391305 562.905004843913 86.88121758382923 186.88121758382923
596 674.91 312.61926 470.430298817712 570.430298817712 81.86691558325475 181.86691558325475
613 648.3183 291.54663 477.673267202495 577.673267202495 77.34146014899 177.34146014899
629 648.3183 291.54663 484.6052797509776 584.6052797509776 73.27215913482809 173.2721591348281
647 630.4578 257.53595 492.53088471125693 592.5308847112569 68.91807370173689 168.9180737017369
664 630.4578 257.53595 500.1334925058843 600.1334925058843 65.02696940712423 165.02696940712423
680 630.4578 257.53595 507.3873660236304 607.3873660236304 61.563830988764266 161.56383098876427
698 618.1129 244.4416 515.6555035702502 615.6555035702502 57.90170381248561 157.9017038124856
714 618.1129 244.4416 523.0947016472838 623.0947016472838 54.85698039535282 154.85698039535282
731 613.94543 241.42113 531.0851801258791 631.0851801258791 51.84158795097835 151.84158795097835
748 613.94543 241.42113 539.158255286693 639.158255286693 49.0548702834833 149.0548702834833
765 614.26666 237.4046 547.3073843205016 647.3073843205016 46.49908588318232 146.49908588318232
782 606.2342 229.80028 555.5259627803556 655.5259627803556 44.176306080939696 144.1763060809397
799 606.2342 229.80028 563.8073299341439 663.8073299341439 42.08841336946284 142.08841336946284
816 603.5186 222.23727 572.1447741627716 672.1447741627716 40.23709987763954 140.23709987763954
833 603.5186 222.23727 580.531538399579 680.531538399579 38.62386599915499 138.623865999155
850 612.0443 212.33514 588.960825606595 688.960825606595 37.25001917650059 137.2500191765006
867 612.0443 212.33514 597.4258042831839 697.4258042831839 36.116672841359446 136.11667284135945
884 616.02795 190.36084 605.9196140026227 705.9196140026227 35.2247455122278 135.2247455122278
901 616.02795 190.36084 614.4353709721212 714.4353709721212 34.574960050003085 134.57496005000309
919 620.4252 164.99994 623.4683063658551 723.4683063658551 34.151460206215404 134.1514602062154
935 620.4252 164.99994 631.5051081479654 731.5051081479654 34.00372452586896 134.00372452586896
953 621.20264 145.16191 640.5475055449577 740.5475055449577 34.09495642779058 134.09495642779058
969 621.20264 145.16191 648.5796904715623 748.5796904715623 34.40481772096149 134.4048177209615
987 624.3764 120.00315 657.6022422323567 757.6022422323567 35.01048567359351 135.0104856735935
1003 624.3764 120.00315 665.6037768999744 765.6037768999744 35.77693963769889 135.7769396376989
1020 634.7523 111.44882 674.0796299331981 774.0796299331981 36.82586922049978 136.82586922049978
1038 634.7523 111.44882 683.0176280498187 783.0176280498187 38.19899106955364 138.19899106955364
1055 647.3133 106.009056 691.4174796955454 791.4174796955454 39.74263294520472 139.74263294520472
1071 647.3133 106.009056 699.2800950571935 799.2800950571935 41.41334787928315 141.41334787928315
1088 661.16534 100.01978 707.5818585250034 807.5818585250034 43.41860627535635 143.41860627535635
1105 661.16534 100.01978 715.8231772598931 815.8231772598931 45.65936583863811 145.6593658386381
1123 674.27136 92.90483 724.4759748533495 824.4759748533495 48.286601601133555 148.28660160113355
1139 674.27136 92.90483 732.0978182836474 832.0978182836474 50.839934998910564 150.83993499891056
1157 687.22815 91.94707 740.5870829453671 840.5870829453671 53.95532573657704 153.95532573657704
1173 698.9951 87.57892 748.0512698040402 848.0512698040402 56.93826443105149 156.9382644310515
1191 698.9951 87.57892 756.3494866729714 856.3494866729714 60.53171273890922 160.53171273890922
1207 714.25037 84.01309 763.6318245155068 863.6318245155068 63.93458862018292 163.93458862018292
1225 714.25037 84.01309 771.712097942471 871.712097942471 67.99444764366609 167.9944476436661
1241 735.67194 83.10309 778.788983721744 878.788983721744 71.80623152831976 171.80623152831976
1258 735.67194 83.10309 786.1933800147626 886.1933800147626 76.06243329120804 176.06243329120804
1275 748.3965 86.78708 793.4736210088488 893.4736210088488 80.52768009049117 180.52768009049117
1293 748.3965 86.78708 801.040231024628 901.040231024628 85.47941582800502 185.47941582800502
1309 748.3965 86.78708 807.638141470708 907.638141470708 90.0706669060545 190.0706669060545
1327 766.1603 100.346825 814.9106963702274 914.9106963702274 95.4449779482751 195.4449779482751
1343 782.59424 114.96968 821.2366359705578 921.2366359705578 100.40426185718263 200.40426185718263
1360 782.59424 114.96968 827.809774570124 927.809774570124 105.85716813378187 205.85716813378187
1378 796.06555 123.41174 834.5973693489477 934.5973693489477 111.83226905874935 211.83226905874935
1395 796.06555 123.41174 840.8397900584413 940.8397900584413 117.66086422363836 217.66086422363836
1411 813.06335 129.55197 846.5612262243785 946.5612262243785 123.30685190652298 223.30685190652298
1429 813.06335 129.55197 852.8143786828404 952.8143786828404 129.83918367062486 229.83918367062486
1445 826.10297 144.37315 858.2052415379586 958.2052415379586 135.80161659632608 235.80161659632608
1462 826.10297 144.37315 863.7557966001699 963.7557966001699 142.29250840037312 242.29250840037312
1479 840.4597 150.28453 869.1193360426164 969.1193360426164 148.93876919572267 248.93876919572267
1496 840.4597 150.28453 874.2915129944168 974.2915129944168 155.73501253228335 255.73501253228335
1513 854.8894 149.27542 879.2681356740757 979.2681356740757 162.675730406883 262.67573040688296
1531 854.8894 149.27542 884.3198737571439 984.3198737571439 170.1759448228275 270.1759448228275
1547 683.91156 119.42034 888.6187467928016 988.6187467928016 176.96797687071094 276.9679768707109
1565 683.91156 119.42034 893.2354766962846 993.2354766962846 184.74352051365594 284.74352051365594
1581 547.1293 95.53628 897.1408627967578 997.1408627967578 191.76918547310373 291.76918547310373
1599 547.1293 95.53628 901.3076210713034 1001.3076210713034 199.79485674886422 299.7948567488642
1615 600.3434 250.78406 904.8068623492258 1004.8068623492258 207.03138348446487 307.03138348446487
1633 600.3434 250.78406 908.5101439647128 1008.5101439647128 215.28117010118746 315.28117010118746
1649 700.02826 285.28424 911.5918989033121 1011.5918989033121 222.7051040458423 322.7051040458423
1666 700.02826 285.28424 914.6470702485676 1014.6470702485676 230.6804577033056 330.6804577033056
1683 702.938 259.76944 917.4739812329851 1017.4739812329851 238.73954649774532 338.7395464977453
1701 702.938 259.76944 920.21584210631 1020.21584210631 247.35670803135872 347.3567080313587
1717 793.43787 230.0478 922.4340447096293 1022.4340447096293 255.08274103198784 355.08274103198784
1735 897.96155 206.12495 924.6810775952 1024.6810775952 263.8419714294728 363.8419714294728
1753 897.96155 206.12495 926.6630914067398 1026.6630914067398 272.66494684573263 372.66494684573263
1769 903.58386 206.35503 928.2009350518042 1028.2009350518042 280.55462653755245 380.55462653755245
1785 903.58386 206.35503 929.5268506369953 1029.5268506369953 288.4826752619944 388.4826752619944
1802 903.58386 206.35503 930.7023636603816 1030.7023636603817 296.94190141113677 396.94190141113677
1819 886.4573 191.28871 931.6366043392997 1031.6366043392995 305.4311612295389 405.4311612295389
1836 886.4573 191.28871 932.3288155200738 1032.328815520074 313.9435746118702 413.9435746118702
1853 975.4413 177.06479 932.7784362013994 1032.7784362013995 322.4722426880359 422.4722426880359
1870 975.4413 177.06479 932.9851019890048 1032.9851019890048 331.01025341435343 431.01025341435343
1887 963.5384 192.46042 932.9486453909749 1032.948645390975 339.5506871754069 439.5506871754069
1904 963.5384 192.46042 932.6690959534936 1032.6690959534935 348.08662239203596 448.08662239203596
1921 951.3976 211.62114 932.1466802368993 1032.1466802368993 356.6111411309172 456.6111411309172
1938 930.6656 215.61418 931.3818216320687 1031.3818216320687 365.1173347111916 465.1173347111916
1955 930.6656 215.61418 930.3751400172805 1030.3751400172805 373.5983093035911 473.5983093035911
1972 926.00903 232.4953 929.1274512558361 1029.1274512558361 382.04719151753216 482.04719151753216
1989 926.00903 232.4953 927.6397665348454 1027.6397665348454 390.4571339716405 490.4571339716405
2006 922.34174 253.19107 925.9132915457113 1025.9132915457112 398.8213208432003 498.8213208432003
2024 922.34174 253.19107 923.8265442264865 1023.8265442264865 407.6201139178652 507.6201139178652
2040 922.34174 253.19107 921.7497600303433 1021.7497600303433 415.385355454278 515.3853554542779
2057 920.27405 268.79877 919.3160778307275 1019.3160778307275 423.5717789017766 523.5717789017766
2074 920.27405 268.79877 916.6503512814876 1016.6503512814876 431.68560906238275 531.6856090623828
2092 925.8877 273.3887 913.5773009969078 1013.5773009969078 440.19029223658174 540.1902922365817
2109 925.8877 273.3887 910.4408458507073 1010.4408458507073 448.13403109346496 548.134031093465
2125 925.2434 295.13773 907.2834395119482 1007.2834395119482 455.52610752219204 555.526107522192
2143 923.91046 302.74405 903.4961054216201 1003.4961054216201 463.737646624778 563.737646624778
2160 923.91046 302.74405 899.6934484911064 999.6934484911064 471.3848773771026 571.3848773771026
2176 915.21875 320.13394 895.9169758597092 995.9169758597092 478.4806693117979 578.4806693117979
2193 915.21875 320.13394 891.6977228435584 991.6977228435584 485.90618221638465 585.9061822163847
2211 910.1691 335.2293 887.0018309919924 987.0018309919924 493.63417507762983 593.6341750776298
2228 910.1691 335.2293 882.3548386747549 982.3548386747549 500.79977346953126 600.7997734695313
2244 906.1861 359.56912 877.7965218060378 977.7965218060378 507.42048008140796 607.420480081408
2261 906.1861 359.56912 872.7608258058228 972.7608258058228 514.3184583144773 614.3184583144773
2279 901.0078 372.8154 867.2172069588121 967.2172069588121 521.4627962141102 621.4627962141102
2295 901.0078 372.8154 862.1107312689596 962.1107312689596 527.6705264551181 627.6705264551181
2312 899.1822 392.76617 856.5049640822481 956.5049640822481 534.1137952031119 634.1137952031119
2330 899.1822 392.76617 850.3721099362925 950.3721099362925 540.7591976716982 640.7591976716982
2347 887.80164 382.03952 844.398524111755 944.398524111755 546.8630169930223 646.8630169930223
2364 887.80164 382.03952 838.2536107340788 938.2536107340788 552.7943218655896 652.7943218655896
2380 883.69653 399.17258 832.3181143556885 932.3181143556885 558.2148284340103 658.2148284340103
2398 883.69653 399.17258 825.4698566711968 925.4698566711968 564.1203039129076 664.1203039129076
2414 872.44617 409.9957 819.2355094916655 919.2355094916655 569.1942495138428 669.1942495138428
2431 872.44617 409.9957 812.4651233483269 912.4651233483269 574.4002277485814 674.4002277485814
2448 867.58344 428.31067 805.5492900189863 905.5492900189863 579.4113740517007 679.4113740517007
2466 867.58344 428.31067 798.0743413925139 898.0743413925139 584.5004227817345 684.5004227817345
2482 859.0521 443.81604 791.3038148358737 891.3038148358737 588.8330869577367 688.8330869577367
2499 842.4935 450.38388 783.9857182018081 883.9857182018081 593.2360177503971 693.2360177503971
2517 842.4935 450.38388 776.1038988675523 876.1038988675523 597.6688721273433 697.6688721273433
2533 841.62573 453.6801 768.9884567331254 868.9884567331254 601.4081891703074 701.4081891703074
2550 841.62573 453.6801 761.3214464020558 861.3214464020558 605.1708066759479 705.1708066759479
2568 841.62573 453.6801 753.0902155588545 853.0902155588545 608.9151507775223 708.9151507775223
2585 904.9667 365.98343 745.2159582546325 845.2159582546325 612.2221750921277 712.2221750921277
2601 904.9667 365.98343 737.721699277214 837.721699277214 615.1287351027865 715.1287351027865
2619 883.88 379.23526 729.2010633664289 829.2010633664289 618.1572723108953 718.1572723108953
2636 883.88 379.23526 721.0734050251664 821.0734050251664 620.7805351262059 720.7805351262059
2653 863.60376 386.29654 712.8743677514212 812.8743677514212 623.1713771733134 723.1713771733134
2669 863.60376 386.29654 705.0983728534557 805.0983728534557 625.2075284601758 725.2075284601758
2686 841.6937 404.4752 696.7797925232513 796.7797925232513 627.1418395004217 727.1418395004217
2703 822.1109 404.6532 688.4095219750633 788.4095219750633 628.8385742647915 728.8385742647915
2720 822.1109 404.6532 679.9943448795832 779.9943448795832 630.296357637651 730.296357637651
2737 804.05756 414.8316 671.5410813019316 771.5410813019316 631.5140081610913 731.5140081610913
2754 804.05756 414.8316 663.0565821743512 763.0565821743512 632.4905389924386 732.4905389924386
2771 766.08997 410.1981 654.5477237438794 754.5477237438794 633.2251587040392 733.2251587040392
2788 766.08997 410.1981 646.0214019995067 746.0214019995067 633.7172719246712 733.7172719246712
2806 766.08997 410.1981 636.982177164819 736.982177164819 633.9735692774082 733.9735692774082
2822 756.71454 420.63223 628.9440176902656 728.9440176902656 633.9725804261168 733.9725804261168
2839 756.71454 420.63223 620.4067954607539 720.4067954607539 633.7355687926154 733.7355687926154
2856 748.2455 437.23468 611.8797793711809 711.8797793711809 633.2556370072082 733.2556370072082
2874 741.9899 467.28613 602.8699783535706 702.8699783535706 632.4831348595524 732.4831348595524
2890 741.9899 467.28613 594.8839945588649 694.8839945588649 631.5687653790487 731.5687653790487
2908 719.05505 478.50943 585.9327560156919 685.9327560156919 630.2847862171152 730.2847862171152
2925 719.05505 478.50943 577.5179378468152 677.5179378468152 628.8249324247021 728.8249324247021
2941 700.016 500.94693 569.6390628953682 669.6390628953682 627.232657883161 727.232657883161
2958 700.016 500.94693 561.3177276452934 661.3177276452934 625.3102329649023 725.3102329649023
2975 672.2448 507.6474 553.0544871637487 653.0544871637487 623.1517161929854 723.1517161929854
2992 672.2448 507.6474 544.8560383791012 644.8560383791012 620.7588569334407 720.7588569334407
3009 649.66754 495.50308 536.7290257094023 636.7290257094023 618.1335944747455 718.1335944747455
3026 649.66754 495.50308 528.6800356774336 628.6800356774336 615.278056456131 715.278056456131
3043 631.42694 491.24664 520.7155915726703 620.7155915726703 612.1945571432422 712.1945571432422
3060 631.42694 491.24664 512.8421481644934 612.8421481644934 608.8855955525434 708.8855955525434
3077 621.0628 492.27032 505.066086470933 605.066086470933 605.3538534259965 705.3538534259965
3095 621.0628 492.27032 496.94575447846444 596.9457544784644 601.3747225815591 701.3747225815591
3111 604.4888 474.35803 489.8312325780845 589.8312325780845 597.6336549738851 697.6336549738851
3129 604.4888 474.35803 481.9505041384623 581.9505041384623 593.1988614943655 693.1988614943655
3145 595.7538 470.39014 475.06040812706976 575.0604081270698 589.058983999804 689.058983999804
3162 595.7538 470.39014 467.8640306732291 567.8640306732291 584.4598004361334 684.4598004361334
3179 594.09106 463.87115 460.8014873683203 560.8014873683203 579.6576321782761 679.6576321782761
3196 594.09106 463.87115 453.87850203784535 553.8785020378454 574.6563711348483 674.6563711348483
3213 599.4872 457.72736 447.10068540279684 547.1006854027969 569.4600705688548 669.4600705688548
3231 599.4872 457.72736 440.08850519699024 540.0885051969902 563.7502016818883 663.7502016818883
3248 603.2506 461.48547 433.6267260338776 533.6267260338776 558.165781572544 658.165781572544
3264 603.2506 461.48547 427.69256349239276 527.6925634923928 552.7438148032415 652.7438148032415
3282 598.3924 456.90594 421.193018823778 521.193018823778 546.4565902131905 646.4565902131905
3299 598.3924 456.90594 415.2311676524065 515.2311676524065 540.3413086562304 640.3413086562304
3315 598.3924 456.90594 409.7811519627961 509.7811519627961 534.4328962045494 634.4328962045494
3332 598.3924 456.90594 404.1661854693228 504.1661854693228 527.9976425819129 627.9976425819129
3349 598.3924 456.90594 398.7366769287074 498.7366769287074 521.4051639192346 621.4051639192346
3366 598.3924 456.90594 393.49702667636814 493.49702667636814 514.6608030789737 614.6608030789737
3384 598.3924 456.90594 388.16081736231547 488.16081736231547 507.3602452851014 607.3602452851014
3401 598.3924 456.90594 383.3252481623738 483.3252481623738 500.3205287834901 600.3205287834901
3418 598.3924 456.90594 378.69202741539596 478.69202741539596 493.1460181088685 593.1460181088685
3435 598.3924 456.90594 374.2649101067921 474.2649101067921 485.8425278304917 585.8425278304917
3451 590.8137 437.84827 370.28970142185455 470.28970142185455 478.85613214835485 578.8561321483548
3469 590.8137 437.84827 366.043167657697 466.043167657697 470.8723845988062 570.8723845988062
3485 568.6582 427.23016 362.4719822152257 462.4719822152257 463.6710900449318 563.6710900449318
3502 568.6582 427.23016 358.8904558633554 458.8904558633554 455.9178322199049 555.9178322199049
3519 560.7933 427.1734 355.5310810978608 455.5310810978608 448.06576630732854 548.0657663073285
3536 560.7933 427.1734 352.3965805179704 452.3965805179704 440.1212559998803 540.1212559998803
3553 553.12006 423.72852 349.4894944740342 449.4894944740342 432.0907399116313 532.0907399116313
3570 553.12006 423.72852 346.8121790087004 446.8121790087004 423.9807263598813 523.9807263598814
3587 560.0962 409.329 344.3668039474663 444.3668039474663 415.79778809050777 515.7977880905078
3604 560.0962 409.329 342.155351140146 442.155351140146 407.5485569510936 507.5485569510936
3621 561.2495 390.31882 340.17961285468476 440.17961285468476 399.23971851615926 499.23971851615926
3639 561.2495 390.31882 338.34635171354296 438.34635171354296 390.3846393220784 490.3846393220784
3655 557.2744 382.5347 336.9414924513526 436.9414924513526 382.4701981434725 482.4701981434725
3672 538.09033 386.13995 335.68173466233077 435.68173466233077 374.02310703330426 474.02310703330426
3689 538.09033 386.13995 334.66293792598333 434.66293792598333 365.5435792681223 465.5435792681223
3706 527.22296 393.2374 333.8859279242903 433.8859279242903 357.03848706593226 457.03848706593226
3723 527.22296 393.2374 333.35133438360816 433.35133438360816 348.5147233633919 448.5147233633919
3741 506.821 393.86588 333.0499980009779 433.0499980009779 339.4768878742076 439.4768878742076
3757 506.821 393.86588 453.02406576024066 553.0240657602407 331.056686471707 431.056686471707
3774 489.934 367.85733 453.36623095517183 553.3662309551719 322.5235450269113 422.5235450269113
3792 489.934 367.85733 454.16922084104294 554.1692208410429 313.5170210808991 413.5170210808991
3808 489.934 367.85733 455.26193415828243 555.2619341582824 305.553911501838 405.553911501838
3826 476.4636 362.68622 456.91472789945465 556.9147278994546 296.66399928652106 396.66399928652106
3842 476.4636 362.68622 458.7570723329198 558.7570723329197 288.84025954453836 388.84025954453836
3859 463.72913 354.25064 461.09515609929747 561.0951560992975 280.62655488470796 380.62655488470796
3877 450.2963 325.68723 463.99241332353733 563.9924133235373 272.0610328969076 372.0610328969076
3893 450.2963 325.68723 466.92605000007745 566.9260500000775 264.5777907912517 364.5777907912517
3910 440.07117 314.3679 470.40573493989234 570.4057349398923 256.7788567193968 356.7788567193968
3928 440.07117 314.3679 474.4888488204813 574.4888488204813 248.71099161237862 348.7109916123786
3944 424.6691 311.159 478.4544350159092 578.4544350159092 241.71962102511617 341.71962102511617
3961 424.6691 311.159 483.0053327319572 583.0053327319572 234.49321736108072 334.4932173610807
3979 423.5032 305.01672 488.19170848039323 588.1917084803932 227.08620899447726 327.08620899447726
3995 423.5032 305.01672 493.109026801152 593.109026801152 220.7281340425647 320.7281340425647
4012 440.59155 302.03033 498.63907999467915 598.6390799946792 214.22043924223226 314.22043924223226
4030 440.59155 302.03033 504.82380561963384 604.8238056196338 207.62411941289355 307.62411941289355
4046 440.59155 302.03033 510.59338667089924 610.5933866708992 202.0279536670738 302.0279536670738
4063 462.133 303.18524 516.9907313118342 616.9907313118342 196.37060786867886 296.37060786867886
4081 485.42313 300.18323 524.0486998190197 624.0486998190197 190.7184094558065 290.7184094558065
4097 485.42313 300.18323 530.5538343096449 630.5538343096449 185.9973542961332 285.9973542961332
4114 477.53247 283.59027 537.689062464963 637.689062464963 181.30479645322103 281.304796453221
4131 477.53247 283.59027 545.0388331282979 645.0388331282979 176.95595164869005 276.9559516486901
4149 491.55963 280.85382 553.0363936238961 653.0363936238961 172.73679385759596 272.73679385759596
4166 491.55963 280.85382 560.7752807325808 660.7752807325808 169.12553282347662 269.12553282347665
4182 508.00412 274.54718 568.2077684862486 668.2077684862486 166.06558799499004 266.06558799499004
4199 508.00412 274.54718 576.2460029469295 676.2460029469295 163.1814301122385 263.1814301122385
4216 514.51025 274.3661 584.4119892185008 684.4119892185008 160.68178050678887 260.68178050678887
4233 514.51025 274.3661 592.6873458725511 692.6873458725511 158.57226582663537 258.5722658266354
4250 526.0544 271.95865 601.053445290706 701.053445290706 156.85763453593017 256.8576345359302
4267 539.0976 267.2097 609.4914555949256 709.4914555949256 155.54174622631027 255.54174622631027
4284 539.0976 267.2097 617.9823830375866 717.9823830375866 154.6275629290547 254.6275629290547
4301 571.0923 260.84097 626.507114755926 726.507114755926 154.1171424476271 254.1171424476271
4318 571.0923 260.84097 635.0464617946108 735.0464617946108 154.01163372561214 254.01163372561214
4335 571.0923 260.84097 643.581202299593 743.581202299593 154.31127426047263 254.31127426047263
4352 603.0208 252.78386 652.0921247860152 752.0921247860152 155.01538956894865 255.01538956894865
4369 603.0208 252.78386 660.5600713827765 760.5600713827765 156.12239470530233 256.1223947053023
4387 628.2087 256.64377 669.4581090553891 769.4581090553891 157.73086973577773 257.73086973577773
4404 628.2087 256.64377 677.7777122819134 777.7777122819134 159.65850613580778 259.6585061358078
4420 643.5893 249.72592 685.5161853111272 785.5161853111272 161.83133188536496 261.831331885365
4437 643.5893 249.72592 693.6232260010909 793.6232260010909 164.5160052712332 264.5160052712332
4454 662.60803 259.0506 701.5938053437343 801.5938053437343 167.58218283949915 267.5821828394992
4471 667.88074 256.6868 709.4099817666976 809.4099817666976 171.0229627020636 271.02296270206364
4489 667.88074 256.6868 717.4980927560449 817.4980927560449 175.0658239377357 275.0658239377357
4505 667.88074 256.6868 724.5091369531456 824.5091369531456 178.99652309031762 278.9965230903176
4522 667.88074 256.6868 731.7581279004737 831.7581279004737 183.51135533338842 283.51135533338845
4539 667.88074 256.6868 738.7848168015221 838.7848168015221 188.36493370665013 288.36493370665016
4556 667.88074 256.6868 745.5733867574248 845.5733867574248 193.54633292803192 293.5463329280319
4574 667.88074 256.6868 752.4847699331881 852.4847699331881 199.3768602579292 299.3768602579292
4590 667.88074 256.6868 758.3756166338345 858.3756166338345 204.8452294582745 304.8452294582745
4607 667.88074 256.6868 764.3604590589218 864.3604590589218 210.9372932370277 310.9372932370277
4624 682.7313 268.20905 770.0496124154753 870.0496124154753 217.30636805391646 317.30636805391646
4642 704.0472 272.24326 775.7369103211945 875.7369103211945 224.33608418463587 324.33608418463587
4658 704.0472 272.24326 780.4903217770493 880.4903217770493 230.81761302381858 330.8176130238186
4675 719.2016 278.39597 785.2183760095571 885.2183760095571 237.9293697063817 337.9293697063817
4692 719.2016 278.39597 789.6037905304013 889.6037905304013 245.25737894613326 345.25737894613326
4709 731.1602 286.9051 793.6366938824929 893.6366938824929 252.78514557975075 352.78514557975075
4726 731.1602 286.9051 797.3080081024611 897.3080081024611 260.4957247950736 360.4957247950736
4744 731.1602 286.9051 800.7919917624882 900.7919917624882 268.8398319494411 368.8398319494411
4761 733.78534 276.38943 803.6937615671286 903.6937615671286 276.8717253711941 376.8717253711941
4778 753.6013 289.31256 806.2113040348377 906.2113040348377 285.032213093187 385.032213093187
4794 753.6013 289.31256 808.2246793622878 908.2246793622878 292.8136947228397 392.8136947228397
4811 753.6013 289.31256 809.980977411876 909.980977411876 301.17114631399613 401.17114631399613
4829 763.6173 277.45978 811.4062971637562 911.4062971637562 310.1003528829921 410.1003528829921
4845 783.3784 287.67453 812.2953777692248 912.2953777692248 318.08876150040663 418.08876150040663
4863 783.3784 287.67453 812.8681938134266 912.8681938134266 327.11284860805364 427.11284860805364
4879 794.3617 301.13297 812.9963291668411 912.9963291668411 335.1495592469291 435.1495592469291
4897 794.3617 301.13297 812.7114868280897 912.7114868280897 344.18732065055974 444.18732065055974
4913 802.01117 301.0475 812.0775238609478 912.0775238609478 352.200012303063 452.200012303063
4930 802.01117 301.0475 811.0127280160616 911.0127280160616 360.6733699460652 460.6733699460652
4947 806.55023 311.6614 809.5472300260149 909.5472300260149 369.0866865084376 469.0866865084376
4964 806.55023 311.6614 807.6843286896907 907.6843286896907 377.4210238275436 477.4210238275436
4981 810.1359 327.82944 805.4282173508461 905.4282173508461 385.65762152102405 485.65762152102405
4999 810.1359 327.82944 802.6164664715639 902.6164664715639 394.25159169433493 494.25159169433493
5015 814.1089 348.99036 799.7575521379785 899.7575521379785 401.7636982827043 501.7636982827043
5033 814.1089 348.99036 796.1441273551981 896.1441273551981 410.05257201114836 510.05257201114836
5049 805.1756 357.62698 792.5862637502574 892.5862637502574 417.25998091660404 517.259980916604
5067 805.1756 357.62698 788.2036816660764 888.2036816660764 425.1691680191018 525.1691680191018
5084 809.1283 379.0298 783.7047491910079 883.7047491910079 432.4280375262833 532.4280375262833
5101 809.1283 379.0298 778.8665841399335 878.8665841399335 439.4653480122629 539.4653480122629
5117 809.02454 403.12146 774.0128734563121 874.0128734563121 445.8721123408068 545.8721123408068
5134 809.02454 403.12146 768.5479494131282 868.5479494131282 452.4345954942897 552.4345954942896
5151 808.28735 424.07874 762.7779103666112 862.7779103666112 458.73048537096236 558.7304853709624
5169 808.28735 424.07874 756.3503375862501 856.3503375862501 465.09040474938706 565.0904047493871
5186 806.4487 438.1267 749.993748013828 849.993748013828 470.79350469111057 570.7935046911106
5202 806.4487 438.1267 743.7702424593289 843.7702424593289 475.8800669068827 575.8800669068827
5220 811.54254 453.4024 736.5054202885274 836.5054202885274 481.26380400796154 581.2638040079615
5236 808.46893 464.03528 729.8279376018812 829.8279376018812 485.73776886380733 585.7377688638073
5253 808.46893 464.03528 722.5218717414465 822.5218717414465 490.15964421036574 590.1596442103657
5271 763.7189 430.86063 714.5667557803298 814.5667557803298 494.45829474187997 594.45829474188
5287 763.7189 430.86063 707.3221049847989 807.3221049847989 497.93969839739407 597.9396983973941
5304 735.8709 433.15558 699.4626183788416 799.4626183788416 501.28036453280606 601.2803645328061
5321 735.8709 433.15558 691.4535261011198 791.4535261011198 504.2444868016163 604.2444868016163
5338 707.99567 431.88794 683.3128564156366 783.3128564156366 506.8253930396211 606.8253930396211
5355 707.99567 431.88794 675.0589337638094 775.0589337638094 509.01727369220305 609.017273692203
5373 695.0608 444.4155 666.2166959955493 766.2166959955493 510.90859534556046 610.9085953455605
5389 695.0608 444.4155 658.2858601528986 758.2858601528986 512.2151095623715 612.2151095623715
5406 684.361 448.80035 649.8044649579773 749.8044649579773 513.2138665323532 613.2138665323532
5424 684.361 448.80035 640.7833442119403 740.7833442119403 513.8316422459586 613.8316422459586
5441 681.93634 434.7964 632.2449739756478 732.2449739756478 513.9984164810973 613.9984164810973
5457 681.93634 434.7964 624.2100690108309 724.2100690108309 513.7852527689789 613.7852527689789
5474 666.6874 377.8405 615.692552089333 715.692552089333 513.1659907650433 613.1659907650433
5491 666.6874 377.8405 607.2139937950213 707.2139937950213 512.1434306506889 612.1434306506889
5508 656.19403 382.0813 598.7934791480179 698.7934791480179 510.71987418285164 610.7198741828516
5525 656.19403 382.0813 590.4499625136663 690.4499625136663 508.8985257511097 608.8985257511097
5542 659.96326 354.6119 582.2022249367301 682.2022249367301 506.68348516468336 606.6834851646834
5559 659.96326 354.6119 574.0688318657412 674.0688318657412 504.079738423869 604.079738423869
5576 663.70337 339.2395 566.0680913626405 666.0680913626405 501.0931464966776 601.0931464966776
5593 662.2434 315.45743 558.218012891798 658.218012891798 497.7304321259451 597.7304321259451
5610 662.2434 315.45743 550.5362667811617 650.5362667811617 493.99916469660786 593.9991646966079
5627 662.2434 315.45743 543.0401444467964 643.0401444467964 489.90774319720856 589.9077431972086
5644 665.3745 299.67017 535.7465194703461 635.7465194703461 485.4653773139863 585.4653773139863
5661 665.3745 299.67017 528.6718096170268 628.6718096170268 480.6820667001052 580.6820667001052
5678 659.9845 278.79324 521.8319398796541 621.8319398796541 475.56857846668925 575.5685784666892
5695 659.9845 278.79324 515.2423066318847 615.2423066318847 470.13642294632587 570.1364229463259
5712 652.9044 276.00116 508.91774297137306 608.9177429713731 464.3978277836013 564.3978277836013
5729 652.9044 276.00116 502.8724853308397 602.8724853308397 458.36571041097886 558.3657104109789
5746 649.26196 261.10834 497.1201414322254 597.1201414322254 452.0536489719888 552.0536489719889
5764 649.26196 261.10834 491.36306905859533 591.3630690585953 445.0809605355471 545.0809605355471
5780 638.5025 305.05734 486.5452998949387 586.5452998949387 438.6471252215585 538.6471252215586
5798 636.08356 330.8751 481.47483091410595 581.474830914106 431.16029607556385 531.1602960755638
5815 636.08356 330.8751 477.03695216566996 577.03695216567 423.8639399883317 523.8639399883317
5831 636.08356 330.8751 473.18065612063515 573.1806561206351 416.8116979778178 516.8116979778179
5848 628.6747 351.9823 469.43268195865755 569.4326819586576 409.1380893339877 509.1380893339877
5865 628.6747 351.9823 466.05289368960894 566.0528936896089 401.295346752855 501.295346752855
5882 623.3705 375.5614 463.04889913133843 563.0488991313384 393.30112404946493 493.30112404946493
5899 623.3705 375.5614 460.427460199564 560.4274601995639 385.1734160167848 485.1734160167848
5916 620.7911 362.2874 458.1944776869708 558.1944776869708 376.9305179198789 476.9305179198789
5933 620.7911 362.2874 456.35497798067684 556.3549779806768 368.59098431373195 468.59098431373195
5951 618.0409 381.02344 454.8407421273871 554.8407421273871 359.67642565233353 459.67642565233353
5968 618.0409 381.02344 453.8233973510431 553.8233973510431 351.19723998721406 451.19723998721406
5984 608.48694 376.0492 453.23429986469176 553.2342998646918 343.18112492358273 443.18112492358273
6001 608.48694 376.0492 453.0036526131048 553.0036526131048 335.1467028281774 435.1467028281774
