1 106.479744 729.3218 297.62542067616835 468.37542067616835 335.4976002348308 431.4976002348308
17 135.28961 715.2814 297.7465672298508 468.4965672298508 327.460353677165 423.460353677165
35 135.28961 715.2814 298.1401809083458 468.8901809083458 318.4260666429181 414.4260666429181
52 261.22 669.0705 298.7617899590455 469.5117899590455 309.9082065772343 405.9082065772343
68 261.22 669.0705 299.56810583748677 470.31810583748677 301.91059046864586 397.91059046864586
85 261.22 669.0705 300.6592573431978 471.4092573431978 293.44006945149073 389.44006945149073
103 360.38788 634.6593 302.0768999466856 472.8268999466856 284.5090245297676 380.5090245297676
120 436.3296 608.11975 303.6623788905013 474.4123788905013 276.11696909446454 372.11696909446454
137 436.3296 608.11975 305.4860993111701 476.2360993111701 267.7734457537099 363.7734457537099
153 498.21863 584.6005 307.4188532438116 478.1688532438116 259.9711082224287 355.9711082224287
170 498.21863 584.6005 309.7006512552929 480.4506512552929 251.74105744826687 347.7410574482669
187 549.38293 568.04034 312.21579703666407 482.96579703666407 243.57929418234613 339.57929418234613
204 549.38293 568.04034 314.9622521925565 485.7122521925565 235.4924331110061 331.4924331110061
221 586.5077 557.3766 317.93779086333535 488.68779086333535 227.48702821623766 323.48702821623766
239 586.5077 557.3766 321.3353713044251 492.0853713044251 219.10671073469888 315.1067107346989
255 615.481 547.3448 324.5662889638151 495.3162889638151 211.74646754616077 307.7464675461608
273 615.481 547.3448 328.4352697116431 499.1852697116431 203.57308012612515 299.57308012612515
289 640.3291 536.0253 332.0798074744846 502.8298074744846 196.40862946948707 292.4086294694871
306 640.3291 536.0253 336.16094923283765 506.91094923283765 188.90632183391858 284.9063218339186
323 651.7927 528.22797 340.4539940602396 511.2039940602396 181.52322600490484 277.5232260049048
340 651.7927 528.22797 344.9554626662418 515.7054626662418 174.26532559916362 270.2653255991636
357 610.8977 517.9326 349.6617068437197 520.4117068437197 167.13850276900726 263.13850276900723
374 610.8977 517.9326 354.5689124255555 525.3189124255555 160.14853343516307 256.1485334351631
391 578.91 508.3665 359.6731023758233 530.4231023758233 153.30108260568883 249.30108260568883
409 578.91 508.3665 365.28764512599264 536.0376451259926 146.21234621253794 242.21234621253794
425 554.35504 498.5744 370.45573236238414 541.2057323623842 140.05581447516937 236.05581447516937
442 554.35504 498.5744 376.12543363562395 546.875433635624 133.66873177782583 229.66873177782583
459 534.7832 494.54172 381.9746488335043 552.7246488335043 127.44562809241546 223.44562809241546
476 534.7832 494.54172 387.9986374701024 558.7486374701024 121.39154692211227 217.39154692211227
493 517.45764 489.77472 394.1925174146769 564.9425174146769 115.51139478609738 211.51139478609738
510 517.45764 489.77472 400.5512688483818 571.3012688483818 109.8099372430793 205.8099372430793
527 511.38467 485.11774 407.06973833256984 577.8197383325698 104.29179502905546 200.29179502905546
544 509.94025 469.96994 413.7426429853873 584.4926429853873 98.96144031244515 194.96144031244515
561 509.94025 469.96994 420.564574763276 591.314574763276 93.82319306962836 189.82319306962836
578 509.94025 469.96994 427.53000484391305 598.280004843913 88.88121758382923 184.88121758382923
595 517.6166 451.2389 434.6332881070341 605.3832881070341 84.13951907017963 180.13951907017963
613 517.6166 451.2389 442.298267202495 613.048267202495 79.34146014899 175.34146014899
630 521.1108 438.27472 449.6671198581312 620.4171198581312 75.02401316610684 171.02401316610684
646 521.1108 438.27472 456.71215802621145 627.4621580262115 71.15368424901567 167.15368424901567
663 521.9423 429.98337 464.3082388604396 635.0582388604396 67.24985358281685 163.24985358281685
681 521.9423 429.98337 472.4687817222184 643.2187817222184 63.353853820736504 159.3538538207365
697 524.22723 419.83252 479.81829571979983 650.5682957197998 60.09860379723074 156.09860379723074
714 522.25885 411.4986 487.71970164728384 658.4697016472838 56.85698039535282 152.85698039535282
731 522.25885 411.4986 495.7101801258791 666.4601801258791 53.84158795097835 149.84158795097835
749 552.6333 427.22546 504.26057476416406 675.0105747641641 50.89811628054434 146.89811628054434
765 552.6333 427.22546 511.93238432050157 682.6823843205016 48.49908588318232 144.49908588318232
782 575.40533 439.24075 520.1509627803556 690.9009627803556 46.176306080939696 142.1763060809397
799 575.40533 439.24075 528.4323299341439 699.1823299341439 44.08841336946284 140.08841336946284
817 596.3645 449.4744 537.2618142040386 708.0118142040386 42.13559963724384 138.13559963724384
833 596.3645 449.4744 545.156538399579 715.906538399579 40.62386599915499 136.623865999155
851 596.3645 449.4744 554.0828444296311 724.8328444296311 39.176684392405264 135.17668439240526
868 611.7345 463.66904 562.5497092126128 733.2997092126128 38.05751565750103 134.05751565750103
884 623.10425 471.50497 570.5446140026227 741.2946140026227 37.2247455122278 133.2247455122278
902 623.10425 471.50497 579.5618339036334 750.3118339036334 36.54429036905128 132.54429036905128
918 633.2506 480.38712 587.5911736117806 758.3411736117806 36.167843072143 132.167843072143
936 633.2506 480.38712 596.6325037720162 767.3825037720162 36.00164175242986 132.00164175242986
953 636.78064 486.15924 605.1725055449577 775.9225055449577 36.09495642779058 132.09495642779058
969 636.78064 486.15924 613.2046904715623 783.9546904715623 36.40481772096149 132.4048177209615
986 640.9777 497.38535 621.7265001944813 792.4765001944813 36.96970439707047 132.96970439707047
1003 640.9777 497.38535 630.2287768999744 800.9787768999744 37.77693963769889 133.7769396376989
1020 644.8117 504.53592 638.7046299331981 809.4546299331981 38.82586922049978 134.82586922049978
1037 644.8117 504.53592 647.1471900543268 817.8971900543268 40.115643042381976 136.11564304238198
1054 644.1697 508.20944 655.5496150057149 826.2996150057149 41.645215808474234 137.64521580847423
1071 644.1697 508.20944 663.9050950571935 834.6550950571935 43.41334787928315 139.41334787928315
1088 644.1697 508.20944 672.2068585250034 842.9568585250034 45.41860627535635 141.41860627535635
1106 647.47314 512.96735 680.9309353437416 851.6809353437416 47.79847131476845 143.79847131476845
1122 648.8107 515.2283 688.6223720999366 859.3723720999366 50.133810549576026 146.13381054957603
1139 648.8107 515.2283 696.7228182836474 867.4728182836474 52.839934998910564 148.83993499891056
1156 652.656 520.7376 704.742950819005 875.492950819005 55.77554601295549 151.7755460129555
1173 652.656 520.7376 712.6762698040402 883.4262698040402 58.93826443105149 154.9382644310515
1191 655.7638 520.2121 720.9744866729714 891.7244866729714 62.53171273890922 158.53171273890922
1207 655.7638 520.2121 728.2568245155068 899.0068245155068 65.93458862018292 161.93458862018292
1224 663.8728 637.7639 735.8914330094331 906.6414330094331 69.76252423287974 165.76252423287974
1241 663.8728 637.7639 743.413983721744 914.163983721744 73.80623152831976 169.80623152831976
1258 531.09827 510.21115 750.8183800147626 921.5683800147626 78.06243329120804 174.06243329120804
1275 424.87863 408.1689 758.0986210088488 928.8486210088488 82.52768009049117 178.52768009049117
1292 424.87863 408.1689 765.2488064458005 935.9988064458005 87.19835307494287 183.19835307494287
1309 424.87863 408.1689 772.263141470708 943.013141470708 92.0706669060545 188.0706669060545
1327 473.90594 458.06604 779.5356963702274 950.2856963702274 97.4449779482751 193.4449779482751
1343 473.90594 458.06604 785.8616359705578 956.6116359705578 102.40426185718263 198.40426185718263
1360 517.3435 469.62943 792.434774570124 963.184774570124 107.85716813378187 203.85716813378187
1377 517.3435 469.62943 798.8500299387413 969.6000299387413 113.49497235758312 209.49497235758312
1394 553.8305 478.59906 805.1022028442499 975.8522028442499 119.31310538030687 215.31310538030687
1411 553.8305 478.59906 811.1862262243785 981.9362262243785 125.30685190652298 221.30685190652298
1429 581.5859 482.6007 817.4393786828404 988.1893786828404 131.83918367062486 227.83918367062486
1446 581.5859 482.6007 823.1618418139614 993.9118418139614 138.17903805565956 234.17903805565956
1462 606.0777 487.0345 828.3807966001699 999.1307966001699 144.29250840037312 240.29250840037312
1480 623.9459 492.71805 834.0539206730178 1004.8039206730178 151.33444969515332 247.33444969515332
1497 623.9459 492.71805 839.2147089352587 1009.9647089352587 158.13934516994212 254.13934516994212
1513 640.8739 496.03 843.8931356740757 1014.6431356740757 164.675730406883 260.67573040688296
1530 640.8739 496.03 848.6701707867052 1019.4201707867052 171.7552977272204 267.7552977272204
1547 654.9652 497.08188 853.2437467928016 1023.9937467928016 178.96797687071094 274.9679768707109
1565 654.9652 497.08188 857.8604766962846 1028.6104766962846 186.74352051365594 282.74352051365594
1582 654.9652 497.08188 862.0036814969314 1032.7536814969314 194.2117326082863 290.2117326082863
1598 663.10394 501.34042 865.7074960610505 1036.4574960610505 201.34571931915121 297.3457193191512
1615 663.10394 501.34042 869.4318623492258 1040.1818623492259 209.03138348446487 305.03138348446487
1633 675.9419 504.72406 873.1351439647128 1043.8851439647128 217.28117010118746 313.28117010118746
1649 675.9419 504.72406 876.2168989033121 1046.966898903312 224.7051040458423 320.7051040458423
1666 685.04016 506.2369 879.2720702485676 1050.0220702485676 232.6804577033056 328.6804577033056
1683 692.6833 507.05997 882.0989812329851 1052.8489812329851 240.73954649774532 336.7395464977453
1701 692.6833 507.05997 884.84084210631 1055.59084210631 249.35670803135872 345.3567080313587
1717 699.1572 504.67947 887.0590447096293 1057.8090447096292 257.08274103198784 353.08274103198784
1734 699.1572 504.67947 889.1881773273444 1059.9381773273444 265.35360145921436 361.35360145921436
1751 702.1805 506.85977 891.0810130930984 1061.8310130930984 273.6817171329047 369.6817171329047
1768 702.1805 506.85977 892.7360179615537 1063.4860179615537 282.0603385467098 378.0603385467098
1785 704.7727 506.64227 894.1518506369953 1064.9018506369953 290.4826752619944 386.4826752619944
1802 704.7727 506.64227 895.3273636603816 1066.0773636603817 298.94190141113677 394.94190141113677
1819 706.3463 507.90778 896.2616043392997 1067.0116043392995 307.4311612295389 403.4311612295389
1836 706.3463 507.90778 896.9538155200738 1067.703815520074 315.9435746118702 411.9435746118702
1853 712.1162 507.20004 897.4034362013994 1068.1534362013995 324.4722426880359 420.4722426880359
1870 712.1162 507.20004 897.6101019890048 1068.3601019890048 333.01025341435343 429.01025341435343
1887 772.43304 491.47125 897.5736453909749 1068.323645390975 341.5506871754069 437.5506871754069
1905 772.43304 491.47125 897.2700853553974 1068.0200853553974 350.5884482504665 446.5884482504665
1921 824.2508 477.12274 896.7716802368993 1067.5216802368993 358.6111411309172 454.6111411309172
1938 824.2508 477.12274 896.0068216320687 1066.7568216320687 367.1173347111916 463.1173347111916
1955 862.4414 469.01212 895.0001400172805 1065.7501400172805 375.5983093035911 471.5983093035911
1973 862.4414 469.01212 893.6715730175129 1064.4215730175129 384.54303868307437 480.54303868307437
1989 893.95953 463.39246 892.2647665348454 1063.0147665348454 392.4571339716405 488.4571339716405
2006 893.95953 463.39246 890.5382915457113 1061.2882915457112 400.8213208432003 496.8213208432003
2023 915.79785 456.32715 888.5744255069792 1059.3244255069792 409.13297339202586 505.13297339202586
2041 937.7592 456.58786 886.2380618516396 1056.9880618516395 417.86880070345273 513.8688007034527
2057 937.7592 456.58786 883.9410778307275 1054.6910778307274 425.5717789017766 521.5717789017766
2075 954.38916 462.99057 881.1113627748334 1051.8613627748334 434.1604916486035 530.1604916486035
2091 954.38916 462.99057 878.3797408159044 1049.1297408159044 441.7202700970553 537.7202700970553
2108 954.38916 462.99057 875.2565931762647 1046.0065931762647 449.6692503292295 545.6692503292295
2125 962.2065 466.42706 871.9084395119482 1042.6584395119482 457.52610752219204 553.526107522192
2142 962.2065 466.42706 868.3379933280626 1039.0879933280626 465.2844741001809 561.2844741001809
2159 961.7856 479.24374 864.5481482862865 1035.2981482862865 472.9380623089762 568.9380623089762
2176 961.7856 479.24374 860.5419758597092 1031.291975859709 480.4806693117979 576.4806693117979
2193 958.09204 497.83795 856.3227228435584 1027.0727228435585 487.90618221638465 583.9061822163847
2210 958.09204 497.83795 851.8938087238421 1022.6438087238421 495.20858302917645 591.2085830291765
2227 955.43494 522.0945 847.2588229060326 1018.0088229060326 502.38195353258584 598.3819535325858
2244 955.43494 522.0945 842.4215218060378 1013.1715218060378 509.42048008140796 605.420480081408
2261 952.56573 540.00635 837.3858258058228 1008.1358258058228 516.3184583144773 612.3184583144773
2278 949.0322 556.61584 832.1558160761413 1002.9058160761413 523.0702977777584 619.0702977777584
2295 949.0322 556.61584 826.7357312689596 997.4857312689596 529.6705264551181 625.6705264551181
2313 944.58594 573.252 820.794526925818 991.544526925818 536.4878107309933 632.4878107309933
2329 944.58594 573.252 815.3430576999276 986.0930576999276 542.394882086187 638.394882086187
2346 934.8353 593.0053 809.379702109853 980.129702109853 548.5086966087915 644.5086966087915
2363 934.8353 593.0053 803.2447303028227 973.9947303028227 554.4502838409564 650.4502838409564
2380 934.8353 593.0053 796.9431143556885 967.6931143556885 560.2148284340103 656.2148284340103
2398 925.93665 609.3458 790.0948566711968 960.8448566711968 566.1203039129076 662.1203039129076
2414 925.93665 609.3458 783.8605094916655 954.6105094916655 571.1942495138428 667.1942495138428
2432 876.00226 597.6738 776.6872816327669 947.4372816327669 576.7004347658467 672.7004347658467
2449 832.7897 587.938 769.7630660054275 940.5130660054275 581.6999923319313 677.6999923319313
2465 832.7897 587.938 763.1186144283101 933.8686144283101 586.2236271487043 682.2236271487043
2482 798.2576 579.8477 755.9288148358737 926.6788148358737 590.8330869577367 686.8330869577367
2500 798.2576 579.8477 748.1763727666926 918.9263727666926 595.48850486691 691.48850486691
2516 770.11786 572.8685 741.17025546435 911.92025546435 599.4288511793545 695.4288511793545
2533 770.11786 572.8685 733.6134567331254 904.3634567331254 603.4081891703074 699.4081891703074
2550 750.58844 566.3971 725.9464464020558 896.6964464020558 607.1708066759479 703.1708066759479
2568 750.58844 566.3971 717.7152155588545 888.4652155588545 610.9151507775223 706.9151507775223
2584 746.4233 566.5679 710.3067300841386 881.0567300841386 614.0338607170812 710.0338607170812
2601 746.4233 566.5679 702.346699277214 873.096699277214 617.1287351027865 713.1287351027865
2618 746.4233 566.5679 694.3017969577133 865.0517969577133 619.9957692114392 715.9957692114392
2636 729.42834 563.48834 685.6984050251664 856.4484050251664 622.7805351262059 718.7805351262059
2652 721.49414 559.32935 677.9835211872297 848.7335211872297 625.0372088029525 721.0372088029525
2669 721.49414 559.32935 669.7233728534557 840.4733728534557 627.2075284601758 723.2075284601758
2686 712.62646 557.5495 661.4047925232513 832.1547925232513 629.1418395004217 725.1418395004217
2703 712.62646 557.5495 653.0345219750633 823.7845219750633 630.8385742647915 726.8385742647915
2720 712.8906 549.4311 644.6193448795832 815.3693448795832 632.296357637651 728.296357637651
2738 712.8906 549.4311 635.6677906981013 806.4177906981013 633.5781344048996 729.5781344048996
2754 713.12036 539.50415 627.6815821743512 798.4315821743512 634.4905389924386 730.4905389924386
2771 713.12036 539.50415 619.1727237438794 789.9227237438794 635.2251587040392 731.2251587040392
2789 711.9474 537.014 610.1444574500881 780.8944574500881 635.7386581426483 731.7386581426483
2805 711.9474 537.014 602.1095270833351 772.8595270833351 635.9664798220608 731.9664798220608
2822 712.1585 533.5665 593.5690176902656 764.3190176902656 635.9725804261168 731.9725804261168
2840 712.1585 533.5665 584.5298561883765 755.2798561883765 635.714059077236 731.714059077236
2856 711.40045 532.9984 576.5047793711809 747.2547793711809 635.2556370072082 731.2556370072082
2874 711.40045 532.9984 567.4949783535706 738.2449783535706 634.4831348595524 730.4831348595524
2891 711.3252 534.0426 559.0107197476881 729.7607197476881 633.5045165381459 729.5045165381459
2907 711.3252 534.0426 551.0540000393138 721.8040000393138 632.3631926583694 728.3631926583694
2924 709.06226 531.66864 542.6367489028069 713.3867489028069 630.9174329219486 726.9174329219486
2941 709.06226 531.66864 534.2640628953682 705.0140628953682 629.232657883161 725.232657883161
2958 707.37054 532.5489 525.9427276452934 696.6927276452934 627.3102329649023 723.3102329649023
2975 707.37054 532.5489 517.6794871637487 688.4294871637487 625.1517161929854 721.1517161929854
2992 706.4142 534.3359 509.48103837910116 680.2310383791012 622.7588569334407 718.7588569334407
3009 706.4142 534.3359 501.3540257094023 672.1040257094023 620.1335944747455 716.1335944747455
3026 702.1736 546.2279 493.3050356774336 664.0550356774336 617.278056456131 713.278056456131
3043 689.9791 617.3571 485.3405915726703 656.0905915726703 614.1945571432422 710.1945571432422
3060 689.9791 617.3571 477.46714816449344 648.2171481644934 610.8855955525434 706.8855955525434
3078 679.9375 674.2885 469.2368388259649 639.9868388259649 607.1392263586182 703.1392263586182
3094 679.9375 674.2885 462.0187085871838 632.7687085871838 603.6021930576474 699.6021930576474
3111 679.9375 674.2885 454.4562325780845 625.2062325780845 599.6336549738851 695.6336549738851
3128 669.0969 720.171 447.00978743869564 617.7597874386956 595.4514554692516 691.4514554692516
3146 669.0969 720.171 439.2584910195917 610.0084910195917 590.7941302961241 686.7941302961241
3162 657.57697 750.81934 432.4890306732291 603.2390306732291 586.4598004361334 682.4598004361334
3179 657.57697 750.81934 425.4264873683203 596.1764873683203 581.6576321782761 677.6576321782761
3196 646.79254 776.4671 418.50350203784535 589.2535020378454 576.6563711348483 672.6563711348483
3213 632.2301 789.4377 411.72568540279684 582.4756854027969 571.4600705688548 667.4600705688548
3230 632.2301 789.4377 405.09853053246013 575.8485305324601 566.0729418127313 662.0729418127313
3247 619.63416 808.04724 398.6274083925641 569.3774083925641 560.4993508552757 656.4993508552757
3265 619.63416 808.04724 391.9515285815807 562.7015285815808 554.3996867092457 650.3996867092457
3281 602.36786 815.2405 386.17410963438175 556.9241096343817 548.8109982204569 644.8109982204569
3298 602.36786 815.2405 380.2020257696452 550.9520257696452 542.7057093474355 638.7057093474355
3315 583.3994 818.5321 374.4061519627961 545.1561519627961 536.4328962045494 632.4328962045494
3332 583.3994 818.5321 368.7911854693228 539.5411854693227 529.9976425819129 625.9976425819129
3350 569.4791 815.9555 363.0481643908829 533.7981643908829 523.0125883346178 619.0125883346178
3366 569.4791 815.9555 358.12202667636814 528.8720266763681 516.6608030789737 612.6608030789737
3383 569.4791 815.9555 353.07648117741576 523.8264811774158 509.7700260162269 605.7700260162269
3400 555.43054 816.0677 348.2291295851123 518.9791295851123 502.7384173488538 598.7384173488538
3417 535.8123 800.62506 343.58390042682595 514.333900426826 495.5716758314352 591.5716758314352
3434 535.8123 800.62506 339.144558420162 509.894558420162 488.2756097367269 584.2756097367269
3452 519.7505 789.7279 334.67248418581175 505.42248418581175 480.4159770489023 576.4159770489023
3469 519.7505 789.7279 330.668167657697 501.418167657697 472.8723845988062 568.8723845988062
3485 501.70416 782.98047 327.0969822152257 497.8469822152257 465.6710900449318 561.6710900449318
3503 501.70416 782.98047 323.31166860027383 494.06166860027383 457.45861935813366 553.4586193581337
3519 487.40594 767.1541 320.1560810978608 490.9060810978608 450.06576630732854 546.0657663073285
3536 487.40594 767.1541 317.0215805179704 487.7715805179704 442.1212559998803 538.1212559998803
3553 471.66623 754.58215 314.1144944740342 484.8644944740342 434.0907399116313 530.0907399116313
3571 471.66623 754.58215 311.28689266404376 482.03689266404376 425.5013312038564 521.5013312038564
3587 464.78253 743.9502 308.9918039474663 479.7418039474663 417.79778809050777 513.7977880905078
3604 464.78253 743.9502 306.780351140146 477.530351140146 409.5485569510936 505.5485569510936
3621 505.67175 695.1496 304.80461285468476 475.55461285468476 401.23971851615926 497.23971851615926
3638 505.67175 695.1496 303.06619032461737 473.81619032461737 392.87800666884965 488.87800666884965
3655 536.6733 657.77954 301.5664924513526 472.3164924513526 384.4701981434725 480.4701981434725
3672 536.6733 657.77954 300.30673466233077 471.05673466233077 376.02310703330426 472.02310703330426
3690 557.5359 629.3224 299.23553131423415 469.98553131423415 367.043920136258 463.043920136258
3706 557.5359 629.3224 298.5109279242903 469.2609279242903 359.03848706593226 455.03848706593226
3723 574.41986 606.6422 297.97633438360816 468.72633438360816 350.5147233633919 446.5147233633919
3741 574.41986 606.6422 297.6749980009779 468.4249980009779 341.4768878742076 437.4768878742076
3757 584.51416 586.24036 417.64906576024066 588.3990657602407 333.056686471707 429.056686471707
3774 584.51416 586.24036 417.99123095517183 588.7412309551719 324.5235450269113 420.5235450269113
3791 594.2544 569.0673 418.73774721758974 589.4877472175897 316.01623679178385 412.01623679178385
3808 601.91174 554.6955 419.88693415828243 590.6369341582824 307.553911501838 403.553911501838
3826 601.91174 554.6955 421.53972789945465 592.2897278994546 298.66399928652106 394.66399928652106
3842 608.20013 544.194 423.3820723329198 594.1320723329197 290.84025954453836 386.84025954453836
3859 608.20013 544.194 425.72015609929747 596.4701560992975 282.62655488470796 378.62655488470796
3876 608.20013 544.194 428.4451933182859 599.1951933182859 274.53299249891984 370.53299249891984
3893 616.5102 535.6371 431.55105000007745 602.3010500000775 266.5777907912517 362.5777907912517
3910 616.5102 535.6371 435.03073493989234 605.7807349398923 258.7788567193968 354.7788567193968
3927 631.6787 531.6575 438.876415455004 609.626415455004 251.15374548655507 347.15374548655507
3944 631.6787 531.6575 443.0794350159092 613.8294350159092 243.71962102511617 339.71962102511617
3961 642.7121 526.24866 447.6303327319572 618.3803327319572 236.49321736108072 332.4932173610807
3979 654.1478 522.7174 452.81670848039323 623.5667084803932 229.08620899447726 325.08620899447726
3995 654.1478 522.7174 457.734026801152 628.484026801152 222.7281340425647 318.7281340425647
4012 663.5841 520.56555 463.26407999467915 634.0140799946792 216.22043924223226 312.22043924223226
4030 663.5841 520.56555 469.44880561963384 640.1988056196338 209.62411941289355 305.62411941289355
4046 669.7774 517.54877 475.21838667089924 645.9683866708992 204.0279536670738 300.0279536670738
4063 669.7774 517.54877 481.6157313118342 652.3657313118342 198.37060786867886 294.37060786867886
4081 672.51135 511.17484 488.6736998190197 659.4236998190197 192.7184094558065 288.7184094558065
4097 672.51135 511.17484 495.1788343096449 665.9288343096449 187.9973542961332 283.9973542961332
4114 672.51135 511.17484 502.31406246496294 673.064062464963 183.30479645322103 279.304796453221
4132 679.58984 513.9027 510.1025025692394 680.8525025692394 178.71105428707807 274.71105428707807
4149 679.58984 513.9027 517.6613936238961 688.4113936238961 174.73679385759596 270.73679385759596
4165 683.81384 516.5647 524.9403796987771 695.6903796987771 171.32776198864897 267.32776198864894
4182 683.81384 516.5647 532.8327684862486 703.5827684862486 168.06558799499004 264.06558799499004
4200 686.0813 520.07996 541.3479970015156 712.0979970015156 165.02368896976233 261.02368896976236
4216 685.0862 523.1318 549.0369892185008 719.7869892185008 162.68178050678887 258.68178050678887
4233 685.0862 523.1318 557.3123458725511 728.0623458725511 160.57226582663537 256.5722658266354
4251 685.30554 521.01434 566.172993109811 736.922993109811 158.76915826363768 254.76915826363768
4267 685.30554 521.01434 574.1164555949256 744.8664555949256 157.54174622631027 253.54174622631027
4284 682.35815 521.7297 582.6073830375866 753.3573830375866 156.6275629290547 252.6275629290547
4302 682.35815 521.7297 591.634212437205 762.384212437205 156.09972077737774 252.09972077737774
4318 678.33594 516.192 599.6714617946108 770.4214617946108 156.01163372561214 252.01163372561214
4335 678.33594 516.192 608.206202299593 778.956202299593 156.31127426047263 252.31127426047263
4352 675.4935 527.2897 616.7171247860152 787.4671247860152 157.01538956894865 253.01538956894865
4369 675.4935 527.2897 625.1850713827765 795.9350713827765 158.12239470530233 254.12239470530233
4386 692.3622 544.88513 633.5909809564164 804.3409809564164 159.6297978289907 255.6297978289907
4403 692.3622 544.88513 641.9159320172428 812.6659320172428 161.53420581373558 257.5342058137356
4420 695.2245 550.4131 650.1411853111272 820.8911853111272 163.83133188536496 259.831331885365
4438 695.2245 550.4131 658.7210379112927 829.4710379112927 166.68587137647998 262.68587137648
4454 699.47314 540.5517 666.2188053437343 836.9688053437343 169.58218283949915 265.5821828394992
4472 699.47314 540.5517 674.4895705675439 845.2395705675439 173.23686599396328 269.2368659939633
4488 701.30896 539.40405 681.6791612546845 852.4291612546845 176.83059975054408 272.8305997505441
4506 701.30896 539.40405 689.5664118764473 860.3164118764473 181.25253868910977 277.25253868910977
4522 707.4569 537.5716 696.3831279004737 867.1331279004737 185.51135533338842 281.51135533338845
4539 707.4569 537.5716 703.4098168015221 874.1598168015221 190.36493370665013 286.36493370665016
4556 699.30005 527.038 710.1983867574248 880.9483867574248 195.54633292803192 291.5463329280319
4574 698.6675 518.7371 717.1097699331881 887.8597699331881 201.3768602579292 297.3768602579292
4590 698.6675 518.7371 723.0006166338345 893.7506166338345 206.8452294582745 302.8452294582745
4607 700.8893 514.3083 728.9854590589218 899.7354590589218 212.9372932370277 308.9372932370277
4624 700.8893 514.3083 734.6746124154753 905.4246124154753 219.30636805391646 315.30636805391646
4641 700.8893 514.3083 740.0552705632856 910.8052705632856 225.93811728273374 321.93811728273374
4658 700.1692 515.519 745.1153217770493 915.8653217770493 232.81761302381858 328.8176130238186
4675 700.1692 515.519 749.8433760095571 920.5933760095571 239.9293697063817 335.9293697063817
4692 694.99493 518.21356 754.2287905304013 924.9787905304013 247.25737894613326 343.25737894613326
4709 694.99493 518.21356 758.2616938824929 929.0116938824929 254.78514557975075 350.78514557975075
4726 690.5284 522.48804 761.9330081024611 932.6830081024611 262.4957247950736 358.4957247950736
4743 690.5284 522.48804 765.2344691549205 935.9844691549205 270.3717602734482 366.3717602734482
4760 682.8937 524.0697 768.1586455346032 938.9086455346032 278.3955232583588 374.3955232583588
4777 681.33374 525.86865 770.6989549944915 941.4489549944915 286.5489524624127 382.5489524624127
4794 681.33374 525.86865 772.8496793622878 943.5996793622878 294.8136947228397 390.8136947228397
4812 684.0382 548.3829 774.6969169040786 945.4469169040786 303.6652471183856 399.6652471183856
4829 684.0382 548.3829 776.0312971637562 946.7812971637562 312.1003528829921 408.1003528829921
4845 547.2306 438.7063 776.9203777692248 947.6703777692248 320.08876150040663 416.08876150040663
4863 547.2306 438.7063 777.4931938134266 948.2431938134266 329.11284860805364 425.11284860805364
4879 547.2306 438.7063 777.6213291668411 948.3713291668411 337.1495592469291 433.1495592469291
4896 437.7845 350.96506 777.3642207321774 948.1142207321774 345.68568689301895 441.68568689301895
4914 437.7845 350.96506 776.6510281368674 947.4010281368674 354.69976602895355 450.69976602895355
4930 350.2276 280.77206 775.6377280160616 946.3877280160616 362.6733699460652 458.6733699460652
4947 280.1821 224.61766 774.1722300260149 944.9222300260149 371.0866865084376 467.0866865084376
4965 280.1821 224.61766 772.1874555236557 942.9374555236557 379.90841743392417 475.90841743392417
4981 361.7207 289.28497 770.0532173508461 940.8032173508461 387.65762152102405 483.65762152102405
4998 361.7207 289.28497 767.4089744590015 938.1589744590015 395.77793921594457 491.77793921594457
5015 430.22723 325.4233 764.3825521379785 935.1325521379785 403.7636982827043 499.7636982827043
5032 430.22723 325.4233 760.9807627878217 931.7307627878217 411.59692297976756 507.59692297976756
5049 484.26306 359.54242 757.2112637502574 927.9612637502574 419.25998091660404 515.259980916604
5067 484.26306 359.54242 752.8286816660764 923.5786816660764 427.1691680191018 523.1691680191018
5083 529.42633 385.96155 748.6038854061801 919.3538854061801 434.00702098068035 530.0070209806804
5100 529.42633 385.96155 743.7853810904619 914.5353810904619 441.057807893992 537.057807893992
5117 570.23224 406.34335 738.6378734563121 909.3878734563121 447.8721123408068 543.8721123408068
5135 570.23224 406.34335 732.8418577475671 903.5918577475671 454.81246307048013 550.8124630704801
5151 594.1836 425.28415 727.4029103666112 898.1529103666112 460.73048537096236 556.7304853709624
5168 594.1836 425.28415 721.3407445286122 892.0907445286122 466.7456100820642 562.7456100820642
5185 611.57043 439.6104 715.0000976809954 885.7500976809954 472.46642973411736 568.4664297341174
5202 611.57043 439.6104 708.3952424593289 879.1452424593289 477.8800669068827 573.8800669068827
5219 626.4557 449.0727 701.5410462255444 872.2910462255444 482.9743356401059 578.9743356401059
5236 626.4557 449.0727 694.4529376018812 865.2029376018812 487.73776886380733 583.7377688638073
5253 637.28705 462.42834 687.1468717414465 857.8968717414465 492.15964421036574 588.1596442103657
5270 637.28705 462.42834 679.639294413571 850.389294413571 496.2300081502966 592.2300081502966
5288 644.25525 471.68567 671.489242169551 842.239242169551 500.14650081167713 596.1465008116771
5305 644.25525 471.68567 663.620462019195 834.370462019195 503.46521726278866 599.4652172627887
5321 652.2939 475.16177 656.0785261011198 826.8285261011198 506.2444868016163 602.2444868016163
5338 652.2939 475.16177 647.9378564156366 818.6878564156366 508.8253930396211 604.8253930396211
5356 659.3995 483.88193 639.1952779150454 809.9452779150454 511.133982978935 607.133982978935
5372 659.3995 483.88193 631.335337516615 802.085337516615 512.8151948914908 608.8151948914908
5389 664.5619 490.24243 622.9108601528986 793.6608601528986 514.2151095623715 610.2151095623715
5407 664.5619 490.24243 613.9291943374132 784.6791943374132 515.2600715357657 611.2600715357657
5423 667.6034 494.18176 605.9102433377668 776.6602433377668 515.8092176247758 611.8092176247758
5440 667.6034 494.18176 597.3723718445073 768.1223718445073 515.9998227193989 611.9998227193989
5457 670.79785 498.98624 588.8350690108309 759.5850690108309 515.7852527689789 611.7852527689789
5474 670.79785 498.98624 580.317552089333 751.067552089333 515.1659907650433 611.1659907650433
5492 671.05664 501.13922 571.3418767722527 742.0918767722527 514.0707652406622 610.0707652406622
5509 671.05664 501.13922 562.9253682235171 733.6753682235171 512.6237117563112 608.6237117563112
5525 675.84717 505.40912 555.0749625136663 725.8249625136663 510.8985257511097 606.8985257511097
5542 675.84717 505.40912 546.8272249367301 717.5772249367301 508.68348516468336 604.6834851646834
5559 676.5088 509.03018 538.6938318657412 709.4438318657412 506.079738423869 602.079738423869
5576 675.2792 510.04468 530.6930913626405 701.4430913626405 503.0931464966776 599.0931464966776
5593 675.2792 510.04468 522.843012891798 693.593012891798 499.7304321259451 595.7304321259451
5610 677.3363 510.2524 515.1612667811617 685.9112667811617 495.99916469660786 591.9991646966079
5627 677.3363 510.2524 507.6651444467964 678.4151444467964 491.90774319720856 587.9077431972086
5645 680.5171 512.4074 499.9491421383856 670.6991421383856 487.19334241625086 583.1933424162509
5662 680.5171 512.4074 492.88781057617666 663.6378105761767 482.3903041584317 578.3903041584317
5678 680.5171 512.4074 486.4569398796541 657.2069398796541 477.56857846668925 573.5685784666892
5696 682.33154 511.217 479.48779392617575 650.2377939261758 471.80721829516574 567.8072182951657
5712 682.33154 511.217 473.54274297137306 644.2927429713731 466.3978277836013 562.3978277836013
5729 684.01324 509.98224 467.4974853308397 638.2474853308397 460.36571041097886 556.3657104109789
5746 683.83215 513.57556 461.7451414322254 632.4951414322254 454.0536489719888 550.0536489719889
5764 683.83215 513.57556 455.98806905859533 626.7380690585953 447.0809605355471 543.0809605355471
5780 682.4622 516.5498 451.1702998949387 621.9202998949387 440.6471252215585 536.6471252215586
5797 682.4622 516.5498 446.37160595691194 617.1216059569119 433.58284065575424 529.5828406557542
5815 685.643 513.77655 441.66195216566996 612.41195216567 425.8639399883317 521.8639399883317
5832 685.643 513.77655 437.5751422903951 608.3251422903951 418.3653024466931 514.365302446693
5848 685.2008 511.485 434.05768195865755 604.8076819586576 411.1380893339877 507.1380893339877
5866 685.2008 511.485 430.4907154271366 601.2407154271366 402.8291173091274 498.8291173091274
5883 682.69196 514.47723 427.50904530471144 598.2590453047114 394.8265412727159 490.8265412727159
5900 682.69196 514.47723 424.9103018905736 595.6603018905736 386.6915481808328 482.6915481808328
5916 679.15546 514.5996 422.8194776869708 593.5694776869708 378.9305179198789 474.9305179198789
5933 679.15546 514.5996 420.97997798067684 591.7299779806768 370.59098431373195 466.59098431373195
5950 659.14545 526.80524 419.53810174796206 590.2881017479621 362.1735872774116 458.1735872774116
5967 659.14545 526.80524 418.4970946157316 589.2470946157316 353.69727415859836 449.69727415859836
5984 638.6743 541.8985 417.85929986469176 588.6092998646918 345.18112492358273 441.18112492358273
6001 638.6743 541.8985 417.6286526131048 588.3786526131048 337.1467028281774 433.1467028281774
