683.0 1067.0 384.0 768.0
5 786.5717 401.39758
37 786.5717 401.39758
37 786.5717 401.39758
51 796.9778 406.15298
68 812.0129 409.14297
85 812.0129 409.14297
102 804.5768 412.86658
120 723.4645 408.9467
136 723.4645 408.9467
154 723.4645 408.9467
170 657.6645 403.40356
187 657.6645 403.40356
204 604.9043 403.77914
222 604.9043 403.77914
238 563.99164 402.36612
255 563.99164 402.36612
272 532.55945 399.3992
290 532.55945 399.3992
306 501.47726 395.93277
324 501.47726 395.93277
340 481.32324 391.7533
357 529.8826 402.29028
375 529.8826 402.29028
391 529.8826 402.29028
408 580.01733 414.18585
425 580.01733 414.18585
442 622.6287 419.36984
459 622.6287 419.36984
477 654.19556 425.72433
493 683.1288 429.12695
511 683.1288 429.12695
527 704.75476 431.73273
545 704.75476 431.73273
561 720.6637 431.79004
579 720.6637 431.79004
596 740.0989 437.6605
612 740.0989 437.6605
629 740.0989 437.6605
646 761.0289 446.66592
663 761.0289 446.66592
681 779.0666 455.4006
697 793.8702 460.4146
714 793.8702 460.4146
731 806.2988 465.47913
748 806.2988 465.47913
765 817.96716 464.53632
783 817.96716 464.53632
799 823.6766 467.80838
816 823.6766 467.80838
833 831.20135 467.28656
850 831.20135 467.28656
867 841.6749 489.95712
885 841.6749 489.95712
901 850.71594 506.51855
919 850.71594 506.51855
935 859.83215 521.4205
953 859.83215 521.4205
969 868.5332 531.75916
986 868.5332 531.75916
1003 873.9149 544.4974
1020 873.9149 544.4974
1037 879.5472 548.64923
1054 879.5472 548.64923
1071 883.2182 557.88367
1089 883.34436 566.9574
1105 883.34436 566.9574
1123 884.42017 567.0045
1140 884.42017 567.0045
1156 884.42017 567.0045
1173 886.54803 573.9844
1190 886.54803 573.9844
1207 888.1775 577.47797
1225 888.1775 577.47797
1241 890.5765 582.8541
1259 890.5765 582.8541
1275 892.1633 583.9559
1292 895.21893 586.86127
1310 895.21893 586.86127
1326 895.3778 587.8099
1343 895.3778 587.8099
1360 895.3778 587.8099
1377 897.539 591.8715
1394 899.0209 592.2972
1411 899.0209 592.2972
1428 899.0209 592.2972
1446 895.86127 590.47656
1462 900.2001 588.7974
1479 900.2001 588.7974
1497 883.946 582.904
1513 883.946 582.904
1530 832.5416 579.7888
1547 832.5416 579.7888
1564 832.5416 579.7888
1581 796.65265 570.82837
1598 765.9857 570.8568
1615 765.9857 570.8568
1633 765.9857 570.8568
1649 745.6723 567.1919
1666 745.6723 567.1919
1683 725.09 563.87506
1700 708.6355 565.2317
1717 708.6355 565.2317
1734 694.3033 562.4676
1751 694.3033 562.4676
1769 680.981 562.8728
1785 680.981 562.8728
1803 668.64276 559.3698
1819 668.64276 559.3698
1836 644.73944 557.4586
1853 628.09045 557.3789
1870 628.09045 557.3789
1887 628.09045 557.3789
1904 613.5862 560.33026
1922 613.5862 560.33026
1938 600.5544 566.0607
1956 600.5544 566.0607
1972 592.6489 564.3988
1989 592.6489 564.3988
2007 583.05023 567.26965
2023 583.05023 567.26965
2040 577.7278 567.1241
2057 574.0754 564.637
2074 574.0754 564.637
2091 571.7586 566.1962
2109 571.7586 566.1962
2126 569.99786 570.6017
2142 569.99786 570.6017
2159 569.99786 570.6017
2176 566.18713 572.6617
2194 566.18713 572.6617
2210 560.08374 572.77454
2227 560.08374 572.77454
2245 559.9728 573.7178
2261 557.5824 573.3828
2278 557.5824 573.3828
2295 555.9201 573.4485
2313 555.9201 573.4485
2329 555.94196 574.68567
2347 555.94196 574.68567
2364 552.83887 573.57263
2381 552.83887 573.57263
2397 552.83887 573.57263
2414 550.8793 569.5737
2431 550.8236 568.70215
2449 550.8236 568.70215
2465 549.81287 572.7962
2482 549.81287 572.7962
2500 547.1336 573.14307
2516 547.1336 573.14307
2533 547.879 570.4146
2551 547.879 570.4146
2567 548.4535 567.6863
2584 548.4535 567.6863
2601 549.81537 565.6234
2619 545.7294 561.2234
2635 545.7294 561.2234
2652 545.7294 561.2234
2669 547.36066 558.2527
2686 547.36066 558.2527
2703 543.5577 553.0531
2720 543.5577 553.0531
2738 548.19366 550.2047
2754 548.19366 550.2047
2771 563.8096 560.8859
2788 563.8096 560.8859
2805 610.2463 573.06006
2823 610.2463 573.06006
2840 650.47705 583.63245
2857 650.47705 583.63245
2873 678.27905 593.6025
2890 678.27905 593.6025
2907 703.33594 598.36945
2925 703.33594 598.36945
2941 725.84045 602.10626
2958 725.84045 602.10626
2975 741.67084 605.60596
2993 741.67084 605.60596
3009 754.9453 607.79895
3026 764.19226 615.97266
3044 764.19226 615.97266
3060 775.7194 615.55444
3077 775.7194 615.55444
3094 777.4917 620.46497
3111 777.4917 620.46497
3129 737.3275 607.75824
3145 737.3275 607.75824
3162 703.74994 596.6334
3179 703.74994 596.6334
3196 679.5025 578.0839
3213 679.5025 578.0839
3230 658.87555 565.80334
3247 658.87555 565.80334
3264 640.03253 555.02655
3281 640.03253 555.02655
3298 626.52734 512.04596
3315 626.52734 512.04596
3332 617.1153 433.98978
3350 617.1153 433.98978
3366 613.65845 366.4714
3384 608.16766 314.39258
3400 608.16766 314.39258
3418 603.4294 272.9772
3435 603.4294 272.9772
3451 603.4294 272.9772
3468 600.64044 240.98383
3485 600.64044 240.98383
3503 597.3909 215.24384
3520 597.3909 215.24384
3537 595.291 189.51945
3553 595.291 189.51945
3570 591.6485 175.05353
3587 591.6485 175.05353
3605 592.4381 165.99796
3621 654.5808 163.72043
3639 654.5808 163.72043
3655 654.5808 163.72043
3672 704.183 162.09612
3689 704.183 162.09612
3706 744.1478 159.93185
3724 744.1478 159.93185
3740 778.71094 159.52351
3758 778.71094 159.52351
3774 808.0612 157.47974
3793 827.3502 155.98448
3808 827.3502 155.98448
3825 845.01855 158.01585
3843 845.01855 158.01585
3859 845.01855 158.01585
3877 858.13055 159.30396
3894 858.13055 159.30396
3910 869.5663 157.74385
3928 869.5663 157.74385
3944 878.22424 159.46608
3961 878.22424 159.46608
3979 884.54694 158.27267
3995 892.6191 156.81432
4013 892.6191 156.81432
