683.0 1067.0 384.0 768.0
1 744.72363 384.60944
17 745.4938 383.39807
34 745.4938 383.39807
51 745.75 386.0923
69 745.75 386.0923
85 745.6931 388.55426
102 747.42755 385.21744
119 747.42755 385.21744
136 746.53564 379.0954
153 746.53564 379.0954
170 746.7033 377.53238
187 746.7033 377.53238
205 746.70575 378.61496
221 746.70575 378.61496
238 746.70575 378.61496
255 747.10596 375.27515
272 747.10596 375.27515
289 748.409 379.4669
307 775.4727 390.01456
323 775.4727 390.01456
340 795.4068 397.68677
357 795.4068 397.68677
374 812.9026 406.31104
391 812.9026 406.31104
408 812.9026 406.31104
426 827.5133 413.84784
442 827.5133 413.84784
459 837.51575 418.341
476 837.51575 418.341
494 843.6555 425.02933
511 849.7407 432.93103
527 849.7407 432.93103
545 858.35693 446.02448
561 858.35693 446.02448
579 870.72266 476.01392
595 870.72266 476.01392
612 879.51355 501.2138
630 879.51355 501.2138
646 885.7612 520.849
663 885.7612 520.849
681 893.23505 532.3119
697 893.23505 532.3119
714 899.19385 538.49896
731 899.19385 538.49896
748 901.7605 545.36536
766 901.7605 545.36536
782 905.58344 551.37726
799 905.58344 551.37726
816 907.3118 556.78845
833 907.3118 556.78845
850 907.91046 559.697
867 907.91046 559.697
884 909.9965 563.84424
901 909.9965 563.84424
918 912.09204 566.98975
935 913.6207 569.58417
953 913.6207 569.58417
969 913.6207 569.58417
986 913.985 572.7261
1003 913.985 572.7261
1021 914.3088 573.1907
1037 914.3088 573.1907
1055 916.052 573.42236
1071 916.052 573.42236
1088 917.55505 577.48285
1105 917.2335 576.193
1122 917.2335 576.193
1139 917.4528 578.8061
1156 917.4528 578.8061
1173 916.6231 580.4901
1191 916.6231 580.4901
1207 916.6231 580.4901
1224 918.7806 579.5755
1241 918.483 578.85626
1258 918.483 578.85626
1275 918.448 578.1407
1292 918.448 578.1407
1310 916.80493 578.4851
1327 916.80493 578.4851
1343 913.9603 583.681
1361 913.9603 583.681
1377 915.22504 588.6698
1395 915.22504 588.6698
1412 914.50494 588.4507
1429 914.50494 588.4507
1445 914.50494 588.4507
1462 913.97595 588.29834
1479 915.66724 589.9407
1496 915.66724 589.9407
1513 915.1559 588.12427
1530 915.1559 588.12427
1547 915.3601 588.49457
1565 915.3601 588.49457
1581 914.06537 590.3088
1598 914.06537 590.3088
1615 914.45654 589.6192
1632 914.45654 589.6192
1649 914.8287 589.4951
1667 914.7682 590.86847
1683 914.7682 590.86847
1700 914.7682 590.86847
1717 912.99976 593.15546
1735 912.99976 593.15546
1751 910.3988 594.8687
1768 910.3988 594.8687
1785 909.47614 593.15076
1803 909.47614 593.15076
1819 909.6577 596.29736
1836 909.6577 596.29736
1853 906.12006 598.03705
1871 906.38574 599.5718
1888 906.38574 599.5718
1905 904.7627 600.75684
1921 904.7627 600.75684
1938 904.077 600.80426
1956 904.077 600.80426
1973 903.1194 601.358
1989 903.1194 601.358
2006 903.1194 601.358
2023 899.74835 599.7766
2041 897.89215 596.03094
2057 897.89215 596.03094
2075 898.43134 595.4591
2092 898.43134 595.4591
2108 898.75073 600.00024
2126 898.75073 600.00024
2142 896.36865 599.3178
2160 896.36865 599.3178
2176 882.9378 597.3387
2193 882.9378 597.3387
2210 873.53625 596.65784
2228 873.53625 596.65784
2244 865.2606 591.38763
2262 865.2606 591.38763
2278 858.43195 582.8351
2296 858.43195 582.8351
2312 852.0985 583.327
2329 852.0985 583.327
2346 849.9877 582.272
2363 849.9877 582.272
2381 846.3322 582.38086
2398 846.3322 582.38086
2414 842.3203 577.6583
2431 842.3203 577.6583
2448 843.55975 574.4999
2465 839.2006 577.6524
2483 839.2006 577.6524
2499 839.2006 577.6524
2517 836.58777 575.9026
2533 836.58777 575.9026
2550 833.65826 575.64636
2567 833.65826 575.64636
2584 831.3893 573.06134
2602 831.3893 573.06134
2618 830.4 573.73425
2635 829.71906 575.9504
2652 829.71906 575.9504
2669 831.9886 574.1585
2686 831.9886 574.1585
2703 829.8156 572.3521
2720 829.8156 572.3521
2737 829.3417 568.78174
2755 829.3417 568.78174
2771 829.3417 568.78174
2788 828.9548 568.71246
2805 828.9548 568.71246
2822 830.7777 565.10474
2840 829.9148 567.4186
2856 829.9148 567.4186
2873 828.3971 569.78125
2891 828.3971 569.78125
2907 829.0657 567.8125
2925 829.0657 567.8125
2941 828.47406 568.2096
2958 828.47406 568.2096
2975 829.44507 567.71436
2992 829.44507 567.71436
3009 827.7947 572.8884
3026 827.7947 572.8884
3044 826.0941 572.6992
3061 826.0941 572.6992
3077 826.8708 574.3363
3094 826.8708 574.3363
3112 824.4038 571.8563
3128 824.4038 571.8563
3146 823.4402 569.49316
3162 823.4402 569.49316
3180 824.577 569.7497
3197 824.577 569.7497
3214 822.36597 569.8319
3230 825.3541 567.7136
3247 825.3541 567.7136
3264 825.3541 567.7136
3281 828.1813 564.5231
3298 828.1813 564.5231
3315 827.90735 564.552
3332 827.90735 564.552
3349 827.7688 560.29736
3366 827.7688 560.29736
3383 827.0588 564.4857
3401 824.1224 569.97437
3417 824.1224 569.97437
3435 822.70844 573.6599
3451 822.70844 573.6599
3469 822.56934 569.7604
3485 822.56934 569.7604
3502 822.56934 569.7604
3520 823.2903 569.6109
3536 823.2903 569.6109
3553 819.944 571.48096
3570 819.944 571.48096
3588 817.4264 574.0254
3604 816.79736 574.14954
3621 816.79736 574.14954
3638 818.0599 569.14825
3655 818.0599 569.14825
3672 825.22034 577.292
3689 825.22034 577.292
3707 825.22034 577.292
3724 832.67194 579.5966
3740 838.13477 581.5744
3757 838.13477 581.5744
3774 838.13477 581.5744
3792 849.3866 572.9124
3809 853.0886 575.7077
3825 853.0886 575.7077
3842 855.5017 575.63324
3860 855.5017 575.63324
3876 862.19684 575.38446
3893 862.19684 575.38446
3910 863.7489 577.05865
3927 863.7489 577.05865
3945 866.17755 579.77405
3962 866.17755 579.77405
3978 865.74963 575.1312
3995 865.74963 575.1312
