0 662.8932 330.78577 333.0 433.0 334.0 434.0
17 662.8932 330.78577 333.1215672298508 433.1215672298508 325.460353677165 425.460353677165
34 660.9477 340.5583 333.4861703954607 433.4861703954607 316.92762829531256 416.92762829531256
51 660.9477 340.5583 334.0935140048509 434.0935140048509 308.4087391863609 408.4087391863609
68 659.88983 345.1958 334.94310583748677 434.94310583748677 299.91059046864586 399.91059046864586
86 659.88983 345.1958 336.1059474282776 436.1059474282776 290.9428107334055 390.9428107334055
102 667.20264 351.2964 337.3660842002114 437.3660842002114 283.00404105339845 383.00404105339845
119 667.20264 351.2964 338.93750703184975 438.93750703184975 274.6093422383909 374.6093422383909
136 667.20264 351.2964 340.74725228130916 440.74725228130916 266.2627764750041 366.2627764750041
153 681.35394 341.9765 342.7938532438116 442.7938532438116 257.9711082224287 357.9711082224287
171 674.9381 351.06732 345.21716057483684 445.21716057483684 249.25899851671107 349.2589985167111
188 674.9381 351.06732 347.745971055829 447.745971055829 241.10145872448777 341.10145872448777
204 667.2364 356.202 350.3372521925565 450.3372521925565 233.4924331110061 333.4924331110061
221 667.2364 356.202 353.31279086333535 453.31279086333535 225.48702821623766 325.48702821623766
238 645.0739 350.385 356.51500152904384 456.51500152904384 217.5695674640201 317.5695674640201
256 645.0739 350.385 360.14975501321027 460.14975501321027 209.2893596734873 309.2893596734873
272 654.025 344.43027 363.5888763391684 463.5888763391684 202.0240686798987 302.02406867989873
289 654.025 344.43027 367.4548074744846 467.4548074744846 194.40862946948707 294.4086294694871
306 671.3349 352.37762 371.53594923283765 471.53594923283765 186.90632183391858 286.9063218339186
324 671.3349 352.37762 376.0880516625483 476.0880516625483 179.0927671105879 279.09276711058794
340 682.8188 358.50214 380.3304626662418 480.3304626662418 172.26532559916362 272.2653255991636
357 682.8188 358.50214 385.0367068437197 485.0367068437197 165.13850276900726 265.13850276900723
374 660.5238 346.97342 389.9439124255555 489.9439124255555 158.14853343516307 258.1485334351631
392 660.5238 346.97342 395.3543956887837 495.3543956887837 150.90284887099742 250.90284887099742
408 641.47845 329.66095 400.34514001297055 500.34514001297055 144.601699784777 244.601699784777
426 641.47845 329.66095 406.15919195402086 506.15919195402086 137.675656616284 237.675656616284
442 633.5141 313.44055 411.50043363562395 511.50043363562395 131.66873177782583 231.66873177782583
459 633.5141 313.44055 417.3496488335043 517.3496488335043 125.44562809241546 225.44562809241546
477 617.37524 268.38773 423.73332887425113 523.7333288742511 119.04079373995708 219.04079373995708
493 617.37524 268.38773 429.5675174146769 529.5675174146769 113.51139478609738 213.51139478609738
510 598.91504 229.39471 435.9262688483818 535.9262688483818 107.8099372430793 207.8099372430793
528 598.91504 229.39471 442.83303936531155 542.8330393653116 101.97300354707676 201.97300354707676
544 559.2085 209.259 449.1176429853873 549.1176429853873 96.96144031244515 196.96144031244515
561 559.2085 209.259 455.939574763276 555.939574763276 91.82319306962836 191.82319306962836
578 447.3668 167.40721 462.90500484391305 562.905004843913 86.88121758382923 186.88121758382923
595 456.90176 161.20274 470.0082881070341 570.0082881070341 82.13951907017963 182.13951907017963
612 456.90176 161.20274 477.24366770951156 577.2436677095116 77.60194042970028 177.60194042970028
630 456.90176 161.20274 485.0421198581312 585.0421198581312 73.02401316610684 173.02401316610684
646 468.15695 155.93718 492.08715802621145 592.0871580262115 69.15368424901567 169.15368424901567
663 468.15695 155.93718 499.6832388604396 599.6832388604396 65.24985358281685 165.24985358281685
680 508.83643 132.84137 507.3873660236304 607.3873660236304 61.563830988764266 161.56383098876427
697 508.83643 132.84137 515.1932957197998 615.1932957197998 58.09860379723074 158.09860379723074
714 522.6214 128.83621 523.0947016472838 623.0947016472838 54.85698039535282 154.85698039535282
731 522.6214 128.83621 531.0851801258791 631.0851801258791 51.84158795097835 151.84158795097835
748 538.7275 124.27865 539.158255286693 639.158255286693 49.0548702834833 149.0548702834833
765 538.7275 124.27865 547.3073843205016 647.3073843205016 46.49908588318232 146.49908588318232
783 554.1216 119.0354 556.0114292711773 656.0114292711773 44.04696936032366 144.04696936032366
799 563.2594 113.65181 563.8073299341439 663.8073299341439 42.08841336946284 142.08841336946284
816 563.2594 113.65181 572.1447741627716 672.1447741627716 40.23709987763954 140.23709987763954
834 607.60767 93.293526 581.0262683082123 681.0262683082123 38.53641304886645 138.53641304886645
851 607.60767 93.293526 589.4578444296311 689.4578444296311 37.176684392405264 137.17668439240526
867 607.60767 93.293526 597.4258042831839 697.4258042831839 36.116672841359446 136.11667284135945
884 646.7619 77.07926 605.9196140026227 705.9196140026227 35.2247455122278 135.2247455122278
902 646.7619 77.07926 614.9368339036334 714.9368339036334 34.54429036905128 134.54429036905128
918 658.13983 78.34407 622.9661736117806 722.9661736117806 34.167843072143 134.167843072143
935 658.13983 78.34407 631.5051081479654 731.5051081479654 34.00372452586896 134.00372452586896
952 670.3691 78.359634 640.0452542165596 740.0452542165596 34.08273742076125 134.08273742076125
970 680.2902 78.11843 649.0813904556234 749.0813904556234 34.431328605587055 134.43132860558705
986 680.2902 78.11843 657.1015001944813 757.1015001944813 34.96970439707047 134.96970439707047
1003 691.02466 78.42123 665.6037768999744 765.6037768999744 35.77693963769889 135.7769396376989
1021 691.02466 78.42123 674.5772397075203 774.5772397075203 36.895080588854285 136.89508058885428
1037 735.6913 65.64594 682.5221900543268 782.5221900543268 38.115643042381976 138.11564304238198
1054 735.6913 65.64594 690.9246150057149 790.9246150057149 39.645215808474234 139.64521580847423
1071 753.8051 53.339134 699.2800950571935 799.2800950571935 41.41334787928315 141.41334787928315
1089 753.8051 53.339134 708.0683806888678 808.0683806888678 43.54391343827683 143.54391343827683
1105 763.92566 52.03779 715.8231772598931 815.8231772598931 45.65936583863811 145.6593658386381
1122 763.92566 52.03779 723.9973720999366 823.9973720999366 48.133810549576026 148.13381054957603
1139 808.53644 42.21159 732.0978182836474 832.0978182836474 50.839934998910564 150.83993499891056
1156 808.53644 42.21159 740.117950819005 840.117950819005 53.77554601295549 153.7755460129555
1173 848.6993 35.76921 748.0512698040402 848.0512698040402 56.93826443105149 156.9382644310515
1191 848.6993 35.76921 756.3494866729714 856.3494866729714 60.53171273890922 160.53171273890922
1207 871.0728 21.869549 763.6318245155068 863.6318245155068 63.93458862018292 163.93458862018292
1225 871.0728 21.869549 771.712097942471 871.712097942471 67.99444764366609 167.9944476436661
1241 874.39594 28.7858 778.788983721744 878.788983721744 71.80623152831976 171.80623152831976
1258 874.39594 28.7858 786.1933800147626 886.1933800147626 76.06243329120804 176.06243329120804
1276 909.79175 28.19844 793.8978774307536 893.8978774307536 80.79677522140798 180.79677522140798
1292 909.79175 28.19844 800.6238064458005 900.6238064458005 85.19835307494287 185.19835307494287
1310 911.7884 39.734173 808.046396715908 908.046396715908 90.36346949445999 190.36346949446
1326 911.7884 39.734173 814.5109413283826 914.5109413283826 95.14067282585665 195.14067282585665
1344 916.3677 53.11496 821.6275668282935 921.6275668282935 100.71982289007568 200.71982289007568
1360 941.2309 56.79045 827.809774570124 927.809774570124 105.85716813378187 205.85716813378187
1377 941.2309 56.79045 834.2250299387413 934.2250299387413 111.49497235758312 211.49497235758312
1394 941.2309 56.79045 840.4772028442499 940.4772028442499 117.31310538030687 217.31310538030687
1411 950.8894 80.98526 846.5612262243785 946.5612262243785 123.30685190652298 223.30685190652298
1428 950.8894 80.98526 852.4721692933363 952.4721692933363 129.47135431515434 229.47135431515434
1445 981.1019 92.21473 858.2052415379586 958.2052415379586 135.80161659632608 235.80161659632608
1462 981.1019 92.21473 863.7557966001699 963.7557966001699 142.29250840037312 242.29250840037312
1479 1000.2582 103.26936 869.1193360426164 969.1193360426164 148.93876919572267 248.93876919572267
1496 1000.2582 103.26936 874.2915129944168 974.2915129944168 155.73501253228335 255.73501253228335
1513 1000.9682 122.46036 879.2681356740757 979.2681356740757 162.675730406883 262.67573040688296
1530 1000.9682 122.46036 884.0451707867052 984.0451707867052 169.7552977272204 269.7552977272204
1547 1006.0897 139.728 888.6187467928016 988.6187467928016 176.96797687071094 276.9679768707109
1565 1027.8285 142.8338 893.2354766962846 993.2354766962846 184.74352051365594 284.74352051365594
1581 1027.8285 142.8338 897.1408627967578 997.1408627967578 191.76918547310373 291.76918547310373
1599 1045.2927 148.44264 901.3076210713034 1001.3076210713034 199.79485674886422 299.7948567488642
1615 1045.2927 148.44264 904.8068623492258 1004.8068623492258 207.03138348446487 307.03138348446487
1632 1045.9812 167.11017 908.3109432553329 1008.3109432553329 214.8199491363638 314.8199491363638
1649 1045.9812 167.11017 911.5918989033121 1011.5918989033121 222.7051040458423 322.7051040458423
1666 1045.9812 167.11017 914.6470702485676 1014.6470702485676 230.6804577033056 330.6804577033056
1684 1073.0698 172.76955 917.6331117598017 1017.6331117598017 239.21607894831448 339.2160789483145
1700 1073.0698 172.76955 920.0703407916484 1020.0703407916484 246.87583895516212 346.8758389551621
1717 1075.0764 194.21597 922.4340447096293 1022.4340447096293 255.08274103198784 355.08274103198784
1735 1092.5496 201.09045 924.6810775952 1024.6810775952 263.8419714294728 363.8419714294728
1751 1092.5496 201.09045 926.4560130930984 1026.4560130930984 271.6817171329047 371.6817171329047
1769 1086.5597 242.71219 928.2009350518042 1028.2009350518042 280.55462653755245 380.55462653755245
1785 1086.5597 242.71219 929.5268506369953 1029.5268506369953 288.4826752619944 388.4826752619944
1802 1085.0013 262.99072 930.7023636603816 1030.7023636603817 296.94190141113677 396.94190141113677
1819 1085.0013 262.99072 931.6366043392997 1031.6366043392995 305.4311612295389 405.4311612295389
1836 1068.7354 294.50967 932.3288155200738 1032.328815520074 313.9435746118702 413.9435746118702
1853 1068.7354 294.50967 932.7784362013994 1032.7784362013995 322.4722426880359 422.4722426880359
1871 1069.5383 310.95425 932.9896881603357 1032.9896881603358 331.5126324227158 431.5126324227158
1887 1069.5383 310.95425 932.9486453909749 1032.948645390975 339.5506871754069 439.5506871754069
1905 1069.5383 310.95425 932.6450853553974 1032.6450853553974 348.5884482504665 448.5884482504665
1922 855.6307 248.76341 932.1083946506541 1032.1083946506542 357.1120801640305 457.1120801640305
1938 897.22815 289.09668 931.3818216320687 1031.3818216320687 365.1173347111916 465.1173347111916
1956 897.22815 289.09668 930.3084090841814 1030.3084090841814 374.09625777841393 474.09625777841393
1972 933.2279 310.32745 929.1274512558361 1029.1274512558361 382.04719151753216 482.04719151753216
1989 933.2279 310.32745 927.6397665348454 1027.6397665348454 390.4571339716405 490.4571339716405
2006 942.34985 321.88123 925.9132915457113 1025.9132915457112 398.8213208432003 498.8213208432003
2023 942.34985 321.88123 923.9494255069792 1023.9494255069792 407.13297339202586 507.13297339202586
2040 966.7267 355.34946 921.7497600303433 1021.7497600303433 415.385355454278 515.3853554542779
2057 966.7267 355.34946 919.3160778307275 1019.3160778307275 423.5717789017766 523.5717789017766
2074 990.5458 368.94125 916.6503512814876 1016.6503512814876 431.68560906238275 531.6856090623828
2091 990.5458 368.94125 913.7547408159044 1013.7547408159044 439.7202700970553 539.7202700970553
2108 1001.2191 397.27405 910.6315931762647 1010.6315931762647 447.6692503292295 547.6692503292295
2125 997.2024 420.39694 907.2834395119482 1007.2834395119482 455.52610752219204 555.526107522192
2143 997.2024 420.39694 903.4961054216201 1003.4961054216201 463.737646624778 563.737646624778
2159 997.2024 420.39694 899.9231482862865 999.9231482862865 470.9380623089762 570.9380623089762
2176 1007.8056 429.29443 895.9169758597092 995.9169758597092 478.4806693117979 578.4806693117979
2194 1007.8056 429.29443 891.4429679827582 991.4429679827582 486.339201456037 586.339201456037
2210 1012.3802 452.95178 887.2688087238421 987.2688087238421 493.20858302917645 593.2085830291765
2227 1012.3802 452.95178 882.6338229060326 982.6338229060326 500.38195353258584 600.3819535325858
2244 1009.02496 475.47446 877.7965218060378 977.7965218060378 507.42048008140796 607.420480081408
2262 1009.02496 475.47446 872.4585164298949 972.4585164298949 514.719724737489 614.719724737489
2278 1009.4751 488.47556 867.5308160761413 967.5308160761413 521.0702977777584 621.0702977777584
2295 1009.4751 488.47556 862.1107312689596 962.1107312689596 527.6705264551181 627.6705264551181
2313 995.53613 503.14798 856.169526925818 956.169526925818 534.4878107309933 634.4878107309933
2329 974.8379 503.86792 850.7180576999276 950.7180576999276 540.394882086187 640.394882086187
2346 974.8379 503.86792 844.754702109853 944.754702109853 546.5086966087915 646.5086966087915
2363 966.23804 523.9696 838.6197303028227 938.6197303028227 552.4502838409564 652.4502838409564
2380 966.23804 523.9696 832.3181143556885 932.3181143556885 558.2148284340103 658.2148284340103
2397 965.47687 537.75275 825.8549614017456 925.8549614017456 563.7976585231695 663.7976585231695
2415 965.47687 537.75275 818.8413765564474 918.8413765564474 569.5058019659065 669.5058019659065
2431 965.47687 537.75275 812.4651233483269 912.4651233483269 574.4002277485814 674.4002277485814
2448 972.8233 537.7592 805.5492900189863 905.5492900189863 579.4113740517007 679.4113740517007
2466 972.8233 537.7592 798.0743413925139 898.0743413925139 584.5004227817345 684.5004227817345
2482 970.60156 541.2344 791.3038148358737 891.3038148358737 588.8330869577367 688.8330869577367
2499 962.8539 559.18805 783.9857182018081 883.9857182018081 593.2360177503971 693.2360177503971
2516 962.8539 559.18805 776.54525546435 876.54525546435 597.4288511793545 697.4288511793545
2533 960.796 575.8042 768.9884567331254 868.9884567331254 601.4081891703074 701.4081891703074
2550 960.796 575.8042 761.3214464020558 861.3214464020558 605.1708066759479 705.1708066759479
2568 954.34326 591.0012 753.0902155588545 853.0902155588545 608.9151507775223 708.9151507775223
2584 954.34326 591.0012 745.6817300841386 845.6817300841386 612.0338607170812 712.0338607170812
2601 943.8463 593.5234 737.721699277214 837.721699277214 615.1287351027865 715.1287351027865
2618 943.8463 593.5234 729.6767969577133 829.6767969577133 617.9957692114392 717.9957692114392
2635 933.41736 607.6437 721.553543102233 821.553543102233 620.6326394604092 720.6326394604092
2653 933.41736 607.6437 712.8743677514212 812.8743677514212 623.1713771733134 723.1713771733134
2669 933.41736 607.6437 705.0983728534557 805.0983728534557 625.2075284601758 725.2075284601758
2686 912.7864 620.42847 696.7797925232513 796.7797925232513 627.1418395004217 727.1418395004217
2703 907.5935 630.7355 688.4095219750633 788.4095219750633 628.8385742647915 728.8385742647915
2721 907.5935 630.7355 679.4980815799211 779.4980815799211 630.3746419810356 730.3746419810356
2737 903.9591 626.56866 671.5410813019316 771.5410813019316 631.5140081610913 731.5140081610913
2755 903.9591 626.56866 662.5566681050749 762.5566681050749 632.5404551656717 732.5404551656717
2771 879.9557 642.4895 654.5477237438794 754.5477237438794 633.2251587040392 733.2251587040392
2789 879.9557 642.4895 645.5194574500881 745.5194574500881 633.7386581426483 733.7386581426483
2806 853.6525 649.64264 636.982177164819 736.982177164819 633.9735692774082 733.9735692774082
2823 853.6525 649.64264 628.4416695312384 728.4416695312384 633.9653673731979 733.9653673731979
2839 850.01416 641.61835 620.4067954607539 720.4067954607539 633.7355687926154 733.7355687926154
2856 850.01416 641.61835 611.8797793711809 711.8797793711809 633.2556370072082 733.2556370072082
2874 844.6587 640.13586 602.8699783535706 702.8699783535706 632.4831348595524 732.4831348595524
2890 675.727 512.1087 594.8839945588649 694.8839945588649 631.5687653790487 731.5687653790487
2907 675.727 512.1087 586.4290000393138 686.4290000393138 630.3631926583694 730.3631926583694
2924 675.727 512.1087 578.0117489028069 678.0117489028069 628.9174329219486 728.9174329219486
2942 694.4099 531.8798 569.1480850152877 669.1480850152877 627.1261382967836 727.1261382967836
2958 694.4099 531.8798 561.3177276452934 661.3177276452934 625.3102329649023 725.3102329649023
2975 706.6741 546.2033 553.0544871637487 653.0544871637487 623.1517161929854 723.1517161929854
2993 706.6741 546.2033 544.3759367047026 644.3759367047026 620.6108431393186 720.6108431393186
3009 686.40924 562.4748 536.7290257094023 636.7290257094023 618.1335944747455 718.1335944747455
3026 686.40924 562.4748 528.6800356774336 628.6800356774336 615.278056456131 715.278056456131
3043 670.76636 574.24963 520.7155915726703 620.7155915726703 612.1945571432422 712.1945571432422
3060 670.76636 574.24963 512.8421481644934 612.8421481644934 608.8855955525434 708.8855955525434
3077 661.9433 583.085 505.066086470933 605.066086470933 605.3538534259965 705.3538534259965
3094 652.7029 590.9326 497.3937085871838 597.3937085871838 601.6021930576474 701.6021930576474
3111 652.7029 590.9326 489.8312325780845 589.8312325780845 597.6336549738851 697.6336549738851
3128 644.62994 595.0784 482.38478743869564 582.3847874386956 593.4514554692516 693.4514554692516
3145 644.62994 595.0784 475.06040812706976 575.0604081270698 589.058983999804 689.058983999804
3162 644.62994 595.0784 467.8640306732291 567.8640306732291 584.4598004361334 684.4598004361334
3179 639.0942 574.25275 460.8014873683203 560.8014873683203 579.6576321782761 679.6576321782761
3196 639.0942 574.25275 453.87850203784535 553.8785020378454 574.6563711348483 674.6563711348483
3213 615.74963 573.4143 447.10068540279684 547.1006854027969 569.4600705688548 669.4600705688548
3230 615.74963 573.4143 440.47353053246013 540.4735305324601 564.0729418127313 664.0729418127313
3248 605.74426 556.37634 433.6267260338776 533.6267260338776 558.165781572544 658.165781572544
3265 595.7939 563.32574 427.3265285815807 527.3265285815808 552.3996867092457 652.3996867092457
3281 595.7939 563.32574 421.54910963438175 521.5491096343817 546.8109982204569 646.8109982204569
3298 581.4563 566.46924 415.5770257696452 515.5770257696452 540.7057093474355 640.7057093474355
3316 581.4563 566.46924 409.4458068390105 509.4458068390105 534.0587981572892 634.0587981572892
3332 568.24506 542.0021 404.1661854693228 504.1661854693228 527.9976425819129 627.9976425819129
3349 568.24506 542.0021 398.7366769287074 498.7366769287074 521.4051639192346 621.4051639192346
3366 552.02106 506.62943 393.49702667636814 493.49702667636814 514.6608030789737 614.6608030789737
3383 552.02106 506.62943 388.45148117741576 488.45148117741576 507.7700260162269 607.7700260162269
3401 508.00525 469.82788 383.3252481623738 483.3252481623738 500.3205287834901 600.3205287834901
3417 508.00525 469.82788 378.95890042682595 478.95890042682595 493.5716758314352 593.5716758314352
3435 508.00525 469.82788 374.2649101067921 474.2649101067921 485.8425278304917 585.8425278304917
3452 497.45786 462.81805 370.04748418581175 470.04748418581175 478.4159770489023 578.4159770489023
3468 488.12766 456.38727 366.2727575118902 466.2727575118902 471.3192561685689 571.3192561685689
3485 488.12766 456.38727 362.4719822152257 462.4719822152257 463.6710900449318 563.6710900449318
3502 478.70483 425.00974 358.8904558633554 458.8904558633554 455.9178322199049 555.9178322199049
3519 478.70483 425.00974 355.5310810978608 455.5310810978608 448.06576630732854 548.0657663073285
3536 469.09286 424.35938 352.3965805179704 452.3965805179704 440.1212559998803 540.1212559998803
3554 469.09286 424.35938 349.3256228120883 449.3256228120883 431.61581699217805 531.615816992178
3570 461.13895 422.70114 346.8121790087004 446.8121790087004 423.9807263598813 523.9807263598814
3587 461.13895 422.70114 344.3668039474663 444.3668039474663 415.79778809050777 515.7977880905078
3605 452.91644 418.91705 342.03258971905177 442.03258971905177 407.06138620638365 507.06138620638365
3622 452.91644 418.91705 340.07076873233893 440.07076873233893 398.74925072104793 498.74925072104793
3638 441.21918 412.39465 338.44119032461737 438.44119032461737 390.87800666884965 490.87800666884965
3655 441.21918 412.39465 336.9414924513526 436.9414924513526 382.4701981434725 482.4701981434725
3672 427.6225 405.76733 335.68173466233077 435.68173466233077 374.02310703330426 474.02310703330426
3690 427.6225 405.76733 334.61053131423415 434.61053131423415 365.043920136258 465.043920136258
3706 417.6578 394.06638 333.8859279242903 433.8859279242903 357.03848706593226 457.03848706593226
3723 417.6578 394.06638 333.35133438360816 433.35133438360816 348.5147233633919 448.5147233633919
3740 411.01813 371.21194 333.05959056430925 433.05959056430925 339.9791962294431 439.9791962294431
3757 411.01813 371.21194 453.02406576024066 553.0240657602407 331.056686471707 431.056686471707
3774 406.77313 351.7369 453.36623095517183 553.3662309551719 322.5235450269113 422.5235450269113
3791 406.77313 351.7369 454.11274721758974 554.1127472175897 314.01623679178385 414.01623679178385
3809 402.01544 334.63513 455.34202256495803 555.342022564958 305.0579362572376 405.0579362572376
3825 402.01544 334.63513 456.81120498653286 556.8112049865329 297.15561763711503 397.15561763711503
3842 397.95126 316.93845 458.7570723329198 558.7570723329197 288.84025954453836 388.84025954453836
3859 399.32767 303.31113 461.09515609929747 561.0951560992975 280.62655488470796 380.62655488470796
3876 399.32767 303.31113 463.8201933182859 563.8201933182859 272.53299249891984 372.53299249891984
3893 401.68588 289.23526 466.92605000007745 566.9260500000775 264.5777907912517 364.5777907912517
3910 401.68588 289.23526 470.40573493989234 570.4057349398923 256.7788567193968 356.7788567193968
3927 401.68588 289.23526 474.251415455004 574.251415455004 249.15374548655507 349.15374548655507
3944 403.20642 277.95132 478.4544350159092 578.4544350159092 241.71962102511617 341.71962102511617
3961 403.20642 277.95132 483.0053327319572 583.0053327319572 234.49321736108072 334.4932173610807
3978 416.6354 245.04073 487.893864647575 587.893864647575 227.49080094619188 327.4908009461919
3995 416.6354 245.04073 493.109026801152 593.109026801152 220.7281340425647 320.7281340425647
4013 428.28564 220.70842 498.9739209792019 598.9739209792019 213.84589003154827 313.84589003154827
4029 428.28564 220.70842 504.47157621838664 604.4715762183866 207.98236520147657 307.98236520147657
4046 424.36786 218.25955 510.59338667089924 610.5933866708992 202.0279536670738 302.0279536670738
4063 422.7305 215.25912 516.9907313118342 616.9907313118342 196.37060786867886 296.37060786867886
4080 422.7305 215.25912 523.6492098803254 623.6492098803254 191.0230623484931 291.0230623484931
4097 451.14392 215.98544 530.5538343096449 630.5538343096449 185.9973542961332 285.9973542961332
4114 451.14392 215.98544 537.689062464963 637.689062464963 181.30479645322103 281.304796453221
4131 478.48083 213.27771 545.0388331282979 645.0388331282979 176.95595164869005 276.9559516486901
4149 478.48083 213.27771 553.0363936238961 653.0363936238961 172.73679385759596 272.73679385759596
4165 506.43442 207.45546 560.3153796987771 660.3153796987771 169.32776198864897 269.32776198864894
4182 506.43442 207.45546 568.2077684862486 668.2077684862486 166.06558799499004 266.06558799499004
4199 506.43442 207.45546 576.2460029469295 676.2460029469295 163.1814301122385 263.1814301122385
4217 534.67566 203.4021 584.8959282560902 684.8959282560902 160.54684124624086 260.5468412462409
4233 534.67566 203.4021 592.6873458725511 692.6873458725511 158.57226582663537 258.5722658266354
4250 559.33386 198.08842 601.053445290706 701.053445290706 156.85763453593017 256.8576345359302
4268 571.3334 191.16226 609.9896433324445 709.9896433324445 155.4768264733346 255.4768264733346
4284 571.3334 191.16226 617.9823830375866 717.9823830375866 154.6275629290547 254.6275629290547
4301 592.676 187.95985 626.507114755926 726.507114755926 154.1171424476271 254.1171424476271
4319 592.676 187.95985 635.5488207000526 735.5488207000526 154.01804670179018 254.01804670179018
4335 613.50146 181.15878 643.581202299593 743.581202299593 154.31127426047263 254.31127426047263
4352 613.50146 181.15878 652.0921247860152 752.0921247860152 155.01538956894865 255.01538956894865
4370 619.5917 178.10228 661.0564395481568 761.0564395481568 156.20001068650026 256.20001068650026
4387 619.5917 178.10228 669.4581090553891 769.4581090553891 157.73086973577773 257.73086973577773
4403 640.4739 171.90501 677.2909320172428 777.2909320172428 159.53420581373558 259.5342058137356
4420 640.4739 171.90501 685.5161853111272 785.5161853111272 161.83133188536496 261.831331885365
4437 661.67865 165.26001 693.6232260010909 793.6232260010909 164.5160052712332 264.5160052712332
4454 661.67865 165.26001 701.5938053437343 801.5938053437343 167.58218283949915 267.5821828394992
4471 701.74805 147.93086 709.4099817666976 809.4099817666976 171.0229627020636 271.02296270206364
4489 701.74805 147.93086 717.4980927560449 817.4980927560449 175.0658239377357 275.0658239377357
4505 714.3456 147.32074 724.5091369531456 824.5091369531456 178.99652309031762 278.9965230903176
4523 714.3456 147.32074 732.1777732058051 832.1777732058051 183.78758605914797 283.787586059148
4539 732.63916 149.19215 738.7848168015221 838.7848168015221 188.36493370665013 288.36493370665016
4556 732.63916 149.19215 745.5733867574248 845.5733867574248 193.54633292803192 293.5463329280319
4574 755.3992 152.25294 752.4847699331881 852.4847699331881 199.3768602579292 299.3768602579292
4590 755.3992 152.25294 758.3756166338345 858.3756166338345 204.8452294582745 304.8452294582745
4607 763.28076 162.68112 764.3604590589218 864.3604590589218 210.9372932370277 310.9372932370277
4624 789.147 174.23082 770.0496124154753 870.0496124154753 217.30636805391646 317.30636805391646
4642 789.147 174.23082 775.7369103211945 875.7369103211945 224.33608418463587 324.33608418463587
4658 807.93365 192.04617 780.4903217770493 880.4903217770493 230.81761302381858 330.8176130238186
4675 807.93365 192.04617 785.2183760095571 885.2183760095571 237.9293697063817 337.9293697063817
4692 807.93365 192.04617 789.6037905304013 889.6037905304013 245.25737894613326 345.25737894613326
4709 826.08264 206.85011 793.6366938824929 893.6366938824929 252.78514557975075 352.78514557975075
4726 826.08264 206.85011 797.3080081024611 897.3080081024611 260.4957247950736 360.4957247950736
4743 846.31006 207.8025 800.6094691549205 900.6094691549205 268.3717602734482 368.3717602734482
4761 846.31006 207.8025 803.6937615671286 903.6937615671286 276.8717253711941 376.8717253711941
4778 871.197 209.80391 806.2113040348377 906.2113040348377 285.032213093187 385.032213093187
4794 871.197 209.80391 808.2246793622878 908.2246793622878 292.8136947228397 392.8136947228397
4811 884.58545 228.43541 809.980977411876 909.980977411876 301.17114631399613 401.17114631399613
4828 884.58545 228.43541 811.3388957607996 911.3388957607996 309.60249482388303 409.60249482388303
4845 877.39954 248.37912 812.2953777692248 912.2953777692248 318.08876150040663 418.08876150040663
4862 898.72516 250.24983 812.84827042036 912.84827042036 326.6108439720703 426.6108439720703
4879 898.72516 250.24983 812.9963291668411 912.9963291668411 335.1495592469291 435.1495592469291
4896 718.98016 200.19987 812.7392207321774 912.7392207321774 343.68568689301895 443.68568689301895
4913 718.98016 200.19987 812.0775238609478 912.0775238609478 352.200012303063 452.200012303063
4930 718.98016 200.19987 811.0127280160616 911.0127280160616 360.6733699460652 460.6733699460652
4947 765.6807 218.73584 809.5472300260149 909.5472300260149 369.0866865084376 469.0866865084376
4964 765.6807 218.73584 807.6843286896907 907.6843286896907 377.4210238275436 477.4210238275436
4982 788.70874 254.02203 805.2833637432075 905.2833637432075 386.13868599538773 486.13868599538773
4998 788.70874 254.02203 802.7839744590015 902.7839744590015 393.77793921594457 493.77793921594457
5015 817.4955 284.52985 799.7575521379785 899.7575521379785 401.7636982827043 501.7636982827043
5032 843.31006 297.0755 796.3557627878217 896.3557627878217 409.59692297976756 509.59692297976756
5050 843.31006 297.0755 792.3532545820084 892.3532545820084 417.70507902225296 517.7050790222529
5066 860.14575 324.63623 788.4575400722103 888.4575400722103 424.73562274375536 524.7356227437554
5084 860.14575 324.63623 783.7047491910079 883.7047491910079 432.4280375262833 532.4280375262833
5100 881.2698 334.36234 779.1603810904619 879.1603810904619 439.057807893992 539.057807893992
5118 881.2698 334.36234 773.7000770999266 873.7000770999266 446.265258669255 546.265258669255
5134 878.00757 362.25473 768.5479494131282 868.5479494131282 452.4345954942897 552.4345954942896
5152 878.00757 362.25473 762.4292686708334 862.4292686708334 459.0922236245453 559.0922236245453
5168 856.9988 373.661 756.7157445286122 856.7157445286122 464.7456100820642 564.7456100820642
5185 856.9988 373.661 750.3750976809954 850.3750976809954 470.46642973411736 570.4664297341174
5202 856.9988 373.661 743.7702424593289 843.7702424593289 475.8800669068827 575.8800669068827
5219 863.9364 383.0621 736.9160462255444 836.9160462255444 480.9743356401059 580.9743356401059
5236 873.2197 408.91138 729.8279376018812 829.8279376018812 485.73776886380733 585.7377688638073
5253 873.2197 408.91138 722.5218717414465 822.5218717414465 490.15964421036574 590.1596442103657
5270 873.00854 428.58286 715.014294413571 815.014294413571 494.2300081502966 594.2300081502966
5287 873.00854 428.58286 707.3221049847989 807.3221049847989 497.93969839739407 597.9396983973941
5304 871.52545 447.18896 699.4626183788416 799.4626183788416 501.28036453280606 601.2803645328061
5321 871.52545 447.18896 691.4535261011198 791.4535261011198 504.2444868016163 604.2444868016163
5338 873.19324 465.66266 683.3128564156366 783.3128564156366 506.8253930396211 606.8253930396211
5355 873.19324 465.66266 675.0589337638094 775.0589337638094 509.01727369220305 609.017273692203
5373 869.9806 480.50406 666.2166959955493 766.2166959955493 510.90859534556046 610.9085953455605
5389 869.9806 480.50406 658.2858601528986 758.2858601528986 512.2151095623715 612.2151095623715
5407 858.59467 493.30493 649.3041943374132 749.3041943374132 513.2600715357657 613.2600715357657
5424 854.86444 488.74283 640.7833442119403 740.7833442119403 513.8316422459586 613.8316422459586
5440 854.86444 488.74283 632.7473718445073 732.7473718445073 513.9998227193989 613.9998227193989
5457 854.86444 488.74283 624.2100690108309 724.2100690108309 513.7852527689789 613.7852527689789
5474 843.34924 501.12704 615.692552089333 715.692552089333 513.1659907650433 613.1659907650433
5492 843.34924 501.12704 606.7168767722527 706.7168767722527 512.0707652406622 612.0707652406622
5508 831.8463 513.36487 598.7934791480179 698.7934791480179 510.71987418285164 610.7198741828516
5525 831.8463 513.36487 590.4499625136663 690.4499625136663 508.8985257511097 608.8985257511097
5542 819.35834 507.0545 582.2022249367301 682.2022249367301 506.68348516468336 606.6834851646834
5559 819.35834 507.0545 574.0688318657412 674.0688318657412 504.079738423869 604.079738423869
5576 786.8631 515.2241 566.0680913626405 666.0680913626405 501.0931464966776 601.0931464966776
5593 786.8631 515.2241 558.218012891798 658.218012891798 497.7304321259451 597.7304321259451
5610 755.7378 521.20776 550.5362667811617 650.5362667811617 493.99916469660786 593.9991646966079
5627 712.76495 509.7217 543.0401444467964 643.0401444467964 489.90774319720856 589.9077431972086
5644 712.76495 509.7217 535.7465194703461 635.7465194703461 485.4653773139863 585.4653773139863
5661 702.2224 515.34814 528.6718096170268 628.6718096170268 480.6820667001052 580.6820667001052
5678 702.2224 515.34814 521.8319398796541 621.8319398796541 475.56857846668925 575.5685784666892
5695 679.48883 519.0548 515.2423066318847 615.2423066318847 470.13642294632587 570.1364229463259
5712 679.48883 519.0548 508.91774297137306 608.9177429713731 464.3978277836013 564.3978277836013
5730 679.48883 519.0548 502.52587413130334 602.5258741313033 458.00202610763864 558.0020261076386
5746 656.1438 521.7389 497.1201414322254 597.1201414322254 452.0536489719888 552.0536489719889
5764 656.1438 521.7389 491.36306905859533 591.3630690585953 445.0809605355471 545.0809605355471
5781 651.23486 503.41656 486.25378898296606 586.2537889829661 438.23794679551276 538.2379467955127
5797 627.92615 506.34546 481.74660595691194 581.7466059569119 431.58284065575424 531.5828406557542
5815 627.92615 506.34546 477.03695216566996 577.03695216567 423.8639399883317 523.8639399883317
5831 617.1088 503.21317 473.18065612063515 573.1806561206351 416.8116979778178 516.8116979778179
5848 617.1088 503.21317 469.43268195865755 569.4326819586576 409.1380893339877 509.1380893339877
5865 609.53827 500.502 466.05289368960894 566.0528936896089 401.295346752855 501.295346752855
5882 609.53827 500.502 463.04889913133843 563.0488991313384 393.30112404946493 493.30112404946493
5899 602.20905 495.80322 460.427460199564 560.4274601995639 385.1734160167848 485.1734160167848
5917 602.20905 495.80322 458.07533489037223 558.0753348903722 376.44244969702606 476.44244969702606
5933 596.77295 491.26114 456.35497798067684 556.3549779806768 368.59098431373195 468.59098431373195
5950 596.77295 491.26114 454.91310174796206 554.9131017479621 360.1735872774116 460.1735872774116
5967 596.77295 491.26114 453.8720946157316 553.8720946157316 351.69727415859836 451.69727415859836
5985 557.354 465.4641 453.2093745722001 553.2093745722001 342.6793437701557 442.6793437701557
6002 551.15405 445.4064 453.0036526131048 553.0036526131048 335.1467028281774 435.1467028281774
