1 697.52686 316.93945 333.00042067616835 433.00042067616835 333.4976002348308 433.4976002348308
17 697.52686 316.93945 333.1215672298508 433.1215672298508 325.460353677165 425.460353677165
34 700.6188 305.20035 333.4861703954607 433.4861703954607 316.92762829531256 416.92762829531256
51 700.6188 305.20035 334.0935140048509 434.0935140048509 308.4087391863609 408.4087391863609
68 702.32983 315.35907 334.94310583748677 434.94310583748677 299.91059046864586 399.91059046864586
85 699.5207 301.93185 336.0342573431978 436.0342573431978 291.44006945149073 391.44006945149073
103 699.5207 301.93185 337.4518999466856 437.4518999466856 282.5090245297676 382.5090245297676
119 701.7655 291.98776 338.93750703184975 438.93750703184975 274.6093422383909 374.6093422383909
136 701.7655 291.98776 340.74725228130916 440.74725228130916 266.2627764750041 366.2627764750041
153 703.02924 304.20477 342.7938532438116 442.7938532438116 257.9711082224287 357.9711082224287
170 703.02924 304.20477 345.0756512552929 445.0756512552929 249.74105744826687 349.7410574482669
187 703.02924 304.20477 347.59079703666407 447.59079703666407 241.57929418234613 341.57929418234613
204 704.79694 314.3921 350.3372521925565 450.3372521925565 233.4924331110061 333.4924331110061
222 704.79694 314.3921 353.4949060276202 453.4949060276202 225.01879775167134 325.01879775167134
238 706.8245 322.65518 356.51500152904384 456.51500152904384 217.5695674640201 317.5695674640201
255 709.9573 310.4643 359.9412889638151 459.9412889638151 209.74646754616077 309.7464675461608
272 709.9573 310.4643 363.5888763391684 463.5888763391684 202.0240686798987 302.02406867989873
289 711.4961 301.43228 367.4548074744846 467.4548074744846 194.40862946948707 294.4086294694871
306 711.4961 301.43228 371.53594923283765 471.53594923283765 186.90632183391858 286.9063218339186
323 709.1494 295.46533 375.8289940602396 475.8289940602396 179.52322600490484 279.5232260049048
340 709.1494 295.46533 380.3304626662418 480.3304626662418 172.26532559916362 272.2653255991636
357 705.6522 288.39178 385.0367068437197 485.0367068437197 165.13850276900726 265.13850276900723
374 705.6522 288.39178 389.9439124255555 489.9439124255555 158.14853343516307 258.1485334351631
391 706.3572 301.9541 395.0481023758233 495.0481023758233 151.30108260568883 251.30108260568883
409 706.3572 301.9541 400.66264512599264 500.66264512599264 144.21234621253794 244.21234621253794
425 653.55597 280.52536 405.83073236238414 505.83073236238414 138.05581447516937 238.05581447516937
443 653.55597 280.52536 411.8395815063909 511.8395815063909 131.2980777305462 231.2980777305462
460 648.78534 240.11621 417.69921012162035 517.6992101216204 125.08477825264669 225.0847782526467
476 648.78534 240.11621 423.3736374701024 523.3736374701024 119.39154692211227 219.39154692211227
494 651.5931 203.9498 429.9370474236076 529.9370474236076 113.17102252884061 213.1710225288406
510 651.5931 203.9498 435.9262688483818 535.9262688483818 107.8099372430793 207.8099372430793
527 521.2745 163.15984 442.44473833256984 542.4447383325698 102.29179502905546 202.29179502905546
544 521.2745 163.15984 449.1176429853873 549.1176429853873 96.96144031244515 196.96144031244515
561 527.3951 159.23198 455.939574763276 555.939574763276 91.82319306962836 191.82319306962836
578 527.3951 159.23198 462.90500484391305 562.905004843913 86.88121758382923 186.88121758382923
595 563.4475 137.31203 470.0082881070341 570.0082881070341 82.13951907017963 182.13951907017963
613 563.4475 137.31203 477.673267202495 577.673267202495 77.34146014899 177.34146014899
629 570.55786 133.90524 484.6052797509776 584.6052797509776 73.27215913482809 173.2721591348281
646 578.8941 132.1308 492.08715802621145 592.0871580262115 69.15368424901567 169.15368424901567
663 578.8941 132.1308 499.6832388604396 599.6832388604396 65.24985358281685 165.24985358281685
680 611.1222 110.81658 507.3873660236304 607.3873660236304 61.563830988764266 161.56383098876427
697 611.1222 110.81658 515.1932957197998 615.1932957197998 58.09860379723074 158.09860379723074
714 611.1222 110.81658 523.0947016472838 623.0947016472838 54.85698039535282 154.85698039535282
731 618.4796 108.98495 531.0851801258791 631.0851801258791 51.84158795097835 151.84158795097835
749 618.4796 108.98495 539.6355747641641 639.6355747641641 48.89811628054434 148.89811628054434
766 646.9251 89.10898 547.7889724557664 647.7889724557664 46.355982532478436 146.35598253247844
782 646.9251 89.10898 555.5259627803556 655.5259627803556 44.176306080939696 144.1763060809397
799 640.2236 87.978485 563.8073299341439 663.8073299341439 42.08841336946284 142.08841336946284
816 640.2236 87.978485 572.1447741627716 672.1447741627716 40.23709987763954 140.23709987763954
833 666.52637 67.225006 580.531538399579 680.531538399579 38.62386599915499 138.623865999155
850 664.88745 68.05939 588.960825606595 688.960825606595 37.25001917650059 137.2500191765006
867 664.88745 68.05939 597.4258042831839 697.4258042831839 36.116672841359446 136.11667284135945
884 668.1428 71.70861 605.9196140026227 705.9196140026227 35.2247455122278 135.2247455122278
901 668.1428 71.70861 614.4353709721212 714.4353709721212 34.574960050003085 134.57496005000309
918 677.0808 68.81315 622.9661736117806 722.9661736117806 34.167843072143 134.167843072143
935 677.0808 68.81315 631.5051081479654 731.5051081479654 34.00372452586896 134.00372452586896
952 683.81555 69.09666 640.0452542165596 740.0452542165596 34.08273742076125 134.08273742076125
969 683.81555 69.09666 648.5796904715623 748.5796904715623 34.40481772096149 134.4048177209615
986 683.81555 69.09666 657.1015001944813 757.1015001944813 34.96970439707047 134.96970439707047
1003 715.6677 57.577583 665.6037768999744 765.6037768999744 35.77693963769889 135.7769396376989
1021 718.8417 62.52541 674.5772397075203 774.5772397075203 36.895080588854285 136.89508058885428
1037 718.8417 62.52541 682.5221900543268 782.5221900543268 38.115643042381976 138.11564304238198
1055 728.8772 66.52263 691.4174796955454 791.4174796955454 39.74263294520472 139.74263294520472
1071 728.8772 66.52263 699.2800950571935 799.2800950571935 41.41334787928315 141.41334787928315
1088 742.9119 65.881004 707.5818585250034 807.5818585250034 43.41860627535635 143.41860627535635
1105 742.9119 65.881004 715.8231772598931 815.8231772598931 45.65936583863811 145.6593658386381
1123 758.72217 65.92426 724.4759748533495 824.4759748533495 48.286601601133555 148.28660160113355
1140 758.72217 65.92426 732.5718778238853 832.5718778238853 51.006287796662775 151.00628779666278
1156 806.3917 53.33109 740.117950819005 840.117950819005 53.77554601295549 153.7755460129555
1173 806.3917 53.33109 748.0512698040402 848.0512698040402 56.93826443105149 156.9382644310515
1191 802.4695 59.17733 756.3494866729714 856.3494866729714 60.53171273890922 160.53171273890922
1207 802.4695 59.17733 763.6318245155068 863.6318245155068 63.93458862018292 163.93458862018292
1224 812.40436 64.68477 771.2664330094331 871.2664330094331 67.76252423287974 167.76252423287974
1242 812.40436 64.68477 779.2278662476037 879.2278662476037 72.05074702783952 172.05074702783952
1258 826.29834 70.39343 786.1933800147626 886.1933800147626 76.06243329120804 176.06243329120804
1275 826.29834 70.39343 793.4736210088488 893.4736210088488 80.52768009049117 180.52768009049117
1292 842.897 75.03989 800.6238064458005 900.6238064458005 85.19835307494287 185.19835307494287
1310 842.897 75.03989 808.046396715908 908.046396715908 90.36346949445999 190.36346949446
1326 851.5413 83.56679 814.5109413283826 914.5109413283826 95.14067282585665 195.14067282585665
1344 851.5413 83.56679 821.6275668282935 921.6275668282935 100.71982289007568 200.71982289007568
1360 868.0611 89.05909 827.809774570124 927.809774570124 105.85716813378187 205.85716813378187
1377 868.0611 89.05909 834.2250299387413 934.2250299387413 111.49497235758312 211.49497235758312
1394 895.23883 89.24101 840.4772028442499 940.4772028442499 117.31310538030687 217.31310538030687
1412 907.6865 96.83257 846.9137673844003 946.9137673844003 123.66479105149173 223.66479105149173
1428 907.6865 96.83257 852.4721692933363 952.4721692933363 129.47135431515434 229.47135431515434
1446 919.1344 107.56262 858.5368418139614 958.5368418139614 136.17903805565956 236.17903805565956
1463 919.1344 107.56262 864.0765190178248 964.0765190178248 142.67921608302754 242.67921608302754
1479 919.1344 107.56262 869.1193360426164 969.1193360426164 148.93876919572267 248.93876919572267
1496 964.0564 108.076546 874.2915129944168 974.2915129944168 155.73501253228335 255.73501253228335
1514 964.0564 108.076546 879.5547012529947 979.5547012529947 163.08838749211185 263.08838749211185
1530 974.39075 119.07399 884.0451707867052 984.0451707867052 169.7552977272204 269.7552977272204
1547 974.39075 119.07399 888.6187467928016 988.6187467928016 176.96797687071094 276.9679768707109
1564 997.63135 122.280396 892.9851570459276 992.9851570459276 184.30792233453255 284.3079223345326
1582 997.63135 122.280396 897.3786814969314 997.3786814969314 192.2117326082863 292.2117326082863
1598 1000.05554 135.72372 901.0824960610505 1001.0824960610505 199.34571931915121 299.3457193191512
1615 1021.4388 140.39539 904.8068623492258 1004.8068623492258 207.03138348446487 307.03138348446487
1632 1021.4388 140.39539 908.3109432553329 1008.3109432553329 214.8199491363638 314.8199491363638
1649 1033.1139 147.48514 911.5918989033121 1011.5918989033121 222.7051040458423 322.7051040458423
1666 1033.1139 147.48514 914.6470702485676 1014.6470702485676 230.6804577033056 330.6804577033056
1683 1031.7162 165.98572 917.4739812329851 1017.4739812329851 238.73954649774532 338.7395464977453
1700 1031.7162 165.98572 920.0703407916484 1020.0703407916484 246.87583895516212 346.8758389551621
1717 1046.009 176.17053 922.4340447096293 1022.4340447096293 255.08274103198784 355.08274103198784
1734 1046.009 176.17053 924.5631773273444 1024.5631773273444 263.35360145921436 363.35360145921436
1751 1046.009 176.17053 926.4560130930984 1026.4560130930984 271.6817171329047 371.6817171329047
1768 1057.772 196.92627 928.1110179615537 1028.1110179615537 280.0603385467098 380.0603385467098
1786 1057.772 196.92627 929.6026611419293 1029.6026611419293 288.97932248926173 388.97932248926173
1802 1067.6565 218.94041 930.7023636603816 1030.7023636603817 296.94190141113677 396.94190141113677
1819 1067.6565 218.94041 931.6366043392997 1031.6366043392995 305.4311612295389 405.4311612295389
1836 1054.0325 250.63434 932.3288155200738 1032.328815520074 313.9435746118702 413.9435746118702
1853 1035.3071 261.79163 932.7784362013994 1032.7784362013995 322.4722426880359 422.4722426880359
1870 1035.3071 261.79163 932.9851019890048 1032.9851019890048 331.01025341435343 431.01025341435343
1887 1039.2212 290.33517 932.9486453909749 1032.948645390975 339.5506871754069 439.5506871754069
1904 1039.2212 290.33517 932.6690959534936 1032.6690959534935 348.08662239203596 448.08662239203596
1921 1048.2084 315.5642 932.1466802368993 1032.1466802368993 356.6111411309172 456.6111411309172
1938 1048.2084 315.5642 931.3818216320687 1031.3818216320687 365.1173347111916 465.1173347111916
1955 1055.2064 324.68353 930.3751400172805 1030.3751400172805 373.5983093035911 473.5983093035911
1972 1055.2064 324.68353 929.1274512558361 1029.1274512558361 382.04719151753216 482.04719151753216
1989 1043.4786 349.6179 927.6397665348454 1027.6397665348454 390.4571339716405 490.4571339716405
2006 1043.4786 349.6179 925.9132915457113 1025.9132915457112 398.8213208432003 498.8213208432003
2023 1021.3979 356.64886 923.9494255069792 1023.9494255069792 407.13297339202586 507.13297339202586
2041 1021.3979 356.64886 921.6130618516396 1021.6130618516396 415.86880070345273 515.8688007034527
2057 1028.8373 377.72797 919.3160778307275 1019.3160778307275 423.5717789017766 523.5717789017766
2074 1028.8373 377.72797 916.6503512814876 1016.6503512814876 431.68560906238275 531.6856090623828
2091 1035.3246 397.76996 913.7547408159044 1013.7547408159044 439.7202700970553 539.7202700970553
2109 1035.3246 397.76996 910.4408458507073 1010.4408458507073 448.13403109346496 548.134031093465
2126 1025.9624 416.72598 907.0795392706568 1007.0795392706568 455.98527023040305 555.9852702304031
2142 1025.9624 416.72598 903.7129933280626 1003.7129933280626 463.2844741001809 563.2844741001809
2159 1032.9781 420.98108 899.9231482862865 999.9231482862865 470.9380623089762 570.9380623089762
2176 1032.9781 420.98108 895.9169758597092 995.9169758597092 478.4806693117979 578.4806693117979
2194 826.3825 336.78488 891.4429679827582 991.4429679827582 486.339201456037 586.339201456037
2211 826.3825 336.78488 887.0018309919924 987.0018309919924 493.63417507762983 593.6341750776298
2227 861.9582 362.5288 882.6338229060326 982.6338229060326 500.38195353258584 600.3819535325858
2244 861.9582 362.5288 877.7965218060378 977.7965218060378 507.42048008140796 607.420480081408
2262 898.4433 384.20718 872.4585164298949 972.4585164298949 514.719724737489 614.719724737489
2278 898.4433 384.20718 867.5308160761413 967.5308160761413 521.0702977777584 621.0702977777584
2295 925.31775 419.77252 862.1107312689596 962.1107312689596 527.6705264551181 627.6705264551181
2312 925.31775 419.77252 856.5049640822481 956.5049640822481 534.1137952031119 634.1137952031119
2329 946.4152 449.9711 850.7180576999276 950.7180576999276 540.394882086187 640.394882086187
2346 946.4152 449.9711 844.754702109853 944.754702109853 546.5086966087915 646.5086966087915
2363 958.29144 477.1012 838.6197303028227 938.6197303028227 552.4502838409564 652.4502838409564
2381 968.3122 484.58234 831.9423499372441 931.9423499372441 558.5483052740481 658.5483052740481
2397 968.3122 484.58234 825.8549614017456 925.8549614017456 563.7976585231695 663.7976585231695
2414 951.14685 486.4437 819.2355094916655 919.2355094916655 569.1942495138428 669.1942495138428
2432 951.14685 486.4437 812.0622816327669 912.0622816327669 574.7004347658467 674.7004347658467
2448 951.14685 486.4437 805.5492900189863 905.5492900189863 579.4113740517007 679.4113740517007
2466 930.1369 504.0208 798.0743413925139 898.0743413925139 584.5004227817345 684.5004227817345
2482 930.1369 504.0208 791.3038148358737 891.3038148358737 588.8330869577367 688.8330869577367
2500 934.70026 532.8411 783.5513727666926 883.5513727666926 593.48850486691 693.48850486691
2516 934.70026 532.8411 776.54525546435 876.54525546435 597.4288511793545 697.4288511793545
2533 943.6493 543.75867 768.9884567331254 868.9884567331254 601.4081891703074 701.4081891703074
2550 943.6493 543.75867 761.3214464020558 861.3214464020558 605.1708066759479 705.1708066759479
2567 941.82935 566.80896 753.5504381858558 853.5504381858558 608.7136542896951 708.7136542896951
2584 941.82935 566.80896 745.6817300841386 845.6817300841386 612.0338607170812 712.0338607170812
2601 939.35 572.4833 737.721699277214 837.721699277214 615.1287351027865 715.1287351027865
2618 932.44135 595.75305 729.6767969577133 829.6767969577133 617.9957692114392 717.9957692114392
2635 932.44135 595.75305 721.553543102233 821.553543102233 620.6326394604092 720.6326394604092
2652 926.5291 614.4253 713.3585211872297 813.3585211872297 623.0372088029525 723.0372088029525
2669 926.5291 614.4253 705.0983728534557 805.0983728534557 625.2075284601758 725.2075284601758
2686 899.4931 628.68353 696.7797925232513 796.7797925232513 627.1418395004217 727.1418395004217
2703 899.4931 628.68353 688.4095219750633 788.4095219750633 628.8385742647915 728.8385742647915
2721 890.1333 636.5099 679.4980815799211 779.4980815799211 630.3746419810356 730.3746419810356
2737 890.1333 636.5099 671.5410813019316 771.5410813019316 631.5140081610913 731.5140081610913
2754 890.1333 636.5099 663.0565821743512 763.0565821743512 632.4905389924386 732.4905389924386
2772 879.0531 643.98535 654.0465913636143 754.0465913636143 633.2608243522246 733.2608243522246
2788 862.7468 650.26294 646.0214019995067 746.0214019995067 633.7172719246712 733.7172719246712
2805 862.7468 650.26294 637.4845270833351 737.4845270833351 633.9664798220608 733.9664798220608
2823 849.095 658.0119 628.4416695312384 728.4416695312384 633.9653673731979 733.9653673731979
2839 849.095 658.0119 620.4067954607539 720.4067954607539 633.7355687926154 733.7355687926154
2856 833.5007 662.11487 611.8797793711809 711.8797793711809 633.2556370072082 733.2556370072082
2873 833.5007 662.11487 603.3698801263789 703.3698801263789 632.5331740297464 732.5331740297464
2890 819.0109 663.04895 594.8839945588649 694.8839945588649 631.5687653790487 731.5687653790487
2908 819.0109 663.04895 585.9327560156919 685.9327560156919 630.2847862171152 730.2847862171152
2924 805.2086 663.98926 578.0117489028069 678.0117489028069 628.9174329219486 728.9174329219486
2941 805.2086 663.98926 569.6390628953682 669.6390628953682 627.232657883161 727.232657883161
2958 791.053 664.5237 561.3177276452934 661.3177276452934 625.3102329649023 725.3102329649023
2975 774.80566 661.2446 553.0544871637487 653.0544871637487 623.1517161929854 723.1517161929854
2992 774.80566 661.2446 544.8560383791012 644.8560383791012 620.7588569334407 720.7588569334407
3009 774.80566 661.2446 536.7290257094023 636.7290257094023 618.1335944747455 718.1335944747455
3026 754.1841 642.95605 528.6800356774336 628.6800356774336 615.278056456131 715.278056456131
3043 754.1841 642.95605 520.7155915726703 620.7155915726703 612.1945571432422 712.1945571432422
3060 735.9387 646.47766 512.8421481644934 612.8421481644934 608.8855955525434 708.8855955525434
3078 735.9387 646.47766 504.6118388259649 604.6118388259649 605.1392263586182 705.1392263586182
3094 720.8959 647.6179 497.3937085871838 597.3937085871838 601.6021930576474 701.6021930576474
3111 720.8959 647.6179 489.8312325780845 589.8312325780845 597.6336549738851 697.6336549738851
3129 710.1477 648.7556 481.9505041384623 581.9505041384623 593.1988614943655 693.1988614943655
3145 693.6365 646.57513 475.06040812706976 575.0604081270698 589.058983999804 689.058983999804
3163 693.6365 646.57513 467.4448257527072 567.4448257527072 584.182901653867 684.182901653867
3179 677.59174 643.3193 460.8014873683203 560.8014873683203 579.6576321782761 679.6576321782761
3196 677.59174 643.3193 453.87850203784535 553.8785020378454 574.6563711348483 674.6563711348483
3213 660.3727 643.64307 447.10068540279684 547.1006854027969 569.4600705688548 669.4600705688548
3230 660.3727 643.64307 440.47353053246013 540.4735305324601 564.0729418127313 664.0729418127313
3247 660.3727 643.64307 434.0024083925641 534.0024083925641 558.4993508552757 658.4993508552757
3264 632.0933 641.1289 427.69256349239276 527.6925634923928 552.7438148032415 652.7438148032415
3281 632.0933 641.1289 421.54910963438175 521.5491096343817 546.8109982204569 646.8109982204569
3299 622.1877 638.0004 415.2311676524065 515.2311676524065 540.3413086562304 640.3413086562304
3315 622.1877 638.0004 409.7811519627961 509.7811519627961 534.4328962045494 634.4328962045494
3332 605.2866 632.887 404.1661854693228 504.1661854693228 527.9976425819129 627.9976425819129
3349 590.9947 623.0289 398.7366769287074 498.7366769287074 521.4051639192346 621.4051639192346
3366 590.9947 623.0289 393.49702667636814 493.49702667636814 514.6608030789737 614.6608030789737
3383 555.62787 598.23816 388.45148117741576 488.45148117741576 507.7700260162269 607.7700260162269
3400 555.62787 598.23816 383.6041295851123 483.6041295851123 500.7384173488538 600.7384173488538
3417 540.1498 576.10986 378.95890042682595 478.95890042682595 493.5716758314352 593.5716758314352
3434 540.1498 576.10986 374.519558420162 474.519558420162 486.2756097367269 586.2756097367269
3452 523.36273 557.172 370.04748418581175 470.04748418581175 478.4159770489023 578.4159770489023
3468 523.36273 557.172 366.2727575118902 466.2727575118902 471.3192561685689 571.3192561685689
3485 509.47137 519.7333 362.4719822152257 462.4719822152257 463.6710900449318 563.6710900449318
3502 509.47137 519.7333 358.8904558633554 458.8904558633554 455.9178322199049 555.9178322199049
3520 509.47137 519.7333 355.3404481323775 455.3404481323775 447.60093862583636 547.6009386258363
3536 407.57712 415.78662 352.3965805179704 452.3965805179704 440.1212559998803 540.1212559998803
3553 409.55347 421.9239 349.4894944740342 449.4894944740342 432.0907399116313 532.0907399116313
3570 409.55347 421.9239 346.8121790087004 446.8121790087004 423.9807263598813 523.9807263598814
3587 410.782 425.0368 344.3668039474663 444.3668039474663 415.79778809050777 515.7977880905078
3604 410.782 425.0368 342.155351140146 442.155351140146 407.5485569510936 507.5485569510936
3621 411.9595 423.7444 340.17961285468476 440.17961285468476 399.23971851615926 499.23971851615926
3639 411.9595 423.7444 338.34635171354296 438.34635171354296 390.3846393220784 490.3846393220784
3655 410.70343 421.21722 336.9414924513526 436.9414924513526 382.4701981434725 482.4701981434725
3672 410.70343 421.21722 335.68173466233077 435.68173466233077 374.02310703330426 474.02310703330426
3689 404.19888 416.70792 334.66293792598333 434.66293792598333 365.5435792681223 465.5435792681223
3706 404.19888 416.70792 333.8859279242903 433.8859279242903 357.03848706593226 457.03848706593226
3723 401.92883 411.87738 333.35133438360816 433.35133438360816 348.5147233633919 448.5147233633919
3740 401.92883 411.87738 333.05959056430925 433.05959056430925 339.9791962294431 439.9791962294431
3758 390.47797 401.84488 453.0329818975829 553.0329818975829 330.55436575878036 430.55436575878036
3774 390.47797 401.84488 453.36623095517183 553.3662309551719 322.5235450269113 422.5235450269113
3791 476.85358 369.68585 454.11274721758974 554.1127472175897 314.01623679178385 414.01623679178385
3809 476.85358 369.68585 455.34202256495803 555.342022564958 305.0579362572376 405.0579362572376
3825 452.73718 364.7791 456.81120498653286 556.8112049865329 297.15561763711503 397.15561763711503
3843 452.73718 364.7791 458.8837967246308 558.8837967246309 288.35410470841526 388.35410470841526
3859 431.59097 360.26898 461.09515609929747 561.0951560992975 280.62655488470796 380.62655488470796
3877 431.59097 360.26898 463.99241332353733 563.9924133235373 272.0610328969076 372.0610328969076
3893 418.68118 353.7221 466.92605000007745 566.9260500000775 264.5777907912517 364.5777907912517
3910 418.68118 353.7221 470.40573493989234 570.4057349398923 256.7788567193968 356.7788567193968
3928 409.80045 344.4261 474.4888488204813 574.4888488204813 248.71099161237862 348.7109916123786
3944 448.5908 332.2405 478.4544350159092 578.4544350159092 241.71962102511617 341.71962102511617
3961 448.5908 332.2405 483.0053327319572 583.0053327319572 234.49321736108072 334.4932173610807
3979 433.1103 321.8539 488.19170848039323 588.1917084803932 227.08620899447726 327.08620899447726
3995 433.1103 321.8539 493.109026801152 593.109026801152 220.7281340425647 320.7281340425647
4012 433.1103 321.8539 498.63907999467915 598.6390799946792 214.22043924223226 314.22043924223226
4029 428.52252 308.69257 504.47157621838664 604.4715762183866 207.98236520147657 307.98236520147657
4046 428.52252 308.69257 510.59338667089924 610.5933866708992 202.0279536670738 302.0279536670738
4063 444.81168 297.32312 516.9907313118342 616.9907313118342 196.37060786867886 296.37060786867886
4081 444.81168 297.32312 524.0486998190197 624.0486998190197 190.7184094558065 290.7184094558065
4097 460.98798 285.06613 530.5538343096449 630.5538343096449 185.9973542961332 285.9973542961332
4114 475.65643 275.01392 537.689062464963 637.689062464963 181.30479645322103 281.304796453221
4132 475.65643 275.01392 545.4775025692394 645.4775025692394 176.71105428707807 276.71105428707807
4148 493.59924 265.80383 552.5866021519138 652.5866021519138 172.9606090221234 272.96060902212344
4165 493.59924 265.80383 560.3153796987771 660.3153796987771 169.32776198864897 269.32776198864894
4182 511.3482 254.9457 568.2077684862486 668.2077684862486 166.06558799499004 266.06558799499004
4199 511.3482 254.9457 576.2460029469295 676.2460029469295 163.1814301122385 263.1814301122385
4216 529.21265 247.22517 584.4119892185008 684.4119892185008 160.68178050678887 260.68178050678887
4233 529.21265 247.22517 592.6873458725511 692.6873458725511 158.57226582663537 258.5722658266354
4250 529.21265 247.22517 601.053445290706 701.053445290706 156.85763453593017 256.8576345359302
4267 560.1122 217.95895 609.4914555949256 709.4914555949256 155.54174622631027 255.54174622631027
4284 560.1122 217.95895 617.9823830375866 717.9823830375866 154.6275629290547 254.6275629290547
4301 575.78033 211.48401 626.507114755926 726.507114755926 154.1171424476271 254.1171424476271
4318 575.78033 211.48401 635.0464617946108 735.0464617946108 154.01163372561214 254.01163372561214
4335 578.2506 204.64769 643.581202299593 743.581202299593 154.31127426047263 254.31127426047263
4352 599.14197 196.94464 652.0921247860152 752.0921247860152 155.01538956894865 255.01538956894865
4369 599.14197 196.94464 660.5600713827765 760.5600713827765 156.12239470530233 256.1223947053023
4386 615.432 193.82043 668.9659809564164 768.9659809564164 157.6297978289907 257.6297978289907
4403 615.432 193.82043 677.2909320172428 777.2909320172428 159.53420581373558 259.5342058137356
4420 633.90265 189.62668 685.5161853111272 785.5161853111272 161.83133188536496 261.831331885365
4438 633.90265 189.62668 694.0960379112927 794.0960379112927 164.68587137647998 264.68587137648
4454 659.12244 170.15363 701.5938053437343 801.5938053437343 167.58218283949915 267.5821828394992
4471 659.12244 170.15363 709.4099817666976 809.4099817666976 171.0229627020636 271.02296270206364
4488 674.7088 169.86935 717.0541612546845 817.0541612546845 174.83059975054408 274.8305997505441
4506 674.7088 169.86935 724.9414118764473 824.9414118764473 179.25253868910977 279.25253868910977
4523 689.97864 170.42297 732.1777732058051 832.1777732058051 183.78758605914797 283.787586059148
4539 689.97864 170.42297 738.7848168015221 838.7848168015221 188.36493370665013 288.36493370665016
4556 708.4422 173.91035 745.5733867574248 845.5733867574248 193.54633292803192 293.5463329280319
4573 708.4422 173.91035 752.108556869033 852.108556869033 199.0438897990301 299.0438897990301
4590 723.3442 179.22855 758.3756166338345 858.3756166338345 204.8452294582745 304.8452294582745
4608 723.3442 179.22855 764.7034286327194 864.7034286327194 211.30441374529323 311.30441374529323
4624 739.85266 184.78525 770.0496124154753 870.0496124154753 217.30636805391646 317.30636805391646
4641 739.85266 184.78525 775.4302705632856 875.4302705632856 223.93811728273374 323.93811728273374
4658 699.63947 185.75034 780.4903217770493 880.4903217770493 230.81761302381858 330.8176130238186
4676 699.63947 185.75034 785.4859265519513 885.4859265519513 238.35460176468007 338.35460176468007
4692 731.6467 192.82916 789.6037905304013 889.6037905304013 245.25737894613326 345.25737894613326
4709 756.96594 199.71628 793.6366938824929 893.6366938824929 252.78514557975075 352.78514557975075
4727 756.96594 199.71628 797.5125264313018 897.5125264313018 260.95461241672945 360.95461241672945
4743 756.96594 199.71628 800.6094691549205 900.6094691549205 268.3717602734482 368.3717602734482
4760 785.0836 210.52841 803.5336455346032 903.5336455346032 276.3955232583588 376.3955232583588
4778 785.0836 210.52841 806.2113040348377 906.2113040348377 285.032213093187 385.032213093187
4795 814.82166 207.12624 808.3389522412413 908.3389522412413 293.3029260641045 393.3029260641045
4811 814.82166 207.12624 809.980977411876 909.980977411876 301.17114631399613 401.17114631399613
4828 832.48 206.65494 811.3388957607996 911.3388957607996 309.60249482388303 409.60249482388303
4845 832.48 206.65494 812.2953777692248 912.2953777692248 318.08876150040663 418.08876150040663
4863 665.984 165.32396 812.8681938134266 912.8681938134266 327.11284860805364 427.11284860805364
4880 665.984 165.32396 812.9924195110625 912.9924195110625 335.6519438712278 435.6519438712278
4897 713.7113 195.17201 812.7114868280897 912.7114868280897 344.18732065055974 444.18732065055974
4914 757.34515 223.06375 812.0260281368674 912.0260281368674 352.69976602895355 452.69976602895355
4930 757.34515 223.06375 811.0127280160616 911.0127280160616 360.6733699460652 460.6733699460652
4947 779.66943 223.1139 809.5472300260149 909.5472300260149 369.0866865084376 469.0866865084376
4964 779.66943 223.1139 807.6843286896907 907.6843286896907 377.4210238275436 477.4210238275436
4981 809.2154 232.92088 805.4282173508461 905.4282173508461 385.65762152102405 485.65762152102405
4998 809.2154 232.92088 802.7839744590015 902.7839744590015 393.77793921594457 493.77793921594457
5015 809.2154 232.92088 799.7575521379785 899.7575521379785 401.7636982827043 501.7636982827043
5032 842.43604 246.74396 796.3557627878217 896.3557627878217 409.59692297976756 509.59692297976756
5049 842.43604 246.74396 792.5862637502574 892.5862637502574 417.25998091660404 517.259980916604
5066 858.1033 275.53174 788.4575400722103 888.4575400722103 424.73562274375536 524.7356227437554
5083 865.7578 286.21826 783.9788854061801 883.9788854061801 432.00702098068035 532.0070209806804
5100 865.7578 286.21826 779.1603810904619 879.1603810904619 439.057807893992 539.057807893992
5117 874.11707 313.23758 774.0128734563121 874.0128734563121 445.8721123408068 545.8721123408068
5134 874.11707 313.23758 768.5479494131282 868.5479494131282 452.4345954942897 552.4345954942896
5151 879.156 339.86115 762.7779103666112 862.7779103666112 458.73048537096236 558.7304853709624
5168 879.156 339.86115 756.7157445286122 856.7157445286122 464.7456100820642 564.7456100820642
5185 882.8704 363.07245 750.3750976809954 850.3750976809954 470.46642973411736 570.4664297341174
5202 882.8704 363.07245 743.7702424593289 843.7702424593289 475.8800669068827 575.8800669068827
5219 893.1044 364.86856 736.9160462255444 836.9160462255444 480.9743356401059 580.9743356401059
5236 893.1044 364.86856 729.8279376018812 829.8279376018812 485.73776886380733 585.7377688638073
5254 893.1044 364.86856 722.0856646883476 822.0856646883476 490.40890111191015 590.4089011119102
5271 875.44946 385.05176 714.5667557803298 814.5667557803298 494.45829474187997 594.45829474188
5287 859.0713 403.88254 707.3221049847989 807.3221049847989 497.93969839739407 597.9396983973941
5305 859.0713 403.88254 698.995462019195 798.995462019195 501.46521726278866 601.4652172627887
5321 853.59375 422.48688 691.4535261011198 791.4535261011198 504.2444868016163 604.2444868016163
5338 853.59375 422.48688 683.3128564156366 783.3128564156366 506.8253930396211 606.8253930396211
5355 848.44116 438.32404 675.0589337638094 775.0589337638094 509.01727369220305 609.017273692203
5373 848.44116 438.32404 666.2166959955493 766.2166959955493 510.90859534556046 610.9085953455605
5389 848.92596 431.70325 658.2858601528986 758.2858601528986 512.2151095623715 612.2151095623715
5406 848.92596 431.70325 649.8044649579773 749.8044649579773 513.2138665323532 613.2138665323532
5424 841.5971 449.66553 640.7833442119403 740.7833442119403 513.8316422459586 613.8316422459586
5440 841.5971 449.66553 632.7473718445073 732.7473718445073 513.9998227193989 613.9998227193989
5457 833.0095 462.08954 624.2100690108309 724.2100690108309 513.7852527689789 613.7852527689789
5474 833.0095 462.08954 615.692552089333 715.692552089333 513.1659907650433 613.1659907650433
5491 823.58344 475.92194 607.2139937950213 707.2139937950213 512.1434306506889 612.1434306506889
5508 806.27435 484.21744 598.7934791480179 698.7934791480179 510.71987418285164 610.7198741828516
5526 806.27435 484.21744 589.9619676676424 689.9619676676424 508.7790827672435 608.7790827672435
5543 806.27435 484.21744 581.7204446332313 681.7204446332313 506.5410304866251 606.5410304866251
5559 779.64307 487.8296 574.0688318657412 674.0688318657412 504.079738423869 604.079738423869
5577 779.64307 487.8296 565.6019771400934 665.6019771400934 500.9056814927985 600.9056814927985
5593 746.65466 471.60593 558.218012891798 658.218012891798 497.7304321259451 597.7304321259451
5611 746.65466 471.60593 550.0900131230868 650.0900131230868 493.7683763329592 593.7683763329592
5627 725.8525 458.93176 543.0401444467964 643.0401444467964 489.90774319720856 589.9077431972086
5644 725.8525 458.93176 535.7465194703461 635.7465194703461 485.4653773139863 585.4653773139863
5662 703.72784 468.091 528.2628105761767 628.2628105761767 480.3903041584317 580.3903041584317
5678 674.5014 473.08606 521.8319398796541 621.8319398796541 475.56857846668925 575.5685784666892
5695 674.5014 473.08606 515.2423066318847 615.2423066318847 470.13642294632587 570.1364229463259
5712 654.76526 478.7156 508.91774297137306 608.9177429713731 464.3978277836013 564.3978277836013
5729 654.76526 478.7156 502.8724853308397 602.8724853308397 458.36571041097886 558.3657104109789
5746 635.2282 480.55304 497.1201414322254 597.1201414322254 452.0536489719888 552.0536489719889
5763 635.2282 480.55304 491.67365965604995 591.67365965605 445.47585175716756 545.4758517571676
5780 635.2282 480.55304 486.5452998949387 586.5452998949387 438.6471252215585 538.6471252215586
5797 606.76196 480.47 481.74660595691194 581.7466059569119 431.58284065575424 531.5828406557542
5814 606.76196 480.47 477.2883795805666 577.2883795805666 424.29889958551144 524.2988995855114
5831 596.11096 477.73648 473.18065612063515 573.1806561206351 416.8116979778178 516.8116979778179
5848 596.11096 477.73648 469.43268195865755 569.4326819586576 409.1380893339877 509.1380893339877
5865 590.82556 465.4312 466.05289368960894 566.0528936896089 401.295346752855 501.295346752855
5882 574.4939 434.29184 463.04889913133843 563.0488991313384 393.30112404946493 493.30112404946493
5899 574.4939 434.29184 460.427460199564 560.4274601995639 385.1734160167848 485.1734160167848
5917 567.3223 409.00958 458.07533489037223 558.0753348903722 376.44244969702606 476.44244969702606
5933 567.3223 409.00958 456.35497798067684 556.3549779806768 368.59098431373195 468.59098431373195
5950 530.945 391.0678 454.91310174796206 554.9131017479621 360.1735872774116 460.1735872774116
5967 530.945 391.0678 453.8720946157316 553.8720946157316 351.69727415859836 451.69727415859836
5984 533.25494 388.9732 453.23429986469176 553.2342998646918 343.18112492358273 443.18112492358273
6001 533.25494 388.9732 453.0036526131048 553.0036526131048 335.1467028281774 435.1467028281774
