0 702.0545 348.75452 333.0 433.0 334.0 434.0
17 702.0545 348.75452 333.1215672298508 433.1215672298508 325.460353677165 425.460353677165
34 704.3224 352.41302 333.4861703954607 433.4861703954607 316.92762829531256 416.92762829531256
51 706.6866 356.47775 334.0935140048509 434.0935140048509 308.4087391863609 408.4087391863609
68 706.6866 356.47775 334.94310583748677 434.94310583748677 299.91059046864586 399.91059046864586
85 678.96716 341.6696 336.0342573431978 436.0342573431978 291.44006945149073 391.44006945149073
102 678.96716 341.6696 337.3660842002114 437.3660842002114 283.00404105339845 383.00404105339845
119 689.2383 345.41443 338.93750703184975 438.93750703184975 274.6093422383909 374.6093422383909
136 689.2383 345.41443 340.74725228130916 440.74725228130916 266.2627764750041 366.2627764750041
153 696.0016 348.31555 342.7938532438116 442.7938532438116 257.9711082224287 357.9711082224287
170 696.0016 348.31555 345.0756512552929 445.0756512552929 249.74105744826687 349.7410574482669
188 701.54584 353.1941 347.745971055829 447.745971055829 241.10145872448777 341.10145872448777
204 701.54584 353.1941 350.3372521925565 450.3372521925565 233.4924331110061 333.4924331110061
221 701.54584 353.1941 353.31279086333535 453.31279086333535 225.48702821623766 325.48702821623766
239 717.0341 332.60913 356.7103713044251 456.7103713044251 217.10671073469888 317.1067107346989
255 719.24 339.4454 359.9412889638151 459.9412889638151 209.74646754616077 309.7464675461608
272 719.24 339.4454 363.5888763391684 463.5888763391684 202.0240686798987 302.02406867989873
289 716.89514 322.99832 367.4548074744846 467.4548074744846 194.40862946948707 294.4086294694871
306 716.89514 322.99832 371.53594923283765 471.53594923283765 186.90632183391858 286.9063218339186
323 719.64484 330.0218 375.8289940602396 475.8289940602396 179.52322600490484 279.5232260049048
340 719.64484 330.0218 380.3304626662418 480.3304626662418 172.26532559916362 272.2653255991636
357 720.21484 336.7514 385.0367068437197 485.0367068437197 165.13850276900726 265.13850276900723
375 720.21484 336.7514 390.2387457035903 490.2387457035903 157.7417422858324 257.7417422858324
392 722.1961 342.22083 395.3543956887837 495.3543956887837 150.90284887099742 250.90284887099742
408 722.1961 342.22083 400.34514001297055 500.34514001297055 144.601699784777 244.601699784777
425 723.5033 325.22272 405.83073236238414 505.83073236238414 138.05581447516937 238.05581447516937
442 723.5033 325.22272 411.50043363562395 511.50043363562395 131.66873177782583 231.66873177782583
459 688.62036 300.85974 417.3496488335043 517.3496488335043 125.44562809241546 225.44562809241546
477 688.62036 300.85974 423.73332887425113 523.7333288742511 119.04079373995708 219.04079373995708
493 665.67 279.26352 429.5675174146769 529.5675174146769 113.51139478609738 213.51139478609738
510 665.67 279.26352 435.9262688483818 535.9262688483818 107.8099372430793 207.8099372430793
528 647.1193 261.31714 442.83303936531155 542.8330393653116 101.97300354707676 201.97300354707676
545 647.1193 261.31714 449.51486122421545 549.5148612242155 96.65383119074559 196.6538311907456
561 633.671 247.4058 455.939574763276 555.939574763276 91.82319306962836 191.82319306962836
578 633.671 247.4058 462.90500484391305 562.905004843913 86.88121758382923 186.88121758382923
596 615.08984 232.27383 470.430298817712 570.430298817712 81.86691558325475 181.86691558325475
612 618.3992 219.86633 477.24366770951156 577.2436677095116 77.60194042970028 177.60194042970028
630 618.3992 219.86633 485.0421198581312 585.0421198581312 73.02401316610684 173.02401316610684
646 624.50323 209.64569 492.08715802621145 592.0871580262115 69.15368424901567 169.15368424901567
664 624.50323 209.64569 500.1334925058843 600.1334925058843 65.02696940712423 165.02696940712423
680 617.08606 185.52463 507.3873660236304 607.3873660236304 61.563830988764266 161.56383098876427
697 617.08606 185.52463 515.1932957197998 615.1932957197998 58.09860379723074 158.09860379723074
714 617.08606 185.52463 523.0947016472838 623.0947016472838 54.85698039535282 154.85698039535282
731 615.6952 165.52553 531.0851801258791 631.0851801258791 51.84158795097835 151.84158795097835
748 615.6952 165.52553 539.158255286693 639.158255286693 49.0548702834833 149.0548702834833
765 616.5349 146.93437 547.3073843205016 647.3073843205016 46.49908588318232 146.49908588318232
782 616.5349 146.93437 555.5259627803556 655.5259627803556 44.176306080939696 144.1763060809397
799 625.0697 133.1845 563.8073299341439 663.8073299341439 42.08841336946284 142.08841336946284
816 630.91034 124.6969 572.1447741627716 672.1447741627716 40.23709987763954 140.23709987763954
833 630.91034 124.6969 580.531538399579 680.531538399579 38.62386599915499 138.623865999155
850 641.64746 113.36376 588.960825606595 688.960825606595 37.25001917650059 137.2500191765006
868 641.64746 113.36376 597.9247092126128 697.9247092126128 36.05751565750103 136.05751565750103
884 653.4083 104.38051 605.9196140026227 705.9196140026227 35.2247455122278 135.2247455122278
902 653.4083 104.38051 614.9368339036334 714.9368339036334 34.54429036905128 134.54429036905128
918 668.5661 95.89251 622.9661736117806 722.9661736117806 34.167843072143 134.167843072143
936 668.5661 95.89251 632.0075037720162 732.0075037720162 34.00164175242986 134.00164175242986
952 714.8991 67.69417 640.0452542165596 740.0452542165596 34.08273742076125 134.08273742076125
970 714.8991 67.69417 649.0813904556234 749.0813904556234 34.431328605587055 134.43132860558705
986 714.8991 67.69417 657.1015001944813 757.1015001944813 34.96970439707047 134.96970439707047
1004 724.7555 67.98625 666.1031551661815 766.1031551661815 35.831958255007294 135.8319582550073
1020 739.41437 64.327286 674.0796299331981 774.0796299331981 36.82586922049978 136.82586922049978
1037 739.41437 64.327286 682.5221900543268 782.5221900543268 38.115643042381976 138.11564304238198
1054 790.0958 35.33595 690.9246150057149 790.9246150057149 39.645215808474234 139.64521580847423
1072 790.0958 35.33595 699.7699870000625 799.7699870000625 41.52475517402934 141.52475517402934
1089 802.3999 34.78128 708.0683806888678 808.0683806888678 43.54391343827683 143.54391343827683
1105 802.3999 34.78128 715.8231772598931 815.8231772598931 45.65936583863811 145.6593658386381
1122 819.19775 38.693443 723.9973720999366 823.9973720999366 48.133810549576026 148.13381054957603
1139 819.19775 38.693443 732.0978182836474 832.0978182836474 50.839934998910564 150.83993499891056
1156 749.21375 0.41867447 740.117950819005 840.117950819005 53.77554601295549 153.7755460129555
1173 708.083 8.829881 748.0512698040402 848.0512698040402 56.93826443105149 156.9382644310515
1190 708.083 8.829881 755.8913456946693 855.8913456946693 60.32552703375262 160.32552703375262
1207 708.083 8.829881 763.6318245155068 863.6318245155068 63.93458862018292 163.93458862018292
1224 747.11676 16.931004 771.2664330094331 871.2664330094331 67.76252423287974 167.76252423287974
1242 747.11676 16.931004 779.2278662476037 879.2278662476037 72.05074702783952 172.05074702783952
1258 776.1239 30.327805 786.1933800147626 886.1933800147626 76.06243329120804 176.06243329120804
1276 776.1239 30.327805 793.8978774307536 893.8978774307536 80.79677522140798 180.79677522140798
1292 840.3023 19.088623 800.6238064458005 900.6238064458005 85.19835307494287 185.19835307494287
1310 840.3023 19.088623 808.046396715908 908.046396715908 90.36346949445999 190.36346949446
1326 857.817 32.258537 814.5109413283826 914.5109413283826 95.14067282585665 195.14067282585665
1343 857.817 32.258537 821.2366359705578 921.2366359705578 100.40426185718263 200.40426185718263
1360 877.3033 45.32203 827.809774570124 927.809774570124 105.85716813378187 205.85716813378187
1377 896.93994 63.911087 834.2250299387413 934.2250299387413 111.49497235758312 211.49497235758312
1394 896.93994 63.911087 840.4772028442499 940.4772028442499 117.31310538030687 217.31310538030687
1411 918.7149 79.07567 846.5612262243785 946.5612262243785 123.30685190652298 223.30685190652298
1428 918.7149 79.07567 852.4721692933363 952.4721692933363 129.47135431515434 229.47135431515434
1446 938.8996 86.7659 858.5368418139614 958.5368418139614 136.17903805565956 236.17903805565956
1463 938.8996 86.7659 864.0765190178248 964.0765190178248 142.67921608302754 242.67921608302754
1479 938.8996 86.7659 869.1193360426164 969.1193360426164 148.93876919572267 248.93876919572267
1496 984.41614 81.4234 874.2915129944168 974.2915129944168 155.73501253228335 255.73501253228335
1513 984.41614 81.4234 879.2681356740757 979.2681356740757 162.675730406883 262.67573040688296
1530 989.39075 93.247826 884.0451707867052 984.0451707867052 169.7552977272204 269.7552977272204
1547 989.39075 93.247826 888.6187467928016 988.6187467928016 176.96797687071094 276.9679768707109
1564 1029.8093 87.54962 892.9851570459276 992.9851570459276 184.30792233453255 284.3079223345326
1581 1062.8754 89.97786 897.1408627967578 997.1408627967578 191.76918547310373 291.76918547310373
1599 1062.8754 89.97786 901.3076210713034 1001.3076210713034 199.79485674886422 299.7948567488642
1615 1085.1891 95.00163 904.8068623492258 1004.8068623492258 207.03138348446487 307.03138348446487
1632 1085.1891 95.00163 908.3109432553329 1008.3109432553329 214.8199491363638 314.8199491363638
1649 1075.2908 117.15007 911.5918989033121 1011.5918989033121 222.7051040458423 322.7051040458423
1666 1075.2908 117.15007 914.6470702485676 1014.6470702485676 230.6804577033056 330.6804577033056
1683 1068.6245 137.96571 917.4739812329851 1017.4739812329851 238.73954649774532 338.7395464977453
1700 1068.6245 137.96571 920.0703407916484 1020.0703407916484 246.87583895516212 346.8758389551621
1717 1068.6245 137.96571 922.4340447096293 1022.4340447096293 255.08274103198784 355.08274103198784
1734 1057.8118 158.23117 924.5631773273444 1024.5631773273444 263.35360145921436 363.35360145921436
1752 1057.8118 158.23117 926.5599638955216 1026.5599638955216 272.17324529251096 372.17324529251096
1768 1043.3999 174.74136 928.1110179615537 1028.1110179615537 280.0603385467098 380.0603385467098
1785 1045.997 193.73703 929.5268506369953 1029.5268506369953 288.4826752619944 388.4826752619944
1803 1045.997 193.73703 930.7640061395116 1030.7640061395116 297.4405053679775 397.4405053679775
1819 1065.574 191.34897 931.6366043392997 1031.6366043392995 305.4311612295389 405.4311612295389
1836 1065.574 191.34897 932.3288155200738 1032.328815520074 313.9435746118702 413.9435746118702
1853 1064.9316 210.12074 932.7784362013994 1032.7784362013995 322.4722426880359 422.4722426880359
1870 1064.9316 210.12074 932.9851019890048 1032.9851019890048 331.01025341435343 431.01025341435343
1887 1064.9017 229.33958 932.9486453909749 1032.948645390975 339.5506871754069 439.5506871754069
1904 1064.9017 229.33958 932.6690959534936 1032.6690959534935 348.08662239203596 448.08662239203596
1922 1066.812 246.0847 932.1083946506541 1032.1083946506542 357.1120801640305 457.1120801640305
1939 1066.812 246.0847 931.3292920861586 1031.3292920861586 365.61698093385 465.61698093385
1956 1081.0457 245.678 930.3084090841814 1030.3084090841814 374.09625777841393 474.09625777841393
1972 1081.0457 245.678 929.1274512558361 1029.1274512558361 382.04719151753216 482.04719151753216
1989 1073.2673 267.24457 927.6397665348454 1027.6397665348454 390.4571339716405 490.4571339716405
2007 1073.2673 267.24457 925.8043267523421 1025.8043267523421 399.3117618435425 499.3117618435425
2023 1068.4768 286.6181 923.9494255069792 1023.9494255069792 407.13297339202586 507.13297339202586
2041 1068.4768 286.6181 921.6130618516396 1021.6130618516396 415.86880070345273 515.8688007034527
2057 1064.058 305.56723 919.3160778307275 1019.3160778307275 423.5717789017766 523.5717789017766
2074 1064.058 305.56723 916.6503512814876 1016.6503512814876 431.68560906238275 531.6856090623828
2091 1064.096 323.31375 913.7547408159044 1013.7547408159044 439.7202700970553 539.7202700970553
2108 1064.096 323.31375 910.6315931762647 1010.6315931762647 447.6692503292295 547.6692503292295
2125 1055.5288 354.20126 907.2834395119482 1007.2834395119482 455.52610752219204 555.526107522192
2142 1050.441 379.92188 903.7129933280626 1003.7129933280626 463.2844741001809 563.2844741001809
2159 1050.441 379.92188 899.9231482862865 999.9231482862865 470.9380623089762 570.9380623089762
2176 1041.6055 403.20303 895.9169758597092 995.9169758597092 478.4806693117979 578.4806693117979
2193 1041.6055 403.20303 891.6977228435584 991.6977228435584 485.90618221638465 585.9061822163847
2210 1022.6408 422.26562 887.2688087238421 987.2688087238421 493.20858302917645 593.2085830291765
2228 1022.6408 422.26562 882.3548386747549 982.3548386747549 500.79977346953126 600.7997734695313
2244 1022.6408 422.26562 877.7965218060378 977.7965218060378 507.42048008140796 607.420480081408
2262 1002.9989 441.49033 872.4585164298949 972.4585164298949 514.719724737489 614.719724737489
2279 1002.9989 441.49033 867.2172069588121 967.2172069588121 521.4627962141102 621.4627962141102
2295 997.8194 459.16187 862.1107312689596 962.1107312689596 527.6705264551181 627.6705264551181
2312 997.8194 459.16187 856.5049640822481 956.5049640822481 534.1137952031119 634.1137952031119
2330 998.3421 452.92883 850.3721099362925 950.3721099362925 540.7591976716982 640.7591976716982
2346 998.3421 452.92883 844.754702109853 944.754702109853 546.5086966087915 646.5086966087915
2363 798.6737 362.34308 838.6197303028227 938.6197303028227 552.4502838409564 652.4502838409564
2380 827.1196 403.99405 832.3181143556885 932.3181143556885 558.2148284340103 658.2148284340103
2397 827.1196 403.99405 825.8549614017456 925.8549614017456 563.7976585231695 663.7976585231695
2414 849.03235 439.31293 819.2355094916655 919.2355094916655 569.1942495138428 669.1942495138428
2431 849.03235 439.31293 812.4651233483269 912.4651233483269 574.4002277485814 674.4002277485814
2448 866.6019 467.9285 805.5492900189863 905.5492900189863 579.4113740517007 679.4113740517007
2466 866.6019 467.9285 798.0743413925139 898.0743413925139 584.5004227817345 684.5004227817345
2483 866.6019 467.9285 790.8768325769166 890.8768325769166 589.0978356150445 689.0978356150445
2499 866.6498 489.67682 783.9857182018081 883.9857182018081 593.2360177503971 693.2360177503971
2516 866.6498 489.67682 776.54525546435 876.54525546435 597.4288511793545 697.4288511793545
2533 881.1664 487.96057 768.9884567331254 868.9884567331254 601.4081891703074 701.4081891703074
2550 882.6126 514.5009 761.3214464020558 861.3214464020558 605.1708066759479 705.1708066759479
2567 882.6126 514.5009 753.5504381858558 853.5504381858558 608.7136542896951 708.7136542896951
2584 884.07495 535.7933 745.6817300841386 845.6817300841386 612.0338607170812 712.0338607170812
2602 884.07495 535.7933 737.2507557291436 837.2507557291436 615.3037147460062 715.3037147460062
2618 882.2151 554.4442 729.6767969577133 829.6767969577133 617.9957692114392 717.9957692114392
2635 882.2151 554.4442 721.553543102233 821.553543102233 620.6326394604092 720.6326394604092
2652 877.09534 573.1175 713.3585211872297 813.3585211872297 623.0372088029525 723.0372088029525
2670 877.09534 573.1175 704.6105964401853 804.6105964401853 625.327860798587 725.327860798587
2686 868.69507 588.0653 696.7797925232513 796.7797925232513 627.1418395004217 727.1418395004217
2703 868.69507 588.0653 688.4095219750633 788.4095219750633 628.8385742647915 728.8385742647915
2720 848.164 606.0296 679.9943448795832 779.9943448795832 630.296357637651 730.296357637651
2737 848.164 606.0296 671.5410813019316 771.5410813019316 631.5140081610913 731.5140081610913
2755 841.0145 616.05273 662.5566681050749 762.5566681050749 632.5404551656717 732.5404551656717
2771 841.0145 616.05273 654.5477237438794 754.5477237438794 633.2251587040392 733.2251587040392
2788 815.73456 596.1288 646.0214019995067 746.0214019995067 633.7172719246712 733.7172719246712
2805 815.73456 596.1288 637.4845270833351 737.4845270833351 633.9664798220608 733.9664798220608
2822 792.76514 606.3578 628.9440176902656 728.9440176902656 633.9725804261168 733.9725804261168
2840 792.76514 606.3578 619.9048561883765 719.9048561883765 633.714059077236 733.714059077236
2857 773.6584 617.073 611.3786557812324 711.3786557812324 633.2198480618783 733.2198480618783
2873 773.6584 617.073 603.3698801263789 703.3698801263789 632.5331740297464 732.5331740297464
2890 765.22253 624.4601 594.8839945588649 694.8839945588649 631.5687653790487 731.5687653790487
2908 754.4151 631.7106 585.9327560156919 685.9327560156919 630.2847862171152 730.2847862171152
2925 754.4151 631.7106 577.5179378468152 677.5179378468152 628.8249324247021 728.8249324247021
2942 730.4337 633.0262 569.1480850152877 669.1480850152877 627.1261382967836 727.1261382967836
2958 730.4337 633.0262 561.3177276452934 661.3177276452934 625.3102329649023 725.3102329649023
2975 730.4337 633.0262 553.0544871637487 653.0544871637487 623.1517161929854 723.1517161929854
2993 724.08826 636.1437 544.3759367047026 644.3759367047026 620.6108431393186 720.6108431393186
3009 724.08826 636.1437 536.7290257094023 636.7290257094023 618.1335944747455 718.1335944747455
3026 701.7827 640.3043 528.6800356774336 628.6800356774336 615.278056456131 715.278056456131
3043 701.7827 640.3043 520.7155915726703 620.7155915726703 612.1945571432422 712.1945571432422
3060 689.22986 644.182 512.8421481644934 612.8421481644934 608.8855955525434 708.8855955525434
3078 689.22986 644.182 504.6118388259649 604.6118388259649 605.1392263586182 705.1392263586182
3095 665.8646 645.1406 496.94575447846444 596.9457544784644 601.3747225815591 701.3747225815591
3111 660.58386 646.294 489.8312325780845 589.8312325780845 597.6336549738851 697.6336549738851
3129 660.58386 646.294 481.9505041384623 581.9505041384623 593.1988614943655 693.1988614943655
3145 649.50916 645.82654 475.06040812706976 575.0604081270698 589.058983999804 689.058983999804
3162 649.50916 645.82654 467.8640306732291 567.8640306732291 584.4598004361334 684.4598004361334
3179 637.7399 642.39996 460.8014873683203 560.8014873683203 579.6576321782761 679.6576321782761
3196 637.7399 642.39996 453.87850203784535 553.8785020378454 574.6563711348483 674.6563711348483
3213 625.73224 637.8442 447.10068540279684 547.1006854027969 569.4600705688548 669.4600705688548
3230 625.73224 637.8442 440.47353053246013 540.4735305324601 564.0729418127313 664.0729418127313
3247 625.73224 637.8442 434.0024083925641 534.0024083925641 558.4993508552757 658.4993508552757
3264 596.95154 630.65955 427.69256349239276 527.6925634923928 552.7438148032415 652.7438148032415
3282 596.95154 630.65955 421.193018823778 521.193018823778 546.4565902131905 646.4565902131905
3298 569.18225 625.8016 415.5770257696452 515.5770257696452 540.7057093474355 640.7057093474355
3315 558.0687 618.0669 409.7811519627961 509.7811519627961 534.4328962045494 634.4328962045494
3332 558.0687 618.0669 404.1661854693228 504.1661854693228 527.9976425819129 627.9976425819129
3349 545.96893 610.9141 398.7366769287074 498.7366769287074 521.4051639192346 621.4051639192346
3367 545.96893 610.9141 393.19481603687143 493.19481603687143 514.259462288142 614.259462288142
3383 519.8131 603.72095 388.45148117741576 488.45148117741576 507.7700260162269 607.7700260162269
3400 519.8131 603.72095 383.6041295851123 483.6041295851123 500.7384173488538 600.7384173488538
3417 509.58093 594.7064 378.95890042682595 478.95890042682595 493.5716758314352 593.5716758314352
3434 509.58093 594.7064 374.519558420162 474.519558420162 486.2756097367269 586.2756097367269
3451 500.72235 589.21466 370.28970142185455 470.28970142185455 478.85613214835485 578.8561321483548
3468 500.72235 589.21466 366.2727575118902 466.2727575118902 471.3192561685689 571.3192561685689
3485 476.7171 582.98254 362.4719822152257 462.4719822152257 463.6710900449318 563.6710900449318
3502 476.7171 582.98254 358.8904558633554 458.8904558633554 455.9178322199049 555.9178322199049
3519 465.83755 576.8041 355.5310810978608 455.5310810978608 448.06576630732854 548.0657663073285
3536 465.83755 576.8041 352.3965805179704 452.3965805179704 440.1212559998803 540.1212559998803
3553 459.901 567.6451 349.4894944740342 449.4894944740342 432.0907399116313 532.0907399116313
3570 459.901 567.6451 346.8121790087004 446.8121790087004 423.9807263598813 523.9807263598814
3588 448.19904 550.26465 344.23022471939606 444.23022471939606 415.31430922285153 515.3143092228515
3604 448.19904 550.26465 342.155351140146 442.155351140146 407.5485569510936 507.5485569510936
3622 432.478 529.24084 340.07076873233893 440.07076873233893 398.74925072104793 498.74925072104793
3639 432.478 529.24084 338.34635171354296 438.34635171354296 390.3846393220784 490.3846393220784
3655 426.7824 506.84366 336.9414924513526 436.9414924513526 382.4701981434725 482.4701981434725
3672 426.7824 506.84366 335.68173466233077 435.68173466233077 374.02310703330426 474.02310703330426
3690 341.42593 405.47495 334.61053131423415 434.61053131423415 365.043920136258 465.043920136258
3706 351.7646 401.57785 333.8859279242903 433.8859279242903 357.03848706593226 457.03848706593226
3723 351.7646 401.57785 333.35133438360816 433.35133438360816 348.5147233633919 448.5147233633919
3740 356.324 396.54544 333.05959056430925 433.05959056430925 339.9791962294431 439.9791962294431
3757 356.324 396.54544 453.02406576024066 553.0240657602407 331.056686471707 431.056686471707
3774 356.324 396.54544 453.36623095517183 553.3662309551719 322.5235450269113 422.5235450269113
3791 408.18082 387.0238 454.11274721758974 554.1127472175897 314.01623679178385 414.01623679178385
3808 408.18082 387.0238 455.26193415828243 555.2619341582824 305.553911501838 405.553911501838
3825 402.70865 379.80106 456.81120498653286 556.8112049865329 297.15561763711503 397.15561763711503
3842 402.70865 379.80106 458.7570723329198 558.7570723329197 288.84025954453836 388.84025954453836
3860 444.00894 372.4874 461.2447967163995 561.2447967163995 280.14695788528695 380.14695788528695
3876 444.00894 372.4874 463.8201933182859 563.8201933182859 272.53299249891984 372.53299249891984
3893 431.50232 363.98654 466.92605000007745 566.9260500000775 264.5777907912517 364.5777907912517
3911 421.76605 355.0755 470.6219007798122 570.6219007798122 256.3253394366035 356.3253394366035
3927 421.76605 355.0755 474.251415455004 574.251415455004 249.15374548655507 349.15374548655507
3944 410.89868 344.51083 478.4544350159092 578.4544350159092 241.71962102511617 341.71962102511617
3962 410.89868 344.51083 483.2836511094473 583.2836511094473 234.07495371588607 334.07495371588607
3978 405.03995 335.5919 487.893864647575 587.893864647575 227.49080094619188 327.4908009461919
3995 405.03995 335.5919 493.109026801152 593.109026801152 220.7281340425647 320.7281340425647
4012 405.03995 335.5919 498.63907999467915 598.6390799946792 214.22043924223226 314.22043924223226
4030 407.7287 322.41434 504.82380561963384 604.8238056196338 207.62411941289355 307.62411941289355
4046 407.7287 322.41434 510.59338667089924 610.5933866708992 202.0279536670738 302.0279536670738
4063 436.0417 315.99606 516.9907313118342 616.9907313118342 196.37060786867886 296.37060786867886
4080 439.91232 312.74786 523.6492098803254 623.6492098803254 191.0230623484931 291.0230623484931
4097 439.91232 312.74786 530.5538343096449 630.5538343096449 185.9973542961332 285.9973542961332
4114 450.56033 305.4438 537.689062464963 637.689062464963 181.30479645322103 281.304796453221
4131 450.56033 305.4438 545.0388331282979 645.0388331282979 176.95595164869005 276.9559516486901
4148 469.1665 299.43616 552.5866021519138 652.5866021519138 172.9606090221234 272.96060902212344
4165 469.1665 299.43616 560.3153796987771 660.3153796987771 169.32776198864897 269.32776198864894
4183 487.0516 291.72842 568.6767438562879 668.6767438562879 165.88540004190477 265.88540004190475
4200 487.0516 291.72842 576.7229970015156 676.7229970015156 163.02368896976233 263.02368896976236
4216 510.61905 283.1756 584.4119892185008 684.4119892185008 160.68178050678887 260.68178050678887
4233 510.61905 283.1756 592.6873458725511 692.6873458725511 158.57226582663537 258.5722658266354
4251 510.61905 283.1756 601.547993109811 701.547993109811 156.76915826363768 256.7691582636377
4267 549.36725 251.25806 609.4914555949256 709.4914555949256 155.54174622631027 255.54174622631027
4285 573.0656 245.56729 618.4830892855312 718.4830892855312 154.5863458281167 254.5863458281167
4302 573.0656 245.56729 627.009212437205 727.009212437205 154.09972077737774 254.09972077737774
4318 594.2382 237.61668 635.0464617946108 735.0464617946108 154.01163372561214 254.01163372561214
4335 594.2382 237.61668 643.581202299593 743.581202299593 154.31127426047263 254.31127426047263
4352 613.6846 232.01985 652.0921247860152 752.0921247860152 155.01538956894865 255.01538956894865
4370 613.6846 232.01985 661.0564395481568 761.0564395481568 156.20001068650026 256.20001068650026
4386 636.0233 226.04665 668.9659809564164 768.9659809564164 157.6297978289907 257.6297978289907
4403 636.0233 226.04665 677.2909320172428 777.2909320172428 159.53420581373558 259.5342058137356
4421 657.00916 222.80075 685.9965220114407 785.9965220114407 161.97858082584344 261.97858082584344
4437 657.00916 222.80075 693.6232260010909 793.6232260010909 164.5160052712332 264.5160052712332
4455 676.47784 220.1107 702.0580281761817 802.0580281761817 167.77428374521077 267.77428374521077
4471 695.89417 218.9926 709.4099817666976 809.4099817666976 171.0229627020636 271.02296270206364
4489 695.89417 218.9926 717.4980927560449 817.4980927560449 175.0658239377357 275.0658239377357
4505 713.65326 217.95868 724.5091369531456 824.5091369531456 178.99652309031762 278.9965230903176
4522 713.65326 217.95868 731.7581279004737 831.7581279004737 183.51135533338842 283.51135533338845
4539 713.65326 217.95868 738.7848168015221 838.7848168015221 188.36493370665013 288.36493370665016
4557 742.6774 222.12177 745.9649695491788 845.9649695491788 193.86108443850046 293.8610844385005
4574 742.6774 222.12177 752.4847699331881 852.4847699331881 199.3768602579292 299.3768602579292
4590 783.2983 207.73972 758.3756166338345 858.3756166338345 204.8452294582745 304.8452294582745
4608 783.2983 207.73972 764.7034286327194 864.7034286327194 211.30441374529323 311.30441374529323
4624 802.9976 216.55684 770.0496124154753 870.0496124154753 217.30636805391646 317.30636805391646
4642 802.9976 216.55684 775.7369103211945 875.7369103211945 224.33608418463587 324.33608418463587
4659 822.4719 225.18443 780.7777404132385 880.7777404132385 231.2296762758943 331.2296762758943
4676 836.11505 236.73666 785.4859265519513 885.4859265519513 238.35460176468007 338.35460176468007
4692 836.11505 236.73666 789.6037905304013 889.6037905304013 245.25737894613326 345.25737894613326
4709 786.44727 245.6236 793.6366938824929 893.6366938824929 252.78514557975075 352.78514557975075
4726 786.44727 245.6236 797.3080081024611 897.3080081024611 260.4957247950736 360.4957247950736
4743 812.04395 256.1323 800.6094691549205 900.6094691549205 268.3717602734482 368.3717602734482
4760 812.04395 256.1323 803.5336455346032 903.5336455346032 276.3955232583588 376.3955232583588
4777 812.04395 256.1323 806.0739549944915 906.0739549944915 284.5489524624127 384.5489524624127
4795 835.4348 266.6631 808.3389522412413 908.3389522412413 293.3029260641045 393.3029260641045
4811 835.4348 266.6631 809.980977411876 909.980977411876 301.17114631399613 401.17114631399613
4828 852.62744 277.80182 811.3388957607996 911.3388957607996 309.60249482388303 409.60249482388303
4846 852.62744 277.80182 812.3390893640834 912.3390893640834 318.5892561483454 418.5892561483454
4862 871.95685 288.57318 812.84827042036 912.84827042036 326.6108439720703 426.6108439720703
4879 888.3219 300.8475 812.9963291668411 912.9963291668411 335.1495592469291 435.1495592469291
4896 888.3219 300.8475 812.7392207321774 912.7392207321774 343.68568689301895 443.68568689301895
4913 881.52716 317.11963 812.0775238609478 912.0775238609478 352.200012303063 452.200012303063
4930 881.52716 317.11963 811.0127280160616 911.0127280160616 360.6733699460652 460.6733699460652
4947 893.7547 328.82053 809.5472300260149 909.5472300260149 369.0866865084376 469.0866865084376
4964 893.7547 328.82053 807.6843286896907 907.6843286896907 377.4210238275436 477.4210238275436
4981 913.84515 318.73886 805.4282173508461 905.4282173508461 385.65762152102405 485.65762152102405
4998 913.84515 318.73886 802.7839744590015 902.7839744590015 393.77793921594457 493.77793921594457
5015 913.84515 318.73886 799.7575521379785 899.7575521379785 401.7636982827043 501.7636982827043
5032 731.0761 254.99109 796.3557627878217 896.3557627878217 409.59692297976756 509.59692297976756
5050 788.22363 262.38174 792.3532545820084 892.3532545820084 417.70507902225296 517.7050790222529
5067 788.22363 262.38174 788.2036816660764 888.2036816660764 425.1691680191018 525.1691680191018
5083 814.7207 295.73834 783.9788854061801 883.9788854061801 432.00702098068035 532.0070209806804
5100 814.7207 295.73834 779.1603810904619 879.1603810904619 439.057807893992 539.057807893992
5117 833.21405 325.2954 774.0128734563121 874.0128734563121 445.8721123408068 545.8721123408068
5135 833.21405 325.2954 768.2168577475671 868.2168577475671 452.81246307048013 552.8124630704801
5151 853.41626 351.69922 762.7779103666112 862.7779103666112 458.73048537096236 558.7304853709624
5168 853.41626 351.69922 756.7157445286122 856.7157445286122 464.7456100820642 564.7456100820642
5185 873.95355 353.65002 750.3750976809954 850.3750976809954 470.46642973411736 570.4664297341174
5203 873.95355 353.65002 743.3738084758055 843.3738084758055 476.1886859160961 576.1886859160961
5219 868.3698 380.89282 736.9160462255444 836.9160462255444 480.9743356401059 580.9743356401059
5237 874.538 403.21802 729.404044019961 829.404044019961 486.007435004336 586.007435004336
5253 874.538 403.21802 722.5218717414465 822.5218717414465 490.15964421036574 590.1596442103657
5270 874.538 403.21802 715.014294413571 815.014294413571 494.2300081502966 594.2300081502966
5287 865.5465 422.03644 707.3221049847989 807.3221049847989 497.93969839739407 597.9396983973941
5305 865.5465 422.03644 698.995462019195 798.995462019195 501.46521726278866 601.4652172627887
5321 856.8549 439.13068 691.4535261011198 791.4535261011198 504.2444868016163 604.2444868016163
5338 856.8549 439.13068 683.3128564156366 783.3128564156366 506.8253930396211 606.8253930396211
5355 844.57306 453.7915 675.0589337638094 775.0589337638094 509.01727369220305 609.017273692203
5372 844.57306 453.7915 666.710337516615 766.710337516615 510.8151948914908 610.8151948914908
5390 820.6538 465.00763 657.788344134101 757.788344134101 512.2849909417206 612.2849909417206
5407 820.6538 465.00763 649.3041943374132 749.3041943374132 513.2600715357657 613.2600715357657
5424 798.203 476.54108 640.7833442119403 740.7833442119403 513.8316422459586 613.8316422459586
5440 789.4467 461.8841 632.7473718445073 732.7473718445073 513.9998227193989 613.9998227193989
5458 789.4467 461.8841 623.7083032838261 723.7083032838261 513.7600188365996 613.7600188365996
5474 776.3339 477.4446 615.692552089333 715.692552089333 513.1659907650433 613.1659907650433
5491 776.3339 477.4446 607.2139937950213 707.2139937950213 512.1434306506889 612.1434306506889
5508 776.3339 477.4446 598.7934791480179 698.7934791480179 510.71987418285164 610.7198741828516
5525 766.97595 487.81757 590.4499625136663 690.4499625136663 508.8985257511097 608.8985257511097
5543 766.97595 487.81757 581.7204446332313 681.7204446332313 506.5410304866251 606.5410304866251
5559 755.95 496.92966 574.0688318657412 674.0688318657412 504.079738423869 604.079738423869
5576 755.95 496.92966 566.0680913626405 666.0680913626405 501.0931464966776 601.0931464966776
5593 740.7356 479.01376 558.218012891798 658.218012891798 497.7304321259451 597.7304321259451
5610 740.7356 479.01376 550.5362667811617 650.5362667811617 493.99916469660786 593.9991646966079
5627 722.56415 467.9634 543.0401444467964 643.0401444467964 489.90774319720856 589.9077431972086
5645 714.06055 455.09668 535.3241421383856 635.3241421383856 485.19334241625086 585.1933424162509
5661 714.06055 455.09668 528.6718096170268 628.6718096170268 480.6820667001052 580.6820667001052
5679 571.2485 364.07736 521.4372397764029 621.4372397764029 475.25774503117407 575.2577450311741
5695 571.2485 364.07736 515.2423066318847 615.2423066318847 470.13642294632587 570.1364229463259
5712 585.3685 395.41943 508.91774297137306 608.9177429713731 464.3978277836013 564.3978277836013
5729 585.3685 395.41943 502.8724853308397 602.8724853308397 458.36571041097886 558.3657104109789
5746 593.34796 418.23425 497.1201414322254 597.1201414322254 452.0536489719888 552.0536489719889
5764 593.34796 418.23425 491.36306905859533 591.3630690585953 445.0809605355471 545.0809605355471
5780 593.34796 418.23425 486.5452998949387 586.5452998949387 438.6471252215585 538.6471252215586
5797 599.4292 434.99146 481.74660595691194 581.7466059569119 431.58284065575424 531.5828406557542
5814 599.4292 434.99146 477.2883795805666 577.2883795805666 424.29889958551144 524.2988995855114
5831 585.5857 443.8003 473.18065612063515 573.1806561206351 416.8116979778178 516.8116979778179
5848 589.42896 450.61017 469.43268195865755 569.4326819586576 409.1380893339877 509.1380893339877
5865 589.42896 450.61017 466.05289368960894 566.0528936896089 401.295346752855 501.295346752855
5882 590.5128 455.65448 463.04889913133843 563.0488991313384 393.30112404946493 493.30112404946493
5899 590.5128 455.65448 460.427460199564 560.4274601995639 385.1734160167848 485.1734160167848
5916 581.93396 460.05264 458.1944776869708 558.1944776869708 376.9305179198789 476.9305179198789
5933 581.93396 460.05264 456.35497798067684 556.3549779806768 368.59098431373195 468.59098431373195
5950 567.80725 457.2769 454.91310174796206 554.9131017479621 360.1735872774116 460.1735872774116
5967 567.80725 457.2769 453.8720946157316 553.8720946157316 351.69727415859836 451.69727415859836
5984 561.96954 447.4991 453.23429986469176 553.2342998646918 343.18112492358273 443.18112492358273
6001 561.96954 447.4991 453.0036526131048 553.0036526131048 335.1467028281774 435.1467028281774
