299.0 683.0 0.0 384.0
1 0.045788877 0.0250001
17 0.045788877 0.0250001
34 0.036631104 0.02000008
52 0.036631104 0.02000008
69 0.029304883 0.016000064
85 0.029304883 0.016000064
102 0.023443906 0.012800052
119 0.023443906 0.012800052
136 0.023443906 0.012800052
153 0.023443906 0.012800052
170 0.023443906 0.012800052
187 0.023443906 0.012800052
204 0.023443906 0.012800052
221 0.0150041 0.0081920335
238 0.0150041 0.0081920335
255 0.01200328 0.006553627
272 0.01200328 0.006553627
289 0.009602624 0.005242902
307 0.009602624 0.005242902
323 0.0076820995 0.0041943216
340 0.0076820995 0.0041943216
357 0.00614568 0.0033554572
375 0.00614568 0.0033554572
391 0.004916544 0.0026843657
408 0.004916544 0.0026843657
426 0.0039332355 0.0021474927
443 0.0039332355 0.0021474927
459 0.0031465886 0.0017179942
476 0.0031465886 0.0017179942
493 0.0025172709 0.0013743954
510 0.0025172709 0.0013743954
527 0.0025172709 0.0013743954
545 0.0025172709 0.0013743954
561 0.0025172709 0.0013743954
578 0.0025172709 0.0013743954
595 0.0025172709 0.0013743954
612 0.0016110534 8.7961316E-4
629 0.0012888428 7.036905E-4
646 0.0012888428 7.036905E-4
663 0.0010310742 5.629524E-4
680 0.0010310742 5.629524E-4
697 8.2485937E-4 4.5036196E-4
714 6.598875E-4 3.6028956E-4
731 6.598875E-4 3.6028956E-4
748 5.2791E-4 2.8823165E-4
765 5.2791E-4 2.8823165E-4
782 5.2791E-4 2.8823165E-4
800 4.22328E-4 2.3058533E-4
817 4.22328E-4 2.3058533E-4
833 3.378624E-4 1.8446827E-4
850 3.378624E-4 1.8446827E-4
867 2.7028992E-4 1.4757462E-4
884 2.7028992E-4 1.4757462E-4
901 2.7028992E-4 1.4757462E-4
918 2.7028992E-4 1.4757462E-4
935 2.7028992E-4 1.4757462E-4
952 2.7028992E-4 1.4757462E-4
970 2.7028992E-4 1.4757462E-4
986 131.10335 58.542
1004 235.36682 107.64476
1020 303.2073 146.23973
1038 303.2073 146.23973
1054 321.8587 166.15944
1072 321.8587 166.15944
1088 336.32132 179.42085
1105 336.32132 179.42085
1123 350.87183 187.27017
1139 350.87183 187.27017
1157 360.47284 195.33327
1173 360.47284 195.33327
1190 370.2409 208.43163
1208 370.2409 208.43163
1224 374.96368 215.97855
1241 374.96368 215.97855
1258 379.6002 220.05528
1275 379.6002 220.05528
1292 377.51343 206.18376
1309 377.51343 206.18376
1327 377.41904 188.91986
1343 377.41904 188.91986
1360 374.98376 173.40706
1378 374.98376 173.40706
1394 374.5954 160.99542
1411 374.5954 160.99542
1429 376.72272 155.18777
1445 376.72272 155.18777
1462 458.805 185.46437
1479 569.2819 263.95062
1496 569.2819 263.95062
1513 626.5583 354.46344
1531 626.5583 354.46344
1547 626.5583 354.46344
1564 674.41394 426.81714
1581 674.41394 426.81714
1598 701.8113 457.08594
1615 701.8113 457.08594
1632 720.90283 470.35568
1650 720.90283 470.35568
1666 742.46967 491.78732
1683 757.3206 512.50745
1700 757.3206 512.50745
1718 774.5017 525.46625
1734 774.5017 525.46625
1752 785.829 560.0145
1769 785.829 560.0145
1785 796.5799 589.18665
1802 796.5799 589.18665
1819 796.5799 589.18665
1837 805.28613 614.94666
1853 813.2447 634.9155
1870 813.2447 634.9155
1887 818.3081 647.88837
1904 818.3081 647.88837
1922 582.2997 563.243
1938 582.2997 563.243
1955 639.2573 573.54614
1972 639.2573 573.54614
1989 639.2573 573.54614
2007 671.98285 581.61224
2023 671.98285 581.61224
2040 697.11523 577.6891
2057 697.11523 577.6891
2074 721.5325 578.42084
2091 738.54626 579.34766
2108 738.54626 579.34766
2125 750.7483 582.0908
2142 750.7483 582.0908
2159 759.17346 582.03796
2176 759.17346 582.03796
2193 759.17346 582.03796
2211 763.5413 582.1253
2227 763.5413 582.1253
2244 768.70276 580.99164
2261 775.40796 581.9823
2279 775.40796 581.9823
2295 779.29834 585.8239
2312 779.29834 585.8239
2329 779.85583 586.09546
2346 779.85583 586.09546
2363 781.3472 586.14215
2381 781.3472 586.14215
2397 783.9342 585.97095
2414 783.9342 585.97095
2431 786.8824 586.2809
2448 784.081 589.2243
2465 784.081 589.2243
2482 784.081 589.2243
2499 785.3445 587.2626
2517 785.3445 587.2626
2533 784.37524 587.2401
2550 784.37524 587.2401
2567 783.331 586.7501
2584 783.331 586.7501
2601 781.045 587.6254
2618 781.045 587.6254
2635 781.93994 589.34796
2653 779.07855 592.8524
2669 779.07855 592.8524
2687 780.536 590.6603
2703 780.536 590.6603
2720 781.6665 591.31445
2738 781.6665 591.31445
2754 780.90674 591.738
2772 780.90674 591.738
2788 780.90674 591.738
2805 781.3749 593.46313
2822 781.3749 593.46313
2839 782.84045 594.041
2856 781.4139 595.3738
2874 781.4139 595.3738
2890 779.84955 567.06525
2907 779.84955 567.06525
2924 781.7562 573.5498
2941 781.7562 573.5498
2958 775.36884 553.1848
2975 775.36884 553.1848
2992 777.9265 561.2315
3009 777.9265 561.2315
3028 778.04 568.9901
3044 778.04 568.9901
3061 779.2595 575.17926
3078 779.2595 575.17926
3095 781.18335 581.08563
3111 781.18335 581.08563
3128 779.70166 589.29626
3145 779.70166 589.29626
3162 779.79663 593.745
3179 779.79663 593.745
3197 779.44977 598.0376
3214 779.3681 600.29675
3230 779.3681 600.29675
3247 780.5978 603.21936
3265 780.5978 603.21936
3281 780.5978 603.21936
3298 780.8659 606.4607
3315 780.8659 606.4607
3332 780.5405 605.0397
3349 780.5405 605.0397
3366 781.443 602.2259
3383 781.443 602.2259
3400 779.7016 603.83136
3418 777.0999 603.7703
3434 777.0999 603.7703
3451 778.2179 601.60297
3469 778.2179 601.60297
3486 778.2179 601.60297
3502 777.68066 603.39087
3519 777.45715 603.0793
3537 777.45715 603.0793
3553 777.45715 603.0793
3570 779.0027 602.20776
3587 779.0027 602.20776
3605 777.7278 605.1972
3622 780.1891 605.3152
3638 780.1891 605.3152
3655 779.69574 604.4698
3673 779.69574 604.4698
3690 778.0671 604.00586
3706 778.0671 604.00586
3723 777.86035 605.01843
3740 777.86035 605.01843
3757 777.86035 605.01843
3774 774.8356 605.2562
3792 775.9309 603.49536
3808 775.9309 603.49536
3825 776.1057 604.927
3843 776.1057 604.927
3859 774.1405 607.28394
3876 774.1405 607.28394
3894 773.4361 604.02203
3910 773.4361 604.02203
3928 774.14307 605.236
3944 774.14307 605.236
3961 774.0193 604.0222
3979 778.3385 603.99475
3995 778.3385 603.99475
4012 777.9026 605.519
