683.0 1067.0 384.0 768.0
1 597.3384 428.77087
17 593.48816 428.9498
34 593.48816 428.9498
51 594.3028 430.445
69 594.2741 430.9475
85 594.2741 430.9475
103 475.41928 344.75803
119 475.41928 344.75803
137 475.41928 344.75803
153 380.33542 275.80643
172 380.33542 275.80643
187 304.26834 220.64514
204 304.26834 220.64514
222 243.41467 176.51611
238 194.73174 141.21289
256 194.73174 141.21289
273 155.78539 112.970314
289 155.78539 112.970314
306 124.62831 90.37625
323 124.62831 90.37625
340 99.70265 72.301
357 99.70265 72.301
374 79.76212 57.8408
391 79.76212 57.8408
408 63.8097 46.27264
425 63.8097 46.27264
442 51.04776 37.018112
459 51.04776 37.018112
476 40.838207 29.61449
493 40.838207 29.61449
510 40.838207 29.61449
528 40.838207 29.61449
545 243.04599 133.1912
561 243.04599 133.1912
579 306.88208 169.79794
595 306.88208 169.79794
613 337.73932 180.6846
630 337.73932 180.6846
646 361.44244 184.07588
664 382.70404 198.49094
680 382.70404 198.49094
697 401.0211 201.15002
714 401.0211 201.15002
732 401.0211 201.15002
748 412.63354 204.88217
765 412.63354 204.88217
783 443.56714 220.15085
799 443.56714 220.15085
816 528.6771 297.2796
833 528.6771 297.2796
850 597.7008 361.34232
867 653.7845 409.59268
885 653.7845 409.59268
902 695.63654 451.14966
918 695.63654 451.14966
935 733.06976 486.17258
953 733.06976 486.17258
969 761.2606 512.2426
987 761.2606 512.2426
1003 761.2606 512.2426
1020 781.21075 533.10254
1037 781.21075 533.10254
1054 799.7699 553.5947
1071 785.889 548.917
1088 785.889 548.917
1105 776.8143 543.1372
1122 776.8143 543.1372
1139 771.1353 537.4921
1156 771.1353 537.4921
1173 747.41986 522.3925
1190 747.41986 522.3925
1207 699.93054 485.518
1224 699.93054 485.518
1242 647.30347 429.6215
1259 647.30347 429.6215
1275 605.34436 389.45575
1293 605.34436 389.45575
1309 574.7325 352.66046
1326 574.7325 352.66046
1344 549.449 325.13058
1360 549.449 325.13058
1377 529.25073 298.1909
1394 529.25073 298.1909
1411 510.7155 279.7335
1428 501.72156 266.60422
1445 501.72156 266.60422
1463 501.72156 266.60422
1479 491.16507 258.63177
1496 491.16507 258.63177
1513 482.62488 251.92807
1531 482.62488 251.92807
1547 475.6965 246.7732
1564 475.6965 246.7732
1582 469.34454 243.44876
1598 469.34454 243.44876
1615 465.98138 244.62256
1632 463.28574 239.3758
1649 463.28574 239.3758
1667 461.09247 234.61586
1684 461.09247 234.61586
1700 461.09247 234.61586
1717 460.92374 232.15634
1734 460.92374 232.15634
1752 456.87195 232.5676
1768 456.87195 232.5676
1785 454.29385 231.08922
1802 454.29385 231.08922
1820 452.88718 227.86238
1836 454.11475 224.79338
1853 454.11475 224.79338
1870 516.7176 270.2801
1887 516.7176 270.2801
1904 595.3692 344.25708
1922 595.3692 344.25708
1938 657.294 403.97638
1955 657.294 403.97638
1972 657.294 403.97638
1990 706.4741 449.23642
2006 745.10046 486.0019
2023 745.10046 486.0019
2041 777.98773 515.9581
2058 777.98773 515.9581
2074 806.02484 539.2903
2091 806.02484 539.2903
2108 825.6012 560.01044
2125 825.6012 560.01044
2142 842.4039 574.0195
2160 842.4039 574.0195
2176 853.38324 573.2767
2193 853.38324 573.2767
2210 861.5127 565.0487
2227 861.5127 565.0487
2245 861.7353 554.6399
2261 861.7353 554.6399
2279 869.6177 550.72327
2296 869.6177 550.72327
2312 861.3156 537.2704
2330 861.3156 537.2704
2347 830.2049 484.36218
2363 830.2049 484.36218
2380 779.0659 417.7246
2397 731.12177 356.22485
2414 731.12177 356.22485
2432 692.4156 308.1203
2448 692.4156 308.1203
2465 692.4156 308.1203
2482 665.5365 269.83
2499 665.5365 269.83
2516 635.5658 234.81276
2533 635.5658 234.81276
2550 615.3181 210.8967
2567 615.3181 210.8967
2584 597.1434 189.11044
2601 586.5455 174.99512
2618 586.5455 174.99512
2635 586.5455 174.99512
2652 576.1692 163.35187
2669 567.7917 153.02632
2686 567.7917 153.02632
2703 563.0035 142.26894
2720 563.0035 142.26894
2737 559.9822 135.94853
2754 559.9822 135.94853
2771 553.5653 131.99425
2789 549.7901 131.32373
2805 549.7901 131.32373
2822 549.7901 131.32373
2839 550.7091 127.992905
2856 550.7091 127.992905
2873 547.1118 121.635124
2890 547.1118 121.635124
2907 544.1731 119.58868
2924 544.1731 119.58868
2941 543.2459 117.378044
2958 544.4535 117.51182
2976 544.4535 117.51182
2992 544.6626 114.428314
3009 544.6626 114.428314
3026 543.98987 115.64802
3043 543.98987 115.64802
3060 543.98987 115.64802
3077 534.2384 109.433914
3095 534.2384 109.433914
3112 529.7123 103.336334
3128 529.7123 103.336334
3145 527.7126 95.60353
3164 525.6588 92.22202
3179 525.6588 92.22202
3197 521.9988 89.38302
3213 521.9988 89.38302
3230 518.51294 88.92709
3247 518.51294 88.92709
3264 515.9206 82.68854
3282 515.9206 82.68854
3298 515.9206 82.68854
3315 515.66254 77.166954
3333 515.66254 77.166954
3350 518.01276 73.60494
3366 519.9953 73.79288
3384 519.9953 73.79288
3400 518.5952 74.36376
3417 518.5952 74.36376
3434 517.5064 74.94151
3452 517.5064 74.94151
3468 520.20386 75.59238
3485 520.20386 75.59238
3502 520.6976 72.70626
3519 520.6976 72.70626
3536 522.2882 74.44505
3554 522.2882 74.44505
3570 522.2844 68.9605
3587 522.2844 68.9605
3604 523.9013 66.581825
3621 523.9013 66.581825
3638 522.7724 66.262344
3655 522.7724 66.262344
3672 525.04486 68.56582
3689 525.04486 68.56582
3706 524.8984 67.85545
3723 524.8984 67.85545
3741 520.8599 62.969322
3757 517.69696 63.268898
3774 517.69696 63.268898
3791 517.69696 63.268898
3809 518.8139 59.9066
3826 518.8139 59.9066
3842 519.97485 57.78718
3860 519.97485 57.78718
3876 516.6825 61.34543
3893 516.6825 61.34543
3911 413.346 49.076344
3927 413.346 49.076344
3944 330.67682 39.261074
3961 330.67682 39.261074
3979 323.24017 46.07042
3996 323.24017 46.07042
