683.0 1067.0 0.0 384.0
2 672.4244 220.88354
17 672.4244 220.88354
34 672.4244 220.88354
52 677.04614 214.39993
68 677.2744 203.56598
85 677.2744 203.56598
102 681.0657 199.06384
119 683.03253 197.19888
136 683.03253 197.19888
153 683.03253 197.19888
171 684.3966 195.60545
187 684.3966 195.60545
205 685.24164 190.21655
222 685.24164 190.21655
238 684.1448 186.67531
255 684.1448 186.67531
272 684.0635 185.7551
289 684.0635 185.7551
306 683.39575 181.2431
323 704.3879 173.12665
341 704.3879 173.12665
357 731.4774 164.52483
375 731.4774 164.52483
392 749.875 156.75856
408 749.875 156.75856
425 765.81647 151.3286
442 765.81647 151.3286
460 765.81647 151.3286
476 780.2497 143.84872
493 780.2497 143.84872
511 790.0899 138.987
527 799.0076 132.2003
544 799.0076 132.2003
562 801.03284 131.57645
578 801.03284 131.57645
596 755.69867 146.28314
613 755.69867 146.28314
629 713.69507 160.53976
646 713.69507 160.53976
663 681.8619 176.22621
680 681.8619 176.22621
697 654.7195 188.97667
715 654.7195 188.97667
731 617.6014 232.02527
748 617.6014 232.02527
765 577.60175 315.4621
782 577.60175 315.4621
799 550.1347 393.65842
816 550.1347 393.65842
833 528.12427 452.05383
850 528.12427 452.05383
868 512.26776 502.56165
884 495.85303 539.68317
901 495.85303 539.68317
919 483.8593 568.3662
936 483.8593 568.3662
952 483.8593 568.3662
969 473.1063 594.4238
987 473.1063 594.4238
1003 463.5728 618.1166
1020 463.5728 618.1166
1037 462.3867 634.5797
1054 462.3867 634.5797
1071 459.67676 647.0106
1088 454.20032 656.3097
1106 454.20032 656.3097
1122 454.39032 664.2101
1139 454.39032 664.2101
1157 457.02402 671.062
1173 457.02402 671.062
1190 458.06613 723.1216
1208 458.06613 723.1216
1224 458.06613 723.1216
1241 366.4529 578.49725
1259 293.16232 462.79782
1276 293.16232 462.79782
1292 234.52986 370.23825
1309 234.52986 370.23825
1326 234.52986 370.23825
1343 187.62389 296.1906
1361 150.0991 236.9525
1378 150.0991 236.9525
1394 150.0991 236.9525
1411 120.079285 189.562
1429 120.079285 189.562
1445 96.06343 151.6496
1462 96.06343 151.6496
1479 76.850746 121.31968
1496 61.4806 97.05575
1513 61.4806 97.05575
1531 49.18448 77.6446
1547 49.18448 77.6446
1564 39.347584 62.11568
1581 39.347584 62.11568
1598 31.478067 49.692547
1615 31.478067 49.692547
1632 31.478067 49.692547
1649 31.478067 49.692547
1666 31.478067 49.692547
1684 129.77966 134.46655
1700 210.3714 200.57632
1717 210.3714 200.57632
1735 275.57092 254.45837
1751 275.57092 254.45837
1768 325.74722 301.70358
1785 325.74722 301.70358
1802 371.0949 334.6328
1820 371.0949 334.6328
1836 408.0852 361.23007
1854 408.0852 361.23007
1870 435.8305 387.79938
1887 454.73352 405.19592
1904 454.73352 405.19592
1922 469.42868 422.4812
1938 469.42868 422.4812
1955 469.42868 422.4812
1972 480.80325 433.48596
1989 480.80325 433.48596
2006 493.23163 441.95685
2023 493.23163 441.95685
2041 501.79108 447.66315
2057 511.40738 455.2062
2074 511.40738 455.2062
2092 519.29047 463.04587
2108 519.29047 463.04587
2125 523.88104 467.16516
2142 523.88104 467.16516
2159 523.88104 467.16516
2177 520.42676 473.40344
2194 520.42676 473.40344
2210 524.3487 475.89038
2227 524.3487 475.89038
2245 531.63354 478.08456
2262 533.22107 478.3776
2278 533.22107 478.3776
2295 533.6189 479.81485
2313 533.6189 479.81485
2329 531.4021 478.06177
2346 531.4021 478.06177
2363 536.4371 481.23022
2380 536.4371 481.23022
2398 539.9691 480.45233
2414 539.9691 480.45233
2431 539.78625 479.95306
2448 539.78625 479.95306
2465 537.73987 478.26642
2483 537.73987 478.26642
2499 540.0881 475.09525
2516 540.0881 475.09525
2533 539.59753 474.43283
2550 539.59753 474.43283
2567 540.1213 473.53198
2584 540.1213 473.53198
2601 528.7804 470.91406
2618 528.7804 470.91406
2636 531.39954 468.8196
2652 533.037 468.27365
2669 533.037 468.27365
2686 533.037 468.27365
2703 530.1123 464.1439
2720 530.1123 464.1439
2737 531.5099 463.07568
2755 531.5099 463.07568
2771 532.57153 465.5449
2788 532.57153 465.5449
2805 530.8826 468.07202
2822 532.0364 467.8012
2840 532.0364 467.8012
2856 533.1112 469.49268
2873 533.1112 469.49268
2890 533.3041 470.0714
2907 533.3041 470.0714
2925 534.22546 467.1623
2941 534.22546 467.1623
2958 534.22546 467.1623
2975 533.3361 465.96423
2992 533.3361 465.96423
3009 534.38306 463.4336
3026 535.7445 460.66122
3044 535.7445 460.66122
3060 538.76483 462.77704
3077 538.76483 462.77704
3094 523.0646 459.25674
3111 523.0646 459.25674
3128 514.2694 455.26587
3145 514.2694 455.26587
3162 504.3479 453.02856
3179 504.3479 453.02856
3196 495.61423 452.25925
3214 495.61423 452.25925
3231 492.28033 449.7537
3248 492.28033 449.7537
3264 477.28036 448.33582
3281 477.28036 448.33582
3298 474.8804 452.34045
3315 474.8804 452.34045
3332 476.14996 450.03876
3350 476.14996 450.03876
3366 477.28833 453.92456
3384 476.52115 455.4711
3401 476.52115 455.4711
3417 472.9706 452.0798
3434 472.9706 452.0798
3451 472.9706 452.0798
3468 473.51538 450.94055
3485 473.51538 450.94055
3502 477.47906 462.02292
3519 477.47906 462.02292
3536 381.98325 369.61835
3553 381.98325 369.61835
3570 406.92636 381.0934
3587 435.13623 372.8833
3605 435.13623 372.8833
3621 456.30463 369.7531
3638 456.30463 369.7531
3655 456.30463 369.7531
3673 461.63364 367.7471
3689 461.63364 367.7471
3706 475.4308 371.32703
3723 475.4308 371.32703
3740 486.32233 375.38123
3758 486.32233 375.38123
3774 492.49545 375.32257
3791 501.5266 377.37817
3808 501.5266 377.37817
3825 504.89337 380.26645
3842 504.89337 380.26645
3859 509.66107 380.02023
3876 509.66107 380.02023
3894 509.66107 380.02023
3910 512.9844 378.8332
3928 512.9844 378.8332
3944 515.09717 377.79163
3961 515.09717 377.79163
3979 516.0524 378.55798
3995 519.825 380.25183
