299.0 683.0 384.0 768.0
1 707.9701 225.87543
19 707.9701 225.87543
35 706.65906 223.22177
52 706.65906 223.22177
70 706.6613 218.6409
86 706.6613 218.6409
103 707.8659 214.80794
121 707.8659 214.80794
138 708.4833 206.91496
154 708.4833 206.91496
171 712.3428 208.63243
189 712.3428 208.63243
205 712.01697 204.96709
222 712.01697 204.96709
239 710.56915 202.76698
257 710.56915 202.76698
273 711.4248 201.92093
290 711.4248 201.92093
307 703.25366 204.88373
324 703.25366 204.88373
341 652.1628 275.61105
359 617.43915 345.25665
376 617.43915 345.25665
392 586.3195 397.86194
409 586.3195 397.86194
427 553.53735 441.98758
443 553.53735 441.98758
460 553.53735 441.98758
477 536.88617 480.33295
494 536.88617 480.33295
511 518.7638 506.47784
528 518.7638 506.47784
545 512.29474 529.7826
562 501.59152 547.9319
579 501.59152 547.9319
596 499.0432 565.60315
614 499.0432 565.60315
631 491.63477 576.82513
647 491.63477 576.82513
664 486.76483 588.7362
681 486.76483 588.7362
698 512.8036 587.27295
715 512.8036 587.27295
733 578.1732 547.9471
750 578.1732 547.9471
766 630.8346 506.05914
783 630.8346 506.05914
801 677.8086 467.1663
817 677.8086 467.1663
834 713.6212 436.05566
851 713.6212 436.05566
868 740.7471 383.964
886 740.7471 383.964
902 763.0235 333.62616
919 763.0235 333.62616
936 782.01685 293.71283
954 794.3546 266.37595
970 794.3546 266.37595
988 794.3546 266.37595
1004 808.4745 243.66228
1021 808.4745 243.66228
1039 821.0585 225.14186
1055 821.0585 225.14186
1073 828.3202 210.86525
1089 828.3202 210.86525
1106 834.2457 198.61427
1123 834.2457 198.61427
1140 839.31946 189.28064
1158 843.8523 181.11356
1175 843.8523 181.11356
1191 846.25 172.57036
1208 846.25 172.57036
1225 848.03937 167.72891
1242 848.03937 167.72891
1259 848.03937 167.72891
1276 848.1838 165.76154
1294 848.1838 165.76154
1310 850.8566 164.71352
1327 853.37354 160.87431
1344 853.37354 160.87431
1362 882.2388 150.55441
1378 882.2388 150.55441
1395 906.4646 141.52525
1413 906.4646 141.52525
1429 922.87744 133.89641
1447 922.87744 133.89641
1463 940.6342 128.21524
1481 940.6342 128.21524
1497 950.59735 121.8598
1514 950.59735 121.8598
1531 962.36816 119.065544
1548 962.36816 119.065544
1565 968.5295 116.80689
1582 968.5295 116.80689
1599 973.06885 114.3876
1616 973.06885 114.3876
1633 977.7204 110.35979
1650 977.7204 110.35979
1667 979.6411 109.64654
1684 979.6411 109.64654
1701 984.3939 109.242935
1719 985.13904 108.671844
1735 985.13904 108.671844
1753 985.13904 108.671844
1769 987.20984 108.8211
1786 987.20984 108.8211
1803 989.5119 110.20502
1820 989.5119 110.20502
1837 989.8899 108.6801
1854 989.8899 108.6801
1871 991.09283 110.544685
1888 991.09283 110.544685
1905 993.2375 109.77979
1922 995.61633 111.35876
1939 995.61633 111.35876
1956 994.7538 110.47113
1973 994.7538 110.47113
1990 994.7538 110.47113
2007 993.63 109.66354
2024 993.63 109.66354
2041 991.30054 110.569336
2058 991.30054 110.569336
2075 991.59216 108.359085
2094 988.51624 107.65833
2109 988.51624 107.65833
2127 986.15125 107.73245
2143 986.15125 107.73245
2161 986.0747 105.23891
2178 986.0747 105.23891
2194 983.82434 106.86159
2211 983.82434 106.86159
2229 976.0161 110.605255
2245 976.0161 110.605255
2262 976.0161 110.605255
2280 960.3559 112.81675
2296 947.5921 99.41584
2313 947.5921 99.41584
2330 937.9013 94.7503
2347 937.9013 94.7503
2364 931.3717 89.3799
2381 931.3717 89.3799
2398 925.4199 85.61392
2415 925.4199 85.61392
2432 923.8044 81.68084
2449 923.8044 81.68084
2466 921.9846 80.70127
2485 918.7085 78.35272
2501 918.7085 78.35272
2517 918.7085 78.35272
2535 917.31494 77.25868
2551 917.31494 77.25868
2568 914.1865 78.50478
2586 914.1865 78.50478
2603 914.8927 76.00701
2619 914.8927 76.00701
2636 911.41003 73.83953
2653 911.41003 73.83953
2670 911.65875 73.12855
2687 909.70135 68.56412
2704 909.70135 68.56412
2721 906.6099 58.953636
2738 906.6099 58.953636
2756 906.6099 58.953636
2772 901.92645 50.87753
2789 901.92645 50.87753
2806 901.5878 48.297203
2824 901.5878 48.297203
2840 901.24347 48.793823
2858 901.24347 48.793823
2874 901.1541 46.20666
2892 899.93207 46.439228
2908 899.93207 46.439228
2925 902.62805 43.726704
2942 902.62805 43.726704
2960 904.3512 42.306187
2976 904.3512 42.306187
2993 907.40515 40.895733
3010 907.40515 40.895733
3027 907.40515 40.895733
3044 902.75665 41.147568
3061 902.75665 41.147568
3079 898.45984 37.830696
3095 898.96564 36.11902
3113 898.96564 36.11902
3129 900.3089 35.086315
3146 900.3089 35.086315
3163 898.84143 34.54493
3180 898.84143 34.54493
3197 898.84143 34.54493
3214 900.72986 32.962906
3232 900.72986 32.962906
3248 901.97656 31.836466
3266 901.97656 31.836466
3282 897.515 30.501774
3299 897.6277 32.30068
3317 897.6277 32.30068
3333 896.0682 33.939922
3351 896.0682 33.939922
3367 896.47656 30.934858
3385 896.47656 30.934858
3401 897.3597 29.724487
3418 897.3597 29.724487
3435 893.6422 30.84225
3452 893.6422 30.84225
3470 895.21027 30.385601
3486 895.21027 30.385601
3504 895.88086 31.051102
3520 895.88086 31.051102
3537 894.75024 27.018301
3554 894.75024 27.018301
3571 892.41473 27.145882
3589 892.41473 27.145882
3606 893.4198 27.114126
3622 893.4198 27.114126
3640 890.9571 26.650381
3656 890.9571 26.650381
3674 889.71967 26.720104
3690 889.2859 26.886164
3708 889.2859 26.886164
3724 889.2859 26.886164
3741 888.2271 27.833832
3758 888.2271 27.833832
3776 886.6904 25.816666
3792 886.6904 25.816666
3809 882.5141 23.605494
3826 882.5141 23.605494
3843 881.7307 23.337915
3861 877.62146 22.295792
3878 877.62146 22.295792
3894 902.0988 86.583755
3911 902.0988 86.583755
3929 721.6791 69.267006
3945 721.6791 69.267006
3963 721.6791 69.267006
3980 769.7813 91.01869
3996 769.7813 91.01869
