1 632.7174 409.1203 333.00042067616835 433.00042067616835 333.4976002348308 433.4976002348308
17 632.926 408.74808 333.1215672298508 433.1215672298508 325.460353677165 425.460353677165
34 632.926 408.74808 333.4861703954607 433.4861703954607 316.92762829531256 416.92762829531256
51 632.68243 409.27832 334.0935140048509 434.0935140048509 308.4087391863609 408.4087391863609
68 632.68243 409.27832 334.94310583748677 434.94310583748677 299.91059046864586 399.91059046864586
85 631.1116 409.52112 336.0342573431978 436.0342573431978 291.44006945149073 391.44006945149073
102 631.1116 409.52112 337.3660842002114 437.3660842002114 283.00404105339845 383.00404105339845
119 632.141 411.65756 338.93750703184975 438.93750703184975 274.6093422383909 374.6093422383909
137 632.141 411.65756 340.8610993111701 440.8610993111701 265.7734457537099 365.7734457537099
153 629.56134 415.48544 342.7938532438116 442.7938532438116 257.9711082224287 357.9711082224287
170 629.56134 415.48544 345.0756512552929 445.0756512552929 249.74105744826687 349.7410574482669
188 628.24 420.17178 347.745971055829 447.745971055829 241.10145872448777 341.10145872448777
204 628.24 420.17178 350.3372521925565 450.3372521925565 233.4924331110061 333.4924331110061
221 626.3435 420.24774 353.31279086333535 453.31279086333535 225.48702821623766 325.48702821623766
239 626.3435 420.24774 356.7103713044251 456.7103713044251 217.10671073469888 317.1067107346989
255 624.4866 421.24118 359.9412889638151 459.9412889638151 209.74646754616077 309.7464675461608
272 624.4866 421.24118 363.5888763391684 463.5888763391684 202.0240686798987 302.02406867989873
290 623.94147 417.08844 367.68894874217887 467.68894874217887 193.9641257374746 293.9641257374746
307 623.94147 417.08844 371.7826486363828 471.7826486363828 186.46866317091627 286.4686631709163
323 612.06165 414.91583 375.8289940602396 475.8289940602396 179.52322600490484 279.5232260049048
340 612.06165 414.91583 380.3304626662418 480.3304626662418 172.26532559916362 272.2653255991636
358 570.8242 402.48175 385.31984113972976 485.31984113972976 164.72348388819168 264.7234838881917
374 570.8242 402.48175 389.9439124255555 489.9439124255555 158.14853343516307 258.1485334351631
391 539.26495 389.49536 395.0481023758233 495.0481023758233 151.30108260568883 251.30108260568883
408 512.2634 377.82083 400.34514001297055 500.34514001297055 144.601699784777 244.601699784777
425 512.2634 377.82083 405.83073236238414 505.83073236238414 138.05581447516937 238.05581447516937
442 493.69403 361.2659 411.50043363562395 511.50043363562395 131.66873177782583 231.66873177782583
459 493.69403 361.2659 417.3496488335043 517.3496488335043 125.44562809241546 225.44562809241546
476 493.69403 361.2659 423.3736374701024 523.3736374701024 119.39154692211227 219.39154692211227
493 479.66815 350.77884 429.5675174146769 529.5675174146769 113.51139478609738 213.51139478609738
510 479.66815 350.77884 435.9262688483818 535.9262688483818 107.8099372430793 207.8099372430793
527 471.2367 341.00818 442.44473833256984 542.4447383325698 102.29179502905546 202.29179502905546
544 471.2367 341.00818 449.1176429853873 549.1176429853873 96.96144031244515 196.96144031244515
561 461.39328 320.4031 455.939574763276 555.939574763276 91.82319306962836 191.82319306962836
579 455.47305 298.99963 463.31908475446505 563.319084754465 86.5967118216947 186.5967118216947
595 455.47305 298.99963 470.0082881070341 570.0082881070341 82.13951907017963 182.13951907017963
612 453.76483 281.63333 477.24366770951156 577.2436677095116 77.60194042970028 177.60194042970028
629 453.76483 281.63333 484.6052797509776 584.6052797509776 73.27215913482809 173.2721591348281
646 455.0255 262.88672 492.08715802621145 592.0871580262115 69.15368424901567 169.15368424901567
664 455.0255 262.88672 500.1334925058843 600.1334925058843 65.02696940712423 165.02696940712423
680 460.20224 247.81387 507.3873660236304 607.3873660236304 61.563830988764266 161.56383098876427
697 460.20224 247.81387 515.1932957197998 615.1932957197998 58.09860379723074 158.09860379723074
714 460.20224 247.81387 523.0947016472838 623.0947016472838 54.85698039535282 154.85698039535282
731 467.56482 234.8358 531.0851801258791 631.0851801258791 51.84158795097835 151.84158795097835
748 467.56482 234.8358 539.158255286693 639.158255286693 49.0548702834833 149.0548702834833
766 476.63922 224.31206 547.7889724557664 647.7889724557664 46.355982532478436 146.35598253247844
782 483.87067 215.08699 555.5259627803556 655.5259627803556 44.176306080939696 144.1763060809397
799 483.87067 215.08699 563.8073299341439 663.8073299341439 42.08841336946284 142.08841336946284
817 496.04196 204.57755 572.6368142040386 672.6368142040386 40.13559963724384 140.13559963724384
834 496.04196 204.57755 581.0262683082123 681.0262683082123 38.53641304886645 138.53641304886645
850 508.8117 195.21257 588.960825606595 688.960825606595 37.25001917650059 137.2500191765006
867 508.8117 195.21257 597.4258042831839 697.4258042831839 36.116672841359446 136.11667284135945
884 523.5527 187.74287 605.9196140026227 705.9196140026227 35.2247455122278 135.2247455122278
901 523.5527 187.74287 614.4353709721212 714.4353709721212 34.574960050003085 134.57496005000309
918 540.388 176.39359 622.9661736117806 722.9661736117806 34.167843072143 134.167843072143
936 540.388 176.39359 632.0075037720162 732.0075037720162 34.00164175242986 134.00164175242986
953 555.1132 166.25269 640.5475055449577 740.5475055449577 34.09495642779058 134.09495642779058
969 555.1132 166.25269 648.5796904715623 748.5796904715623 34.40481772096149 134.4048177209615
987 570.02686 161.00693 657.6022422323567 757.6022422323567 35.01048567359351 135.0104856735935
1003 570.02686 161.00693 665.6037768999744 765.6037768999744 35.77693963769889 135.7769396376989
1020 586.405 153.43694 674.0796299331981 774.0796299331981 36.82586922049978 136.82586922049978
1038 586.405 153.43694 683.0176280498187 783.0176280498187 38.19899106955364 138.19899106955364
1054 604.7219 147.94514 690.9246150057149 790.9246150057149 39.645215808474234 139.64521580847423
1072 604.7219 147.94514 699.7699870000625 799.7699870000625 41.52475517402934 141.52475517402934
1088 621.1858 143.36865 707.5818585250034 807.5818585250034 43.41860627535635 143.41860627535635
1105 621.1858 143.36865 715.8231772598931 815.8231772598931 45.65936583863811 145.6593658386381
1123 641.3653 138.27977 724.4759748533495 824.4759748533495 48.286601601133555 148.28660160113355
1139 641.3653 138.27977 732.0978182836474 832.0978182836474 50.839934998910564 150.83993499891056
1156 659.2586 135.41306 740.117950819005 840.117950819005 53.77554601295549 153.7755460129555
1174 676.9583 133.43864 748.5150943092397 848.5150943092397 57.13132537838908 157.13132537838908
1190 676.9583 133.43864 755.8913456946693 855.8913456946693 60.32552703375262 160.32552703375262
1207 696.9335 131.92361 763.6318245155068 863.6318245155068 63.93458862018292 163.93458862018292
1224 696.9335 131.92361 771.2664330094331 871.2664330094331 67.76252423287974 167.76252423287974
1241 696.9335 131.92361 778.788983721744 878.788983721744 71.80623152831976 171.80623152831976
1258 716.1925 134.03226 786.1933800147626 886.1933800147626 76.06243329120804 176.06243329120804
1275 716.1925 134.03226 793.4736210088488 893.4736210088488 80.52768009049117 180.52768009049117
1292 734.4878 137.14146 800.6238064458005 900.6238064458005 85.19835307494287 185.19835307494287
1309 734.4878 137.14146 807.638141470708 907.638141470708 90.0706669060545 190.0706669060545
1326 750.0543 138.75902 814.5109413283826 914.5109413283826 95.14067282585665 195.14067282585665
1343 766.5861 142.59251 821.2366359705578 921.2366359705578 100.40426185718263 200.40426185718263
1360 766.5861 142.59251 827.809774570124 927.809774570124 105.85716813378187 205.85716813378187
1377 780.29 150.35753 834.2250299387413 934.2250299387413 111.49497235758312 211.49497235758312
1394 780.29 150.35753 840.4772028442499 940.4772028442499 117.31310538030687 217.31310538030687
1412 794.8074 154.77118 846.9137673844003 946.9137673844003 123.66479105149173 223.66479105149173
1428 794.8074 154.77118 852.4721692933363 952.4721692933363 129.47135431515434 229.47135431515434
1445 812.0482 159.24533 858.2052415379586 958.2052415379586 135.80161659632608 235.80161659632608
1462 812.0482 159.24533 863.7557966001699 963.7557966001699 142.29250840037312 242.29250840037312
1480 812.0482 159.24533 869.4289206730178 969.4289206730178 149.33444969515332 249.33444969515332
1496 815.04175 169.88327 874.2915129944168 974.2915129944168 155.73501253228335 255.73501253228335
1513 815.04175 169.88327 879.2681356740757 979.2681356740757 162.675730406883 262.67573040688296
1531 825.92847 177.17657 884.3198737571439 984.3198737571439 170.1759448228275 270.1759448228275
1547 834.87396 183.79477 888.6187467928016 988.6187467928016 176.96797687071094 276.9679768707109
1564 834.87396 183.79477 892.9851570459276 992.9851570459276 184.30792233453255 284.3079223345326
1581 844.50793 194.4335 897.1408627967578 997.1408627967578 191.76918547310373 291.76918547310373
1599 844.50793 194.4335 901.3076210713034 1001.3076210713034 199.79485674886422 299.7948567488642
1615 855.0499 204.23947 904.8068623492258 1004.8068623492258 207.03138348446487 307.03138348446487
1632 855.0499 204.23947 908.3109432553329 1008.3109432553329 214.8199491363638 314.8199491363638
1650 865.90735 215.71033 911.7778900120431 1011.7778900120431 223.17180845816728 323.1718084581673
1666 865.90735 215.71033 914.6470702485676 1014.6470702485676 230.6804577033056 330.6804577033056
1683 874.8065 226.1258 917.4739812329851 1017.4739812329851 238.73954649774532 338.7395464977453
1701 874.8065 226.1258 920.21584210631 1020.21584210631 247.35670803135872 347.3567080313587
1718 884.59875 237.74252 922.5657988908573 1022.5657988908573 255.56755701433508 355.5675570143351
1734 884.59875 237.74252 924.5631773273444 1024.5631773273444 263.35360145921436 363.35360145921436
1752 892.0368 248.823 926.5599638955216 1026.5599638955216 272.17324529251096 372.17324529251096
1768 892.0368 248.823 928.1110179615537 1028.1110179615537 280.0603385467098 380.0603385467098
1786 898.3715 262.0745 929.6026611419293 1029.6026611419293 288.97932248926173 388.97932248926173
1802 898.3715 262.0745 930.7023636603816 1030.7023636603817 296.94190141113677 396.94190141113677
1819 906.2008 273.9015 931.6366043392997 1031.6366043392995 305.4311612295389 405.4311612295389
1837 906.2008 273.9015 932.361983596427 1032.3619835964269 314.44487849148953 414.44487849148953
1853 914.4146 286.04633 932.7784362013994 1032.7784362013995 322.4722426880359 422.4722426880359
1870 914.4146 286.04633 932.9851019890048 1032.9851019890048 331.01025341435343 431.01025341435343
1887 920.22894 297.0471 932.9486453909749 1032.948645390975 339.5506871754069 439.5506871754069
1905 920.22894 297.0471 932.6450853553974 1032.6450853553974 348.5884482504665 448.5884482504665
1921 928.5974 309.94687 932.1466802368993 1032.1466802368993 356.6111411309172 456.6111411309172
1938 934.0664 324.54385 931.3818216320687 1031.3818216320687 365.1173347111916 465.1173347111916
1955 934.0664 324.54385 930.3751400172805 1030.3751400172805 373.5983093035911 473.5983093035911
1972 938.2399 338.03644 929.1274512558361 1029.1274512558361 382.04719151753216 482.04719151753216
1989 938.2399 338.03644 927.6397665348454 1027.6397665348454 390.4571339716405 490.4571339716405
2007 938.2399 338.03644 925.8043267523421 1025.8043267523421 399.3117618435425 499.3117618435425
2023 943.46246 351.87357 923.9494255069792 1023.9494255069792 407.13297339202586 507.13297339202586
2040 943.46246 351.87357 921.7497600303433 1021.7497600303433 415.385355454278 515.3853554542779
2057 943.55743 363.00995 919.3160778307275 1019.3160778307275 423.5717789017766 523.5717789017766
2074 943.55743 363.00995 916.6503512814876 1016.6503512814876 431.68560906238275 531.6856090623828
2091 943.7581 375.70523 913.7547408159044 1013.7547408159044 439.7202700970553 539.7202700970553
2108 942.6504 391.2765 910.6315931762647 1010.6315931762647 447.6692503292295 547.6692503292295
2125 942.6504 391.2765 907.2834395119482 1007.2834395119482 455.52610752219204 555.526107522192
2142 944.0261 405.96283 903.7129933280626 1003.7129933280626 463.2844741001809 563.2844741001809
2160 944.0261 405.96283 899.6934484911064 999.6934484911064 471.3848773771026 571.3848773771026
2176 942.2058 417.4713 895.9169758597092 995.9169758597092 478.4806693117979 578.4806693117979
2193 942.2058 417.4713 891.6977228435584 991.6977228435584 485.90618221638465 585.9061822163847
2210 941.24316 429.1188 887.2688087238421 987.2688087238421 493.20858302917645 593.2085830291765
2227 941.24316 429.1188 882.6338229060326 982.6338229060326 500.38195353258584 600.3819535325858
2244 941.24316 429.1188 877.7965218060378 977.7965218060378 507.42048008140796 607.420480081408
2261 936.7574 439.0061 872.7608258058228 972.7608258058228 514.3184583144773 614.3184583144773
2278 936.7574 439.0061 867.5308160761413 967.5308160761413 521.0702977777584 621.0702977777584
2295 933.1782 452.51776 862.1107312689596 962.1107312689596 527.6705264551181 627.6705264551181
2313 930.29877 466.74335 856.169526925818 956.169526925818 534.4878107309933 634.4878107309933
2329 930.29877 466.74335 850.7180576999276 950.7180576999276 540.394882086187 640.394882086187
2347 924.3346 475.52014 844.398524111755 944.398524111755 546.8630169930223 646.8630169930223
2364 924.3346 475.52014 838.2536107340788 938.2536107340788 552.7943218655896 652.7943218655896
2380 920.4186 484.54318 832.3181143556885 932.3181143556885 558.2148284340103 658.2148284340103
2397 920.4186 484.54318 825.8549614017456 925.8549614017456 563.7976585231695 663.7976585231695
2414 915.1385 494.17596 819.2355094916655 919.2355094916655 569.1942495138428 669.1942495138428
2432 915.1385 494.17596 812.0622816327669 912.0622816327669 574.7004347658467 674.7004347658467
2448 907.2654 505.7212 805.5492900189863 905.5492900189863 579.4113740517007 679.4113740517007
2465 907.2654 505.7212 798.4936144283101 898.4936144283101 584.2236271487043 684.2236271487043
2482 899.9768 516.35974 791.3038148358737 891.3038148358737 588.8330869577367 688.8330869577367
2499 899.9768 516.35974 783.9857182018081 883.9857182018081 593.2360177503971 693.2360177503971
2517 884.94745 525.7519 776.1038988675523 876.1038988675523 597.6688721273433 697.6688721273433
2534 884.94745 525.7519 768.5404466713042 868.5404466713042 601.6355494252274 701.6355494252274
2550 870.9703 542.6172 761.3214464020558 861.3214464020558 605.1708066759479 705.1708066759479
2567 870.9703 542.6172 753.5504381858558 853.5504381858558 608.7136542896951 708.7136542896951
2584 854.9211 557.2114 745.6817300841386 845.6817300841386 612.0338607170812 712.0338607170812
2602 854.9211 557.2114 737.2507557291436 837.2507557291436 615.3037147460062 715.3037147460062
2618 838.3616 573.3804 729.6767969577133 829.6767969577133 617.9957692114392 717.9957692114392
2635 838.3616 573.3804 721.553543102233 821.553543102233 620.6326394604092 720.6326394604092
2653 821.48334 588.1332 712.8743677514212 812.8743677514212 623.1713771733134 723.1713771733134
2669 821.48334 588.1332 705.0983728534557 805.0983728534557 625.2075284601758 725.2075284601758
2686 808.2285 598.14856 696.7797925232513 796.7797925232513 627.1418395004217 727.1418395004217
2704 794.4712 606.4778 687.9156881752673 787.9156881752673 628.9309532623472 728.9309532623472
2721 794.4712 606.4778 679.4980815799211 779.4980815799211 630.3746419810356 730.3746419810356
2737 776.7478 613.5582 671.5410813019316 771.5410813019316 631.5140081610913 731.5140081610913
2755 776.7478 613.5582 662.5566681050749 762.5566681050749 632.5404551656717 732.5404551656717
2772 776.7478 613.5582 654.0465913636143 754.0465913636143 633.2608243522246 733.2608243522246
2788 760.9652 616.3993 646.0214019995067 746.0214019995067 633.7172719246712 733.7172719246712
2805 760.9652 616.3993 637.4845270833351 737.4845270833351 633.9664798220608 733.9664798220608
2823 746.72974 623.72516 628.4416695312384 728.4416695312384 633.9653673731979 733.9653673731979
2839 746.72974 623.72516 620.4067954607539 720.4067954607539 633.7355687926154 733.7355687926154
2856 732.0071 628.159 611.8797793711809 711.8797793711809 633.2556370072082 733.2556370072082
2874 732.0071 628.159 602.8699783535706 702.8699783535706 632.4831348595524 732.4831348595524
2890 716.78455 633.08685 594.8839945588649 694.8839945588649 631.5687653790487 731.5687653790487
2907 702.539 637.34393 586.4290000393138 686.4290000393138 630.3631926583694 730.3631926583694
2924 702.539 637.34393 578.0117489028069 678.0117489028069 628.9174329219486 728.9174329219486
2941 686.29974 644.21436 569.6390628953682 669.6390628953682 627.232657883161 727.232657883161
2958 686.29974 644.21436 561.3177276452934 661.3177276452934 625.3102329649023 725.3102329649023
2975 664.5193 650.94244 553.0544871637487 653.0544871637487 623.1517161929854 723.1517161929854
2992 664.5193 650.94244 544.8560383791012 644.8560383791012 620.7588569334407 720.7588569334407
3009 664.5193 650.94244 536.7290257094023 636.7290257094023 618.1335944747455 718.1335944747455
3026 643.39465 653.9747 528.6800356774336 628.6800356774336 615.278056456131 715.278056456131
3043 643.39465 653.9747 520.7155915726703 620.7155915726703 612.1945571432422 712.1945571432422
3060 622.51337 656.6937 512.8421481644934 612.8421481644934 608.8855955525434 708.8855955525434
3078 603.5881 657.2855 504.6118388259649 604.6118388259649 605.1392263586182 705.1392263586182
3095 603.5881 657.2855 496.94575447846444 596.9457544784644 601.3747225815591 701.3747225815591
3111 588.08203 661.12866 489.8312325780845 589.8312325780845 597.6336549738851 697.6336549738851
3128 588.08203 661.12866 482.38478743869564 582.3847874386956 593.4514554692516 693.4514554692516
3145 572.96375 659.9532 475.06040812706976 575.0604081270698 589.058983999804 689.058983999804
3162 572.96375 659.9532 467.8640306732291 567.8640306732291 584.4598004361334 684.4598004361334
3180 558.7578 658.75464 460.39033437862736 560.3903343786274 579.3689127295427 679.3689127295427
3196 558.7578 658.75464 453.87850203784535 553.8785020378454 574.6563711348483 674.6563711348483
3214 541.9 656.3282 446.7066291336331 546.7066291336331 569.1484211540582 669.1484211540582
3230 541.9 656.3282 440.47353053246013 540.4735305324601 564.0729418127313 664.0729418127313
3247 541.9 656.3282 434.0024083925641 534.0024083925641 558.4993508552757 658.4993508552757
3265 529.22437 651.5902 427.3265285815807 527.3265285815808 552.3996867092457 652.3996867092457
3281 512.0427 645.6601 421.54910963438175 521.5491096343817 546.8109982204569 646.8109982204569
3299 512.0427 645.6601 415.2311676524065 515.2311676524065 540.3413086562304 640.3413086562304
3315 496.69742 640.2843 409.7811519627961 509.7811519627961 534.4328962045494 634.4328962045494
3332 496.69742 640.2843 404.1661854693228 504.1661854693228 527.9976425819129 627.9976425819129
3349 481.4771 631.7123 398.7366769287074 498.7366769287074 521.4051639192346 621.4051639192346
3366 481.4771 631.7123 393.49702667636814 493.49702667636814 514.6608030789737 614.6608030789737
3383 466.8808 623.7385 388.45148117741576 488.45148117741576 507.7700260162269 607.7700260162269
3401 466.8808 623.7385 383.3252481623738 483.3252481623738 500.3205287834901 600.3205287834901
3417 449.4128 615.498 378.95890042682595 478.95890042682595 493.5716758314352 593.5716758314352
3434 449.4128 615.498 374.519558420162 474.519558420162 486.2756097367269 586.2756097367269
3451 435.38586 608.9302 370.28970142185455 470.28970142185455 478.85613214835485 578.8561321483548
3469 419.13913 601.3631 366.043167657697 466.043167657697 470.8723845988062 570.8723845988062
3485 419.13913 601.3631 362.4719822152257 462.4719822152257 463.6710900449318 563.6710900449318
3502 419.13913 601.3631 358.8904558633554 458.8904558633554 455.9178322199049 555.9178322199049
3519 406.9248 595.6106 355.5310810978608 455.5310810978608 448.06576630732854 548.0657663073285
3536 406.9248 595.6106 352.3965805179704 452.3965805179704 440.1212559998803 540.1212559998803
3554 394.5821 588.0312 349.3256228120883 449.3256228120883 431.61581699217805 531.615816992178
3571 394.5821 588.0312 346.66189266404376 446.66189266404376 423.5013312038564 523.5013312038564
3587 383.1251 579.7869 344.3668039474663 444.3668039474663 415.79778809050777 515.7977880905078
3604 383.1251 579.7869 342.155351140146 442.155351140146 407.5485569510936 507.5485569510936
3622 378.69293 563.5989 340.07076873233893 440.07076873233893 398.74925072104793 498.74925072104793
3638 378.69293 563.5989 338.44119032461737 438.44119032461737 390.87800666884965 490.87800666884965
3655 376.25714 546.29626 336.9414924513526 436.9414924513526 382.4701981434725 482.4701981434725
3672 373.44742 532.61444 335.68173466233077 435.68173466233077 374.02310703330426 474.02310703330426
3689 373.44742 532.61444 334.66293792598333 434.66293792598333 365.5435792681223 465.5435792681223
3706 354.01273 519.2798 333.8859279242903 433.8859279242903 357.03848706593226 457.03848706593226
3723 354.01273 519.2798 333.35133438360816 433.35133438360816 348.5147233633919 448.5147233633919
3740 354.01273 519.2798 333.05959056430925 433.05959056430925 339.9791962294431 439.9791962294431
3757 339.84842 506.6375 453.02406576024066 553.0240657602407 331.056686471707 431.056686471707
3774 339.84842 506.6375 453.36623095517183 553.3662309551719 322.5235450269113 422.5235450269113
3791 326.10626 495.41565 454.11274721758974 554.1127472175897 314.01623679178385 414.01623679178385
3808 326.10626 495.41565 455.26193415828243 555.2619341582824 305.553911501838 405.553911501838
3825 312.87457 481.20316 456.81120498653286 556.8112049865329 297.15561763711503 397.15561763711503
3842 312.87457 481.20316 458.7570723329198 558.7570723329197 288.84025954453836 388.84025954453836
3859 301.42883 471.1308 461.09515609929747 561.0951560992975 280.62655488470796 380.62655488470796
3876 306.6778 461.57806 463.8201933182859 563.8201933182859 272.53299249891984 372.53299249891984
3893 306.6778 461.57806 466.92605000007745 566.9260500000775 264.5777907912517 364.5777907912517
3911 308.98465 453.14984 470.6219007798122 570.6219007798122 256.3253394366035 356.3253394366035
3927 308.98465 453.14984 474.251415455004 574.251415455004 249.15374548655507 349.15374548655507
3944 311.4317 443.29858 478.4544350159092 578.4544350159092 241.71962102511617 341.71962102511617
3962 311.4317 443.29858 483.2836511094473 583.2836511094473 234.07495371588607 334.07495371588607
3978 314.28564 431.05615 487.893864647575 587.893864647575 227.49080094619188 327.4908009461919
3995 314.28564 431.05615 493.109026801152 593.109026801152 220.7281340425647 320.7281340425647
4012 317.51865 422.0291 498.63907999467915 598.6390799946792 214.22043924223226 314.22043924223226
4029 317.51865 422.0291 504.47157621838664 604.4715762183866 207.98236520147657 307.98236520147657
4047 330.22913 410.86572 510.9622116294033 610.9622116294033 201.6868177027948 301.68681770279477
4063 330.22913 410.86572 516.9907313118342 616.9907313118342 196.37060786867886 296.37060786867886
4080 361.43893 398.85614 523.6492098803254 623.6492098803254 191.0230623484931 291.0230623484931
4098 361.43893 398.85614 530.9673246451781 630.9673246451781 185.71199252826437 285.7119925282644
4114 388.18585 387.2384 537.689062464963 637.689062464963 181.30479645322103 281.304796453221
4131 388.18585 387.2384 545.0388331282979 645.0388331282979 176.95595164869005 276.9559516486901
4148 414.44324 374.07953 552.5866021519138 652.5866021519138 172.9606090221234 272.96060902212344
4165 414.44324 374.07953 560.3153796987771 660.3153796987771 169.32776198864897 269.32776198864894
4182 437.3158 364.7106 568.2077684862486 668.2077684862486 166.06558799499004 266.06558799499004
4200 437.3158 364.7106 576.7229970015156 676.7229970015156 163.02368896976233 263.02368896976236
4217 457.7126 354.74643 584.8959282560902 684.8959282560902 160.54684124624086 260.5468412462409
4234 457.7126 354.74643 593.1771405586188 693.1771405586188 158.46043219287566 258.46043219287566
4250 471.69675 343.65274 601.053445290706 701.053445290706 156.85763453593017 256.8576345359302
4268 471.69675 343.65274 609.9896433324445 709.9896433324445 155.4768264733346 255.4768264733346
4284 493.53043 328.7135 617.9823830375866 717.9823830375866 154.6275629290547 254.6275629290547
4301 493.53043 328.7135 626.507114755926 726.507114755926 154.1171424476271 254.1171424476271
4319 513.87177 315.57498 635.5488207000526 735.5488207000526 154.01804670179018 254.01804670179018
4336 513.87177 315.57498 644.0826916320163 744.0826916320163 154.341507447631 254.341507447631
4352 532.68823 304.96262 652.0921247860152 752.0921247860152 155.01538956894865 255.01538956894865
4369 532.68823 304.96262 660.5600713827765 760.5600713827765 156.12239470530233 256.1223947053023
4386 553.5741 294.98666 668.9659809564164 768.9659809564164 157.6297978289907 257.6297978289907
4403 553.5741 294.98666 677.2909320172428 777.2909320172428 159.53420581373558 259.5342058137356
4420 572.20984 285.44345 685.5161853111272 785.5161853111272 161.83133188536496 261.831331885365
4438 592.802 276.84482 694.0960379112927 794.0960379112927 164.68587137647998 264.68587137648
4454 592.802 276.84482 701.5938053437343 801.5938053437343 167.58218283949915 267.5821828394992
4471 610.5433 269.43625 709.4099817666976 809.4099817666976 171.0229627020636 271.02296270206364
4488 610.5433 269.43625 717.0541612546845 817.0541612546845 174.83059975054408 274.8305997505441
4505 627.8743 264.8622 724.5091369531456 824.5091369531456 178.99652309031762 278.9965230903176
4522 627.8743 264.8622 731.7581279004737 831.7581279004737 183.51135533338842 283.51135533338845
4539 627.8743 264.8622 738.7848168015221 838.7848168015221 188.36493370665013 288.36493370665016
4556 647.2301 259.65494 745.5733867574248 845.5733867574248 193.54633292803192 293.5463329280319
4573 647.2301 259.65494 752.108556869033 852.108556869033 199.0438897990301 299.0438897990301
4590 662.67773 258.3772 758.3756166338345 858.3756166338345 204.8452294582745 304.8452294582745
4608 662.67773 258.3772 764.7034286327194 864.7034286327194 211.30441374529323 311.30441374529323
4624 679.9557 255.48013 770.0496124154753 870.0496124154753 217.30636805391646 317.30636805391646
4641 696.81055 256.3314 775.4302705632856 875.4302705632856 223.93811728273374 323.93811728273374
4658 696.81055 256.3314 780.4903217770493 880.4903217770493 230.81761302381858 330.8176130238186
4675 712.4924 257.88565 785.2183760095571 885.2183760095571 237.9293697063817 337.9293697063817
4692 712.4924 257.88565 789.6037905304013 889.6037905304013 245.25737894613326 345.25737894613326
4709 727.203 261.13562 793.6366938824929 893.6366938824929 252.78514557975075 352.78514557975075
4726 727.203 261.13562 797.3080081024611 897.3080081024611 260.4957247950736 360.4957247950736
4743 738.2089 269.45673 800.6094691549205 900.6094691549205 268.3717602734482 368.3717602734482
4761 738.2089 269.45673 803.6937615671286 903.6937615671286 276.8717253711941 376.8717253711941
4777 738.2089 269.45673 806.0739549944915 906.0739549944915 284.5489524624127 384.5489524624127
4795 750.4119 274.96268 808.3389522412413 908.3389522412413 293.3029260641045 393.3029260641045
4811 750.4119 274.96268 809.980977411876 909.980977411876 301.17114631399613 401.17114631399613
4828 761.5046 281.6486 811.3388957607996 911.3388957607996 309.60249482388303 409.60249482388303
4846 771.8548 289.57928 812.3390893640834 912.3390893640834 318.5892561483454 418.5892561483454
4862 771.8548 289.57928 812.84827042036 912.84827042036 326.6108439720703 426.6108439720703
4879 781.25854 304.83286 812.9963291668411 912.9963291668411 335.1495592469291 435.1495592469291
4897 781.25854 304.83286 812.7114868280897 912.7114868280897 344.18732065055974 444.18732065055974
4913 788.5627 317.18668 812.0775238609478 912.0775238609478 352.200012303063 452.200012303063
4930 788.5627 317.18668 811.0127280160616 911.0127280160616 360.6733699460652 460.6733699460652
4948 787.8524 337.35938 809.4486116349954 909.4486116349954 369.57931213616394 469.57931213616394
4964 787.8524 337.35938 807.6843286896907 907.6843286896907 377.4210238275436 477.4210238275436
4982 789.7937 356.78888 805.2833637432075 905.2833637432075 386.13868599538773 486.13868599538773
4998 789.7937 356.78888 802.7839744590015 902.7839744590015 393.77793921594457 493.77793921594457
5015 791.5145 372.37714 799.7575521379785 899.7575521379785 401.7636982827043 501.7636982827043
5032 791.5145 372.37714 796.3557627878217 896.3557627878217 409.59692297976756 509.59692297976756
5049 790.2747 386.9576 792.5862637502574 892.5862637502574 417.25998091660404 517.259980916604
5066 790.2747 386.9576 788.4575400722103 888.4575400722103 424.73562274375536 524.7356227437554
5083 790.67035 401.82004 783.9788854061801 883.9788854061801 432.00702098068035 532.0070209806804
5100 790.67035 401.82004 779.1603810904619 879.1603810904619 439.057807893992 539.057807893992
5117 788.95123 414.62778 774.0128734563121 874.0128734563121 445.8721123408068 545.8721123408068
5134 788.95123 414.62778 768.5479494131282 868.5479494131282 452.4345954942897 552.4345954942896
5151 787.8377 427.62085 762.7779103666112 862.7779103666112 458.73048537096236 558.7304853709624
5168 787.8377 427.62085 756.7157445286122 856.7157445286122 464.7456100820642 564.7456100820642
5185 786.11414 442.1004 750.3750976809954 850.3750976809954 470.46642973411736 570.4664297341174
5203 783.2246 452.84262 743.3738084758055 843.3738084758055 476.1886859160961 576.1886859160961
5219 783.2246 452.84262 736.9160462255444 836.9160462255444 480.9743356401059 580.9743356401059
5236 780.63556 464.81708 729.8279376018812 829.8279376018812 485.73776886380733 585.7377688638073
5254 780.63556 464.81708 722.0856646883476 822.0856646883476 490.40890111191015 590.4089011119102
5271 780.63556 464.81708 714.5667557803298 814.5667557803298 494.45829474187997 594.45829474188
5287 777.60156 475.4156 707.3221049847989 807.3221049847989 497.93969839739407 597.9396983973941
5304 777.60156 475.4156 699.4626183788416 799.4626183788416 501.28036453280606 601.2803645328061
5322 771.83435 483.9302 690.9781277542164 790.9781277542164 504.40697374848173 604.4069737484817
5338 771.83435 483.9302 683.3128564156366 783.3128564156366 506.8253930396211 606.8253930396211
5356 763.1662 492.48447 674.5702779150454 774.5702779150454 509.133982978935 609.133982978935
5372 763.1662 492.48447 666.710337516615 766.710337516615 510.8151948914908 610.8151948914908
5389 754.2917 503.00806 658.2858601528986 758.2858601528986 512.2151095623715 612.2151095623715
5406 754.2917 503.00806 649.8044649579773 749.8044649579773 513.2138665323532 613.2138665323532
5423 745.696 509.1154 641.2852433377668 741.2852433377668 513.8092176247758 613.8092176247758
5440 735.42914 514.33276 632.7473718445073 732.7473718445073 513.9998227193989 613.9998227193989
5457 735.42914 514.33276 624.2100690108309 724.2100690108309 513.7852527689789 613.7852527689789
5474 721.50415 525.60925 615.692552089333 715.692552089333 513.1659907650433 613.1659907650433
5491 721.50415 525.60925 607.2139937950213 707.2139937950213 512.1434306506889 612.1434306506889
5508 711.7551 537.38763 598.7934791480179 698.7934791480179 510.71987418285164 610.7198741828516
5525 711.7551 537.38763 590.4499625136663 690.4499625136663 508.8985257511097 608.8985257511097
5542 711.7551 537.38763 582.2022249367301 682.2022249367301 506.68348516468336 606.6834851646834
5560 697.9452 545.04004 573.5943505800357 673.5943505800357 503.9145927134932 603.9145927134932
5576 697.9452 545.04004 566.0680913626405 666.0680913626405 501.0931464966776 601.0931464966776
5593 684.30237 552.1623 558.218012891798 658.218012891798 497.7304321259451 597.7304321259451
5611 669.21075 560.0657 550.0900131230868 650.0900131230868 493.7683763329592 593.7683763329592
5627 669.21075 560.0657 543.0401444467964 643.0401444467964 489.90774319720856 589.9077431972086
5644 655.04504 563.97736 535.7465194703461 635.7465194703461 485.4653773139863 585.4653773139863
5661 655.04504 563.97736 528.6718096170268 628.6718096170268 480.6820667001052 580.6820667001052
5679 638.75354 566.81396 521.4372397764029 621.4372397764029 475.25774503117407 575.2577450311741
5695 638.75354 566.81396 515.2423066318847 615.2423066318847 470.13642294632587 570.1364229463259
5713 622.23566 568.13855 508.5542719367003 608.5542719367003 464.0509929481327 564.0509929481327
5730 622.23566 568.13855 502.52587413130334 602.5258741313033 458.00202610763864 558.0020261076386
5746 606.3067 564.1981 497.1201414322254 597.1201414322254 452.0536489719888 552.0536489719889
5763 606.3067 564.1981 491.67365965604995 591.67365965605 445.47585175716756 545.4758517571676
5780 606.3067 564.1981 486.5452998949387 586.5452998949387 438.6471252215585 538.6471252215586
5797 589.6896 557.58215 481.74660595691194 581.7466059569119 431.58284065575424 531.5828406557542
5814 577.34186 551.6913 477.2883795805666 577.2883795805666 424.29889958551144 524.2988995855114
5831 577.34186 551.6913 473.18065612063515 573.1806561206351 416.8116979778178 516.8116979778179
5848 559.09955 542.21515 469.43268195865755 569.4326819586576 409.1380893339877 509.1380893339877
5865 559.09955 542.21515 466.05289368960894 566.0528936896089 401.295346752855 501.295346752855
5882 540.5883 535.4619 463.04889913133843 563.0488991313384 393.30112404946493 493.30112404946493
5900 540.5883 535.4619 460.2853018905736 560.2853018905736 384.6915481808328 484.6915481808328
5916 522.4753 530.91925 458.1944776869708 558.1944776869708 376.9305179198789 476.9305179198789
5933 522.4753 530.91925 456.35497798067684 556.3549779806768 368.59098431373195 468.59098431373195
5950 517.9956 512.9559 454.91310174796206 554.9131017479621 360.1735872774116 460.1735872774116
5968 514.35376 495.47525 453.8233973510431 553.8233973510431 351.19723998721406 451.19723998721406
5984 514.35376 495.47525 453.23429986469176 553.2342998646918 343.18112492358273 443.18112492358273
6001 507.7079 478.26508 453.0036526131048 553.0036526131048 335.1467028281774 435.1467028281774
