1 643.8192 386.73758 333.00042067616835 433.00042067616835 333.4976002348308 433.4976002348308
17 642.39996 383.13773 333.1215672298508 433.1215672298508 325.460353677165 425.460353677165
34 642.39996 383.13773 333.4861703954607 433.4861703954607 316.92762829531256 416.92762829531256
52 640.2061 379.5372 334.1367899590455 434.1367899590455 307.9082065772343 407.9082065772343
68 636.55176 378.29907 334.94310583748677 434.94310583748677 299.91059046864586 399.91059046864586
85 636.55176 378.29907 336.0342573431978 436.0342573431978 291.44006945149073 391.44006945149073
102 638.89716 377.15207 337.3660842002114 437.3660842002114 283.00404105339845 383.00404105339845
119 638.89716 377.15207 338.93750703184975 438.93750703184975 274.6093422383909 374.6093422383909
136 641.3476 380.37564 340.74725228130916 440.74725228130916 266.2627764750041 366.2627764750041
153 641.3476 380.37564 342.7938532438116 442.7938532438116 257.9711082224287 357.9711082224287
171 643.7122 380.77948 345.21716057483684 445.21716057483684 249.25899851671107 349.2589985167111
187 643.7122 380.77948 347.59079703666407 447.59079703666407 241.57929418234613 341.57929418234613
204 644.6465 378.0711 350.3372521925565 450.3372521925565 233.4924331110061 333.4924331110061
221 644.6465 378.0711 353.31279086333535 453.31279086333535 225.48702821623766 325.48702821623766
239 643.2765 378.83826 356.7103713044251 456.7103713044251 217.10671073469888 317.1067107346989
255 645.13306 375.81934 359.9412889638151 459.9412889638151 209.74646754616077 309.7464675461608
273 645.13306 375.81934 363.8102697116431 463.8102697116431 201.57308012612515 301.57308012612515
289 645.13306 375.81934 367.4548074744846 467.4548074744846 194.40862946948707 294.4086294694871
306 645.8052 377.55472 371.53594923283765 471.53594923283765 186.90632183391858 286.9063218339186
323 645.8052 377.55472 375.8289940602396 475.8289940602396 179.52322600490484 279.5232260049048
341 600.8405 362.6167 380.6016685145469 480.6016685145469 171.84241533816768 271.8424153381677
357 600.8405 362.6167 385.0367068437197 485.0367068437197 165.13850276900726 265.13850276900723
374 570.543 354.09415 389.9439124255555 489.9439124255555 158.14853343516307 258.1485334351631
392 570.543 354.09415 395.3543956887837 495.3543956887837 150.90284887099742 250.90284887099742
408 546.4911 338.79645 400.34514001297055 500.34514001297055 144.601699784777 244.601699784777
425 546.4911 338.79645 405.83073236238414 505.83073236238414 138.05581447516937 238.05581447516937
443 527.15466 328.0358 411.8395815063909 511.8395815063909 131.2980777305462 231.2980777305462
459 499.31613 307.24762 417.3496488335043 517.3496488335043 125.44562809241546 225.44562809241546
476 499.31613 307.24762 423.3736374701024 523.3736374701024 119.39154692211227 219.39154692211227
493 483.91275 284.87677 429.5675174146769 529.5675174146769 113.51139478609738 213.51139478609738
510 483.91275 284.87677 435.9262688483818 535.9262688483818 107.8099372430793 207.8099372430793
527 472.12115 262.42725 442.44473833256984 542.4447383325698 102.29179502905546 202.29179502905546
544 472.12115 262.42725 449.1176429853873 549.1176429853873 96.96144031244515 196.96144031244515
561 472.12115 262.42725 455.939574763276 555.939574763276 91.82319306962836 191.82319306962836
579 464.02466 244.67711 463.31908475446505 563.319084754465 86.5967118216947 186.5967118216947
595 464.02466 244.67711 470.0082881070341 570.0082881070341 82.13951907017963 182.13951907017963
612 461.52313 228.8181 477.24366770951156 577.2436677095116 77.60194042970028 177.60194042970028
629 461.52313 228.8181 484.6052797509776 584.6052797509776 73.27215913482809 173.2721591348281
646 463.21765 212.48389 492.08715802621145 592.0871580262115 69.15368424901567 169.15368424901567
663 467.72986 199.18176 499.6832388604396 599.6832388604396 65.24985358281685 165.24985358281685
680 467.72986 199.18176 507.3873660236304 607.3873660236304 61.563830988764266 161.56383098876427
697 473.12958 186.43483 515.1932957197998 615.1932957197998 58.09860379723074 158.09860379723074
714 473.12958 186.43483 523.0947016472838 623.0947016472838 54.85698039535282 154.85698039535282
732 483.33688 171.85191 531.5578441028453 631.5578441028453 51.6713103368038 151.6713103368038
748 483.33688 171.85191 539.158255286693 639.158255286693 49.0548702834833 149.0548702834833
765 493.36572 160.27208 547.3073843205016 647.3073843205016 46.49908588318232 146.49908588318232
782 493.36572 160.27208 555.5259627803556 655.5259627803556 44.176306080939696 144.1763060809397
800 505.12833 151.9944 564.2962813350795 664.2962813350795 41.972948099647 141.972948099647
816 505.12833 151.9944 572.1447741627716 672.1447741627716 40.23709987763954 140.23709987763954
833 517.9901 143.45721 580.531538399579 680.531538399579 38.62386599915499 138.623865999155
850 517.9901 143.45721 588.960825606595 688.960825606595 37.25001917650059 137.2500191765006
867 532.83527 134.27977 597.4258042831839 697.4258042831839 36.116672841359446 136.11667284135945
885 532.83527 134.27977 606.4200007018427 706.4200007018427 35.17981387243941 135.1798138724394
901 548.4415 127.50102 614.4353709721212 714.4353709721212 34.574960050003085 134.57496005000309
918 548.4415 127.50102 622.9661736117806 722.9661736117806 34.167843072143 134.167843072143
935 565.5261 115.39555 631.5051081479654 731.5051081479654 34.00372452586896 134.00372452586896
952 565.5261 115.39555 640.0452542165596 740.0452542165596 34.08273742076125 134.08273742076125
969 583.2453 110.728584 648.5796904715623 748.5796904715623 34.40481772096149 134.4048177209615
986 583.2453 110.728584 657.1015001944813 757.1015001944813 34.96970439707047 134.96970439707047
1004 598.82556 103.01445 666.1031551661815 766.1031551661815 35.831958255007294 135.8319582550073
1020 614.414 97.4519 674.0796299331981 774.0796299331981 36.82586922049978 136.82586922049978
1037 614.414 97.4519 682.5221900543268 782.5221900543268 38.115643042381976 138.11564304238198
1054 614.414 97.4519 690.9246150057149 790.9246150057149 39.645215808474234 139.64521580847423
1071 631.9671 90.742294 699.2800950571935 799.2800950571935 41.41334787928315 141.41334787928315
1088 631.9671 90.742294 707.5818585250034 807.5818585250034 43.41860627535635 143.41860627535635
1105 649.03156 88.78094 715.8231772598931 815.8231772598931 45.65936583863811 145.6593658386381
1122 649.03156 88.78094 723.9973720999366 823.9973720999366 48.133810549576026 148.13381054957603
1140 669.4088 88.69959 732.5718778238853 832.5718778238853 51.006287796662775 151.00628779666278
1156 669.4088 88.69959 740.117950819005 840.117950819005 53.77554601295549 153.7755460129555
1173 686.6366 88.769 748.0512698040402 848.0512698040402 56.93826443105149 156.9382644310515
1191 686.6366 88.769 756.3494866729714 856.3494866729714 60.53171273890922 160.53171273890922
1207 703.4042 88.16748 763.6318245155068 863.6318245155068 63.93458862018292 163.93458862018292
1225 723.11926 86.78997 771.712097942471 871.712097942471 67.99444764366609 167.9944476436661
1241 723.11926 86.78997 778.788983721744 878.788983721744 71.80623152831976 171.80623152831976
1259 740.6847 89.616974 786.6251244418916 886.6251244418916 76.31934271231506 176.31934271231506
1275 740.6847 89.616974 793.4736210088488 893.4736210088488 80.52768009049117 180.52768009049117
1292 740.6847 89.616974 800.6238064458005 900.6238064458005 85.19835307494287 185.19835307494287
1309 756.7351 94.78692 807.638141470708 907.638141470708 90.0706669060545 190.0706669060545
1326 756.7351 94.78692 814.5109413283826 914.5109413283826 95.14067282585665 195.14067282585665
1343 764.45795 104.0984 821.2366359705578 921.2366359705578 100.40426185718263 200.40426185718263
1360 764.45795 104.0984 827.809774570124 927.809774570124 105.85716813378187 205.85716813378187
1377 771.79614 116.5106 834.2250299387413 934.2250299387413 111.49497235758312 211.49497235758312
1394 771.79614 116.5106 840.4772028442499 940.4772028442499 117.31310538030687 217.31310538030687
1411 780.6916 127.415146 846.5612262243785 946.5612262243785 123.30685190652298 223.30685190652298
1428 790.46936 134.38786 852.4721692933363 952.4721692933363 129.47135431515434 229.47135431515434
1445 790.46936 134.38786 858.2052415379586 958.2052415379586 135.80161659632608 235.80161659632608
1462 802.3978 145.6026 863.7557966001699 963.7557966001699 142.29250840037312 242.29250840037312
1479 802.3978 145.6026 869.1193360426164 969.1193360426164 148.93876919572267 248.93876919572267
1496 814.63635 155.24615 874.2915129944168 974.2915129944168 155.73501253228335 255.73501253228335
1513 814.63635 155.24615 879.2681356740757 979.2681356740757 162.675730406883 262.67573040688296
1531 825.3938 164.7238 884.3198737571439 984.3198737571439 170.1759448228275 270.1759448228275
1548 825.3938 164.7238 888.8813645222324 988.8813645222324 177.39627306401533 277.3962730640153
1564 825.3938 164.7238 892.9851570459276 992.9851570459276 184.30792233453255 284.3079223345326
1581 837.9584 173.45251 897.1408627967578 997.1408627967578 191.76918547310373 291.76918547310373
1598 837.9584 173.45251 901.0824960610505 1001.0824960610505 199.34571931915121 299.3457193191512
1615 852.4358 182.1713 904.8068623492258 1004.8068623492258 207.03138348446487 307.03138348446487
1632 863.59753 195.42906 908.3109432553329 1008.3109432553329 214.8199491363638 314.8199491363638
1650 863.59753 195.42906 911.7778900120431 1011.7778900120431 223.17180845816728 323.1718084581673
1666 873.10736 208.7904 914.6470702485676 1014.6470702485676 230.6804577033056 330.6804577033056
1683 873.10736 208.7904 917.4739812329851 1017.4739812329851 238.73954649774532 338.7395464977453
1700 882.8574 220.66783 920.0703407916484 1020.0703407916484 246.87583895516212 346.8758389551621
1717 882.8574 220.66783 922.4340447096293 1022.4340447096293 255.08274103198784 355.08274103198784
1734 889.9407 232.75616 924.5631773273444 1024.5631773273444 263.35360145921436 363.35360145921436
1752 889.9407 232.75616 926.5599638955216 1026.5599638955216 272.17324529251096 372.17324529251096
1768 898.7628 244.05817 928.1110179615537 1028.1110179615537 280.0603385467098 380.0603385467098
1785 898.7628 244.05817 929.5268506369953 1029.5268506369953 288.4826752619944 388.4826752619944
1802 908.3842 254.98866 930.7023636603816 1030.7023636603817 296.94190141113677 396.94190141113677
1820 908.3842 254.98866 931.6840288345896 1031.6840288345898 305.9313178232743 405.9313178232743
1836 915.10864 264.7253 932.3288155200738 1032.328815520074 313.9435746118702 413.9435746118702
1853 915.10864 264.7253 932.7784362013994 1032.7784362013995 322.4722426880359 422.4722426880359
1870 921.39404 276.36606 932.9851019890048 1032.9851019890048 331.01025341435343 431.01025341435343
1888 921.39404 276.36606 932.9389292403739 1032.938929240374 340.0529931552917 440.0529931552917
1905 927.1111 290.20456 932.6450853553974 1032.6450853553974 348.5884482504665 448.5884482504665
1921 927.1111 290.20456 932.1466802368993 1032.1466802368993 356.6111411309172 456.6111411309172
1938 932.49976 306.1346 931.3818216320687 1031.3818216320687 365.1173347111916 465.1173347111916
1955 932.49976 306.1346 930.3751400172805 1030.3751400172805 373.5983093035911 473.5983093035911
1972 937.4249 319.60278 929.1274512558361 1029.1274512558361 382.04719151753216 482.04719151753216
1990 940.7306 334.34918 927.5448065389205 1027.5448065389205 390.9504779694597 490.9504779694597
2006 940.7306 334.34918 925.9132915457113 1025.9132915457112 398.8213208432003 498.8213208432003
2023 943.8572 350.6245 923.9494255069792 1023.9494255069792 407.13297339202586 507.13297339202586
2041 943.8572 350.6245 921.6130618516396 1021.6130618516396 415.86880070345273 515.8688007034527
2057 945.2114 364.75122 919.3160778307275 1019.3160778307275 423.5717789017766 523.5717789017766
2074 945.2114 364.75122 916.6503512814876 1016.6503512814876 431.68560906238275 531.6856090623828
2091 945.2114 364.75122 913.7547408159044 1013.7547408159044 439.7202700970553 539.7202700970553
2109 947.1123 378.60196 910.4408458507073 1010.4408458507073 448.13403109346496 548.134031093465
2125 947.1123 378.60196 907.2834395119482 1007.2834395119482 455.52610752219204 555.526107522192
2143 947.7024 395.5172 903.4961054216201 1003.4961054216201 463.737646624778 563.737646624778
2159 947.7024 395.5172 899.9231482862865 999.9231482862865 470.9380623089762 570.9380623089762
2176 949.2269 411.81857 895.9169758597092 995.9169758597092 478.4806693117979 578.4806693117979
2193 948.15564 422.61038 891.6977228435584 991.6977228435584 485.90618221638465 585.9061822163847
2210 948.15564 422.61038 887.2688087238421 987.2688087238421 493.20858302917645 593.2085830291765
2227 947.5211 435.9056 882.6338229060326 982.6338229060326 500.38195353258584 600.3819535325858
2245 947.5211 435.9056 877.5057571776003 977.5057571776003 507.8301892854297 607.8301892854297
2261 941.1406 446.88718 872.7608258058228 972.7608258058228 514.3184583144773 614.3184583144773
2278 941.1406 446.88718 867.5308160761413 967.5308160761413 521.0702977777584 621.0702977777584
2295 938.726 461.5873 862.1107312689596 962.1107312689596 527.6705264551181 627.6705264551181
2312 938.726 461.5873 856.5049640822481 956.5049640822481 534.1137952031119 634.1137952031119
2329 938.726 461.5873 850.7180576999276 950.7180576999276 540.394882086187 640.394882086187
2346 935.4957 476.74063 844.754702109853 944.754702109853 546.5086966087915 646.5086966087915
2363 935.4957 476.74063 838.6197303028227 938.6197303028227 552.4502838409564 652.4502838409564
2380 929.0307 492.72678 832.3181143556885 932.3181143556885 558.2148284340103 658.2148284340103
2398 923.1986 504.91754 825.4698566711968 925.4698566711968 564.1203039129076 664.1203039129076
2414 923.1986 504.91754 819.2355094916655 919.2355094916655 569.1942495138428 669.1942495138428
2431 918.6726 518.3722 812.4651233483269 912.4651233483269 574.4002277485814 674.4002277485814
2449 918.6726 518.3722 805.1380660054275 905.1380660054275 579.6999923319313 679.6999923319313
2465 895.8579 533.1991 798.4936144283101 898.4936144283101 584.2236271487043 684.2236271487043
2482 895.8579 533.1991 791.3038148358737 891.3038148358737 588.8330869577367 688.8330869577367
2499 880.6614 549.9549 783.9857182018081 883.9857182018081 593.2360177503971 693.2360177503971
2517 880.6614 549.9549 776.1038988675523 876.1038988675523 597.6688721273433 697.6688721273433
2533 862.979 564.12305 768.9884567331254 868.9884567331254 601.4081891703074 701.4081891703074
2550 862.979 564.12305 761.3214464020558 861.3214464020558 605.1708066759479 705.1708066759479
2568 851.02563 578.06744 753.0902155588545 853.0902155588545 608.9151507775223 708.9151507775223
2584 851.02563 578.06744 745.6817300841386 845.6817300841386 612.0338607170812 712.0338607170812
2602 837.8244 588.62366 737.2507557291436 837.2507557291436 615.3037147460062 715.3037147460062
2619 837.8244 588.62366 729.2010633664289 829.2010633664289 618.1572723108953 718.1572723108953
2635 825.3226 599.7364 721.553543102233 821.553543102233 620.6326394604092 720.6326394604092
2652 825.3226 599.7364 713.3585211872297 813.3585211872297 623.0372088029525 723.0372088029525
2669 815.4838 612.1879 705.0983728534557 805.0983728534557 625.2075284601758 725.2075284601758
2687 815.4838 612.1879 696.2887884500344 796.2887884500344 627.2482382837565 727.2482382837565
2703 801.46094 622.2565 688.4095219750633 788.4095219750633 628.8385742647915 728.8385742647915
2720 801.46094 622.2565 679.9943448795832 779.9943448795832 630.296357637651 730.296357637651
2738 791.1897 630.3501 671.0427906981013 771.0427906981013 631.5781344048996 731.5781344048996
2754 791.1897 630.3501 663.0565821743512 763.0565821743512 632.4905389924386 732.4905389924386
2771 779.45105 636.467 654.5477237438794 754.5477237438794 633.2251587040392 733.2251587040392
2788 766.6037 642.85535 646.0214019995067 746.0214019995067 633.7172719246712 733.7172719246712
2805 766.6037 642.85535 637.4845270833351 737.4845270833351 633.9664798220608 733.9664798220608
2822 752.4306 646.438 628.9440176902656 728.9440176902656 633.9725804261168 733.9725804261168
2839 752.4306 646.438 620.4067954607539 720.4067954607539 633.7355687926154 733.7355687926154
2857 752.4306 646.438 611.3786557812324 711.3786557812324 633.2198480618783 733.2198480618783
2873 738.5129 648.18933 603.3698801263789 703.3698801263789 632.5331740297464 732.5331740297464
2890 738.5129 648.18933 594.8839945588649 694.8839945588649 631.5687653790487 731.5687653790487
2907 724.9728 653.9016 586.4290000393138 686.4290000393138 630.3631926583694 730.3631926583694
2925 724.9728 653.9016 577.5179378468152 677.5179378468152 628.8249324247021 728.8249324247021
2941 713.3005 658.0493 569.6390628953682 669.6390628953682 627.232657883161 727.232657883161
2959 696.1983 660.1508 560.8299808532626 660.8299808532626 625.189780618001 725.189780618001
2976 696.1983 660.1508 552.5703667532769 652.5703667532769 623.0174287059479 723.0174287059479
2992 676.67224 660.1465 544.8560383791012 644.8560383791012 620.7588569334407 720.7588569334407
3009 676.67224 660.1465 536.7290257094023 636.7290257094023 618.1335944747455 718.1335944747455
3026 655.72046 657.33276 528.6800356774336 628.6800356774336 615.278056456131 715.278056456131
3043 655.72046 657.33276 520.7155915726703 620.7155915726703 612.1945571432422 712.1945571432422
3060 638.68805 654.9908 512.8421481644934 612.8421481644934 608.8855955525434 708.8855955525434
3077 638.68805 654.9908 505.066086470933 605.066086470933 605.3538534259965 705.3538534259965
3094 638.68805 654.9908 497.3937085871838 597.3937085871838 601.6021930576474 701.6021930576474
3111 629.93463 659.1054 489.8312325780845 589.8312325780845 597.6336549738851 697.6336549738851
3128 629.93463 659.1054 482.38478743869564 582.3847874386956 593.4514554692516 693.4514554692516
3145 616.379 661.41974 475.06040812706976 575.0604081270698 589.058983999804 689.058983999804
3162 602.4865 662.0873 467.8640306732291 567.8640306732291 584.4598004361334 684.4598004361334
3179 602.4865 662.0873 460.8014873683203 560.8014873683203 579.6576321782761 679.6576321782761
3196 588.43616 659.5753 453.87850203784535 553.8785020378454 574.6563711348483 674.6563711348483
3213 588.43616 659.5753 447.10068540279684 547.1006854027969 569.4600705688548 669.4600705688548
3230 574.6109 659.60425 440.47353053246013 540.4735305324601 564.0729418127313 664.0729418127313
3248 574.6109 659.60425 433.6267260338776 533.6267260338776 558.165781572544 658.165781572544
3264 559.803 656.65784 427.69256349239276 527.6925634923928 552.7438148032415 652.7438148032415
3281 559.803 656.65784 421.54910963438175 521.5491096343817 546.8109982204569 646.8109982204569
3299 533.652 650.82916 415.2311676524065 515.2311676524065 540.3413086562304 640.3413086562304
3316 533.652 650.82916 409.4458068390105 509.4458068390105 534.0587981572892 634.0587981572892
3332 516.19165 644.2468 404.1661854693228 504.1661854693228 527.9976425819129 627.9976425819129
3349 516.19165 644.2468 398.7366769287074 498.7366769287074 521.4051639192346 621.4051639192346
3366 497.617 640.3015 393.49702667636814 493.49702667636814 514.6608030789737 614.6608030789737
3384 497.617 640.3015 388.16081736231547 488.16081736231547 507.3602452851014 607.3602452851014
3400 478.8501 631.823 383.6041295851123 483.6041295851123 500.7384173488538 600.7384173488538
3417 478.8501 631.823 378.95890042682595 478.95890042682595 493.5716758314352 593.5716758314352
3434 461.4961 621.3412 374.519558420162 474.519558420162 486.2756097367269 586.2756097367269
3452 461.4961 621.3412 370.04748418581175 470.04748418581175 478.4159770489023 578.4159770489023
3468 448.52475 612.65753 366.2727575118902 466.2727575118902 471.3192561685689 571.3192561685689
3485 448.52475 612.65753 362.4719822152257 462.4719822152257 463.6710900449318 563.6710900449318
3503 432.1203 601.8017 358.68666860027383 458.68666860027383 455.45861935813366 555.4586193581337
3519 432.1203 601.8017 355.5310810978608 455.5310810978608 448.06576630732854 548.0657663073285
3536 418.89822 592.90607 352.3965805179704 452.3965805179704 440.1212559998803 540.1212559998803
3553 405.4112 584.6787 349.4894944740342 449.4894944740342 432.0907399116313 532.0907399116313
3570 405.4112 584.6787 346.8121790087004 446.8121790087004 423.9807263598813 523.9807263598814
3587 405.4112 584.6787 344.3668039474663 444.3668039474663 415.79778809050777 515.7977880905078
3604 396.66736 578.3806 342.155351140146 442.155351140146 407.5485569510936 507.5485569510936
3622 396.66736 578.3806 340.07076873233893 440.07076873233893 398.74925072104793 498.74925072104793
3638 385.58188 569.13873 338.44119032461737 438.44119032461737 390.87800666884965 490.87800666884965
3655 385.58188 569.13873 336.9414924513526 436.9414924513526 382.4701981434725 482.4701981434725
3673 377.21063 559.395 335.61512624611004 435.61512624611004 373.52514215512616 473.52514215512616
3689 377.21063 559.395 334.66293792598333 434.66293792598333 365.5435792681223 465.5435792681223
3707 370.37817 550.0802 333.8477655898568 433.8477655898568 356.5375386282254 456.5375386282254
3723 370.37817 550.0802 333.35133438360816 433.35133438360816 348.5147233633919 448.5147233633919
3741 367.83453 535.0896 333.0499980009779 433.0499980009779 339.4768878742076 439.4768878742076
3757 366.23483 518.963 453.02406576024066 553.0240657602407 331.056686471707 431.056686471707
3774 366.23483 518.963 453.36623095517183 553.3662309551719 322.5235450269113 422.5235450269113
3792 364.09808 503.4179 454.16922084104294 554.1692208410429 313.5170210808991 413.5170210808991
3808 364.09808 503.4179 455.26193415828243 555.2619341582824 305.553911501838 405.553911501838
3825 366.52988 489.8445 456.81120498653286 556.8112049865329 297.15561763711503 397.15561763711503
3842 366.52988 489.8445 458.7570723329198 558.7570723329197 288.84025954453836 388.84025954453836
3859 366.52988 489.8445 461.09515609929747 561.0951560992975 280.62655488470796 380.62655488470796
3876 367.70786 474.71906 463.8201933182859 563.8201933182859 272.53299249891984 372.53299249891984
3893 367.70786 474.71906 466.92605000007745 566.9260500000775 264.5777907912517 364.5777907912517
3910 368.7074 460.9085 470.40573493989234 570.4057349398923 256.7788567193968 356.7788567193968
3927 368.9615 447.5565 474.251415455004 574.251415455004 249.15374548655507 349.15374548655507
3944 368.9615 447.5565 478.4544350159092 578.4544350159092 241.71962102511617 341.71962102511617
3961 371.78888 433.94797 483.0053327319572 583.0053327319572 234.49321736108072 334.4932173610807
3978 371.78888 433.94797 487.893864647575 587.893864647575 227.49080094619188 327.4908009461919
3995 374.58408 417.19162 493.109026801152 593.109026801152 220.7281340425647 320.7281340425647
4012 374.58408 417.19162 498.63907999467915 598.6390799946792 214.22043924223226 314.22043924223226
4030 396.3125 402.07825 504.82380561963384 604.8238056196338 207.62411941289355 307.62411941289355
4047 396.3125 402.07825 510.9622116294033 610.9622116294033 201.6868177027948 301.68681770279477
4063 411.8574 390.3628 516.9907313118342 616.9907313118342 196.37060786867886 296.37060786867886
4080 411.8574 390.3628 523.6492098803254 623.6492098803254 191.0230623484931 291.0230623484931
4097 427.6975 377.43347 530.5538343096449 630.5538343096449 185.9973542961332 285.9973542961332
4114 427.6975 377.43347 537.689062464963 637.689062464963 181.30479645322103 281.304796453221
4131 443.70593 365.07333 545.0388331282979 645.0388331282979 176.95595164869005 276.9559516486901
4148 443.70593 365.07333 552.5866021519138 652.5866021519138 172.9606090221234 272.96060902212344
4165 458.0601 355.86554 560.3153796987771 660.3153796987771 169.32776198864897 269.32776198864894
4182 458.0601 355.86554 568.2077684862486 668.2077684862486 166.06558799499004 266.06558799499004
4199 469.15536 345.16797 576.2460029469295 676.2460029469295 163.1814301122385 263.1814301122385
4216 469.15536 345.16797 584.4119892185008 684.4119892185008 160.68178050678887 260.68178050678887
4233 490.55765 328.2919 592.6873458725511 692.6873458725511 158.57226582663537 258.5722658266354
4251 490.55765 328.2919 601.547993109811 701.547993109811 156.76915826363768 256.7691582636377
4267 507.03058 316.10428 609.4914555949256 709.4914555949256 155.54174622631027 255.54174622631027
4284 507.03058 316.10428 617.9823830375866 717.9823830375866 154.6275629290547 254.6275629290547
4301 526.02924 303.272 626.507114755926 726.507114755926 154.1171424476271 254.1171424476271
4318 539.51984 293.49658 635.0464617946108 735.0464617946108 154.01163372561214 254.01163372561214
4335 539.51984 293.49658 643.581202299593 743.581202299593 154.31127426047263 254.31127426047263
4352 539.51984 293.49658 652.0921247860152 752.0921247860152 155.01538956894865 255.01538956894865
4370 553.6839 282.09726 661.0564395481568 761.0564395481568 156.20001068650026 256.20001068650026
4386 553.6839 282.09726 668.9659809564164 768.9659809564164 157.6297978289907 257.6297978289907
4403 565.7545 272.20654 677.2909320172428 777.2909320172428 159.53420581373558 259.5342058137356
4420 565.7545 272.20654 685.5161853111272 785.5161853111272 161.83133188536496 261.831331885365
4437 583.75836 260.93262 693.6232260010909 793.6232260010909 164.5160052712332 264.5160052712332
4454 583.75836 260.93262 701.5938053437343 801.5938053437343 167.58218283949915 267.5821828394992
4471 598.1432 255.59393 709.4099817666976 809.4099817666976 171.0229627020636 271.02296270206364
4489 616.50964 251.50385 717.4980927560449 817.4980927560449 175.0658239377357 275.0658239377357
4505 616.50964 251.50385 724.5091369531456 824.5091369531456 178.99652309031762 278.9965230903176
4522 634.72107 248.35704 731.7581279004737 831.7581279004737 183.51135533338842 283.51135533338845
4540 634.72107 248.35704 739.1908878779227 839.1908878779227 188.66075777100514 288.66075777100514
4556 653.31415 247.84642 745.5733867574248 845.5733867574248 193.54633292803192 293.5463329280319
4573 653.31415 247.84642 752.108556869033 852.108556869033 199.0438897990301 299.0438897990301
4590 653.31415 247.84642 758.3756166338345 858.3756166338345 204.8452294582745 304.8452294582745
4607 674.4458 246.80461 764.3604590589218 864.3604590589218 210.9372932370277 310.9372932370277
4624 674.4458 246.80461 770.0496124154753 870.0496124154753 217.30636805391646 317.30636805391646
4641 693.02386 252.09625 775.4302705632856 875.4302705632856 223.93811728273374 323.93811728273374
4658 693.02386 252.09625 780.4903217770493 880.4903217770493 230.81761302381858 330.8176130238186
4675 707.89026 256.43207 785.2183760095571 885.2183760095571 237.9293697063817 337.9293697063817
4692 707.89026 256.43207 789.6037905304013 889.6037905304013 245.25737894613326 345.25737894613326
4709 726.7179 260.6591 793.6366938824929 893.6366938824929 252.78514557975075 352.78514557975075
4727 742.40796 269.8821 797.5125264313018 897.5125264313018 260.95461241672945 360.95461241672945
4743 742.40796 269.8821 800.6094691549205 900.6094691549205 268.3717602734482 368.3717602734482
4760 755.83844 278.93512 803.5336455346032 903.5336455346032 276.3955232583588 376.3955232583588
4777 755.83844 278.93512 806.0739549944915 906.0739549944915 284.5489524624127 384.5489524624127
4794 768.8901 289.81052 808.2246793622878 908.2246793622878 292.8136947228397 392.8136947228397
4811 768.8901 289.81052 809.980977411876 909.980977411876 301.17114631399613 401.17114631399613
4828 780.1781 300.2396 811.3388957607996 911.3388957607996 309.60249482388303 409.60249482388303
4845 780.1781 300.2396 812.2953777692248 912.2953777692248 318.08876150040663 418.08876150040663
4862 792.764 308.83716 812.84827042036 912.84827042036 326.6108439720703 426.6108439720703
4879 792.764 308.83716 812.9963291668411 912.9963291668411 335.1495592469291 435.1495592469291
4896 804.99207 321.23224 812.7392207321774 912.7392207321774 343.68568689301895 443.68568689301895
4913 804.99207 321.23224 812.0775238609478 912.0775238609478 352.200012303063 452.200012303063
4930 815.1889 331.73193 811.0127280160616 911.0127280160616 360.6733699460652 460.6733699460652
4947 815.1889 331.73193 809.5472300260149 909.5472300260149 369.0866865084376 469.0866865084376
4964 819.67365 340.82065 807.6843286896907 907.6843286896907 377.4210238275436 477.4210238275436
4981 819.67365 340.82065 805.4282173508461 905.4282173508461 385.65762152102405 485.65762152102405
4998 818.6938 352.53662 802.7839744590015 902.7839744590015 393.77793921594457 493.77793921594457
5015 818.6938 352.53662 799.7575521379785 899.7575521379785 401.7636982827043 501.7636982827043
5032 815.8724 368.79367 796.3557627878217 896.3557627878217 409.59692297976756 509.59692297976756
5049 815.8724 368.79367 792.5862637502574 892.5862637502574 417.25998091660404 517.259980916604
5066 812.41156 383.0504 788.4575400722103 888.4575400722103 424.73562274375536 524.7356227437554
5083 812.41156 383.0504 783.9788854061801 883.9788854061801 432.00702098068035 532.0070209806804
5101 809.9107 397.24606 778.8665841399335 878.8665841399335 439.4653480122629 539.4653480122629
5117 809.9107 397.24606 774.0128734563121 874.0128734563121 445.8721123408068 545.8721123408068
5134 806.2907 409.7734 768.5479494131282 868.5479494131282 452.4345954942897 552.4345954942896
5151 806.2907 409.7734 762.7779103666112 862.7779103666112 458.73048537096236 558.7304853709624
5168 800.1693 421.10538 756.7157445286122 856.7157445286122 464.7456100820642 564.7456100820642
5185 800.1693 421.10538 750.3750976809954 850.3750976809954 470.46642973411736 570.4664297341174
5202 798.00824 432.46033 743.7702424593289 843.7702424593289 475.8800669068827 575.8800669068827
5219 798.00824 432.46033 736.9160462255444 836.9160462255444 480.9743356401059 580.9743356401059
5236 796.3092 442.31018 729.8279376018812 829.8279376018812 485.73776886380733 585.7377688638073
5253 796.3092 442.31018 722.5218717414465 822.5218717414465 490.15964421036574 590.1596442103657
5270 787.6352 453.87823 715.014294413571 815.014294413571 494.2300081502966 594.2300081502966
5287 780.04254 464.664 707.3221049847989 807.3221049847989 497.93969839739407 597.9396983973941
5304 780.04254 464.664 699.4626183788416 799.4626183788416 501.28036453280606 601.2803645328061
5321 770.3085 474.23413 691.4535261011198 791.4535261011198 504.2444868016163 604.2444868016163
5338 770.3085 474.23413 683.3128564156366 783.3128564156366 506.8253930396211 606.8253930396211
5355 770.3085 474.23413 675.0589337638094 775.0589337638094 509.01727369220305 609.017273692203
5372 759.2236 484.50125 666.710337516615 766.710337516615 510.8151948914908 610.8151948914908
5389 759.2236 484.50125 658.2858601528986 758.2858601528986 512.2151095623715 612.2151095623715
5406 746.38904 492.9655 649.8044649579773 749.8044649579773 513.2138665323532 613.2138665323532
5423 746.38904 492.9655 641.2852433377668 741.2852433377668 513.8092176247758 613.8092176247758
5440 740.98645 501.37186 632.7473718445073 732.7473718445073 513.9998227193989 613.9998227193989
5457 733.51855 513.0151 624.2100690108309 724.2100690108309 513.7852527689789 613.7852527689789
5475 733.51855 513.0151 615.1925479661336 715.1925479661336 513.1169859395293 613.1169859395293
5491 723.55457 526.6334 607.2139937950213 707.2139937950213 512.1434306506889 612.1434306506889
5508 723.55457 526.6334 598.7934791480179 698.7934791480179 510.71987418285164 610.7198741828516
5525 712.45874 532.24744 590.4499625136663 690.4499625136663 508.8985257511097 608.8985257511097
5542 712.45874 532.24744 582.2022249367301 682.2022249367301 506.68348516468336 606.6834851646834
5559 700.7771 541.88983 574.0688318657412 674.0688318657412 504.079738423869 604.079738423869
5576 700.7771 541.88983 566.0680913626405 666.0680913626405 501.0931464966776 601.0931464966776
5593 687.97064 546.5221 558.218012891798 658.218012891798 497.7304321259451 597.7304321259451
5610 687.97064 546.5221 550.5362667811617 650.5362667811617 493.99916469660786 593.9991646966079
5627 687.97064 546.5221 543.0401444467964 643.0401444467964 489.90774319720856 589.9077431972086
5644 672.4574 545.00757 535.7465194703461 635.7465194703461 485.4653773139863 585.4653773139863
5661 672.4574 545.00757 528.6718096170268 628.6718096170268 480.6820667001052 580.6820667001052
5678 658.95386 545.90283 521.8319398796541 621.8319398796541 475.56857846668925 575.5685784666892
5695 643.6616 542.7347 515.2423066318847 615.2423066318847 470.13642294632587 570.1364229463259
5712 643.6616 542.7347 508.91774297137306 608.9177429713731 464.3978277836013 564.3978277836013
5729 624.94336 540.06 502.8724853308397 602.8724853308397 458.36571041097886 558.3657104109789
5747 624.94336 540.06 496.7911702808618 596.7911702808618 451.6739338449379 551.6739338449379
5763 610.3156 537.589 491.67365965604995 591.67365965605 445.47585175716756 545.4758517571676
5780 610.3156 537.589 486.5452998949387 586.5452998949387 438.6471252215585 538.6471252215586
5798 595.64044 532.38904 481.47483091410595 581.474830914106 431.16029607556385 531.1602960755638
5814 595.64044 532.38904 477.2883795805666 577.2883795805666 424.29889958551144 524.2988995855114
5831 577.6088 525.9789 473.18065612063515 573.1806561206351 416.8116979778178 516.8116979778179
5848 577.6088 525.9789 469.43268195865755 569.4326819586576 409.1380893339877 509.1380893339877
5865 558.495 521.3384 466.05289368960894 566.0528936896089 401.295346752855 501.295346752855
5882 558.495 521.3384 463.04889913133843 563.0488991313384 393.30112404946493 493.30112404946493
5899 542.00336 513.11536 460.427460199564 560.4274601995639 385.1734160167848 485.1734160167848
5916 542.00336 513.11536 458.1944776869708 558.1944776869708 376.9305179198789 476.9305179198789
5933 525.7039 507.361 456.35497798067684 556.3549779806768 368.59098431373195 468.59098431373195
5950 525.7039 507.361 454.91310174796206 554.9131017479621 360.1735872774116 460.1735872774116
5967 515.5467 502.03857 453.8720946157316 553.8720946157316 351.69727415859836 451.69727415859836
5984 515.5467 502.03857 453.23429986469176 553.2342998646918 343.18112492358273 443.18112492358273
6001 503.5328 496.2013 453.0036526131048 553.0036526131048 335.1467028281774 435.1467028281774
