2 587.83673 490.79944 297.6266827034936 468.3766827034936 334.9952018786457 430.9952018786457
18 587.83673 490.79944 297.76128878990846 468.51128878990846 326.9581694712406 422.9581694712406
35 588.56134 488.9077 298.1401809083458 468.8901809083458 318.4260666429181 414.4260666429181
52 588.56134 488.9077 298.7617899590455 469.5117899590455 309.9082065772343 405.9082065772343
70 586.45154 489.83765 299.683954224261 470.433954224261 300.9124916521703 396.9124916521703
86 586.45154 489.83765 300.7309474282776 471.4809474282776 292.9428107334055 388.9428107334055
103 586.45154 489.83765 302.0768999466856 472.8268999466856 284.5090245297676 380.5090245297676
120 587.71454 489.05975 303.6623788905013 474.4123788905013 276.11696909446454 372.11696909446454
137 587.71454 489.05975 305.4860993111701 476.2360993111701 267.7734457537099 363.7734457537099
154 584.5511 491.80386 307.54658317776153 478.29658317776153 259.4852165009684 355.4852165009684
171 584.5511 491.80386 309.84216057483684 480.59216057483684 251.25899851671107 347.2589985167111
188 585.8032 490.89258 312.370971055829 483.120971055829 243.10145872448777 339.10145872448777
205 582.97876 492.41324 315.13096515083794 485.88096515083794 235.0192083877314 331.0192083877314
223 582.97876 492.41324 318.3028050661181 489.0528050661181 226.55087292573558 322.5508729257356
239 582.1303 493.21692 321.3353713044251 492.0853713044251 219.10671073469888 315.1067107346989
257 582.1303 493.21692 324.9839862732427 495.7339862732427 210.832601552776 306.832601552776
273 579.6082 492.5542 328.4352697116431 499.1852697116431 203.57308012612515 299.57308012612515
290 579.6082 492.5542 332.31394874217887 503.06394874217887 195.9641257374746 291.9641257374746
307 582.0449 488.97824 336.4076486363828 507.1576486363828 188.46866317091627 284.4686631709163
325 582.0449 488.97824 340.97282977641726 511.72282977641726 180.6627426548122 276.6627426548122
341 582.0449 488.97824 345.2266685145469 515.9766685145469 173.84241533816768 269.8424153381677
358 582.12085 490.43384 349.94484113972976 520.6948411397298 166.72348388819168 262.7234838881917
376 582.12085 490.43384 355.1592598074537 525.9092598074537 159.33544545415847 255.33544545415847
392 589.881 475.71106 359.9793956887837 530.7293956887837 152.90284887099742 248.90284887099742
409 595.1647 463.0795 365.28764512599264 536.0376451259926 146.21234621253794 242.21234621253794
426 595.1647 463.0795 370.78419195402086 541.5341919540208 139.675656616284 235.675656616284
443 599.27747 455.99005 376.4645815063909 547.2145815063909 133.2980777305462 229.2980777305462
460 599.27747 455.99005 382.32421012162035 553.0742101216204 127.08477825264669 223.0847782526467
477 602.2132 449.0529 388.35832887425113 559.1083288742511 121.04079373995708 217.04079373995708
494 602.2132 449.0529 394.5620474236076 565.3120474236076 115.17102252884061 211.1710225288406
511 601.8073 439.7985 400.93033797716447 571.6803379771645 109.48022176480373 205.48022176480373
528 601.8073 439.7985 407.45803936531155 578.2080393653116 103.97300354707676 199.97300354707676
545 603.4511 429.60803 414.13986122421545 584.8898612242155 98.65383119074559 194.6538311907456
562 603.4511 429.60803 420.97038828338435 591.7203882833844 93.52701560946679 189.5270156094668
579 605.22235 418.66406 427.94408475446505 598.694084754465 88.5967118216947 184.5967118216947
596 605.22235 418.66406 435.055298817712 605.805298817712 83.86691558325475 179.86691558325475
614 612.7263 411.46417 442.72830231051046 613.4783023105105 79.08169966915386 175.08169966915386
630 612.7263 411.46417 449.6671198581312 620.4171198581312 75.02401316610684 171.02401316610684
648 620.2444 404.1772 457.6000053430304 628.3500053430304 70.68320657878508 166.68320657878508
664 620.2444 404.1772 464.7584925058843 635.5084925058843 67.02696940712423 163.02696940712423
681 621.8878 400.05417 472.4687817222184 643.2187817222184 63.353853820736504 159.3538538207365
699 621.8878 400.05417 480.74304051425463 651.4930405142546 59.70557814756273 155.70557814756273
716 627.06555 396.99976 488.6552593796754 659.4052593796754 56.49043732076149 152.4904373207615
732 627.06555 396.99976 496.18284410284525 666.9328441028453 53.6713103368038 149.6713103368038
749 631.4991 393.2117 504.26057476416406 675.0105747641641 50.89811628054434 146.89811628054434
767 631.9257 388.10294 512.8957995660215 683.6457995660215 48.213685881662 144.213685881662
783 631.9257 388.10294 520.6364292711773 691.3864292711773 46.04696936032366 142.04696936032366
800 631.8418 386.3459 528.9212813350795 699.6712813350795 43.972948099647 139.972948099647
817 631.8418 386.3459 537.2618142040386 708.0118142040386 42.13559963724384 138.13559963724384
834 633.58105 385.35437 545.6512683082123 716.4012683082123 40.53641304886645 136.53641304886645
852 633.58105 385.35437 554.5799853669816 725.3299853669816 39.10418205161051 135.1041820516105
868 633.58105 385.35437 562.5497092126128 733.2997092126128 38.05751565750103 134.05751565750103
885 634.5558 386.00836 571.0450007018427 741.7950007018427 37.17981387243941 133.1798138724394
902 634.5558 386.00836 579.5618339036334 750.3118339036334 36.54429036905128 132.54429036905128
920 634.2996 383.72302 588.5954658516387 759.3454658516387 36.1359182678533 132.1359182678533
936 634.2996 383.72302 596.6325037720162 767.3825037720162 36.00164175242986 132.00164175242986
954 635.0134 383.7331 605.6747357063178 776.4247357063178 36.10801652085058 132.10801652085058
970 635.0134 383.7331 613.7063904556234 784.4563904556234 36.431328605587055 132.43132860558705
988 634.9638 386.08746 622.7279152730522 793.4779152730522 37.05210546853829 133.0521054685383
1004 637.01 389.30435 630.7281551661815 801.4781551661815 37.831958255007294 133.8319582550073
1022 637.01 389.30435 639.69973287815 810.44973287815 38.96512519026942 134.96512519026942
1038 637.49963 390.56903 647.6426280498187 818.3926280498187 40.19899106955364 136.19899106955364
1055 637.49963 390.56903 656.0424796955454 826.7924796955454 41.74263294520472 137.74263294520472
1072 637.6432 392.3236 664.3949870000625 835.1449870000625 43.52475517402934 139.52475517402934
1089 637.6432 392.3236 672.6933806888678 843.4433806888678 45.54391343827683 141.54391343827683
1106 637.6432 392.3236 680.9309353437416 851.6809353437416 47.79847131476845 143.79847131476845
1123 639.1618 392.09402 689.1009748533495 859.8509748533495 50.286601601133555 146.28660160113355
1140 639.1618 392.09402 697.1968778238853 867.9468778238853 53.006287796662775 149.00628779666278
1158 640.17615 392.68362 705.6809133429172 876.4309133429172 56.135890847668804 152.1358908476688
1174 641.58514 391.21252 713.1400943092397 883.8900943092397 59.13132537838908 155.13132537838908
1192 641.58514 391.21252 721.4322817166773 892.1822817166773 62.73866538800752 158.73866538800752
1208 644.1981 391.31268 728.7089106673807 899.4589106673807 66.15373198032523 162.15373198032523
1225 644.1981 391.31268 736.337097942471 907.087097942471 69.99444764366609 165.9944476436661
1243 644.0328 392.25092 744.2913386762737 915.0413386762737 74.29599716607964 170.29599716607964
1259 644.0328 392.25092 751.2501244418916 922.0001244418916 78.31934271231506 174.31934271231506
1276 643.5588 394.34625 758.5228774307536 929.2728774307536 82.79677522140798 178.79677522140798
1293 643.5588 394.34625 765.665231024628 936.415231024628 87.47941582800502 183.47941582800502
1310 641.0182 398.70557 772.671396715908 943.421396715908 92.36346949445999 188.36346949446
1328 641.0182 398.70557 779.9349412421072 950.6849412421072 97.74995210011105 193.74995210011105
1344 641.0182 398.70557 786.2525668282935 957.0025668282935 102.71982289007568 198.71982289007568
1361 642.10583 399.25928 792.8165644145411 963.5665644145411 108.18372933127876 204.18372933127876
1378 640.348 402.1852 799.2223693489477 969.9723693489477 113.83226905874935 209.83226905874935
1395 640.348 402.1852 805.4647900584413 976.2147900584413 119.66086422363836 215.66086422363836
1412 638.08563 406.8872 811.5387673844003 982.2887673844003 125.66479105149173 221.66479105149173
1429 638.08563 406.8872 817.4393786828404 988.1893786828404 131.83918367062486 227.83918367062486
1446 622.0819 418.77454 823.1618418139614 993.9118418139614 138.17903805565956 234.17903805565956
1463 622.0819 418.77454 828.7015190178248 999.4515190178248 144.67921608302754 240.67921608302754
1480 612.3647 431.05707 834.0539206730178 1004.8039206730178 151.33444969515332 247.33444969515332
1497 612.3647 431.05707 839.2147089352587 1009.9647089352587 158.13934516994212 254.13934516994212
1514 607.59814 439.0318 844.1797012529947 1014.9297012529947 165.08838749211185 261.08838749211185
1531 607.59814 439.0318 848.9448737571439 1019.6948737571439 172.1759448228275 268.1759448228275
1549 599.77795 445.40182 853.7682646303833 1024.5182646303833 179.8250084536918 275.8250084536918
1565 595.0305 451.48547 857.8604766962846 1028.6104766962846 186.74352051365594 282.74352051365594
1583 595.0305 451.48547 862.2407587450334 1032.9907587450334 194.65467738976898 290.65467738976895
1599 595.0305 451.48547 865.9326210713034 1036.6826210713034 201.79485674886422 297.7948567488642
1616 594.34753 455.5529 869.6441112173986 1040.3941112173986 209.48674720608716 305.48674720608716
1634 594.34753 455.5529 873.3335720037483 1044.0835720037483 217.74272401389442 313.7427240138944
1650 593.1223 447.96893 876.4028900120431 1047.1528900120431 225.17180845816728 321.1718084581673
1667 593.1223 447.96893 879.4447010204906 1050.1947010204906 233.15226732338112 329.1522673233811
1684 604.21313 427.70355 882.2581117598017 1053.0081117598017 241.21607894831448 337.2160789483145
1701 604.21313 427.70355 884.84084210631 1055.59084210631 249.35670803135872 345.3567080313587
1718 612.394 415.42538 887.1907988908573 1057.9407988908574 257.5675570143351 353.5675570143351
1735 612.394 415.42538 889.3060775952 1060.0560775952 265.8419714294728 361.8419714294728
1753 622.11206 410.59616 891.2880914067398 1062.0380914067398 274.66494684573263 370.66494684573263
1769 630.8126 406.50296 892.8259350518042 1063.5759350518042 282.55462653755245 378.55462653755245
1786 630.8126 406.50296 894.2276611419293 1064.9776611419293 290.97932248926173 386.97932248926173
1803 636.2567 409.3614 895.3890061395116 1066.1390061395116 299.4405053679775 395.4405053679775
1820 636.2567 409.3614 896.3090288345896 1067.0590288345898 307.9313178232743 403.9313178232743
1837 671.02057 396.42572 896.986983596427 1067.7369835964269 316.44487849148953 412.44487849148953
1854 671.02057 396.42572 897.4223209778079 1068.1723209778079 324.97428757271297 420.97428757271297
1872 671.02057 396.42572 897.6184330082496 1068.3684330082497 334.0150184069197 430.0150184069197
1888 701.11847 387.60147 897.5639292403739 1068.313929240374 342.0529931552917 438.0529931552917
1905 701.11847 387.60147 897.2700853553974 1068.0200853553974 350.5884482504665 446.5884482504665
1923 703.3457 384.29297 896.6942702125862 1067.4442702125862 359.6129543791347 455.6129543791347
1939 688.9481 384.60855 895.9542920861586 1066.7042920861586 367.61698093385 463.61698093385
1957 688.9481 384.60855 894.8658443473335 1065.6158443473335 376.5940938029694 472.5940938029694
1974 675.111 384.87787 893.5898645142696 1064.3398645142697 385.0387497092864 481.0387497092864
1990 675.111 384.87787 892.1698065389205 1062.9198065389205 392.9504779694597 488.9504779694597
2007 668.0501 387.93256 890.4293267523421 1061.1793267523421 401.3117618435425 497.3117618435425
2024 668.0501 387.93256 888.4515442264865 1059.2015442264865 409.6201139178652 505.6201139178652
2041 704.5248 397.7547 886.2380618516396 1056.9880618516395 417.86880070345273 513.8688007034527
2058 704.5248 397.7547 883.7906735406054 1054.5406735406054 426.0511370669554 522.0511370669553
2075 704.5248 397.7547 881.1113627748334 1051.8613627748334 434.1604916486035 530.1604916486035
2092 761.7833 417.18436 878.2023009969078 1048.9523009969078 442.19029223658174 538.1902922365817
2109 761.7833 417.18436 875.0658458507073 1045.8158458507073 450.13403109346496 546.134031093465
2126 808.48065 429.86505 871.7045392706568 1042.4545392706568 457.98527023040305 553.9852702304031
2143 808.48065 429.86505 868.1211054216201 1038.87110542162 465.737646624778 561.737646624778
2160 847.3272 444.60995 864.3184484911064 1035.0684484911064 473.3848773771026 569.3848773771026
2177 874.51807 457.85764 860.2996503355766 1031.0496503355766 480.92076480298647 576.9207648029865
2194 874.51807 457.85764 856.0679679827582 1026.817967982758 488.339201456037 584.339201456037
2212 892.3395 471.53232 851.359140910029 1022.109140910029 496.0593194307959 592.0593194307959
2229 892.3395 471.53232 846.70015512589 1017.45015512589 503.2171256152127 599.2171256152127
2245 908.7687 482.22705 842.1307571776003 1012.8807571776003 509.8301892854297 605.8301892854297
2262 908.7687 482.22705 837.0835164298949 1007.8335164298949 516.719724737489 612.719724737489
2279 918.35266 496.65112 831.8422069588121 1002.5922069588121 523.4627962141102 619.4627962141102
2297 918.35266 496.65112 826.0857802470538 996.8357802470538 530.4368069294171 626.4368069294171
2313 925.0349 511.06976 820.794526925818 991.544526925818 536.4878107309933 632.4878107309933
2330 925.0349 511.06976 814.9971099362925 985.7471099362925 542.7591976716982 638.7591976716982
2348 930.0314 519.9597 808.6667532448498 979.4167532448498 549.2167404012639 645.2167404012639
2364 930.0314 519.9597 802.8786107340788 973.6286107340788 554.7943218655896 650.7943218655896
2381 927.4077 534.018 796.5673499372441 967.3173499372441 560.5483052740481 656.5483052740481
2398 927.4077 534.018 790.0948566711968 960.8448566711968 566.1203039129076 662.1203039129076
2415 925.5996 548.6482 783.4663765564474 954.2163765564474 571.5058019659065 667.5058019659065
2432 925.5996 548.6482 776.6872816327669 947.4372816327669 576.7004347658467 672.7004347658467
2449 919.7246 562.3792 769.7630660054275 940.5130660054275 581.6999923319313 677.6999923319313
2466 919.7246 562.3792 762.6993413925139 933.4493413925139 586.5004227817345 682.5004227817345
2484 915.9297 576.00275 755.0744075511528 925.8244075511528 591.3618688484853 687.3618688484853
2500 915.9297 576.00275 748.1763727666926 918.9263727666926 595.48850486691 691.48850486691
2517 907.61816 589.45026 740.7288988675523 911.4788988675523 599.6688721273433 695.6688721273433
2534 894.32355 602.74695 733.1654466713042 903.9154466713042 603.6355494252274 699.6355494252274
2551 894.32355 602.74695 725.4921459641587 896.2421459641587 607.3853219740902 703.3853219740902
2568 881.9211 614.91473 717.7152155588545 888.4652155588545 610.9151507775223 706.9151507775223
2586 881.9211 614.91473 709.3748717145976 880.1248717145976 614.409709190917 710.409709190917
2603 881.9211 614.91473 701.4045198090165 872.1545198090165 617.4779054707668 713.4779054707668
2619 868.85693 625.745 693.8260633664289 864.5760633664289 620.1572723108953 716.1572723108953
2636 868.85693 625.745 685.6984050251664 856.4484050251664 622.7805351262059 718.7805351262059
2654 854.5781 635.8988 677.0149903073263 847.7649903073263 625.3047345602947 721.3047345602947
2670 854.5781 635.8988 669.2355964401853 839.9855964401853 627.327860798587 723.327860798587
2687 843.51886 642.3871 660.9137884500344 831.6637884500344 629.2482382837565 725.2482382837565
2705 827.9108 651.5538 652.0467003639958 822.7967003639958 631.0225051237472 727.0225051237472
2721 827.9108 651.5538 644.1230815799211 814.8730815799211 632.3746419810356 728.3746419810356
2738 811.7725 658.03674 635.6677906981013 806.4177906981013 633.5781344048996 729.5781344048996
2755 811.7725 658.03674 627.1816681050749 797.9316681050749 634.5404551656717 730.5404551656717
2773 790.6996 662.6219 618.1703999580201 788.9203999580201 635.2956507210972 731.2956507210972
2789 790.6996 662.6219 610.1444574500881 780.8944574500881 635.7386581426483 731.7386581426483
2806 762.2417 629.3863 601.607177164819 772.357177164819 635.9735692774082 731.9735692774082
2824 762.2417 629.3863 592.5643341560843 763.3143341560843 635.9573130650697 731.9573130650697
2840 734.8475 576.74646 584.5298561883765 755.2798561883765 635.714059077236 731.714059077236
2857 734.8475 576.74646 576.0036557812324 746.7536557812324 635.2198480618783 731.2198480618783
2874 734.8475 576.74646 567.4949783535706 738.2449783535706 634.4831348595524 730.4831348595524
2891 712.52875 539.40625 559.0107197476881 729.7607197476881 633.5045165381459 729.5045165381459
2908 692.72516 512.7384 550.5577560156919 721.3077560156919 632.2847862171152 728.2847862171152
2925 692.72516 512.7384 542.1429378468152 712.8929378468152 630.8249324247021 726.8249324247021
2942 675.44446 491.70422 533.7730850152877 704.5230850152877 629.1261382967836 725.1261382967836
2959 675.44446 491.70422 525.4549808532626 696.2049808532626 627.189780618001 723.189780618001
2977 662.15186 473.95343 516.7114719083379 687.4614719083379 624.8823306672801 720.8823306672801
2993 662.15186 473.95343 509.00093670470255 679.7509367047026 622.6108431393186 718.6108431393186
3010 650.7704 460.58682 500.8783318686146 671.6283318686146 619.9719743310518 715.9719743310518
3027 650.7704 460.58682 492.83413519547366 663.5841351954737 617.1029609476205 713.1029609476205
3044 642.4771 450.30508 484.8748660899855 655.6248660899855 614.0061281757542 710.0061281757542
3062 642.4771 450.30508 476.5471403646218 647.2971403646218 610.4816057700691 706.4816057700691
3078 636.3536 442.61523 469.2368388259649 639.9868388259649 607.1392263586182 703.1392263586182
3095 636.3536 442.61523 461.57075447846444 632.3207544784644 603.3747225815591 699.3747225815591
3112 623.66504 437.00293 454.01493504921393 624.7649350492139 599.3935254421243 695.3935254421243
3130 623.66504 437.00293 446.1416444577163 616.8916444577163 594.9455405942533 690.9455405942533
3146 625.2007 428.53995 439.2584910195917 610.0084910195917 590.7941302961241 686.7941302961241
3164 625.2007 428.53995 431.6510851329607 602.4010851329607 585.9053012317041 681.9053012317041
3180 621.4914 423.47592 425.01533437862736 595.7653343786274 581.3689127295427 677.3689127295427
3197 621.4914 423.47592 418.1007341971813 588.8507341971813 576.3560650118047 672.3560650118047
3214 621.5701 418.67822 411.3316291336331 582.0816291336331 571.1484211540582 667.1484211540582
3232 621.5701 418.67822 404.32902088331 575.07902088331 565.4268172148151 661.4268172148151
3249 631.1461 405.49078 397.87660281909086 568.6266028190909 559.8315836151319 655.8315836151319
3266 631.1461 405.49078 391.58607048362126 562.3360704836213 554.0549461116274 650.0549461116274
3282 639.15027 399.68393 385.818018823778 556.568018823778 548.4565902131905 644.4565902131905
3299 639.15027 399.68393 379.8561676524065 550.6061676524065 542.3413086562304 638.3413086562304
3317 641.1898 392.109 373.7360886747011 544.486088674701 535.6841390435716 631.6841390435716
3333 642.29816 385.03745 368.4666251188419 539.2166251188419 529.6141503656863 625.6141503656863
3351 642.29816 385.03745 362.73530972562094 533.4853097256209 522.6194882717405 618.6194882717405
3367 642.29816 385.03745 357.81981603687143 528.5698160368714 516.259462288142 612.259462288142
3384 647.86304 378.8808 352.78581736231547 523.5358173623155 509.3602452851014 605.3602452851014
3401 647.86304 378.8808 347.9502481623738 518.7002481623738 502.3205287834901 598.3205287834901
3418 648.4934 375.52948 343.31702741539596 514.067027415396 495.1460181088685 591.1460181088685
3436 648.4934 375.52948 338.6359874179972 509.3859874179972 487.4090200807045 583.4090200807045
3452 647.36475 371.72684 334.67248418581175 505.42248418581175 480.4159770489023 576.4159770489023
3469 647.36475 371.72684 330.668167657697 501.418167657697 472.8723845988062 568.8723845988062
3486 645.8067 368.04755 326.8802058135661 497.6302058135661 465.2178641711182 561.2178641711182
3503 644.1001 366.9056 323.31166860027383 494.06166860027383 457.45861935813366 553.4586193581337
3520 644.1001 366.9056 319.9654481323775 490.7154481323775 449.60093862583636 545.6009386258363
3537 642.4152 363.8537 316.8442563482289 487.5942563482289 441.6511902174244 537.6511902174244
3554 642.4152 363.8537 313.9506228120883 484.7006228120883 433.61581699217805 529.615816992178
3572 639.20874 362.8147 311.1374093568393 481.8874093568393 425.02168504065054 521.0216850406505
3588 639.20874 362.8147 308.85522471939606 479.60522471939606 417.31430922285153 513.3143092228515
3605 639.20874 362.8147 306.65758971905177 477.40758971905177 409.06138620638365 505.06138620638365
3622 636.7794 362.1239 304.69576873233893 475.44576873233893 400.74925072104793 496.74925072104793
3640 636.7794 362.1239 302.87733946092027 473.62733946092027 391.8911138441472 487.8911138441472
3656 630.0831 363.26865 301.4857362133312 472.2357362133312 383.97433109371923 479.97433109371923
3673 630.0831 363.26865 300.24012624611004 470.99012624611004 375.52514215512616 471.52514215512616
3691 625.6054 360.8991 299.1839615380741 469.9339615380741 366.54417394147794 462.54417394147794
3707 620.84766 359.8012 298.4727655898568 469.2227655898568 358.5375386282254 454.5375386282254
3724 620.84766 359.8012 297.95244725508564 468.70244725508564 350.0128916126015 446.0128916126015
3741 618.2099 361.5774 297.6749980009779 468.4249980009779 341.4768878742076 437.4768878742076
3758 618.2099 361.5774 417.6579818975829 588.4079818975829 332.55436575878036 428.55436575878036
3775 617.87524 363.09363 418.0239626747057 588.7739626747057 324.0222125716715 420.0222125716715
3792 617.87524 363.09363 418.79422084104294 589.5442208410429 315.5170210808991 411.5170210808991
3809 615.43555 362.6047 419.96702256495803 590.717022564958 307.0579362572376 403.0579362572376
3826 615.43555 362.6047 421.53972789945465 592.2897278994546 298.66399928652106 394.66399928652106
3843 617.6311 360.05023 423.5087967246308 594.2587967246309 290.35410470841526 386.35410470841526
3861 617.6311 360.05023 426.020775357405 596.770775357405 281.66778041701417 377.66778041701417
3877 615.312 362.17514 428.61741332353733 599.3674133235373 274.0610328969076 370.0610328969076
3894 615.312 362.17514 431.7454617306055 602.4954617306055 266.1145309557668 362.1145309557668
3911 613.5499 360.86438 435.2469007798122 605.9969007798122 258.3253394366035 354.3253394366035
3929 613.5499 360.86438 439.35251703477377 610.1025170347738 250.26890216483775 346.26890216483775
3945 616.90216 360.35095 443.3376014504479 614.0876014504479 243.28862718732034 339.28862718732034
3963 616.90216 360.35095 448.18813582163796 618.938135821638 235.6574685163974 331.6574685163974
3980 615.43896 358.55127 453.1156804126915 623.8656804126915 228.6824499328598 324.6824499328598
3996 615.43896 358.55127 458.0507256503695 628.8007256503695 222.33812451057264 318.33812451057264
4013 616.032 359.66714 463.5989209792019 634.3489209792019 215.84589003154827 311.84589003154827
4030 616.032 359.66714 469.44880561963384 640.1988056196338 209.62411941289355 305.62411941289355
4048 617.7557 357.9463 475.95698729842366 646.7069872984237 203.34671249739392 299.3467124973939
4064 621.7628 353.05176 482.00032161194906 652.7503216119491 198.0473496171248 294.04734961712484
4081 621.7628 353.05176 488.6736998190197 659.4236998190197 192.7184094558065 288.7184094558065
4099 624.4505 353.44315 496.00660984547187 666.7566098454719 187.42778596789336 283.4277859678933
4115 624.4505 353.44315 502.7406224410547 673.4906224410547 183.0393681522872 279.03936815228724
4133 624.4505 353.44315 510.54185383635763 681.2918538363576 178.46738225293876 274.46738225293876
4149 622.158 356.35803 517.6613936238961 688.4113936238961 174.73679385759596 270.73679385759596
4166 622.158 356.35803 525.4002807325808 696.1502807325808 171.12553282347662 267.12553282347665
4183 625.4353 356.96487 533.3017438562879 704.0517438562879 167.88540004190477 263.88540004190475
4200 625.4353 356.96487 541.3479970015156 712.0979970015156 165.02368896976233 261.02368896976236
4218 626.8262 356.10138 550.005242038646 720.755242038646 162.41325323717234 258.41325323717234
4234 626.8262 356.10138 557.8021405586188 728.5521405586188 160.46043219287566 256.46043219287566
4251 501.46094 284.8811 566.172993109811 736.922993109811 158.76915826363768 254.76915826363768
4268 522.8947 305.00662 574.6146433324445 745.3646433324445 157.4768264733346 253.4768264733346
4286 522.8947 305.00662 583.6089086245098 754.3589086245098 156.54652641268294 252.54652641268294
4302 541.92755 318.99985 591.634212437205 762.384212437205 156.09972077737774 252.09972077737774
4319 541.92755 318.99985 600.1738207000526 770.9238207000526 156.01804670179018 252.01804670179018
4336 555.7782 329.74875 608.7076916320163 779.4576916320163 156.341507447631 252.341507447631
4354 555.7782 329.74875 617.7159540007476 788.4659540007476 157.12475417951248 253.12475417951248
4370 555.7782 329.74875 625.6814395481568 796.4314395481568 158.20001068650026 254.20001068650026
4387 568.198 339.03174 634.0831090553891 804.8331090553891 159.73086973577773 255.73086973577773
4405 568.198 339.03174 642.8891437149437 813.6391437149437 161.7841646297532 257.7841646297532
4421 577.888 344.5251 650.6215220114407 821.3715220114407 163.97858082584344 259.97858082584344
4439 577.888 344.5251 659.1933738652637 829.9433738652637 166.85705648893563 262.85705648893565
4455 587.86926 348.53214 666.6830281761817 837.4330281761817 169.77428374521077 265.77428374521077
4472 592.97974 350.62006 674.4895705675439 845.2395705675439 173.23686599396328 269.2368659939633
4489 592.97974 350.62006 682.1230927560449 852.8730927560449 177.0658239377357 273.0658239377357
4506 599.92426 349.5567 689.5664118764473 860.3164118764473 181.25253868910977 277.25253868910977
4523 599.92426 349.5567 696.8027732058051 867.5527732058051 185.78758605914797 281.787586059148
4540 603.1505 355.50583 703.8158878779227 874.5658878779227 190.66075777100514 286.66075777100514
4557 603.1505 355.50583 710.5899695491788 881.3399695491788 195.86108443850046 291.8610844385005
4574 607.8698 358.64313 717.1097699331881 887.8597699331881 201.3768602579292 297.3768602579292
4591 607.8698 358.64313 723.360613124305 894.110613124305 207.19566935752866 303.1956693575287
4608 607.8698 358.64313 729.3284286327194 900.0784286327194 213.30441374529323 309.30441374529323
4625 608.4392 363.42596 734.9997830567704 905.7497830567704 219.68934279222185 315.68934279222185
4642 608.4392 363.42596 740.3619103211945 911.1119103211945 226.33608418463587 322.33608418463587
4659 608.7089 365.2008 745.4027404132385 916.1527404132385 233.2296762758943 329.2296762758943
4677 607.48157 368.1466 750.3772891838148 921.1272891838148 240.78057892895896 336.78057892895896
4693 607.48157 368.1466 754.4758707295014 925.2258707295014 247.69482262405427 343.69482262405427
4710 609.07104 367.8491 758.4877475670244 929.2377475670244 255.233816202647 351.233816202647
4728 609.07104 367.8491 762.3407631588366 933.0907631588366 263.41406908358863 359.41406908358863
4744 609.31573 372.728 765.4169917624882 936.1669917624882 270.8398319494411 366.8398319494411
4761 609.31573 372.728 768.3187615671286 939.0687615671286 278.8717253711941 374.8717253711941
4778 609.7798 374.51328 770.8363040348377 941.5863040348377 287.032213093187 383.032213093187
4796 609.7798 374.51328 773.0768591778253 943.8268591778253 295.79247444762916 391.79247444762916
4812 609.60815 374.90002 774.6969169040786 945.4469169040786 303.6652471183856 399.6652471183856
4829 609.60815 374.90002 776.0312971637562 946.7812971637562 312.1003528829921 408.1003528829921
4846 610.4184 377.93573 776.9640893640834 947.7140893640834 320.5892561483454 416.5892561483454
4863 610.4184 377.93573 777.4931938134266 948.2431938134266 329.11284860805364 425.11284860805364
4881 614.5275 375.6972 777.6121076610264 948.3621076610264 338.1543156263951 434.1543156263951
4897 614.5275 375.6972 777.3364868280897 948.0864868280897 346.18732065055974 442.18732065055974
4914 617.85724 374.18326 776.6510281368674 947.4010281368674 354.69976602895355 450.69976602895355
4932 617.85724 374.18326 775.4860585725585 946.2360585725585 363.6666558052994 459.6666558052994
4948 615.787 376.2564 774.0736116349954 944.8236116349954 371.57931213616394 467.57931213616394
4966 615.787 376.2564 772.0642224643907 942.8142224643907 380.3954689807283 476.3954689807283
4982 614.88635 379.20947 769.9083637432075 940.6583637432075 388.13868599538773 484.13868599538773
4999 614.88635 379.20947 767.2414664715639 937.9914664715639 396.25159169433493 492.25159169433493
5016 617.26984 380.77887 764.1927668269823 934.9427668269823 404.2288725853804 500.2288725853804
5034 616.4535 384.1597 760.5562209815027 931.3062209815027 412.50762857046817 508.50762857046817
5050 616.4535 384.1597 756.9782545820084 927.7282545820084 419.70507902225296 515.7050790222529
5068 615.2382 385.7613 752.5736141772943 923.3236141772943 427.60200305962735 523.6020030596274
5084 615.2382 385.7613 748.3297491910079 919.0797491910079 434.4280375262833 530.4280375262833
5101 615.93396 385.25458 743.4915841399335 914.2415841399335 441.4653480122629 537.4653480122629
5118 615.93396 385.25458 738.3250770999266 909.0750770999266 448.265258669255 544.265258669255
5136 615.93396 385.25458 732.5097127026355 903.2597127026355 455.18940506239414 551.1894050623941
5152 615.2202 385.7367 727.0542686708334 897.8042686708334 461.0922236245453 557.0922236245453
5169 615.2202 385.7367 720.9753375862501 891.7253375862501 467.09040474938706 563.0904047493871
5187 613.08984 388.65485 714.2364869307129 884.9864869307129 473.11951398618714 569.1195139861871
5203 613.08984 388.65485 707.9988084758055 878.7488084758055 478.1886859160961 574.1886859160961
5220 611.53815 390.07437 701.1304202885274 871.8804202885274 483.26380400796154 579.2638040079615
5237 611.2995 391.51196 694.029044019961 864.779044019961 488.007435004336 584.007435004336
5254 611.2995 391.51196 686.7106646883476 857.4606646883476 492.40890111191015 588.4089011119102
5271 612.17303 390.0147 679.1917557803298 849.9417557803298 496.45829474187997 592.45829474188
5289 612.17303 390.0147 671.0308039299797 841.7808039299797 500.35202447610243 596.3520244761024
5305 615.7469 391.4472 663.620462019195 834.370462019195 503.46521726278866 599.4652172627887
5322 615.7469 391.4472 655.6031277542164 826.3531277542164 506.40697374848173 602.4069737484817
5340 615.198 389.2987 646.9723277739207 817.7223277739207 509.1035564093737 605.1035564093737
5356 615.198 389.2987 639.1952779150454 809.9452779150454 511.133982978935 607.133982978935
5373 615.198 389.2987 630.8416959955493 801.5916959955493 512.9085953455605 608.9085953455605
5391 614.1153 389.6299 621.91563500676 792.66563500676 514.3534834281863 610.3534834281863
5407 614.1153 389.6299 613.9291943374132 784.6791943374132 515.2600715357657 611.2600715357657
5424 616.0403 392.71533 605.4083442119403 776.1583442119403 515.8316422459586 611.8316422459586
5441 616.171 397.59857 596.8699739756478 767.6199739756478 515.9984164810973 611.9984164810973
5458 616.171 397.59857 588.3333032838261 759.0833032838261 515.7600188365996 611.7600188365996
5475 617.0489 397.77557 579.8175479661336 750.5675479661336 515.1169859395293 611.1169859395293
5492 617.0489 397.77557 571.3418767722527 742.0918767722527 514.0707652406622 610.0707652406622
5509 623.18066 397.7781 562.9253682235171 733.6753682235171 512.6237117563112 608.6237117563112
5526 623.18066 397.7781 554.5869676676424 725.3369676676424 510.7790827672435 606.7790827672435
5543 621.84973 401.42575 546.3454446332313 717.0954446332313 508.5410304866251 604.5410304866251
5560 621.84973 401.42575 538.2193505800357 708.9693505800357 505.9145927134932 601.9145927134932
5578 621.3839 404.52798 529.7613879681059 700.5113879681059 502.7169162442269 598.7169162442269
5594 621.3839 404.52798 522.3863149437265 693.1363149437265 499.5210698075416 595.5210698075416
5612 622.8712 403.6313 514.2694053583665 685.0194053583665 495.53634332633953 591.5363433263395
5628 622.8712 403.6313 507.2303395844086 677.9803395844086 491.65604828708047 587.6560482870805
5645 621.4878 406.79565 499.9491421383856 670.6991421383856 487.19334241625086 583.1933424162509
5663 621.4878 406.79565 492.47962746905296 663.229627469053 482.09740119293144 578.0974011929314
5680 620.0641 408.856 485.66840878009657 656.4184087800966 476.94581115598817 572.9458111559882
5696 620.0641 408.856 479.48779392617575 650.2377939261758 471.80721829516574 567.8072182951657
5714 621.06146 407.8685 472.8167703711075 643.5667703711075 465.7031449769112 561.7031449769112
5730 621.06146 407.8685 467.15087413130334 637.9008741313033 460.00202610763864 556.0020261076386
5747 621.71844 405.03818 461.4161702808618 632.1661702808618 453.6739338449379 549.6739338449379
5765 621.71844 405.03818 455.67858185478224 626.4285818547822 446.6852039603442 542.6852039603442
5781 621.24817 403.22818 450.87878898296606 621.6287889829661 440.23794679551276 536.2379467955127
5798 621.24817 403.22818 446.09983091410595 616.849830914106 433.16029607556385 529.1602960755638
5816 612.7325 404.4202 441.4117397491085 612.1617397491085 425.42828032444345 521.4282803244434
5832 614.7803 401.3645 437.5751422903951 608.3251422903951 418.3653024466931 514.365302446693
5849 614.7803 401.3645 433.8486005938714 604.5986005938714 410.68126269395975 506.68126269395975
5866 614.7803 401.3645 430.4907154271366 601.2407154271366 402.8291173091274 498.8291173091274
5884 616.99756 398.83206 427.345516731756 598.095516731756 394.35150021978694 490.35150021978694
5900 616.99756 398.83206 424.9103018905736 595.6603018905736 386.6915481808328 482.6915481808328
5918 616.74133 399.66956 422.58255480872367 593.3325548087237 377.9540508349196 473.9540508349196
5935 616.74133 399.66956 420.78963665091317 591.5396366509132 369.6043787205839 465.6043787205839
5952 617.5213 397.7176 419.3947704201976 590.1447704201976 361.17906400029415 457.17906400029415
5968 617.5213 397.7176 418.4483973510431 589.1983973510431 353.19723998721406 449.19723998721406
5985 620.35315 398.74316 417.8343745722001 588.5843745722001 344.6793437701557 440.6793437701557
6003 619.7798 398.79675 417.6286526131048 588.3786526131048 337.1467028281774 433.1467028281774
6019 619.7798 398.79675 417.6286526131048 588.3786526131048 337.1467028281774 433.1467028281774
