1 477.76947 467.0121 297.62542067616835 468.37542067616835 335.4976002348308 431.4976002348308
17 477.76947 467.0121 297.7465672298508 468.4965672298508 327.460353677165 423.460353677165
34 473.6237 470.3458 298.1111703954607 468.8611703954607 318.92762829531256 414.92762829531256
51 473.6237 470.3458 298.7185140048509 469.4685140048509 310.4087391863609 406.4087391863609
68 485.1185 471.53555 299.56810583748677 470.31810583748677 301.91059046864586 397.91059046864586
85 485.1185 471.53555 300.6592573431978 471.4092573431978 293.44006945149073 389.44006945149073
102 506.44525 468.50992 301.9910842002114 472.7410842002114 285.00404105339845 381.00404105339845
119 506.44525 468.50992 303.56250703184975 474.31250703184975 276.6093422383909 372.6093422383909
176 537.62036 464.3496 310.5618054942992 481.3118054942992 248.852295726266 344.852295726266
176 537.62036 464.3496 310.5618054942992 481.3118054942992 248.852295726266 344.852295726266
176 537.62036 464.3496 310.5618054942992 481.3118054942992 248.852295726266 344.852295726266
187 550.48474 463.60593 312.21579703666407 482.96579703666407 243.57929418234613 339.57929418234613
204 550.48474 463.60593 314.9622521925565 485.7122521925565 235.4924331110061 331.4924331110061
222 560.80505 461.70566 318.1199060276202 488.8699060276202 227.01879775167134 323.01879775167134
238 560.80505 461.70566 321.14000152904384 491.89000152904384 219.5695674640201 315.5695674640201
255 560.80505 461.70566 324.5662889638151 495.3162889638151 211.74646754616077 307.7464675461608
272 570.4245 463.06134 328.2138763391684 498.9638763391684 204.0240686798987 300.02406867989873
289 570.4245 463.06134 332.0798074744846 502.8298074744846 196.40862946948707 292.4086294694871
306 578.32385 460.4922 336.16094923283765 506.91094923283765 188.90632183391858 284.9063218339186
323 578.32385 460.4922 340.4539940602396 511.2039940602396 181.52322600490484 277.5232260049048
340 585.06 458.39334 344.9554626662418 515.7054626662418 174.26532559916362 270.2653255991636
357 585.06 458.39334 349.6617068437197 520.4117068437197 167.13850276900726 263.13850276900723
374 589.45715 456.9944 354.5689124255555 525.3189124255555 160.14853343516307 256.1485334351631
391 589.45715 456.9944 359.6731023758233 530.4231023758233 153.30108260568883 249.30108260568883
408 594.48883 456.7331 364.97014001297055 535.7201400129705 146.601699784777 242.601699784777
425 597.1631 445.47336 370.45573236238414 541.2057323623842 140.05581447516937 236.05581447516937
442 597.1631 445.47336 376.12543363562395 546.875433635624 133.66873177782583 229.66873177782583
459 592.6526 411.6048 381.9746488335043 552.7246488335043 127.44562809241546 223.44562809241546
476 592.6526 411.6048 387.9986374701024 558.7486374701024 121.39154692211227 217.39154692211227
493 592.6526 411.6048 394.1925174146769 564.9425174146769 115.51139478609738 211.51139478609738
510 587.33356 387.64224 400.5512688483818 571.3012688483818 109.8099372430793 205.8099372430793
527 587.33356 387.64224 407.06973833256984 577.8197383325698 104.29179502905546 200.29179502905546
545 582.8954 366.85675 414.13986122421545 584.8898612242155 98.65383119074559 194.6538311907456
561 582.8954 366.85675 420.564574763276 591.314574763276 93.82319306962836 189.82319306962836
578 580.0934 350.56866 427.53000484391305 598.280004843913 88.88121758382923 184.88121758382923
596 581.0771 335.60596 435.055298817712 605.805298817712 83.86691558325475 179.86691558325475
612 581.0771 335.60596 441.86866770951156 612.6186677095116 79.60194042970028 175.60194042970028
629 581.38947 321.87872 449.2302797509776 619.9802797509776 75.27215913482809 171.2721591348281
646 581.38947 321.87872 456.71215802621145 627.4621580262115 71.15368424901567 167.15368424901567
663 583.56866 311.09207 464.3082388604396 635.0582388604396 67.24985358281685 163.24985358281685
681 583.56866 311.09207 472.4687817222184 643.2187817222184 63.353853820736504 159.3538538207365
697 586.22955 300.51318 479.81829571979983 650.5682957197998 60.09860379723074 156.09860379723074
714 586.22955 300.51318 487.71970164728384 658.4697016472838 56.85698039535282 152.85698039535282
732 576.8347 273.22977 496.18284410284525 666.9328441028453 53.6713103368038 149.6713103368038
748 576.8347 273.22977 503.783255286693 674.533255286693 51.0548702834833 147.0548702834833
765 567.0414 234.30653 511.93238432050157 682.6823843205016 48.49908588318232 144.49908588318232
782 567.0414 234.30653 520.1509627803556 690.9009627803556 46.176306080939696 142.1763060809397
799 563.2548 205.53175 528.4323299341439 699.1823299341439 44.08841336946284 140.08841336946284
817 563.2548 205.53175 537.2618142040386 708.0118142040386 42.13559963724384 138.13559963724384
833 563.90125 185.67012 545.156538399579 715.906538399579 40.62386599915499 136.623865999155
851 563.90125 185.67012 554.0828444296311 724.8328444296311 39.176684392405264 135.17668439240526
867 566.75055 166.62462 562.0508042831839 732.8008042831839 38.116672841359446 134.11667284135945
884 566.75055 166.62462 570.5446140026227 741.2946140026227 37.2247455122278 133.2247455122278
902 570.97845 152.28084 579.5618339036334 750.3118339036334 36.54429036905128 132.54429036905128
918 570.97845 152.28084 587.5911736117806 758.3411736117806 36.167843072143 132.167843072143
936 575.8754 138.87143 596.6325037720162 767.3825037720162 36.00164175242986 132.00164175242986
952 575.8754 138.87143 604.6702542165596 775.4202542165596 36.08273742076125 132.08273742076125
970 585.5667 130.69699 613.7063904556234 784.4563904556234 36.431328605587055 132.43132860558705
986 596.9702 123.91994 621.7265001944813 792.4765001944813 36.96970439707047 132.96970439707047
1003 596.9702 123.91994 630.2287768999744 800.9787768999744 37.77693963769889 133.7769396376989
1021 596.9702 123.91994 639.2022397075203 809.9522397075203 38.895080588854285 134.89508058885428
1037 607.22144 118.36235 647.1471900543268 817.8971900543268 40.115643042381976 136.11564304238198
1054 607.22144 118.36235 655.5496150057149 826.2996150057149 41.645215808474234 137.64521580847423
1071 621.1078 106.17666 663.9050950571935 834.6550950571935 43.41334787928315 139.41334787928315
1088 621.1078 106.17666 672.2068585250034 842.9568585250034 45.41860627535635 141.41860627535635
1105 632.95984 96.64187 680.4481772598931 851.1981772598931 47.65936583863811 143.6593658386381
1122 632.95984 96.64187 688.6223720999366 859.3723720999366 50.133810549576026 146.13381054957603
1139 650.38257 109.988464 696.7228182836474 867.4728182836474 52.839934998910564 148.83993499891056
1156 650.38257 109.988464 704.742950819005 875.492950819005 55.77554601295549 151.7755460129555
1173 659.2604 157.43588 712.6762698040402 883.4262698040402 58.93826443105149 154.9382644310515
1190 662.1644 225.7406 720.5163456946693 891.2663456946693 62.32552703375262 158.32552703375262
1207 662.1644 225.7406 728.2568245155068 899.0068245155068 65.93458862018292 161.93458862018292
1224 664.524 280.95197 735.8914330094331 906.6414330094331 69.76252423287974 165.76252423287974
1241 664.524 280.95197 743.413983721744 914.163983721744 73.80623152831976 169.80623152831976
1258 664.524 280.95197 750.8183800147626 921.5683800147626 78.06243329120804 174.06243329120804
1276 665.5985 326.08273 758.5228774307536 929.2728774307536 82.79677522140798 178.79677522140798
1293 665.5985 326.08273 765.665231024628 936.415231024628 87.47941582800502 183.47941582800502
1309 664.121 363.8952 772.263141470708 943.013141470708 92.0706669060545 188.0706669060545
1327 664.121 363.8952 779.5356963702274 950.2856963702274 97.4449779482751 193.4449779482751
1343 666.3782 392.62265 785.8616359705578 956.6116359705578 102.40426185718263 198.40426185718263
1361 655.1324 413.9781 792.8165644145411 963.5665644145411 108.18372933127876 204.18372933127876
1377 655.1324 413.9781 798.8500299387413 969.6000299387413 113.49497235758312 209.49497235758312
1394 648.21045 416.86792 805.1022028442499 975.8522028442499 119.31310538030687 215.31310538030687
1411 648.21045 416.86792 811.1862262243785 981.9362262243785 125.30685190652298 221.30685190652298
1428 640.74066 421.3781 817.0971692933363 987.8471692933363 131.47135431515434 227.47135431515434
1445 640.74066 421.3781 822.8302415379586 993.5802415379586 137.80161659632608 233.80161659632608
1462 635.4338 423.75015 828.3807966001699 999.1307966001699 144.29250840037312 240.29250840037312
1479 635.4338 423.75015 833.7443360426164 1004.4943360426164 150.93876919572267 246.93876919572267
1496 631.40594 427.11563 838.9165129944168 1009.6665129944168 157.73501253228335 253.73501253228335
1513 631.40594 427.11563 843.8931356740757 1014.6431356740757 164.675730406883 260.67573040688296
1531 627.5281 432.30554 848.9448737571439 1019.6948737571439 172.1759448228275 268.1759448228275
1548 627.5281 432.30554 853.5063645222324 1024.2563645222324 179.39627306401533 275.3962730640153
1564 622.7143 432.62903 857.6101570459276 1028.3601570459277 186.30792233453255 282.3079223345326
1582 622.7143 432.62903 862.0036814969314 1032.7536814969314 194.2117326082863 290.2117326082863
1598 620.1395 434.40817 865.7074960610505 1036.4574960610505 201.34571931915121 297.3457193191512
1616 620.1395 434.40817 869.6441112173986 1040.3941112173986 209.48674720608716 305.48674720608716
1632 616.5996 436.51224 872.9359432553329 1043.6859432553329 216.8199491363638 312.8199491363638
1650 616.5996 436.51224 876.4028900120431 1047.1528900120431 225.17180845816728 321.1718084581673
1667 615.6345 437.3405 879.4447010204906 1050.1947010204906 233.15226732338112 329.1522673233811
1684 615.6345 437.3405 882.2581117598017 1053.0081117598017 241.21607894831448 337.2160789483145
1700 613.63715 437.09598 884.6953407916484 1055.4453407916485 248.87583895516212 344.8758389551621
1717 613.63715 437.09598 887.0590447096293 1057.8090447096292 257.08274103198784 353.08274103198784
1735 613.1367 435.8501 889.3060775952 1060.0560775952 265.8419714294728 361.8419714294728
1751 613.1367 435.8501 891.0810130930984 1061.8310130930984 273.6817171329047 369.6817171329047
1768 611.37524 437.03278 892.7360179615537 1063.4860179615537 282.0603385467098 378.0603385467098
1785 611.37524 437.03278 894.1518506369953 1064.9018506369953 290.4826752619944 386.4826752619944
1803 610.09985 437.90906 895.3890061395116 1066.1390061395116 299.4405053679775 395.4405053679775
1820 610.09985 437.90906 896.3090288345896 1067.0590288345898 307.9313178232743 403.9313178232743
1836 614.48596 437.2746 896.9538155200738 1067.703815520074 315.9435746118702 411.9435746118702
1853 614.48596 437.2746 897.4034362013994 1068.1534362013995 324.4722426880359 420.4722426880359
1870 616.70325 435.7364 897.6101019890048 1068.3601019890048 333.01025341435343 429.01025341435343
1887 616.70325 435.7364 897.5736453909749 1068.323645390975 341.5506871754069 437.5506871754069
1904 618.72815 436.13647 897.2940959534936 1068.0440959534935 350.08662239203596 446.08662239203596
1922 624.10034 436.19955 896.7333946506541 1067.4833946506542 359.1120801640305 455.1120801640305
1938 624.10034 436.19955 896.0068216320687 1066.7568216320687 367.1173347111916 463.1173347111916
1955 627.15546 435.73322 895.0001400172805 1065.7501400172805 375.5983093035911 471.5983093035911
1972 627.15546 435.73322 893.7524512558361 1064.5024512558361 384.04719151753216 480.04719151753216
1989 629.0131 436.74988 892.2647665348454 1063.0147665348454 392.4571339716405 488.4571339716405
2006 629.0131 436.74988 890.5382915457113 1061.2882915457112 400.8213208432003 496.8213208432003
2023 629.0131 436.74988 888.5744255069792 1059.3244255069792 409.13297339202586 505.13297339202586
2040 628.40393 437.07117 886.3747600303433 1057.1247600303432 417.385355454278 513.3853554542779
2057 628.40393 437.07117 883.9410778307275 1054.6910778307274 425.5717789017766 521.5717789017766
2074 628.5684 437.36523 881.2753512814876 1052.0253512814875 433.68560906238275 529.6856090623828
2091 628.5684 437.36523 878.3797408159044 1049.1297408159044 441.7202700970553 537.7202700970553
2108 629.0339 436.1877 875.2565931762647 1046.0065931762647 449.6692503292295 545.6692503292295
2125 628.8687 435.745 871.9084395119482 1042.6584395119482 457.52610752219204 553.526107522192
2143 628.8687 435.745 868.1211054216201 1038.87110542162 465.737646624778 561.737646624778
2159 632.84906 432.96173 864.5481482862865 1035.2981482862865 472.9380623089762 568.9380623089762
2176 632.84906 432.96173 860.5419758597092 1031.291975859709 480.4806693117979 576.4806693117979
2193 634.4669 430.45828 856.3227228435584 1027.0727228435585 487.90618221638465 583.9061822163847
2210 634.4669 430.45828 851.8938087238421 1022.6438087238421 495.20858302917645 591.2085830291765
2228 635.1875 429.68866 846.9798386747549 1017.7298386747549 502.79977346953126 598.7997734695313
2244 635.1875 429.68866 842.4215218060378 1013.1715218060378 509.42048008140796 605.420480081408
2261 635.1875 429.68866 837.3858258058228 1008.1358258058228 516.3184583144773 612.3184583144773
2279 634.91895 427.6806 831.8422069588121 1002.5922069588121 523.4627962141102 619.4627962141102
2296 634.91895 427.6806 826.4110765741736 997.1610765741736 530.0539388051589 626.0539388051589
2312 638.2768 420.01443 821.1299640822481 991.8799640822481 536.1137952031119 632.1137952031119
2329 640.6017 412.16052 815.3430576999276 986.0930576999276 542.394882086187 638.394882086187
2347 640.6017 412.16052 809.023524111755 979.773524111755 548.8630169930223 644.8630169930223
2363 642.78467 412.32617 803.2447303028227 973.9947303028227 554.4502838409564 650.4502838409564
2380 642.78467 412.32617 796.9431143556885 967.6931143556885 560.2148284340103 656.2148284340103
2397 643.60974 407.85538 790.4799614017456 961.2299614017456 565.7976585231695 661.7976585231695
2414 643.60974 407.85538 783.8605094916655 954.6105094916655 571.1942495138428 667.1942495138428
2432 645.869 405.88098 776.6872816327669 947.4372816327669 576.7004347658467 672.7004347658467
2448 645.869 405.88098 770.1742900189863 940.9242900189863 581.4113740517007 677.4113740517007
2465 648.95465 406.01416 763.1186144283101 933.8686144283101 586.2236271487043 682.2236271487043
2482 648.95465 406.01416 755.9288148358737 926.6788148358737 590.8330869577367 686.8330869577367
2499 646.777 404.1731 748.6107182018081 919.3607182018081 595.2360177503971 691.2360177503971
2517 646.777 404.1731 740.7288988675523 911.4788988675523 599.6688721273433 695.6688721273433
2533 643.35504 403.32465 733.6134567331254 904.3634567331254 603.4081891703074 699.4081891703074
2550 643.35504 403.32465 725.9464464020558 896.6964464020558 607.1708066759479 703.1708066759479
2567 641.4343 398.79523 718.1754381858558 888.9254381858558 610.7136542896951 706.7136542896951
2584 641.4343 398.79523 710.3067300841386 881.0567300841386 614.0338607170812 710.0338607170812
2601 641.0769 398.68713 702.346699277214 873.096699277214 617.1287351027865 713.1287351027865
2618 641.0769 398.68713 694.3017969577133 865.0517969577133 619.9957692114392 715.9957692114392
2635 642.63513 397.43243 686.178543102233 856.928543102233 622.6326394604092 718.6326394604092
2653 642.63513 397.43243 677.4993677514212 848.2493677514212 625.1713771733134 721.1713771733134
2669 640.8257 396.96265 669.7233728534557 840.4733728534557 627.2075284601758 723.2075284601758
2687 640.9213 402.054 660.9137884500344 831.6637884500344 629.2482382837565 725.2482382837565
2703 640.9213 402.054 653.0345219750633 823.7845219750633 630.8385742647915 726.8385742647915
2721 641.094 402.4356 644.1230815799211 814.8730815799211 632.3746419810356 728.3746419810356
2737 641.094 402.4356 636.1660813019316 806.9160813019316 633.5140081610913 729.5140081610913
2754 639.8283 405.33875 627.6815821743512 798.4315821743512 634.4905389924386 730.4905389924386
2771 639.8283 405.33875 619.1727237438794 789.9227237438794 635.2251587040392 731.2251587040392
2788 639.8283 405.33875 610.6464019995067 781.3964019995067 635.7172719246712 731.7172719246712
2805 641.0759 400.40527 602.1095270833351 772.8595270833351 635.9664798220608 731.9664798220608
2822 641.0759 400.40527 593.5690176902656 764.3190176902656 635.9725804261168 731.9725804261168
2840 641.17664 397.10806 584.5298561883765 755.2798561883765 635.714059077236 731.714059077236
2857 641.17664 397.10806 576.0036557812324 746.7536557812324 635.2198480618783 731.2198480618783
2873 640.71655 397.20825 567.9948801263789 738.7448801263789 634.5331740297464 730.5331740297464
2891 640.5821 399.30923 559.0107197476881 729.7607197476881 633.5045165381459 729.5045165381459
2907 640.5821 399.30923 551.0540000393138 721.8040000393138 632.3631926583694 728.3631926583694
2924 640.2619 397.9595 542.6367489028069 713.3867489028069 630.9174329219486 726.9174329219486
2941 640.2619 397.9595 534.2640628953682 705.0140628953682 629.232657883161 725.232657883161
2958 639.41174 397.3506 525.9427276452934 696.6927276452934 627.3102329649023 723.3102329649023
2976 639.41174 397.3506 517.1953667532769 687.9453667532769 625.0174287059479 721.0174287059479
2992 637.9448 395.99213 509.48103837910116 680.2310383791012 622.7588569334407 718.7588569334407
3010 637.9448 395.99213 500.8783318686146 671.6283318686146 619.9719743310518 715.9719743310518
3026 637.9448 395.99213 493.3050356774336 664.0550356774336 617.278056456131 713.278056456131
3044 636.3862 396.03906 484.8748660899855 655.6248660899855 614.0061281757542 710.0061281757542
3060 636.3862 396.03906 477.46714816449344 648.2171481644934 610.8855955525434 706.8855955525434
3077 637.9553 392.5535 469.691086470933 640.441086470933 607.3538534259965 703.3538534259965
3095 638.34314 391.81213 461.57075447846444 632.3207544784644 603.3747225815591 699.3747225815591
3111 638.34314 391.81213 454.4562325780845 625.2062325780845 599.6336549738851 695.6336549738851
3128 636.9001 393.4685 447.00978743869564 617.7597874386956 595.4514554692516 691.4514554692516
3146 636.9001 393.4685 439.2584910195917 610.0084910195917 590.7941302961241 686.7941302961241
3162 636.86725 391.4446 432.4890306732291 603.2390306732291 586.4598004361334 682.4598004361334
3179 636.86725 391.4446 425.4264873683203 596.1764873683203 581.6576321782761 677.6576321782761
3196 636.32715 389.6218 418.50350203784535 589.2535020378454 576.6563711348483 672.6563711348483
3214 636.32715 389.6218 411.3316291336331 582.0816291336331 571.1484211540582 667.1484211540582
3230 635.623 390.37805 405.09853053246013 575.8485305324601 566.0729418127313 662.0729418127313
3247 635.623 390.37805 398.6274083925641 569.3774083925641 560.4993508552757 656.4993508552757
3264 634.5302 388.03607 392.31756349239276 563.0675634923928 554.7438148032415 650.7438148032415
3281 634.5302 388.03607 386.17410963438175 556.9241096343817 548.8109982204569 644.8109982204569
3298 633.3383 391.89105 380.2020257696452 550.9520257696452 542.7057093474355 638.7057093474355
3316 633.3383 391.89105 374.0708068390105 544.8208068390105 536.0587981572892 632.0587981572892
3332 632.62054 395.01642 368.7911854693228 539.5411854693227 529.9976425819129 625.9976425819129
3349 632.62054 395.01642 363.3616769287074 534.1116769287074 523.4051639192346 619.4051639192346
3367 631.1208 395.72913 357.81981603687143 528.5698160368714 516.259462288142 612.259462288142
3383 631.1208 395.72913 353.07648117741576 523.8264811774158 509.7700260162269 605.7700260162269
3401 630.66187 396.82184 347.9502481623738 518.7002481623738 502.3205287834901 598.3205287834901
3417 630.66187 396.82184 343.58390042682595 514.333900426826 495.5716758314352 591.5716758314352
3434 630.3218 398.14587 339.144558420162 509.894558420162 488.2756097367269 584.2756097367269
3452 630.3218 398.14587 334.67248418581175 505.42248418581175 480.4159770489023 576.4159770489023
3468 629.25073 399.41275 330.8977575118902 501.6477575118902 473.3192561685689 569.3192561685689
3485 628.8931 401.03925 327.0969822152257 497.8469822152257 465.6710900449318 561.6710900449318
3502 628.8931 401.03925 323.5154558633554 494.2654558633554 457.9178322199049 553.9178322199049
3519 627.377 403.99954 320.1560810978608 490.9060810978608 450.06576630732854 546.0657663073285
3536 627.377 403.99954 317.0215805179704 487.7715805179704 442.1212559998803 538.1212559998803
3553 627.377 403.99954 314.1144944740342 484.8644944740342 434.0907399116313 530.0907399116313
3570 627.956 403.9312 311.4371790087004 482.1871790087004 425.9807263598813 521.9807263598814
3587 627.956 403.9312 308.9918039474663 479.7418039474663 417.79778809050777 513.7977880905078
3604 627.87994 404.69586 306.780351140146 477.530351140146 409.5485569510936 505.5485569510936
3621 627.87994 404.69586 304.80461285468476 475.55461285468476 401.23971851615926 497.23971851615926
3638 627.4563 405.54382 303.06619032461737 473.81619032461737 392.87800666884965 488.87800666884965
3656 626.9523 403.43515 301.4857362133312 472.2357362133312 383.97433109371923 479.97433109371923
3672 626.9523 403.43515 300.30673466233077 471.05673466233077 376.02310703330426 472.02310703330426
3690 626.0952 401.63055 299.23553131423415 469.98553131423415 367.043920136258 463.043920136258
3707 626.0952 401.63055 298.4727655898568 469.2227655898568 358.5375386282254 454.5375386282254
3723 625.90326 397.92804 297.97633438360816 468.72633438360816 350.5147233633919 446.5147233633919
3740 625.90326 397.92804 297.68459056430925 468.43459056430925 341.9791962294431 437.9791962294431
3757 627.00977 396.81644 417.64906576024066 588.3990657602407 333.056686471707 429.056686471707
3774 627.00977 396.81644 417.99123095517183 588.7412309551719 324.5235450269113 420.5235450269113
3791 627.00977 396.81644 418.73774721758974 589.4877472175897 316.01623679178385 412.01623679178385
3809 625.70996 397.62863 419.96702256495803 590.717022564958 307.0579362572376 403.0579362572376
3825 625.70996 397.62863 421.43620498653286 592.1862049865329 299.15561763711503 395.15561763711503
3842 624.30817 393.95996 423.3820723329198 594.1320723329197 290.84025954453836 386.84025954453836
3859 620.85284 392.0442 425.72015609929747 596.4701560992975 282.62655488470796 378.62655488470796
3876 620.85284 392.0442 428.4451933182859 599.1951933182859 274.53299249891984 370.53299249891984
3893 620.3557 389.79944 431.55105000007745 602.3010500000775 266.5777907912517 362.5777907912517
3911 620.3557 389.79944 435.2469007798122 605.9969007798122 258.3253394366035 354.3253394366035
3927 619.6188 383.28442 438.876415455004 609.626415455004 251.15374548655507 347.15374548655507
3945 619.6188 383.28442 443.3376014504479 614.0876014504479 243.28862718732034 339.28862718732034
3961 619.0813 379.52972 447.6303327319572 618.3803327319572 236.49321736108072 332.4932173610807
3978 619.0813 379.52972 452.518864647575 623.268864647575 229.49080094619188 325.4908009461919
3995 618.4604 376.50696 457.734026801152 628.484026801152 222.7281340425647 318.7281340425647
4013 618.4604 376.50696 463.5989209792019 634.3489209792019 215.84589003154827 311.84589003154827
4029 618.5192 374.4956 469.09657621838664 639.8465762183866 209.98236520147657 305.98236520147657
4046 618.5192 374.4956 475.21838667089924 645.9683866708992 204.0279536670738 300.0279536670738
4064 622.39526 373.74738 482.00032161194906 652.7503216119491 198.0473496171248 294.04734961712484
4080 622.39526 373.74738 488.27420988032543 659.0242098803254 193.0230623484931 289.0230623484931
4097 623.41956 368.19843 495.1788343096449 665.9288343096449 187.9973542961332 283.9973542961332
4115 623.41956 368.19843 502.7406224410547 673.4906224410547 183.0393681522872 279.03936815228724
4131 624.04095 369.41122 509.66383312829794 680.4138331282979 178.95595164869005 274.9559516486901
4148 624.04095 369.41122 517.2116021519138 687.9616021519138 174.9606090221234 270.96060902212344
4165 626.49414 370.88495 524.9403796987771 695.6903796987771 171.32776198864897 267.32776198864894
4183 626.49414 370.88495 533.3017438562879 704.0517438562879 167.88540004190477 263.88540004190475
4199 629.4121 366.00757 540.8710029469295 711.6210029469295 165.1814301122385 261.1814301122385
4216 629.4121 366.00757 549.0369892185008 719.7869892185008 162.68178050678887 258.68178050678887
4234 630.8484 363.15845 557.8021405586188 728.5521405586188 160.46043219287566 256.46043219287566
4250 631.3474 366.54773 565.678445290706 736.428445290706 158.85763453593017 254.85763453593017
4267 631.3474 366.54773 574.1164555949256 744.8664555949256 157.54174622631027 253.54174622631027
4284 631.3474 366.54773 582.6073830375866 753.3573830375866 156.6275629290547 252.6275629290547
4301 630.8484 367.13754 591.132114755926 761.882114755926 156.1171424476271 252.1171424476271
4318 630.8484 367.13754 599.6714617946108 770.4214617946108 156.01163372561214 252.01163372561214
4336 630.12585 366.3727 608.7076916320163 779.4576916320163 156.341507447631 252.341507447631
4352 630.12585 366.3727 616.7171247860152 787.4671247860152 157.01538956894865 253.01538956894865
4369 629.6245 368.41415 625.1850713827765 795.9350713827765 158.12239470530233 254.12239470530233
4386 629.6245 368.41415 633.5909809564164 804.3409809564164 159.6297978289907 255.6297978289907
4404 632.515 377.12936 642.4027122819134 813.1527122819134 161.65850613580778 257.6585061358078
4420 632.515 377.12936 650.1411853111272 820.8911853111272 163.83133188536496 259.831331885365
4437 633.4942 384.58817 658.2482260010909 828.9982260010909 166.5160052712332 262.5160052712332
4454 636.688 392.4913 666.2188053437343 836.9688053437343 169.58218283949915 265.5821828394992
4471 636.688 392.4913 674.0349817666976 844.7849817666976 173.0229627020636 269.02296270206364
4488 637.1067 398.46857 681.6791612546845 852.4291612546845 176.83059975054408 272.8305997505441
4505 637.1067 398.46857 689.1341369531456 859.8841369531456 180.99652309031762 276.9965230903176
4522 637.1067 398.46857 696.3831279004737 867.1331279004737 185.51135533338842 281.51135533338845
4540 637.7955 404.64655 703.8158878779227 874.5658878779227 190.66075777100514 286.66075777100514
4556 637.7955 404.64655 710.1983867574248 880.9483867574248 195.54633292803192 291.5463329280319
4574 637.7346 409.1466 717.1097699331881 887.8597699331881 201.3768602579292 297.3768602579292
4591 637.7346 409.1466 723.360613124305 894.110613124305 207.19566935752866 303.1956693575287
4607 639.0384 413.49374 728.9854590589218 899.7354590589218 212.9372932370277 308.9372932370277
4624 637.7229 419.92847 734.6746124154753 905.4246124154753 219.30636805391646 315.30636805391646
4642 637.7229 419.92847 740.3619103211945 911.1119103211945 226.33608418463587 322.33608418463587
4658 639.60803 425.13803 745.1153217770493 915.8653217770493 232.81761302381858 328.8176130238186
4675 639.60803 425.13803 749.8433760095571 920.5933760095571 239.9293697063817 335.9293697063817
4692 639.1915 424.4316 754.2287905304013 924.9787905304013 247.25737894613326 343.25737894613326
4709 639.1915 424.4316 758.2616938824929 929.0116938824929 254.78514557975075 350.78514557975075
4727 640.42053 427.00635 762.1375264313018 932.8875264313018 262.95461241672945 358.95461241672945
4743 640.42053 427.00635 765.2344691549205 935.9844691549205 270.3717602734482 366.3717602734482
4760 642.0821 429.8811 768.1586455346032 938.9086455346032 278.3955232583588 374.3955232583588
4778 642.0821 429.8811 770.8363040348377 941.5863040348377 287.032213093187 383.032213093187
4794 642.0821 429.8811 772.8496793622878 943.5996793622878 294.8136947228397 390.8136947228397
4811 642.6673 432.07718 774.605977411876 945.355977411876 303.17114631399613 399.17114631399613
4828 643.70886 433.0482 775.9638957607996 946.7138957607996 311.60249482388303 407.60249482388303
4846 643.70886 433.0482 776.9640893640834 947.7140893640834 320.5892561483454 416.5892561483454
4862 644.80273 434.0227 777.47327042036 948.22327042036 328.6108439720703 424.6108439720703
4879 644.80273 434.0227 777.6213291668411 948.3713291668411 337.1495592469291 433.1495592469291
4896 645.0535 436.93048 777.3642207321774 948.1142207321774 345.68568689301895 441.68568689301895
4913 645.0535 436.93048 776.7025238609478 947.4525238609478 354.200012303063 450.200012303063
4930 645.7184 438.20398 775.6377280160616 946.3877280160616 362.6733699460652 458.6733699460652
4947 645.7184 438.20398 774.1722300260149 944.9222300260149 371.0866865084376 467.0866865084376
4964 645.5208 440.58487 772.3093286896907 943.0593286896907 379.4210238275436 475.4210238275436
4982 645.5208 440.58487 769.9083637432075 940.6583637432075 388.13868599538773 484.13868599538773
4998 644.86316 442.77225 767.4089744590015 938.1589744590015 395.77793921594457 491.77793921594457
5015 646.25525 442.83292 764.3825521379785 935.1325521379785 403.7636982827043 499.7636982827043
5032 646.25525 442.83292 760.9807627878217 931.7307627878217 411.59692297976756 507.59692297976756
5049 646.25525 442.83292 757.2112637502574 927.9612637502574 419.25998091660404 515.259980916604
5067 647.521 440.36322 752.8286816660764 923.5786816660764 427.1691680191018 523.1691680191018
5083 647.521 440.36322 748.6038854061801 919.3538854061801 434.00702098068035 530.0070209806804
5100 648.734 437.20938 743.7853810904619 914.5353810904619 441.057807893992 537.057807893992
5117 648.734 437.20938 738.6378734563121 909.3878734563121 447.8721123408068 543.8721123408068
5134 648.86865 438.92337 733.1729494131282 903.9229494131282 454.4345954942897 550.4345954942896
5151 648.86865 438.92337 727.4029103666112 898.1529103666112 460.73048537096236 556.7304853709624
5168 648.60516 441.20895 721.3407445286122 892.0907445286122 466.7456100820642 562.7456100820642
5185 648.60516 441.20895 715.0000976809954 885.7500976809954 472.46642973411736 568.4664297341174
5202 649.0429 443.7681 708.3952424593289 879.1452424593289 477.8800669068827 573.8800669068827
5219 647.6123 440.05777 701.5410462255444 872.2910462255444 482.9743356401059 578.9743356401059
5236 647.6123 440.05777 694.4529376018812 865.2029376018812 487.73776886380733 583.7377688638073
5253 649.323 440.50357 687.1468717414465 857.8968717414465 492.15964421036574 588.1596442103657
5270 649.323 440.50357 679.639294413571 850.389294413571 496.2300081502966 592.2300081502966
5287 649.323 440.50357 671.9471049847989 842.6971049847989 499.93969839739407 595.9396983973941
5304 648.7727 442.86777 664.0876183788416 834.8376183788416 503.28036453280606 599.2803645328061
5322 648.7727 442.86777 655.6031277542164 826.3531277542164 506.40697374848173 602.4069737484817
5338 647.8342 445.42566 647.9378564156366 818.6878564156366 508.8253930396211 604.8253930396211
5356 647.8342 445.42566 639.1952779150454 809.9452779150454 511.133982978935 607.133982978935
5372 645.5423 447.37927 631.335337516615 802.085337516615 512.8151948914908 608.8151948914908
5389 645.5423 447.37927 622.9108601528986 793.6608601528986 514.2151095623715 610.2151095623715
5406 645.79364 447.1867 614.4294649579773 785.1794649579773 515.2138665323532 611.2138665323532
5423 647.40454 446.71954 605.9102433377668 776.6602433377668 515.8092176247758 611.8092176247758
5440 647.40454 446.71954 597.3723718445073 768.1223718445073 515.9998227193989 611.9998227193989
5457 647.1205 445.8658 588.8350690108309 759.5850690108309 515.7852527689789 611.7852527689789
5475 647.1205 445.8658 579.8175479661336 750.5675479661336 515.1169859395293 611.1169859395293
5491 646.6686 443.3012 571.8389937950213 742.5889937950213 514.1434306506889 610.1434306506889
5508 646.6686 443.3012 563.4184791480179 734.1684791480179 512.7198741828516 608.7198741828516
5525 646.43567 441.16553 555.0749625136663 725.8249625136663 510.8985257511097 606.8985257511097
5542 646.43567 441.16553 546.8272249367301 717.5772249367301 508.68348516468336 604.6834851646834
5559 646.43567 441.16553 538.6938318657412 709.4438318657412 506.079738423869 602.079738423869
5576 646.08105 435.48267 530.6930913626405 701.4430913626405 503.0931464966776 599.0931464966776
5594 643.6518 436.02557 522.3863149437265 693.1363149437265 499.5210698075416 595.5210698075416
5610 643.6518 436.02557 515.1612667811617 685.9112667811617 495.99916469660786 591.9991646966079
5628 643.46454 438.90045 507.2303395844086 677.9803395844086 491.65604828708047 587.6560482870805
5644 643.46454 438.90045 500.37151947034613 671.1215194703461 487.4653773139863 583.4653773139863
5662 642.47375 441.31067 492.88781057617666 663.6378105761767 482.3903041584317 578.3903041584317
5678 642.47375 441.31067 486.4569398796541 657.2069398796541 477.56857846668925 573.5685784666892
5695 640.91705 441.11646 479.86730663188473 650.6173066318847 472.13642294632587 568.1364229463259
5712 640.91705 441.11646 473.54274297137306 644.2927429713731 466.3978277836013 562.3978277836013
5729 639.2645 441.90817 467.4974853308397 638.2474853308397 460.36571041097886 556.3657104109789
5747 639.2645 441.90817 461.4161702808618 632.1661702808618 453.6739338449379 549.6739338449379
5763 637.8537 441.43686 456.29865965604995 627.04865965605 447.47585175716756 543.4758517571676
5781 636.4093 440.99225 450.87878898296606 621.6287889829661 440.23794679551276 536.2379467955127
5797 636.4093 440.99225 446.37160595691194 617.1216059569119 433.58284065575424 529.5828406557542
5814 636.4093 440.99225 441.9133795805666 612.6633795805666 426.29889958551144 522.2988995855114
5831 635.7363 440.0348 437.80565612063515 608.5556561206351 418.8116979778178 514.8116979778179
5849 635.7363 440.0348 433.8486005938714 604.5986005938714 410.68126269395975 506.68126269395975
5865 633.3226 439.257 430.67789368960894 601.4278936896089 403.295346752855 499.295346752855
5883 633.3226 439.257 427.50904530471144 598.2590453047114 394.8265412727159 490.8265412727159
5900 630.7967 437.9923 424.9103018905736 595.6603018905736 386.6915481808328 482.6915481808328
5916 630.7967 437.9923 422.8194776869708 593.5694776869708 378.9305179198789 474.9305179198789
5933 630.4148 436.99432 420.97997798067684 591.7299779806768 370.59098431373195 466.59098431373195
5950 630.4148 436.99432 419.53810174796206 590.2881017479621 362.1735872774116 458.1735872774116
5967 628.9949 436.7733 418.4970946157316 589.2470946157316 353.69727415859836 449.69727415859836
5984 627.23254 434.81903 417.85929986469176 588.6092998646918 345.18112492358273 441.18112492358273
6001 627.23254 434.81903 417.6286526131048 588.3786526131048 337.1467028281774 433.1467028281774
