1 709.27374 429.204 297.62542067616835 468.37542067616835 335.4976002348308 431.4976002348308
17 709.27374 429.204 297.7465672298508 468.4965672298508 327.460353677165 423.460353677165
34 710.36896 430.08273 298.1111703954607 468.8611703954607 318.92762829531256 414.92762829531256
51 710.36896 430.08273 298.7185140048509 469.4685140048509 310.4087391863609 406.4087391863609
69 713.1791 431.14984 299.62561216007174 470.37561216007174 301.41149255853884 397.41149255853884
86 713.1791 431.14984 300.7309474282776 471.4809474282776 292.9428107334055 388.9428107334055
103 699.7675 432.79916 302.0768999466856 472.8268999466856 284.5090245297676 380.5090245297676
119 699.7675 432.79916 303.56250703184975 474.31250703184975 276.6093422383909 372.6093422383909
137 703.5647 434.15543 305.4860993111701 476.2360993111701 267.7734457537099 363.7734457537099
153 705.8274 433.51627 307.4188532438116 478.1688532438116 259.9711082224287 355.9711082224287
170 705.8274 433.51627 309.7006512552929 480.4506512552929 251.74105744826687 347.7410574482669
187 705.8274 433.51627 312.21579703666407 482.96579703666407 243.57929418234613 339.57929418234613
204 708.52124 433.25824 314.9622521925565 485.7122521925565 235.4924331110061 331.4924331110061
221 708.52124 433.25824 317.93779086333535 488.68779086333535 227.48702821623766 323.48702821623766
238 712.2186 433.02728 321.14000152904384 491.89000152904384 219.5695674640201 315.5695674640201
255 712.2186 433.02728 324.5662889638151 495.3162889638151 211.74646754616077 307.7464675461608
273 713.5421 435.0889 328.4352697116431 499.1852697116431 203.57308012612515 299.57308012612515
289 713.5421 435.0889 332.0798074744846 502.8298074744846 196.40862946948707 292.4086294694871
306 714.92444 435.20752 336.16094923283765 506.91094923283765 188.90632183391858 284.9063218339186
323 714.92444 435.20752 340.4539940602396 511.2039940602396 181.52322600490484 277.5232260049048
341 716.9544 434.56003 345.2266685145469 515.9766685145469 173.84241533816768 269.8424153381677
357 714.7694 434.48245 349.6617068437197 520.4117068437197 167.13850276900726 263.13850276900723
374 714.7694 434.48245 354.5689124255555 525.3189124255555 160.14853343516307 256.1485334351631
392 715.06525 434.39557 359.9793956887837 530.7293956887837 152.90284887099742 248.90284887099742
408 715.06525 434.39557 364.97014001297055 535.7201400129705 146.601699784777 242.601699784777
426 716.0455 434.60907 370.78419195402086 541.5341919540208 139.675656616284 235.675656616284
442 716.0455 434.60907 376.12543363562395 546.875433635624 133.66873177782583 229.66873177782583
459 716.0455 434.60907 381.9746488335043 552.7246488335043 127.44562809241546 223.44562809241546
476 714.6821 432.60364 387.9986374701024 558.7486374701024 121.39154692211227 217.39154692211227
494 714.6821 432.60364 394.5620474236076 565.3120474236076 115.17102252884061 211.1710225288406
510 711.9926 435.61603 400.5512688483818 571.3012688483818 109.8099372430793 205.8099372430793
527 711.9926 435.61603 407.06973833256984 577.8197383325698 104.29179502905546 200.29179502905546
544 713.32336 435.08972 413.7426429853873 584.4926429853873 98.96144031244515 194.96144031244515
561 713.75714 432.8626 420.564574763276 591.314574763276 93.82319306962836 189.82319306962836
578 713.75714 432.8626 427.53000484391305 598.280004843913 88.88121758382923 184.88121758382923
595 708.8969 433.8382 434.6332881070341 605.3832881070341 84.13951907017963 180.13951907017963
612 708.8969 433.8382 441.86866770951156 612.6186677095116 79.60194042970028 175.60194042970028
629 708.4888 437.26123 449.2302797509776 619.9802797509776 75.27215913482809 171.2721591348281
646 708.4888 437.26123 456.71215802621145 627.4621580262115 71.15368424901567 167.15368424901567
663 707.64014 435.63754 464.3082388604396 635.0582388604396 67.24985358281685 163.24985358281685
680 707.64014 435.63754 472.0123660236304 642.7623660236304 63.563830988764266 159.56383098876427
698 704.1477 435.7299 480.2805035702502 651.0305035702502 59.90170381248561 155.9017038124856
715 704.1477 435.7299 488.1873270540765 658.9373270540765 56.6733171711283 152.6733171711283
731 703.6554 434.2547 495.7101801258791 666.4601801258791 53.84158795097835 149.84158795097835
748 703.6554 434.2547 503.783255286693 674.533255286693 51.0548702834833 147.0548702834833
765 705.6173 436.38965 511.93238432050157 682.6823843205016 48.49908588318232 144.49908588318232
782 705.6173 436.38965 520.1509627803556 690.9009627803556 46.176306080939696 142.1763060809397
799 704.7608 436.59045 528.4323299341439 699.1823299341439 44.08841336946284 140.08841336946284
817 704.7608 436.59045 537.2618142040386 708.0118142040386 42.13559963724384 138.13559963724384
833 705.1843 437.27487 545.156538399579 715.906538399579 40.62386599915499 136.623865999155
856 705.0093 437.22104 556.5697423697608 727.3197423697608 38.82250115307403 134.82250115307403
867 705.0093 437.22104 562.0508042831839 732.8008042831839 38.116672841359446 134.11667284135945
885 705.0093 437.22104 571.0450007018427 741.7950007018427 37.17981387243941 133.1798138724394
901 707.2904 437.68054 579.0603709721212 749.8103709721212 36.574960050003085 132.57496005000309
918 705.35376 439.84113 587.5911736117806 758.3411736117806 36.167843072143 132.167843072143
935 705.35376 439.84113 596.1301081479654 766.8801081479654 36.00372452586896 132.00372452586896
952 705.35376 439.84113 604.6702542165596 775.4202542165596 36.08273742076125 132.08273742076125
969 706.313 437.92096 613.2046904715623 783.9546904715623 36.40481772096149 132.4048177209615
986 706.313 437.92096 621.7265001944813 792.4765001944813 36.96970439707047 132.96970439707047
1003 707.7231 440.47086 630.2287768999744 800.9787768999744 37.77693963769889 133.7769396376989
1020 707.7231 440.47086 638.7046299331981 809.4546299331981 38.82586922049978 134.82586922049978
1037 708.88885 441.37375 647.1471900543268 817.8971900543268 40.115643042381976 136.11564304238198
1054 708.88885 441.37375 655.5496150057149 826.2996150057149 41.645215808474234 137.64521580847423
1071 709.5394 439.97098 663.9050950571935 834.6550950571935 43.41334787928315 139.41334787928315
1089 709.5394 439.97098 672.6933806888678 843.4433806888678 45.54391343827683 141.54391343827683
1105 709.9749 441.57028 680.4481772598931 851.1981772598931 47.65936583863811 143.6593658386381
1123 705.1974 441.19974 689.1009748533495 859.8509748533495 50.286601601133555 146.28660160113355
1139 705.1974 441.19974 696.7228182836474 867.4728182836474 52.839934998910564 148.83993499891056
1156 702.14716 441.82822 704.742950819005 875.492950819005 55.77554601295549 151.7755460129555
1173 702.14716 441.82822 712.6762698040402 883.4262698040402 58.93826443105149 154.9382644310515
1191 703.93665 442.60928 720.9744866729714 891.7244866729714 62.53171273890922 158.53171273890922
1207 703.93665 442.60928 728.2568245155068 899.0068245155068 65.93458862018292 161.93458862018292
1224 703.93665 442.60928 735.8914330094331 906.6414330094331 69.76252423287974 165.76252423287974
1241 706.9242 442.98325 743.413983721744 914.163983721744 73.80623152831976 169.80623152831976
1258 706.9242 442.98325 750.8183800147626 921.5683800147626 78.06243329120804 174.06243329120804
1275 707.1635 443.5028 758.0986210088488 928.8486210088488 82.52768009049117 178.52768009049117
1292 707.1635 443.5028 765.2488064458005 935.9988064458005 87.19835307494287 183.19835307494287
1309 705.4324 444.33594 772.263141470708 943.013141470708 92.0706669060545 188.0706669060545
1326 706.63043 445.60095 779.1359413283826 949.8859413283826 97.14067282585665 193.14067282585665
1343 706.63043 445.60095 785.8616359705578 956.6116359705578 102.40426185718263 198.40426185718263
1360 708.4815 447.162 792.434774570124 963.184774570124 107.85716813378187 203.85716813378187
1377 708.4815 447.162 798.8500299387413 969.6000299387413 113.49497235758312 209.49497235758312
1394 708.8721 448.08197 805.1022028442499 975.8522028442499 119.31310538030687 215.31310538030687
1411 708.8721 448.08197 811.1862262243785 981.9362262243785 125.30685190652298 221.30685190652298
1428 710.6534 448.73483 817.0971692933363 987.8471692933363 131.47135431515434 227.47135431515434
1445 710.6534 448.73483 822.8302415379586 993.5802415379586 137.80161659632608 233.80161659632608
1463 710.6534 448.73483 828.7015190178248 999.4515190178248 144.67921608302754 240.67921608302754
1479 708.689 448.55786 833.7443360426164 1004.4943360426164 150.93876919572267 246.93876919572267
1496 708.689 448.55786 838.9165129944168 1009.6665129944168 157.73501253228335 253.73501253228335
1513 710.8447 448.28015 843.8931356740757 1014.6431356740757 164.675730406883 260.67573040688296
1530 711.5029 449.75024 848.6701707867052 1019.4201707867052 171.7552977272204 267.7552977272204
1547 711.5029 449.75024 853.2437467928016 1023.9937467928016 178.96797687071094 274.9679768707109
1564 710.1708 474.18805 857.6101570459276 1028.3601570459277 186.30792233453255 282.3079223345326
1581 710.1708 474.18805 861.7658627967578 1032.5158627967578 193.76918547310373 289.76918547310373
1598 715.52295 615.80804 865.7074960610505 1036.4574960610505 201.34571931915121 297.3457193191512
1615 715.52295 615.80804 869.4318623492258 1040.1818623492259 209.03138348446487 305.03138348446487
1632 722.9008 718.95154 872.9359432553329 1043.6859432553329 216.8199491363638 312.8199491363638
1650 722.9008 718.95154 876.4028900120431 1047.1528900120431 225.17180845816728 321.1718084581673
1666 726.1365 736.9943 879.2720702485676 1050.0220702485676 232.6804577033056 328.6804577033056
1683 726.1365 736.9943 882.0989812329851 1052.8489812329851 240.73954649774532 336.7395464977453
1700 728.3887 712.6579 884.6953407916484 1055.4453407916485 248.87583895516212 344.8758389551621
1717 728.3887 712.6579 887.0590447096293 1057.8090447096292 257.08274103198784 353.08274103198784
1734 724.34607 680.7674 889.1881773273444 1059.9381773273444 265.35360145921436 361.35360145921436
1751 724.34607 680.7674 891.0810130930984 1061.8310130930984 273.6817171329047 369.6817171329047
1769 721.2105 642.3622 892.8259350518042 1063.5759350518042 282.55462653755245 378.55462653755245
1785 721.2105 642.3622 894.1518506369953 1064.9018506369953 290.4826752619944 386.4826752619944
1802 717.8349 609.0851 895.3273636603816 1066.0773636603817 298.94190141113677 394.94190141113677
1820 717.8349 609.0851 896.3090288345896 1067.0590288345898 307.9313178232743 403.9313178232743
1836 712.67896 579.57227 896.9538155200738 1067.703815520074 315.9435746118702 411.9435746118702
1854 712.67896 579.57227 897.4223209778079 1068.1723209778079 324.97428757271297 420.97428757271297
1870 705.8887 552.5852 897.6101019890048 1068.3601019890048 333.01025341435343 429.01025341435343
1888 709.67676 526.3216 897.5639292403739 1068.313929240374 342.0529931552917 438.0529931552917
1904 709.67676 526.3216 897.2940959534936 1068.0440959534935 350.08662239203596 446.08662239203596
1921 709.71246 509.17444 896.7716802368993 1067.5216802368993 358.6111411309172 454.6111411309172
1939 709.71246 509.17444 895.9542920861586 1066.7042920861586 367.61698093385 463.61698093385
1955 709.71246 509.17444 895.0001400172805 1065.7501400172805 375.5983093035911 471.5983093035911
1972 711.90454 494.5924 893.7524512558361 1064.5024512558361 384.04719151753216 480.04719151753216
1990 711.90454 494.5924 892.1698065389205 1062.9198065389205 392.9504779694597 488.9504779694597
2006 712.10565 484.29834 890.5382915457113 1061.2882915457112 400.8213208432003 496.8213208432003
2023 712.10565 484.29834 888.5744255069792 1059.3244255069792 409.13297339202586 505.13297339202586
2040 710.67377 476.28336 886.3747600303433 1057.1247600303432 417.385355454278 513.3853554542779
2058 710.67377 476.28336 883.7906735406054 1054.5406735406054 426.0511370669554 522.0511370669553
2075 711.2473 473.44193 881.1113627748334 1051.8613627748334 434.1604916486035 530.1604916486035
2091 712.3972 470.95227 878.3797408159044 1049.1297408159044 441.7202700970553 537.7202700970553
2108 712.3972 470.95227 875.2565931762647 1046.0065931762647 449.6692503292295 545.6692503292295
2125 699.1641 469.95227 871.9084395119482 1042.6584395119482 457.52610752219204 553.526107522192
2142 699.1641 469.95227 868.3379933280626 1039.0879933280626 465.2844741001809 561.2844741001809
2159 701.85657 467.90707 864.5481482862865 1035.2981482862865 472.9380623089762 568.9380623089762
2176 701.85657 467.90707 860.5419758597092 1031.291975859709 480.4806693117979 576.4806693117979
2193 701.9726 463.4411 856.3227228435584 1027.0727228435585 487.90618221638465 583.9061822163847
2210 701.9726 463.4411 851.8938087238421 1022.6438087238421 495.20858302917645 591.2085830291765
2228 701.9726 463.4411 846.9798386747549 1017.7298386747549 502.79977346953126 598.7997734695313
2244 703.6155 458.93155 842.4215218060378 1013.1715218060378 509.42048008140796 605.420480081408
2261 703.6155 458.93155 837.3858258058228 1008.1358258058228 516.3184583144773 612.3184583144773
2278 707.48206 458.22467 832.1558160761413 1002.9058160761413 523.0702977777584 619.0702977777584
2295 707.80524 456.6828 826.7357312689596 997.4857312689596 529.6705264551181 625.6705264551181
2312 707.80524 456.6828 821.1299640822481 991.8799640822481 536.1137952031119 632.1137952031119
2329 710.51276 456.56516 815.3430576999276 986.0930576999276 542.394882086187 638.394882086187
2346 710.51276 456.56516 809.379702109853 980.129702109853 548.5086966087915 644.5086966087915
2364 704.4748 454.3643 802.8786107340788 973.6286107340788 554.7943218655896 650.7943218655896
2381 704.4748 454.3643 796.5673499372441 967.3173499372441 560.5483052740481 656.5483052740481
2397 705.8442 453.15778 790.4799614017456 961.2299614017456 565.7976585231695 661.7976585231695
2415 705.8442 453.15778 783.4663765564474 954.2163765564474 571.5058019659065 667.5058019659065
2431 709.47284 452.43414 777.0901233483269 947.8401233483269 576.4002277485814 672.4002277485814
2448 709.47284 452.43414 770.1742900189863 940.9242900189863 581.4113740517007 677.4113740517007
2465 711.4204 449.71686 763.1186144283101 933.8686144283101 586.2236271487043 682.2236271487043
2482 711.4204 449.71686 755.9288148358737 926.6788148358737 590.8330869577367 686.8330869577367
2499 712.90594 447.31207 748.6107182018081 919.3607182018081 595.2360177503971 691.2360177503971
2516 712.90594 447.31207 741.17025546435 911.92025546435 599.4288511793545 695.4288511793545
2533 715.40186 448.33453 733.6134567331254 904.3634567331254 603.4081891703074 699.4081891703074
2550 715.40186 448.33453 725.9464464020558 896.6964464020558 607.1708066759479 703.1708066759479
2567 715.6468 450.46542 718.1754381858558 888.9254381858558 610.7136542896951 706.7136542896951
2584 715.6468 450.46542 710.3067300841386 881.0567300841386 614.0338607170812 710.0338607170812
2602 717.2684 453.04398 701.8757557291436 872.6257557291436 617.3037147460062 713.3037147460062
2618 717.2684 453.04398 694.3017969577133 865.0517969577133 619.9957692114392 715.9957692114392
2635 717.9277 452.1004 686.178543102233 856.928543102233 622.6326394604092 718.6326394604092
2652 717.9277 452.1004 677.9835211872297 848.7335211872297 625.0372088029525 721.0372088029525
2669 717.58453 454.26987 669.7233728534557 840.4733728534557 627.2075284601758 723.2075284601758
2686 713.6107 453.62473 661.4047925232513 832.1547925232513 629.1418395004217 725.1418395004217
2704 713.6107 453.62473 652.5406881752673 823.2906881752673 630.9309532623472 726.9309532623472
2720 713.6107 453.62473 644.6193448795832 815.3693448795832 632.296357637651 728.296357637651
2737 716.6328 451.529 636.1660813019316 806.9160813019316 633.5140081610913 729.5140081610913
2754 716.6328 451.529 627.6815821743512 798.4315821743512 634.4905389924386 730.4905389924386
2772 717.02814 450.98816 618.6715913636143 789.4215913636143 635.2608243522246 731.2608243522246
2788 717.02814 450.98816 610.6464019995067 781.3964019995067 635.7172719246712 731.7172719246712
2805 717.7724 451.94238 602.1095270833351 772.8595270833351 635.9664798220608 731.9664798220608
2822 717.7724 451.94238 593.5690176902656 764.3190176902656 635.9725804261168 731.9725804261168
2839 719.1791 451.4547 585.0317954607539 755.7817954607539 635.7355687926154 731.7355687926154
2857 718.5663 450.78418 576.0036557812324 746.7536557812324 635.2198480618783 731.2198480618783
2873 718.5663 450.78418 567.9948801263789 738.7448801263789 634.5331740297464 730.5331740297464
2891 718.70386 452.02902 559.0107197476881 729.7607197476881 633.5045165381459 729.5045165381459
2907 718.70386 452.02902 551.0540000393138 721.8040000393138 632.3631926583694 728.3631926583694
2924 714.82306 450.40176 542.6367489028069 713.3867489028069 630.9174329219486 726.9174329219486
2941 714.82306 450.40176 534.2640628953682 705.0140628953682 629.232657883161 725.232657883161
2958 716.33606 452.43042 525.9427276452934 696.6927276452934 627.3102329649023 723.3102329649023
2976 716.33606 452.43042 517.1953667532769 687.9453667532769 625.0174287059479 721.0174287059479
2992 716.33606 452.43042 509.48103837910116 680.2310383791012 622.7588569334407 718.7588569334407
3009 717.088 451.65402 501.3540257094023 672.1040257094023 620.1335944747455 716.1335944747455
3026 717.088 451.65402 493.3050356774336 664.0550356774336 617.278056456131 713.278056456131
3043 719.8625 451.04303 485.3405915726703 656.0905915726703 614.1945571432422 710.1945571432422
3060 719.8625 451.04303 477.46714816449344 648.2171481644934 610.8855955525434 706.8855955525434
3077 721.6393 450.12314 469.691086470933 640.441086470933 607.3538534259965 703.3538534259965
3094 721.8528 449.55206 462.0187085871838 632.7687085871838 603.6021930576474 699.6021930576474
3112 721.8528 449.55206 454.01493504921393 624.7649350492139 599.3935254421243 695.3935254421243
3128 723.25653 448.31305 447.00978743869564 617.7597874386956 595.4514554692516 691.4514554692516
3145 723.25653 448.31305 439.68540812706976 610.4354081270698 591.058983999804 687.058983999804
3162 724.11096 445.769 432.4890306732291 603.2390306732291 586.4598004361334 682.4598004361334
3179 724.11096 445.769 425.4264873683203 596.1764873683203 581.6576321782761 677.6576321782761
3196 724.55096 444.82043 418.50350203784535 589.2535020378454 576.6563711348483 672.6563711348483
3213 724.55096 444.82043 411.72568540279684 582.4756854027969 571.4600705688548 667.4600705688548
3230 724.55096 444.82043 405.09853053246013 575.8485305324601 566.0729418127313 662.0729418127313
3247 725.29236 445.55704 398.6274083925641 569.3774083925641 560.4993508552757 656.4993508552757
3264 725.68585 446.8949 392.31756349239276 563.0675634923928 554.7438148032415 650.7438148032415
3281 725.68585 446.8949 386.17410963438175 556.9241096343817 548.8109982204569 644.8109982204569
3298 725.286 447.5141 380.2020257696452 550.9520257696452 542.7057093474355 638.7057093474355
3316 725.286 447.5141 374.0708068390105 544.8208068390105 536.0587981572892 632.0587981572892
3333 725.44763 448.12222 368.4666251188419 539.2166251188419 529.6141503656863 625.6141503656863
3350 725.44763 448.12222 363.0481643908829 533.7981643908829 523.0125883346178 619.0125883346178
3366 726.9154 449.38635 358.12202667636814 528.8720266763681 516.6608030789737 612.6608030789737
3383 726.9154 449.38635 353.07648117741576 523.8264811774158 509.7700260162269 605.7700260162269
3400 726.6501 449.82104 348.2291295851123 518.9791295851123 502.7384173488538 598.7384173488538
3418 726.6501 449.82104 343.31702741539596 514.067027415396 495.1460181088685 591.1460181088685
3434 726.6686 449.96622 339.144558420162 509.894558420162 488.2756097367269 584.2756097367269
3451 724.71124 450.97635 334.91470142185455 505.66470142185455 480.85613214835485 576.8561321483548
3468 724.71124 450.97635 330.8977575118902 501.6477575118902 473.3192561685689 569.3192561685689
3486 724.71124 450.97635 326.8802058135661 497.6302058135661 465.2178641711182 561.2178641711182
3502 724.7369 451.24054 323.5154558633554 494.2654558633554 457.9178322199049 553.9178322199049
3520 724.7369 451.24054 319.9654481323775 490.7154481323775 449.60093862583636 545.6009386258363
3536 726.4559 451.27493 317.0215805179704 487.7715805179704 442.1212559998803 538.1212559998803
3553 726.4559 451.27493 314.1144944740342 484.8644944740342 434.0907399116313 530.0907399116313
3570 727.1888 451.68744 311.4371790087004 482.1871790087004 425.9807263598813 521.9807263598814
3588 727.1888 451.68744 308.85522471939606 479.60522471939606 417.31430922285153 513.3143092228515
3604 727.63 451.02866 306.780351140146 477.530351140146 409.5485569510936 505.5485569510936
3621 727.63 451.02866 304.80461285468476 475.55461285468476 401.23971851615926 497.23971851615926
3639 730.6544 451.35895 302.97135171354296 473.72135171354296 392.3846393220784 488.3846393220784
3655 728.32935 448.1864 301.5664924513526 472.3164924513526 384.4701981434725 480.4701981434725
3672 728.32935 448.1864 300.30673466233077 471.05673466233077 376.02310703330426 472.02310703330426
3690 730.24097 447.6532 299.23553131423415 469.98553131423415 367.043920136258 463.043920136258
3707 730.24097 447.6532 298.4727655898568 469.2227655898568 358.5375386282254 454.5375386282254
3723 730.24097 447.6532 297.97633438360816 468.72633438360816 350.5147233633919 446.5147233633919
3740 731.05664 446.12936 297.68459056430925 468.43459056430925 341.9791962294431 437.9791962294431
3758 731.05664 446.12936 417.6579818975829 588.4079818975829 332.55436575878036 428.55436575878036
3774 730.952 444.27826 417.99123095517183 588.7412309551719 324.5235450269113 420.5235450269113
3791 730.952 444.27826 418.73774721758974 589.4877472175897 316.01623679178385 412.01623679178385
3808 729.8627 441.73026 419.88693415828243 590.6369341582824 307.553911501838 403.553911501838
3826 731.87146 440.3327 421.53972789945465 592.2897278994546 298.66399928652106 394.66399928652106
3842 731.87146 440.3327 423.3820723329198 594.1320723329197 290.84025954453836 386.84025954453836
3859 734.26807 420.45203 425.72015609929747 596.4701560992975 282.62655488470796 378.62655488470796
3876 734.26807 420.45203 428.4451933182859 599.1951933182859 274.53299249891984 370.53299249891984
3893 733.8262 424.14032 431.55105000007745 602.3010500000775 266.5777907912517 362.5777907912517
3910 733.8262 424.14032 435.03073493989234 605.7807349398923 258.7788567193968 354.7788567193968
3927 730.7307 425.73007 438.876415455004 609.626415455004 251.15374548655507 347.15374548655507
3944 730.7307 425.73007 443.0794350159092 613.8294350159092 243.71962102511617 339.71962102511617
3961 732.7655 425.54715 447.6303327319572 618.3803327319572 236.49321736108072 332.4932173610807
3978 732.7655 425.54715 452.518864647575 623.268864647575 229.49080094619188 325.4908009461919
3996 732.7655 425.54715 458.0507256503695 628.8007256503695 222.33812451057264 318.33812451057264
4012 735.0141 429.3356 463.26407999467915 634.0140799946792 216.22043924223226 312.22043924223226
4029 735.0141 429.3356 469.09657621838664 639.8465762183866 209.98236520147657 305.98236520147657
4046 732.054 431.38702 475.21838667089924 645.9683866708992 204.0279536670738 300.0279536670738
4063 731.04205 433.5214 481.6157313118342 652.3657313118342 198.37060786867886 294.37060786867886
4080 731.04205 433.5214 488.27420988032543 659.0242098803254 193.0230623484931 289.0230623484931
4097 731.359 434.3331 495.1788343096449 665.9288343096449 187.9973542961332 283.9973542961332
4114 731.359 434.3331 502.31406246496294 673.064062464963 183.30479645322103 279.304796453221
4131 733.9106 435.3558 509.66383312829794 680.4138331282979 178.95595164869005 274.9559516486901
4149 733.9106 435.3558 517.6613936238961 688.4113936238961 174.73679385759596 270.73679385759596
4165 734.16125 436.22952 524.9403796987771 695.6903796987771 171.32776198864897 267.32776198864894
4182 734.16125 436.22952 532.8327684862486 703.5827684862486 168.06558799499004 264.06558799499004
4199 735.09045 435.8156 540.8710029469295 711.6210029469295 165.1814301122385 261.1814301122385
4216 735.09045 435.8156 549.0369892185008 719.7869892185008 162.68178050678887 258.68178050678887
4233 736.9191 436.41565 557.3123458725511 728.0623458725511 160.57226582663537 256.5722658266354
4250 736.9191 436.41565 565.678445290706 736.428445290706 158.85763453593017 254.85763453593017
4268 736.15295 436.6455 574.6146433324445 745.3646433324445 157.4768264733346 253.4768264733346
4284 736.15295 436.6455 582.6073830375866 753.3573830375866 156.6275629290547 252.6275629290547
4302 745.203 474.2133 591.634212437205 762.384212437205 156.09972077737774 252.09972077737774
4319 745.203 474.2133 600.1738207000526 770.9238207000526 156.01804670179018 252.01804670179018
4335 555.5813 567.0018 608.206202299593 778.956202299593 156.31127426047263 252.31127426047263
4352 555.5813 567.0018 616.7171247860152 787.4671247860152 157.01538956894865 253.01538956894865
4370 444.46506 453.6014 625.6814395481568 796.4314395481568 158.20001068650026 254.20001068650026
4387 444.46506 453.6014 634.0831090553891 804.8331090553891 159.73086973577773 255.73086973577773
4403 355.57205 362.88113 641.9159320172428 812.6659320172428 161.53420581373558 257.5342058137356
4420 355.57205 362.88113 650.1411853111272 820.8911853111272 163.83133188536496 259.831331885365
4437 284.45764 290.3049 658.2482260010909 828.9982260010909 166.5160052712332 262.5160052712332
4455 227.56612 232.24393 666.6830281761817 837.4330281761817 169.77428374521077 265.77428374521077
4471 227.56612 232.24393 674.0349817666976 844.7849817666976 173.0229627020636 269.02296270206364
4489 227.56612 232.24393 682.1230927560449 852.8730927560449 177.0658239377357 273.0658239377357
4505 182.0529 185.79515 689.1341369531456 859.8841369531456 180.99652309031762 276.9965230903176
4522 182.0529 185.79515 696.3831279004737 867.1331279004737 185.51135533338842 281.51135533338845
4539 145.64232 148.63612 703.4098168015221 874.1598168015221 190.36493370665013 286.36493370665016
4556 145.64232 148.63612 710.1983867574248 880.9483867574248 195.54633292803192 291.5463329280319
4573 116.513855 118.9089 716.733556869033 887.483556869033 201.0438897990301 297.0438897990301
4590 116.513855 118.9089 723.0006166338345 893.7506166338345 206.8452294582745 302.8452294582745
4607 93.21108 95.12712 728.9854590589218 899.7354590589218 212.9372932370277 308.9372932370277
4624 74.56887 76.1017 734.6746124154753 905.4246124154753 219.30636805391646 315.30636805391646
4641 74.56887 76.1017 740.0552705632856 910.8052705632856 225.93811728273374 321.93811728273374
4658 74.56887 76.1017 745.1153217770493 915.8653217770493 232.81761302381858 328.8176130238186
4675 59.655098 60.88136 749.8433760095571 920.5933760095571 239.9293697063817 335.9293697063817
4692 47.72408 48.70509 754.2287905304013 924.9787905304013 247.25737894613326 343.25737894613326
4710 47.72408 48.70509 758.4877475670244 929.2377475670244 255.233816202647 351.233816202647
4726 47.72408 48.70509 761.9330081024611 932.6830081024611 262.4957247950736 358.4957247950736
4743 47.72408 48.70509 765.2344691549205 935.9844691549205 270.3717602734482 366.3717602734482
4760 47.72408 48.70509 768.1586455346032 938.9086455346032 278.3955232583588 374.3955232583588
4777 279.95395 213.75705 770.6989549944915 941.4489549944915 286.5489524624127 382.5489524624127
4795 355.16336 259.70563 772.9639522412413 943.7139522412413 295.3029260641045 391.3029260641045
4811 355.16336 259.70563 774.605977411876 945.355977411876 303.17114631399613 399.17114631399613
4828 432.25586 301.28613 775.9638957607996 946.7138957607996 311.60249482388303 407.60249482388303
4845 432.25586 301.28613 776.9203777692248 947.6703777692248 320.08876150040663 416.08876150040663
4862 476.28033 334.27768 777.47327042036 948.22327042036 328.6108439720703 424.6108439720703
4880 476.28033 334.27768 777.6174195110625 948.3674195110625 337.6519438712278 433.6519438712278
4896 513.0488 353.96414 777.3642207321774 948.1142207321774 345.68568689301895 441.68568689301895
4914 513.0488 353.96414 776.6510281368674 947.4010281368674 354.69976602895355 450.69976602895355
4930 542.8721 376.00732 775.6377280160616 946.3877280160616 362.6733699460652 458.6733699460652
4947 542.8721 376.00732 774.1722300260149 944.9222300260149 371.0866865084376 467.0866865084376
4964 579.83734 387.81024 772.3093286896907 943.0593286896907 379.4210238275436 475.4210238275436
4981 608.88586 397.5766 770.0532173508461 940.8032173508461 387.65762152102405 483.65762152102405
4999 608.88586 397.5766 767.2414664715639 937.9914664715639 396.25159169433493 492.25159169433493
5015 608.88586 397.5766 764.3825521379785 935.1325521379785 403.7636982827043 499.7636982827043
5033 630.6798 402.90674 760.7691273551981 931.5191273551981 412.05257201114836 508.05257201114836
5050 630.6798 402.90674 756.9782545820084 927.7282545820084 419.70507902225296 515.7050790222529
5066 649.5737 408.07846 753.0825400722103 923.8325400722103 426.73562274375536 522.7356227437554
5083 649.5737 408.07846 748.6038854061801 919.3538854061801 434.00702098068035 530.0070209806804
5100 667.93353 408.91245 743.7853810904619 914.5353810904619 441.057807893992 537.057807893992
5118 667.93353 408.91245 738.3250770999266 909.0750770999266 448.265258669255 544.265258669255
5134 679.8249 410.67575 733.1729494131282 903.9229494131282 454.4345954942897 550.4345954942896
5151 679.8249 410.67575 727.4029103666112 898.1529103666112 460.73048537096236 556.7304853709624
5169 687.83777 412.49792 720.9753375862501 891.7253375862501 467.09040474938706 563.0904047493871
5185 688.90326 415.20514 715.0000976809954 885.7500976809954 472.46642973411736 568.4664297341174
5202 688.90326 415.20514 708.3952424593289 879.1452424593289 477.8800669068827 573.8800669068827
5219 696.52246 413.46475 701.5410462255444 872.2910462255444 482.9743356401059 578.9743356401059
5237 696.52246 413.46475 694.029044019961 864.779044019961 488.007435004336 584.007435004336
5253 696.52246 413.46475 687.1468717414465 857.8968717414465 492.15964421036574 588.1596442103657
5270 696.7628 413.09534 679.639294413571 850.389294413571 496.2300081502966 592.2300081502966
5287 696.7628 413.09534 671.9471049847989 842.6971049847989 499.93969839739407 595.9396983973941
5305 694.3834 414.14502 663.620462019195 834.370462019195 503.46521726278866 599.4652172627887
5321 694.3834 414.14502 656.0785261011198 826.8285261011198 506.2444868016163 602.2444868016163
5338 698.1763 415.54684 647.9378564156366 818.6878564156366 508.8253930396211 604.8253930396211
5356 699.0483 415.75128 639.1952779150454 809.9452779150454 511.133982978935 607.133982978935
5372 699.0483 415.75128 631.335337516615 802.085337516615 512.8151948914908 608.8151948914908
5390 704.29285 417.94604 622.413344134101 793.163344134101 514.2849909417206 610.2849909417206
5407 704.29285 417.94604 613.9291943374132 784.6791943374132 515.2600715357657 611.2600715357657
5423 710.22235 417.25238 605.9102433377668 776.6602433377668 515.8092176247758 611.8092176247758
5440 710.22235 417.25238 597.3723718445073 768.1223718445073 515.9998227193989 611.9998227193989
5458 712.5197 417.315 588.3333032838261 759.0833032838261 515.7600188365996 611.7600188365996
5474 712.5197 417.315 580.317552089333 751.067552089333 515.1659907650433 611.1659907650433
5491 707.84845 416.43155 571.8389937950213 742.5889937950213 514.1434306506889 610.1434306506889
5508 707.84845 416.43155 563.4184791480179 734.1684791480179 512.7198741828516 608.7198741828516
5525 707.84845 416.43155 555.0749625136663 725.8249625136663 510.8985257511097 606.8985257511097
5542 711.2944 416.93054 546.8272249367301 717.5772249367301 508.68348516468336 604.6834851646834
5559 711.2944 416.93054 538.6938318657412 709.4438318657412 506.079738423869 602.079738423869
5576 713.7266 418.5056 530.6930913626405 701.4430913626405 503.0931464966776 599.0931464966776
5593 717.5641 421.02722 522.843012891798 693.593012891798 499.7304321259451 595.7304321259451
5610 717.5641 421.02722 515.1612667811617 685.9112667811617 495.99916469660786 591.9991646966079
5627 719.45856 423.16174 507.6651444467964 678.4151444467964 491.90774319720856 587.9077431972086
5644 719.45856 423.16174 500.37151947034613 671.1215194703461 487.4653773139863 583.4653773139863
5661 719.285 422.86578 493.29680961702684 664.0468096170268 482.6820667001052 578.6820667001052
5678 719.285 422.86578 486.4569398796541 657.2069398796541 477.56857846668925 573.5685784666892
5695 720.9945 422.48242 479.86730663188473 650.6173066318847 472.13642294632587 568.1364229463259
5712 720.9945 422.48242 473.54274297137306 644.2927429713731 466.3978277836013 562.3978277836013
5730 722.82825 423.60834 467.15087413130334 637.9008741313033 460.00202610763864 556.0020261076386
5747 722.82825 423.60834 461.4161702808618 632.1661702808618 453.6739338449379 549.6739338449379
5763 724.5739 425.7964 456.29865965604995 627.04865965605 447.47585175716756 543.4758517571676
5780 724.5739 425.7964 451.1702998949387 621.9202998949387 440.6471252215585 536.6471252215586
5797 725.09686 427.25333 446.37160595691194 617.1216059569119 433.58284065575424 529.5828406557542
5815 725.09686 427.25333 441.66195216566996 612.41195216567 425.8639399883317 521.8639399883317
5831 724.2531 425.80026 437.80565612063515 608.5556561206351 418.8116979778178 514.8116979778179
5848 724.2531 425.80026 434.05768195865755 604.8076819586576 411.1380893339877 507.1380893339877
5866 724.03754 426.05887 430.4907154271366 601.2407154271366 402.8291173091274 498.8291173091274
5882 724.03754 426.05887 427.67389913133843 598.4238991313384 395.30112404946493 491.30112404946493
5899 721.37494 424.93344 425.052460199564 595.8024601995639 387.1734160167848 483.1734160167848
5916 721.37494 424.93344 422.8194776869708 593.5694776869708 378.9305179198789 474.9305179198789
5934 722.75867 426.21756 420.8841188838897 591.6341188838896 370.0978143331939 466.0978143331939
5950 723.28467 428.32272 419.53810174796206 590.2881017479621 362.1735872774116 458.1735872774116
5967 723.28467 428.32272 418.4970946157316 589.2470946157316 353.69727415859836 449.69727415859836
5985 726.34106 427.9973 417.8343745722001 588.5843745722001 344.6793437701557 440.6793437701557
6001 726.34106 427.9973 417.6286526131048 588.3786526131048 337.1467028281774 433.1467028281774
