9 681.3711 433.26923 297.6590741325546 468.4090741325546 331.4785711897382 427.4785711897382
17 681.3711 433.26923 297.7465672298508 468.4965672298508 327.460353677165 423.460353677165
34 694.80774 419.88995 298.1111703954607 468.8611703954607 318.92762829531256 414.92762829531256
51 694.80774 419.88995 298.7185140048509 469.4685140048509 310.4087391863609 406.4087391863609
69 694.80774 419.88995 299.62561216007174 470.37561216007174 301.41149255853884 397.41149255853884
85 692.4041 399.0039 300.6592573431978 471.4092573431978 293.44006945149073 389.44006945149073
103 692.4041 399.0039 302.0768999466856 472.8268999466856 284.5090245297676 380.5090245297676
119 697.5712 395.48706 303.56250703184975 474.31250703184975 276.6093422383909 372.6093422383909
136 697.5712 395.48706 305.37225228130916 476.12225228130916 268.2627764750041 364.2627764750041
153 673.18695 387.25778 307.4188532438116 478.1688532438116 259.9711082224287 355.9711082224287
170 673.18695 387.25778 309.7006512552929 480.4506512552929 251.74105744826687 347.7410574482669
187 681.3152 389.118 312.21579703666407 482.96579703666407 243.57929418234613 339.57929418234613
204 681.3152 389.118 314.9622521925565 485.7122521925565 235.4924331110061 331.4924331110061
221 685.3887 391.5503 317.93779086333535 488.68779086333535 227.48702821623766 323.48702821623766
238 688.27527 395.00372 321.14000152904384 491.89000152904384 219.5695674640201 315.5695674640201
255 688.27527 395.00372 324.5662889638151 495.3162889638151 211.74646754616077 307.7464675461608
272 692.75397 397.11166 328.2138763391684 498.9638763391684 204.0240686798987 300.02406867989873
289 692.75397 397.11166 332.0798074744846 502.8298074744846 196.40862946948707 292.4086294694871
306 692.75397 397.11166 336.16094923283765 506.91094923283765 188.90632183391858 284.9063218339186
323 697.6206 399.29984 340.4539940602396 511.2039940602396 181.52322600490484 277.5232260049048
340 697.6206 399.29984 344.9554626662418 515.7054626662418 174.26532559916362 270.2653255991636
357 675.6665 393.8953 349.6617068437197 520.4117068437197 167.13850276900726 263.13850276900723
374 675.6665 393.8953 354.5689124255555 525.3189124255555 160.14853343516307 256.1485334351631
391 631.60974 378.45093 359.6731023758233 530.4231023758233 153.30108260568883 249.30108260568883
409 602.7564 370.8758 365.28764512599264 536.0376451259926 146.21234621253794 242.21234621253794
425 602.7564 370.8758 370.45573236238414 541.2057323623842 140.05581447516937 236.05581447516937
442 581.1919 362.91885 376.12543363562395 546.875433635624 133.66873177782583 229.66873177782583
461 581.1919 362.91885 382.6743752224786 553.4243752224786 126.72451431724451 222.7245143172445
477 564.9944 351.6486 388.35832887425113 559.1083288742511 121.04079373995708 217.04079373995708
493 564.9944 351.6486 394.1925174146769 564.9425174146769 115.51139478609738 211.51139478609738
510 558.34155 332.54736 400.5512688483818 571.3012688483818 109.8099372430793 205.8099372430793
527 558.34155 332.54736 407.06973833256984 577.8197383325698 104.29179502905546 200.29179502905546
544 547.32733 318.02493 413.7426429853873 584.4926429853873 98.96144031244515 194.96144031244515
561 547.32733 318.02493 420.564574763276 591.314574763276 93.82319306962836 189.82319306962836
579 547.32733 318.02493 427.94408475446505 598.694084754465 88.5967118216947 184.5967118216947
595 535.1827 296.97916 434.6332881070341 605.3832881070341 84.13951907017963 180.13951907017963
612 532.14886 275.2728 441.86866770951156 612.6186677095116 79.60194042970028 175.60194042970028
629 532.14886 275.2728 449.2302797509776 619.9802797509776 75.27215913482809 171.2721591348281
646 529.83746 255.80669 456.71215802621145 627.4621580262115 71.15368424901567 167.15368424901567
663 529.83746 255.80669 464.3082388604396 635.0582388604396 67.24985358281685 163.24985358281685
681 515.1018 243.49612 472.4687817222184 643.2187817222184 63.353853820736504 159.3538538207365
697 515.1018 243.49612 479.81829571979983 650.5682957197998 60.09860379723074 156.09860379723074
714 521.5114 229.38249 487.71970164728384 658.4697016472838 56.85698039535282 152.85698039535282
731 521.5114 229.38249 495.7101801258791 666.4601801258791 53.84158795097835 149.84158795097835
748 526.7039 215.45264 503.783255286693 674.533255286693 51.0548702834833 147.0548702834833
766 526.7039 215.45264 512.4139724557664 683.1639724557664 48.355982532478436 144.35598253247844
782 525.28217 203.78635 520.1509627803556 690.9009627803556 46.176306080939696 142.1763060809397
799 525.28217 203.78635 528.4323299341439 699.1823299341439 44.08841336946284 140.08841336946284
816 552.4359 175.05527 536.7697741627716 707.5197741627716 42.23709987763954 138.23709987763954
833 552.4359 175.05527 545.156538399579 715.906538399579 40.62386599915499 136.623865999155
850 571.6301 169.6663 553.585825606595 724.335825606595 39.25001917650059 135.2500191765006
868 571.6301 169.6663 562.5497092126128 733.2997092126128 38.05751565750103 134.05751565750103
884 593.7206 162.95743 570.5446140026227 741.2946140026227 37.2247455122278 133.2247455122278
901 593.7206 162.95743 579.0603709721212 749.8103709721212 36.574960050003085 132.57496005000309
918 615.34814 155.98524 587.5911736117806 758.3411736117806 36.167843072143 132.167843072143
936 615.34814 155.98524 596.6325037720162 767.3825037720162 36.00164175242986 132.00164175242986
952 614.0151 157.31534 604.6702542165596 775.4202542165596 36.08273742076125 132.08273742076125
969 614.0151 157.31534 613.2046904715623 783.9546904715623 36.40481772096149 132.4048177209615
986 635.7892 153.82214 621.7265001944813 792.4765001944813 36.96970439707047 132.96970439707047
1004 651.76355 158.91971 630.7281551661815 801.4781551661815 37.831958255007294 133.8319582550073
1020 651.76355 158.91971 638.7046299331981 809.4546299331981 38.82586922049978 134.82586922049978
1037 521.4108 127.135765 647.1471900543268 817.8971900543268 40.115643042381976 136.11564304238198
1054 521.4108 127.135765 655.5496150057149 826.2996150057149 41.645215808474234 137.64521580847423
1071 521.4108 127.135765 663.9050950571935 834.6550950571935 43.41334787928315 139.41334787928315
1088 417.12866 101.70861 672.2068585250034 842.9568585250034 45.41860627535635 141.41860627535635
1105 417.12866 101.70861 680.4481772598931 851.1981772598931 47.65936583863811 143.6593658386381
1122 333.70294 81.36689 688.6223720999366 859.3723720999366 50.133810549576026 146.13381054957603
1140 333.70294 81.36689 697.1968778238853 867.9468778238853 53.006287796662775 149.00628779666278
1156 906.53955 124.629654 704.742950819005 875.492950819005 55.77554601295549 151.7755460129555
1173 906.53955 124.629654 712.6762698040402 883.4262698040402 58.93826443105149 154.9382644310515
1191 725.2316 99.70373 720.9744866729714 891.7244866729714 62.53171273890922 158.53171273890922
1207 580.1853 79.762985 728.2568245155068 899.0068245155068 65.93458862018292 161.93458862018292
1224 580.1853 79.762985 735.8914330094331 906.6414330094331 69.76252423287974 165.76252423287974
1241 464.14825 63.81039 743.413983721744 914.163983721744 73.80623152831976 169.80623152831976
1258 464.14825 63.81039 750.8183800147626 921.5683800147626 78.06243329120804 174.06243329120804
1276 371.3186 51.048313 758.5228774307536 929.2728774307536 82.79677522140798 178.79677522140798
1293 371.3186 51.048313 765.665231024628 936.415231024628 87.47941582800502 183.47941582800502
1310 297.0549 40.83865 772.671396715908 943.421396715908 92.36346949445999 188.36346949446
1326 297.0549 40.83865 779.1359413283826 949.8859413283826 97.14067282585665 193.14067282585665
1344 297.0549 40.83865 786.2525668282935 957.0025668282935 102.71982289007568 198.71982289007568
1360 297.0549 40.83865 792.434774570124 963.184774570124 107.85716813378187 203.85716813378187
1377 382.02393 192.5416 798.8500299387413 969.6000299387413 113.49497235758312 209.49497235758312
1394 450.99512 292.7896 805.1022028442499 975.8522028442499 119.31310538030687 215.31310538030687
1411 518.22516 335.18457 811.1862262243785 981.9362262243785 125.30685190652298 221.30685190652298
1428 518.22516 335.18457 817.0971692933363 987.8471692933363 131.47135431515434 227.47135431515434
1445 553.70325 393.24664 822.8302415379586 993.5802415379586 137.80161659632608 233.80161659632608
1463 553.70325 393.24664 828.7015190178248 999.4515190178248 144.67921608302754 240.67921608302754
1479 575.37805 426.84082 833.7443360426164 1004.4943360426164 150.93876919572267 246.93876919572267
1496 575.37805 426.84082 838.9165129944168 1009.6665129944168 157.73501253228335 253.73501253228335
1513 597.9981 441.4359 843.8931356740757 1014.6431356740757 164.675730406883 260.67573040688296
1531 597.9981 441.4359 848.9448737571439 1019.6948737571439 172.1759448228275 268.1759448228275
1547 618.2742 455.1845 853.2437467928016 1023.9937467928016 178.96797687071094 274.9679768707109
1564 618.2742 455.1845 857.6101570459276 1028.3601570459277 186.30792233453255 282.3079223345326
1581 629.6475 459.58752 861.7658627967578 1032.5158627967578 193.76918547310373 289.76918547310373
1599 629.6475 459.58752 865.9326210713034 1036.6826210713034 201.79485674886422 297.7948567488642
1616 641.4701 464.3457 869.6441112173986 1040.3941112173986 209.48674720608716 305.48674720608716
1633 641.4701 464.3457 873.1351439647128 1043.8851439647128 217.28117010118746 313.28117010118746
1649 650.39026 462.47137 876.2168989033121 1046.966898903312 224.7051040458423 320.7051040458423
1666 650.39026 462.47137 879.2720702485676 1050.0220702485676 232.6804577033056 328.6804577033056
1683 653.3725 439.89893 882.0989812329851 1052.8489812329851 240.73954649774532 336.7395464977453
1701 653.3725 439.89893 884.84084210631 1055.59084210631 249.35670803135872 345.3567080313587
1717 658.78107 443.87503 887.0590447096293 1057.8090447096292 257.08274103198784 353.08274103198784
1734 658.78107 443.87503 889.1881773273444 1059.9381773273444 265.35360145921436 361.35360145921436
1751 667.66376 445.44553 891.0810130930984 1061.8310130930984 273.6817171329047 369.6817171329047
1769 670.65784 432.63275 892.8259350518042 1063.5759350518042 282.55462653755245 378.55462653755245
1785 670.65784 432.63275 894.1518506369953 1064.9018506369953 290.4826752619944 386.4826752619944
1802 673.7857 435.43604 895.3273636603816 1066.0773636603817 298.94190141113677 394.94190141113677
1819 673.7857 435.43604 896.2616043392997 1067.0116043392995 307.4311612295389 403.4311612295389
1836 673.7857 435.43604 896.9538155200738 1067.703815520074 315.9435746118702 411.9435746118702
1853 674.5163 414.3758 897.4034362013994 1068.1534362013995 324.4722426880359 420.4722426880359
1870 674.5163 414.3758 897.6101019890048 1068.3601019890048 333.01025341435343 429.01025341435343
1887 671.34155 401.87714 897.5736453909749 1068.323645390975 341.5506871754069 437.5506871754069
1904 671.34155 401.87714 897.2940959534936 1068.0440959534935 350.08662239203596 446.08662239203596
1921 668.64594 389.63312 896.7716802368993 1067.5216802368993 358.6111411309172 454.6111411309172
1938 668.64594 389.63312 896.0068216320687 1066.7568216320687 367.1173347111916 463.1173347111916
1955 673.44293 396.9893 895.0001400172805 1065.7501400172805 375.5983093035911 471.5983093035911
1972 677.5862 401.0061 893.7524512558361 1064.5024512558361 384.04719151753216 480.04719151753216
1990 677.5862 401.0061 892.1698065389205 1062.9198065389205 392.9504779694597 488.9504779694597
2006 679.01807 404.5427 890.5382915457113 1061.2882915457112 400.8213208432003 496.8213208432003
2023 679.01807 404.5427 888.5744255069792 1059.3244255069792 409.13297339202586 505.13297339202586
2040 679.8544 407.18484 886.3747600303433 1057.1247600303432 417.385355454278 513.3853554542779
2058 679.8544 407.18484 883.7906735406054 1054.5406735406054 426.0511370669554 522.0511370669553
2074 680.0673 408.93323 881.2753512814876 1052.0253512814875 433.68560906238275 529.6856090623828
2091 680.0673 408.93323 878.3797408159044 1049.1297408159044 441.7202700970553 537.7202700970553
2109 680.0673 408.93323 875.0658458507073 1045.8158458507073 450.13403109346496 546.134031093465
2125 680.9806 408.6471 871.9084395119482 1042.6584395119482 457.52610752219204 553.526107522192
2142 680.9806 408.6471 868.3379933280626 1039.0879933280626 465.2844741001809 561.2844741001809
2159 687.7221 391.89056 864.5481482862865 1035.2981482862865 472.9380623089762 568.9380623089762
2176 686.9275 399.0143 860.5419758597092 1031.291975859709 480.4806693117979 576.4806693117979
2193 686.9275 399.0143 856.3227228435584 1027.0727228435585 487.90618221638465 583.9061822163847
2210 693.20013 381.9835 851.8938087238421 1022.6438087238421 495.20858302917645 591.2085830291765
2227 693.20013 381.9835 847.2588229060326 1018.0088229060326 502.38195353258584 598.3819535325858
2244 660.9219 370.9702 842.4215218060378 1013.1715218060378 509.42048008140796 605.420480081408
2261 660.9219 370.9702 837.3858258058228 1008.1358258058228 516.3184583144773 612.3184583144773
2279 666.54407 382.22095 831.8422069588121 1002.5922069588121 523.4627962141102 619.4627962141102
2295 666.54407 382.22095 826.7357312689596 997.4857312689596 529.6705264551181 625.6705264551181
2313 674.81006 390.2681 820.794526925818 991.544526925818 536.4878107309933 632.4878107309933
2329 674.81006 390.2681 815.3430576999276 986.0930576999276 542.394882086187 638.394882086187
2347 680.8851 397.7209 809.023524111755 979.773524111755 548.8630169930223 644.8630169930223
2363 680.8851 397.7209 803.2447303028227 973.9947303028227 554.4502838409564 650.4502838409564
2380 688.63025 405.67648 796.9431143556885 967.6931143556885 560.2148284340103 656.2148284340103
2398 688.63025 405.67648 790.0948566711968 960.8448566711968 566.1203039129076 662.1203039129076
2414 682.37933 405.78845 783.8605094916655 954.6105094916655 571.1942495138428 667.1942495138428
2431 682.37933 405.78845 777.0901233483269 947.8401233483269 576.4002277485814 672.4002277485814
2448 676.0603 409.85928 770.1742900189863 940.9242900189863 581.4113740517007 677.4113740517007
2466 676.0603 409.85928 762.6993413925139 933.4493413925139 586.5004227817345 682.5004227817345
2482 683.78516 411.35803 755.9288148358737 926.6788148358737 590.8330869577367 686.8330869577367
2499 683.78516 411.35803 748.6107182018081 919.3607182018081 595.2360177503971 691.2360177503971
2517 687.46326 412.4961 740.7288988675523 911.4788988675523 599.6688721273433 695.6688721273433
2533 687.46326 412.4961 733.6134567331254 904.3634567331254 603.4081891703074 699.4081891703074
2550 692.6764 414.98355 725.9464464020558 896.6964464020558 607.1708066759479 703.1708066759479
2567 682.9588 414.67352 718.1754381858558 888.9254381858558 610.7136542896951 706.7136542896951
2584 682.9588 414.67352 710.3067300841386 881.0567300841386 614.0338607170812 710.0338607170812
2601 682.9588 414.67352 702.346699277214 873.096699277214 617.1287351027865 713.1287351027865
2618 688.3031 416.9896 694.3017969577133 865.0517969577133 619.9957692114392 715.9957692114392
2636 688.3031 416.9896 685.6984050251664 856.4484050251664 622.7805351262059 718.7805351262059
2652 694.8584 420.07855 677.9835211872297 848.7335211872297 625.0372088029525 721.0372088029525
2669 694.8584 420.07855 669.7233728534557 840.4733728534557 627.2075284601758 723.2075284601758
2687 698.31036 422.6746 660.9137884500344 831.6637884500344 629.2482382837565 725.2482382837565
2703 698.31036 422.6746 653.0345219750633 823.7845219750633 630.8385742647915 726.8385742647915
2720 687.6296 420.05762 644.6193448795832 815.3693448795832 632.296357637651 728.296357637651
2737 687.6296 420.05762 636.1660813019316 806.9160813019316 633.5140081610913 729.5140081610913
2754 679.684 417.15454 627.6815821743512 798.4315821743512 634.4905389924386 730.4905389924386
2771 685.69006 419.06973 619.1727237438794 789.9227237438794 635.2251587040392 731.2251587040392
2788 685.69006 419.06973 610.6464019995067 781.3964019995067 635.7172719246712 731.7172719246712
2805 689.89154 419.01965 602.1095270833351 772.8595270833351 635.9664798220608 731.9664798220608
2822 689.89154 419.01965 593.5690176902656 764.3190176902656 635.9725804261168 731.9725804261168
2839 695.441 420.47095 585.0317954607539 755.7817954607539 635.7355687926154 731.7355687926154
2856 695.441 420.47095 576.5047793711809 747.2547793711809 635.2556370072082 731.2556370072082
2873 695.441 420.47095 567.9948801263789 738.7448801263789 634.5331740297464 730.5331740297464
2890 700.88586 421.8895 559.5089945588649 730.2589945588649 633.5687653790487 729.5687653790487
2907 700.88586 421.8895 551.0540000393138 721.8040000393138 632.3631926583694 728.3631926583694
2925 704.84283 423.73013 542.1429378468152 712.8929378468152 630.8249324247021 726.8249324247021
2941 710.0359 422.25476 534.2640628953682 705.0140628953682 629.232657883161 725.232657883161
2958 710.0359 422.25476 525.9427276452934 696.6927276452934 627.3102329649023 723.3102329649023
2976 698.04785 422.2868 517.1953667532769 687.9453667532769 625.0174287059479 721.0174287059479
2992 698.04785 422.2868 509.48103837910116 680.2310383791012 622.7588569334407 718.7588569334407
3009 686.7222 421.99 501.3540257094023 672.1040257094023 620.1335944747455 716.1335944747455
3026 686.7222 421.99 493.3050356774336 664.0550356774336 617.278056456131 713.278056456131
3043 692.70667 423.5913 485.3405915726703 656.0905915726703 614.1945571432422 710.1945571432422
3060 692.70667 423.5913 477.46714816449344 648.2171481644934 610.8855955525434 706.8855955525434
3077 692.70667 423.5913 469.691086470933 640.441086470933 607.3538534259965 703.3538534259965
3094 684.28906 422.9506 462.0187085871838 632.7687085871838 603.6021930576474 699.6021930576474
3111 684.28906 422.9506 454.4562325780845 625.2062325780845 599.6336549738851 695.6336549738851
3128 657.1808 412.86914 447.00978743869564 617.7597874386956 595.4514554692516 691.4514554692516
3145 656.9359 410.16995 439.68540812706976 610.4354081270698 591.058983999804 687.058983999804
3162 656.9359 410.16995 432.4890306732291 603.2390306732291 586.4598004361334 682.4598004361334
3179 655.5681 411.92596 425.4264873683203 596.1764873683203 581.6576321782761 677.6576321782761
3196 655.5681 411.92596 418.50350203784535 589.2535020378454 576.6563711348483 672.6563711348483
3213 661.85345 411.6884 411.72568540279684 582.4756854027969 571.4600705688548 667.4600705688548
3230 661.85345 411.6884 405.09853053246013 575.8485305324601 566.0729418127313 662.0729418127313
3247 658.85754 410.8487 398.6274083925641 569.3774083925641 560.4993508552757 656.4993508552757
3264 658.85754 410.8487 392.31756349239276 563.0675634923928 554.7438148032415 650.7438148032415
3282 669.477 412.96283 385.818018823778 556.568018823778 548.4565902131905 644.4565902131905
3298 669.477 412.96283 380.2020257696452 550.9520257696452 542.7057093474355 638.7057093474355
3315 680.00134 416.41437 374.4061519627961 545.1561519627961 536.4328962045494 632.4328962045494
3332 680.00134 416.41437 368.7911854693228 539.5411854693227 529.9976425819129 625.9976425819129
3349 686.5544 417.69666 363.3616769287074 534.1116769287074 523.4051639192346 619.4051639192346
3366 686.5544 417.69666 358.12202667636814 528.8720266763681 516.6608030789737 612.6608030789737
3383 662.875 391.9179 353.07648117741576 523.8264811774158 509.7700260162269 605.7700260162269
3400 662.875 391.9179 348.2291295851123 518.9791295851123 502.7384173488538 598.7384173488538
3417 673.4834 398.1726 343.58390042682595 514.333900426826 495.5716758314352 591.5716758314352
3434 673.4834 398.1726 339.144558420162 509.894558420162 488.2756097367269 584.2756097367269
3451 681.98895 400.22253 334.91470142185455 505.66470142185455 480.85613214835485 576.8561321483548
3468 681.98895 400.22253 330.8977575118902 501.6477575118902 473.3192561685689 569.3192561685689
3485 690.39075 403.76276 327.0969822152257 497.8469822152257 465.6710900449318 561.6710900449318
3502 690.39075 403.76276 323.5154558633554 494.2654558633554 457.9178322199049 553.9178322199049
3519 696.27814 405.82587 320.1560810978608 490.9060810978608 450.06576630732854 546.0657663073285
3536 700.6813 404.98837 317.0215805179704 487.7715805179704 442.1212559998803 538.1212559998803
3553 700.6813 404.98837 314.1144944740342 484.8644944740342 434.0907399116313 530.0907399116313
3570 700.6813 404.98837 311.4371790087004 482.1871790087004 425.9807263598813 521.9807263598814
3587 706.83673 406.2756 308.9918039474663 479.7418039474663 417.79778809050777 513.7977880905078
3604 706.83673 406.2756 306.780351140146 477.530351140146 409.5485569510936 505.5485569510936
3621 709.1433 408.37683 304.80461285468476 475.55461285468476 401.23971851615926 497.23971851615926
3639 709.1433 408.37683 302.97135171354296 473.72135171354296 392.3846393220784 488.3846393220784
3655 697.257 409.1396 301.5664924513526 472.3164924513526 384.4701981434725 480.4701981434725
3672 697.257 409.1396 300.30673466233077 471.05673466233077 376.02310703330426 472.02310703330426
3689 687.24426 409.93417 299.28793792598333 470.03793792598333 367.5435792681223 463.5435792681223
3706 694.7222 411.4762 298.5109279242903 469.2609279242903 359.03848706593226 455.03848706593226
3723 694.7222 411.4762 297.97633438360816 468.72633438360816 350.5147233633919 446.5147233633919
3740 700.166 414.59888 297.68459056430925 468.43459056430925 341.9791962294431 437.9791962294431
3757 700.166 414.59888 417.64906576024066 588.3990657602407 333.056686471707 429.056686471707
3775 693.65857 413.4509 418.0239626747057 588.7739626747057 324.0222125716715 420.0222125716715
3791 693.65857 413.4509 418.73774721758974 589.4877472175897 316.01623679178385 412.01623679178385
3808 684.86017 418.607 419.88693415828243 590.6369341582824 307.553911501838 403.553911501838
3825 684.86017 418.607 421.43620498653286 592.1862049865329 299.15561763711503 395.15561763711503
3842 684.86017 418.607 423.3820723329198 594.1320723329197 290.84025954453836 386.84025954453836
3859 670.58484 393.72458 425.72015609929747 596.4701560992975 282.62655488470796 378.62655488470796
3876 670.58484 393.72458 428.4451933182859 599.1951933182859 274.53299249891984 370.53299249891984
3893 668.6684 399.8429 431.55105000007745 602.3010500000775 266.5777907912517 362.5777907912517
3910 679.3728 405.4615 435.03073493989234 605.7807349398923 258.7788567193968 354.7788567193968
3927 679.3728 405.4615 438.876415455004 609.626415455004 251.15374548655507 347.15374548655507
3944 686.01184 388.1064 443.0794350159092 613.8294350159092 243.71962102511617 339.71962102511617
3961 686.01184 388.1064 447.6303327319572 618.3803327319572 236.49321736108072 332.4932173610807
3978 693.70636 393.81232 452.518864647575 623.268864647575 229.49080094619188 325.4908009461919
3995 693.70636 393.81232 457.734026801152 628.484026801152 222.7281340425647 318.7281340425647
4012 685.6559 401.90677 463.26407999467915 634.0140799946792 216.22043924223226 312.22043924223226
4030 685.6559 401.90677 469.44880561963384 640.1988056196338 209.62411941289355 305.62411941289355
4046 676.8873 407.26978 475.21838667089924 645.9683866708992 204.0279536670738 300.0279536670738
4064 676.8873 407.26978 482.00032161194906 652.7503216119491 198.0473496171248 294.04734961712484
4080 662.6838 382.9717 488.27420988032543 659.0242098803254 193.0230623484931 289.0230623484931
4097 662.6838 382.9717 495.1788343096449 665.9288343096449 187.9973542961332 283.9973542961332
4114 659.43964 390.26382 502.31406246496294 673.064062464963 183.30479645322103 279.304796453221
4131 659.43964 390.26382 509.66383312829794 680.4138331282979 178.95595164869005 274.9559516486901
4148 669.96533 397.25598 517.2116021519138 687.9616021519138 174.9606090221234 270.96060902212344
4165 669.96533 397.25598 524.9403796987771 695.6903796987771 171.32776198864897 267.32776198864894
4182 677.69025 399.76758 532.8327684862486 703.5827684862486 168.06558799499004 264.06558799499004
4199 677.69025 399.76758 540.8710029469295 711.6210029469295 165.1814301122385 261.1814301122385
4216 683.4227 404.0028 549.0369892185008 719.7869892185008 162.68178050678887 258.68178050678887
4234 683.4227 404.0028 557.8021405586188 728.5521405586188 160.46043219287566 256.46043219287566
4250 674.78955 410.0629 565.678445290706 736.428445290706 158.85763453593017 254.85763453593017
4267 674.78955 410.0629 574.1164555949256 744.8664555949256 157.54174622631027 253.54174622631027
4285 675.5414 408.6577 583.1080892855312 753.8580892855312 156.5863458281167 252.5863458281167
4301 683.6381 415.778 591.132114755926 761.882114755926 156.1171424476271 252.1171424476271
4318 683.6381 415.778 599.6714617946108 770.4214617946108 156.01163372561214 252.01163372561214
4335 691.63434 420.06848 608.206202299593 778.956202299593 156.31127426047263 252.31127426047263
4352 691.63434 420.06848 616.7171247860152 787.4671247860152 157.01538956894865 253.01538956894865
4369 691.63434 420.06848 625.1850713827765 795.9350713827765 158.12239470530233 254.12239470530233
4386 699.5426 424.79553 633.5909809564164 804.3409809564164 159.6297978289907 255.6297978289907
4404 699.5426 424.79553 642.4027122819134 813.1527122819134 161.65850613580778 257.6585061358078
4420 689.3496 426.6454 650.1411853111272 820.8911853111272 163.83133188536496 259.831331885365
4437 689.3496 426.6454 658.2482260010909 828.9982260010909 166.5160052712332 262.5160052712332
4454 696.3058 429.1333 666.2188053437343 836.9688053437343 169.58218283949915 265.5821828394992
4471 696.3058 429.1333 674.0349817666976 844.7849817666976 173.0229627020636 269.02296270206364
4488 689.42566 429.57138 681.6791612546845 852.4291612546845 176.83059975054408 272.8305997505441
4505 666.0145 417.66974 689.1341369531456 859.8841369531456 180.99652309031762 276.9965230903176
4522 666.0145 417.66974 696.3831279004737 867.1331279004737 185.51135533338842 281.51135533338845
4540 662.37115 419.6678 703.8158878779227 874.5658878779227 190.66075777100514 286.66075777100514
4556 662.37115 419.6678 710.1983867574248 880.9483867574248 195.54633292803192 291.5463329280319
4573 671.9696 424.45337 716.733556869033 887.483556869033 201.0438897990301 297.0438897990301
4591 671.9696 424.45337 723.360613124305 894.110613124305 207.19566935752866 303.1956693575287
4607 671.9696 424.45337 728.9854590589218 899.7354590589218 212.9372932370277 308.9372932370277
4624 681.9341 427.9728 734.6746124154753 905.4246124154753 219.30636805391646 315.30636805391646
4642 681.9341 427.9728 740.3619103211945 911.1119103211945 226.33608418463587 322.33608418463587
4658 679.9293 427.2739 745.1153217770493 915.8653217770493 232.81761302381858 328.8176130238186
4676 689.1314 428.7078 750.1109265519513 920.8609265519513 240.35460176468007 336.35460176468007
4693 689.1314 428.7078 754.4758707295014 925.2258707295014 247.69482262405427 343.69482262405427
4709 696.63086 431.65518 758.2616938824929 929.0116938824929 254.78514557975075 350.78514557975075
4727 696.63086 431.65518 762.1375264313018 932.8875264313018 262.95461241672945 358.95461241672945
4743 686.0826 431.7023 765.2344691549205 935.9844691549205 270.3717602734482 366.3717602734482
4761 686.0826 431.7023 768.3187615671286 939.0687615671286 278.8717253711941 374.8717253711941
4777 695.16644 433.8026 770.6989549944915 941.4489549944915 286.5489524624127 382.5489524624127
4795 695.16644 433.8026 772.9639522412413 943.7139522412413 295.3029260641045 391.3029260641045
4811 699.0111 437.35254 774.605977411876 945.355977411876 303.17114631399613 399.17114631399613
4828 699.0111 437.35254 775.9638957607996 946.7138957607996 311.60249482388303 407.60249482388303
4845 705.399 437.3783 776.9203777692248 947.6703777692248 320.08876150040663 416.08876150040663
4863 705.399 437.3783 777.4931938134266 948.2431938134266 329.11284860805364 425.11284860805364
4879 682.6348 412.0816 777.6213291668411 948.3713291668411 337.1495592469291 433.1495592469291
4896 682.6348 412.0816 777.3642207321774 948.1142207321774 345.68568689301895 441.68568689301895
4913 689.6238 400.3358 776.7025238609478 947.4525238609478 354.200012303063 450.200012303063
4931 689.6238 400.3358 775.5625863875596 946.3125863875596 363.1701187073185 459.1701187073185
4947 696.8447 407.7973 774.1722300260149 944.9222300260149 371.0866865084376 467.0866865084376
4964 696.8447 407.7973 772.3093286896907 943.0593286896907 379.4210238275436 475.4210238275436
4981 686.92554 415.25677 770.0532173508461 940.8032173508461 387.65762152102405 483.65762152102405
4999 686.92554 415.25677 767.2414664715639 937.9914664715639 396.25159169433493 492.25159169433493
5015 680.8184 421.69077 764.3825521379785 935.1325521379785 403.7636982827043 499.7636982827043
5032 680.8184 421.69077 760.9807627878217 931.7307627878217 411.59692297976756 507.59692297976756
5050 674.5393 424.38385 756.9782545820084 927.7282545820084 419.70507902225296 515.7050790222529
5066 660.9019 401.251 753.0825400722103 923.8325400722103 426.73562274375536 522.7356227437554
5084 660.9019 401.251 748.3297491910079 919.0797491910079 434.4280375262833 530.4280375262833
5100 660.9019 401.251 743.7853810904619 914.5353810904619 441.057807893992 537.057807893992
5117 673.6085 409.69595 738.6378734563121 909.3878734563121 447.8721123408068 543.8721123408068
5135 673.6085 409.69595 732.8418577475671 903.5918577475671 454.81246307048013 550.8124630704801
5151 685.6605 409.8337 727.4029103666112 898.1529103666112 460.73048537096236 556.7304853709624
5168 685.6605 409.8337 721.3407445286122 892.0907445286122 466.7456100820642 562.7456100820642
5185 689.5353 414.69055 715.0000976809954 885.7500976809954 472.46642973411736 568.4664297341174
5202 689.5353 414.69055 708.3952424593289 879.1452424593289 477.8800669068827 573.8800669068827
5219 698.3715 418.93146 701.5410462255444 872.2910462255444 482.9743356401059 578.9743356401059
5236 698.3715 418.93146 694.4529376018812 865.2029376018812 487.73776886380733 583.7377688638073
5253 690.5027 421.57578 687.1468717414465 857.8968717414465 492.15964421036574 588.1596442103657
5270 685.1316 420.86862 679.639294413571 850.389294413571 496.2300081502966 592.2300081502966
5287 685.1316 420.86862 671.9471049847989 842.6971049847989 499.93969839739407 595.9396983973941
5304 678.29175 425.88165 664.0876183788416 834.8376183788416 503.28036453280606 599.2803645328061
5321 678.29175 425.88165 656.0785261011198 826.8285261011198 506.2444868016163 602.2444868016163
5338 673.41406 426.73218 647.9378564156366 818.6878564156366 508.8253930396211 604.8253930396211
5356 673.41406 426.73218 639.1952779150454 809.9452779150454 511.133982978935 607.133982978935
5373 673.41406 426.73218 630.8416959955493 801.5916959955493 512.9085953455605 608.9085953455605
5389 682.3231 428.34177 622.9108601528986 793.6608601528986 514.2151095623715 610.2151095623715
5406 682.3231 428.34177 614.4294649579773 785.1794649579773 515.2138665323532 611.2138665323532
5424 686.67633 411.9741 605.4083442119403 776.1583442119403 515.8316422459586 611.8316422459586
5440 686.67633 411.9741 597.3723718445073 768.1223718445073 515.9998227193989 611.9998227193989
5457 692.1093 416.92102 588.8350690108309 759.5850690108309 515.7852527689789 611.7852527689789
5474 697.64905 421.29803 580.317552089333 751.067552089333 515.1659907650433 611.1659907650433
5491 697.64905 421.29803 571.8389937950213 742.5889937950213 514.1434306506889 610.1434306506889
5508 691.8751 407.39792 563.4184791480179 734.1684791480179 512.7198741828516 608.7198741828516
5525 691.8751 407.39792 555.0749625136663 725.8249625136663 510.8985257511097 606.8985257511097
5542 697.1006 412.9785 546.8272249367301 717.5772249367301 508.68348516468336 604.6834851646834
5559 697.1006 412.9785 538.6938318657412 709.4438318657412 506.079738423869 602.079738423869
5576 688.6756 419.10056 530.6930913626405 701.4430913626405 503.0931464966776 599.0931464966776
5594 688.6756 419.10056 522.3863149437265 693.1363149437265 499.5210698075416 595.5210698075416
5610 688.6756 419.10056 515.1612667811617 685.9112667811617 495.99916469660786 591.9991646966079
5627 695.2804 422.98267 507.6651444467964 678.4151444467964 491.90774319720856 587.9077431972086
5644 692.01587 408.80093 500.37151947034613 671.1215194703461 487.4653773139863 583.4653773139863
5662 692.01587 408.80093 492.88781057617666 663.6378105761767 482.3903041584317 578.3903041584317
5678 553.61273 327.04074 486.4569398796541 657.2069398796541 477.56857846668925 573.5685784666892
5695 553.61273 327.04074 479.86730663188473 650.6173066318847 472.13642294632587 568.1364229463259
5712 589.1047 348.91064 473.54274297137306 644.2927429713731 466.3978277836013 562.3978277836013
5729 589.1047 348.91064 467.4974853308397 638.2474853308397 460.36571041097886 556.3657104109789
5747 609.2423 345.45938 461.4161702808618 632.1661702808618 453.6739338449379 549.6739338449379
5764 609.2423 345.45938 455.98806905859533 626.7380690585953 447.0809605355471 543.0809605355471
5780 629.5198 361.84357 451.1702998949387 621.9202998949387 440.6471252215585 536.6471252215586
5797 629.5198 361.84357 446.37160595691194 617.1216059569119 433.58284065575424 529.5828406557542
5814 617.9303 366.47327 441.9133795805666 612.6633795805666 426.29889958551144 522.2988995855114
5831 638.9713 381.69772 437.80565612063515 608.5556561206351 418.8116979778178 514.8116979778179
5848 638.9713 381.69772 434.05768195865755 604.8076819586576 411.1380893339877 507.1380893339877
5865 638.9713 381.69772 430.67789368960894 601.4278936896089 403.295346752855 499.295346752855
5882 649.1234 374.6328 427.67389913133843 598.4238991313384 395.30112404946493 491.30112404946493
5899 649.1234 374.6328 425.052460199564 595.8024601995639 387.1734160167848 483.1734160167848
5916 651.1644 388.46106 422.8194776869708 593.5694776869708 378.9305179198789 474.9305179198789
5933 651.1644 388.46106 420.97997798067684 591.7299779806768 370.59098431373195 466.59098431373195
5950 668.53705 396.40686 419.53810174796206 590.2881017479621 362.1735872774116 458.1735872774116
5967 668.53705 396.40686 418.4970946157316 589.2470946157316 353.69727415859836 449.69727415859836
5984 668.2497 398.67236 417.85929986469176 588.6092998646918 345.18112492358273 441.18112492358273
6001 668.2497 398.67236 417.6286526131048 588.3786526131048 337.1467028281774 433.1467028281774
