0 665.1747 400.06934 333.0 433.0 334.0 434.0
17 665.1747 400.06934 333.1215672298508 433.1215672298508 325.460353677165 425.460353677165
34 671.029 407.92227 333.4861703954607 433.4861703954607 316.92762829531256 416.92762829531256
51 676.025 416.47604 334.0935140048509 434.0935140048509 308.4087391863609 408.4087391863609
68 676.025 416.47604 334.94310583748677 434.94310583748677 299.91059046864586 399.91059046864586
85 682.075 415.85922 336.0342573431978 436.0342573431978 291.44006945149073 391.44006945149073
102 682.075 415.85922 337.3660842002114 437.3660842002114 283.00404105339845 383.00404105339845
120 688.33435 423.86447 339.0373788905013 439.0373788905013 274.11696909446454 374.11696909446454
137 688.33435 423.86447 340.8610993111701 440.8610993111701 265.7734457537099 365.7734457537099
153 688.33435 423.86447 342.7938532438116 442.7938532438116 257.9711082224287 357.9711082224287
170 687.2751 415.71484 345.0756512552929 445.0756512552929 249.74105744826687 349.7410574482669
188 687.2751 415.71484 347.745971055829 447.745971055829 241.10145872448777 341.10145872448777
204 694.9573 416.27606 350.3372521925565 450.3372521925565 233.4924331110061 333.4924331110061
221 694.9573 416.27606 353.31279086333535 453.31279086333535 225.48702821623766 325.48702821623766
238 698.9328 424.5389 356.51500152904384 456.51500152904384 217.5695674640201 317.5695674640201
255 700.1815 430.12427 359.9412889638151 459.9412889638151 209.74646754616077 309.7464675461608
272 700.1815 430.12427 363.5888763391684 463.5888763391684 202.0240686798987 302.02406867989873
289 699.1782 438.19107 367.4548074744846 467.4548074744846 194.40862946948707 294.4086294694871
306 699.1782 438.19107 371.53594923283765 471.53594923283765 186.90632183391858 286.9063218339186
323 702.717 433.222 375.8289940602396 475.8289940602396 179.52322600490484 279.5232260049048
340 702.717 433.222 380.3304626662418 480.3304626662418 172.26532559916362 272.2653255991636
357 700.0862 438.75372 385.0367068437197 485.0367068437197 165.13850276900726 265.13850276900723
374 700.0862 438.75372 389.9439124255555 489.9439124255555 158.14853343516307 258.1485334351631
391 700.0862 438.75372 395.0481023758233 495.0481023758233 151.30108260568883 251.30108260568883
408 691.13086 439.3974 400.34514001297055 500.34514001297055 144.601699784777 244.601699784777
426 691.13086 439.3974 406.15919195402086 506.15919195402086 137.675656616284 237.675656616284
443 682.45776 433.45715 411.8395815063909 511.8395815063909 131.2980777305462 231.2980777305462
459 678.90063 432.7964 417.3496488335043 517.3496488335043 125.44562809241546 225.44562809241546
476 678.90063 432.7964 423.3736374701024 523.3736374701024 119.39154692211227 219.39154692211227
493 680.25336 430.49396 429.5675174146769 529.5675174146769 113.51139478609738 213.51139478609738
511 680.25336 430.49396 436.30533797716447 536.3053379771645 107.48022176480373 207.48022176480373
527 679.12317 430.75867 442.44473833256984 542.4447383325698 102.29179502905546 202.29179502905546
544 679.12317 430.75867 449.1176429853873 549.1176429853873 96.96144031244515 196.96144031244515
561 679.0565 433.7152 455.939574763276 555.939574763276 91.82319306962836 191.82319306962836
578 679.0565 433.7152 462.90500484391305 562.905004843913 86.88121758382923 186.88121758382923
595 679.1388 437.64108 470.0082881070341 570.0082881070341 82.13951907017963 182.13951907017963
612 679.1388 437.64108 477.24366770951156 577.2436677095116 77.60194042970028 177.60194042970028
630 681.73303 439.8029 485.0421198581312 585.0421198581312 73.02401316610684 173.02401316610684
646 681.73303 439.8029 492.08715802621145 592.0871580262115 69.15368424901567 169.15368424901567
663 685.7116 441.3567 499.6832388604396 599.6832388604396 65.24985358281685 165.24985358281685
681 685.7116 441.3567 507.8437817222184 607.8437817222184 61.353853820736504 161.3538538207365
697 660.3493 397.51013 515.1932957197998 615.1932957197998 58.09860379723074 158.09860379723074
714 660.3493 397.51013 523.0947016472838 623.0947016472838 54.85698039535282 154.85698039535282
731 645.0215 352.3704 531.0851801258791 631.0851801258791 51.84158795097835 151.84158795097835
748 645.0215 352.3704 539.158255286693 639.158255286693 49.0548702834833 149.0548702834833
766 633.436 339.62866 547.7889724557664 647.7889724557664 46.355982532478436 146.35598253247844
782 633.436 339.62866 555.5259627803556 655.5259627803556 44.176306080939696 144.1763060809397
800 623.0526 307.75735 564.2962813350795 664.2962813350795 41.972948099647 141.972948099647
816 623.0526 307.75735 572.1447741627716 672.1447741627716 40.23709987763954 140.23709987763954
833 616.9127 287.14774 580.531538399579 680.531538399579 38.62386599915499 138.623865999155
850 614.8481 268.33923 588.960825606595 688.960825606595 37.25001917650059 137.2500191765006
867 614.8481 268.33923 597.4258042831839 697.4258042831839 36.116672841359446 136.11667284135945
885 623.1896 253.8944 606.4200007018427 706.4200007018427 35.17981387243941 135.1798138724394
901 623.1896 253.8944 614.4353709721212 714.4353709721212 34.574960050003085 134.57496005000309
918 623.1896 253.8944 622.9661736117806 722.9661736117806 34.167843072143 134.167843072143
935 630.01843 244.5112 631.5051081479654 731.5051081479654 34.00372452586896 134.00372452586896
952 630.01843 244.5112 640.0452542165596 740.0452542165596 34.08273742076125 134.08273742076125
969 641.0377 235.08563 648.5796904715623 748.5796904715623 34.40481772096149 134.4048177209615
986 641.0377 235.08563 657.1015001944813 757.1015001944813 34.96970439707047 134.96970439707047
1003 654.0726 232.4291 665.6037768999744 765.6037768999744 35.77693963769889 135.7769396376989
1020 663.8068 223.1006 674.0796299331981 774.0796299331981 36.82586922049978 136.82586922049978
1037 663.8068 223.1006 682.5221900543268 782.5221900543268 38.115643042381976 138.11564304238198
1054 678.2925 213.59073 690.9246150057149 790.9246150057149 39.645215808474234 139.64521580847423
1071 678.2925 213.59073 699.2800950571935 799.2800950571935 41.41334787928315 141.41334787928315
1088 694.3436 217.00253 707.5818585250034 807.5818585250034 43.41860627535635 143.41860627535635
1105 694.3436 217.00253 715.8231772598931 815.8231772598931 45.65936583863811 145.6593658386381
1122 708.16156 216.56584 723.9973720999366 823.9973720999366 48.133810549576026 148.13381054957603
1140 708.16156 216.56584 732.5718778238853 832.5718778238853 51.006287796662775 151.00628779666278
1156 722.8601 214.64409 740.117950819005 840.117950819005 53.77554601295549 153.7755460129555
1173 722.8601 214.64409 748.0512698040402 848.0512698040402 56.93826443105149 156.9382644310515
1190 722.8601 214.64409 755.8913456946693 855.8913456946693 60.32552703375262 160.32552703375262
1207 737.816 211.53093 763.6318245155068 863.6318245155068 63.93458862018292 163.93458862018292
1224 755.9634 214.20538 771.2664330094331 871.2664330094331 67.76252423287974 167.76252423287974
1241 755.9634 214.20538 778.788983721744 878.788983721744 71.80623152831976 171.80623152831976
1258 767.5859 214.98549 786.1933800147626 886.1933800147626 76.06243329120804 176.06243329120804
1275 767.5859 214.98549 793.4736210088488 893.4736210088488 80.52768009049117 180.52768009049117
1292 780.9768 217.90843 800.6238064458005 900.6238064458005 85.19835307494287 185.19835307494287
1310 780.9768 217.90843 808.046396715908 908.046396715908 90.36346949445999 190.36346949446
1326 801.18274 222.31769 814.5109413283826 914.5109413283826 95.14067282585665 195.14067282585665
1344 801.18274 222.31769 821.6275668282935 921.6275668282935 100.71982289007568 200.71982289007568
1360 819.00543 234.71707 827.809774570124 927.809774570124 105.85716813378187 205.85716813378187
1377 819.00543 234.71707 834.2250299387413 934.2250299387413 111.49497235758312 211.49497235758312
1394 830.29895 252.28267 840.4772028442499 940.4772028442499 117.31310538030687 217.31310538030687
1411 830.29895 252.28267 846.5612262243785 946.5612262243785 123.30685190652298 223.30685190652298
1429 849.48615 260.57596 852.8143786828404 952.8143786828404 129.83918367062486 229.83918367062486
1445 849.48615 260.57596 858.2052415379586 958.2052415379586 135.80161659632608 235.80161659632608
1462 863.786 257.0206 863.7557966001699 963.7557966001699 142.29250840037312 242.29250840037312
1479 863.786 257.0206 869.1193360426164 969.1193360426164 148.93876919572267 248.93876919572267
1497 875.542 266.1495 874.5897089352587 974.5897089352587 156.13934516994212 256.1393451699421
1513 875.542 266.1495 879.2681356740757 979.2681356740757 162.675730406883 262.67573040688296
1530 885.8378 282.6191 884.0451707867052 984.0451707867052 169.7552977272204 269.7552977272204
1548 885.8378 282.6191 888.8813645222324 988.8813645222324 177.39627306401533 277.3962730640153
1564 895.50745 288.51703 892.9851570459276 992.9851570459276 184.30792233453255 284.3079223345326
1581 895.50745 288.51703 897.1408627967578 997.1408627967578 191.76918547310373 291.76918547310373
1598 906.74817 296.54886 901.0824960610505 1001.0824960610505 199.34571931915121 299.3457193191512
1615 928.93555 301.8785 904.8068623492258 1004.8068623492258 207.03138348446487 307.03138348446487
1632 928.93555 301.8785 908.3109432553329 1008.3109432553329 214.8199491363638 314.8199491363638
1649 940.09045 308.2734 911.5918989033121 1011.5918989033121 222.7051040458423 322.7051040458423
1666 940.09045 308.2734 914.6470702485676 1014.6470702485676 230.6804577033056 330.6804577033056
1683 940.09045 308.2734 917.4739812329851 1017.4739812329851 238.73954649774532 338.7395464977453
1700 948.57196 308.7353 920.0703407916484 1020.0703407916484 246.87583895516212 346.8758389551621
1717 948.57196 308.7353 922.4340447096293 1022.4340447096293 255.08274103198784 355.08274103198784
1734 957.0138 326.1778 924.5631773273444 1024.5631773273444 263.35360145921436 363.35360145921436
1751 957.0138 326.1778 926.4560130930984 1026.4560130930984 271.6817171329047 371.6817171329047
1768 962.739 342.2784 928.1110179615537 1028.1110179615537 280.0603385467098 380.0603385467098
1785 971.4921 349.81238 929.5268506369953 1029.5268506369953 288.4826752619944 388.4826752619944
1802 971.4921 349.81238 930.7023636603816 1030.7023636603817 296.94190141113677 396.94190141113677
1819 976.826 353.77307 931.6366043392997 1031.6366043392995 305.4311612295389 405.4311612295389
1837 976.826 353.77307 932.361983596427 1032.3619835964269 314.44487849148953 414.44487849148953
1853 979.76434 365.61 932.7784362013994 1032.7784362013995 322.4722426880359 422.4722426880359
1871 979.76434 365.61 932.9896881603357 1032.9896881603358 331.5126324227158 431.5126324227158
1887 982.5033 383.3562 932.9486453909749 1032.948645390975 339.5506871754069 439.5506871754069
1904 982.5033 383.3562 932.6690959534936 1032.6690959534935 348.08662239203596 448.08662239203596
1921 987.723 393.13742 932.1466802368993 1032.1466802368993 356.6111411309172 456.6111411309172
1938 987.723 393.13742 931.3818216320687 1031.3818216320687 365.1173347111916 465.1173347111916
1955 987.723 393.13742 930.3751400172805 1030.3751400172805 373.5983093035911 473.5983093035911
1972 985.51105 408.0424 929.1274512558361 1029.1274512558361 382.04719151753216 482.04719151753216
1989 996.3231 422.90353 927.6397665348454 1027.6397665348454 390.4571339716405 490.4571339716405
2006 996.3231 422.90353 925.9132915457113 1025.9132915457112 398.8213208432003 498.8213208432003
2023 999.55316 435.438 923.9494255069792 1023.9494255069792 407.13297339202586 507.13297339202586
2040 999.55316 435.438 921.7497600303433 1021.7497600303433 415.385355454278 515.3853554542779
2057 999.41907 448.62595 919.3160778307275 1019.3160778307275 423.5717789017766 523.5717789017766
2075 999.41907 448.62595 916.4863627748334 1016.4863627748334 432.1604916486035 532.1604916486035
2091 1000.8159 466.1276 913.7547408159044 1013.7547408159044 439.7202700970553 539.7202700970553
2108 1000.8159 466.1276 910.6315931762647 1010.6315931762647 447.6692503292295 547.6692503292295
2125 998.48334 487.04324 907.2834395119482 1007.2834395119482 455.52610752219204 555.526107522192
2143 998.48334 487.04324 903.4961054216201 1003.4961054216201 463.737646624778 563.737646624778
2159 1000.67773 496.64627 899.9231482862865 999.9231482862865 470.9380623089762 570.9380623089762
2176 1000.67773 496.64627 895.9169758597092 995.9169758597092 478.4806693117979 578.4806693117979
2193 998.1377 512.3784 891.6977228435584 991.6977228435584 485.90618221638465 585.9061822163847
2211 998.1377 512.3784 887.0018309919924 987.0018309919924 493.63417507762983 593.6341750776298
2227 996.7207 523.9731 882.6338229060326 982.6338229060326 500.38195353258584 600.3819535325858
2244 996.7207 523.9731 877.7965218060378 977.7965218060378 507.42048008140796 607.420480081408
2262 991.0636 534.6319 872.4585164298949 972.4585164298949 514.719724737489 614.719724737489
2278 991.0636 534.6319 867.5308160761413 967.5308160761413 521.0702977777584 621.0702977777584
2295 984.0578 544.79736 862.1107312689596 962.1107312689596 527.6705264551181 627.6705264551181
2312 984.0578 544.79736 856.5049640822481 956.5049640822481 534.1137952031119 634.1137952031119
2330 981.04596 547.72064 850.3721099362925 950.3721099362925 540.7591976716982 640.7591976716982
2346 981.04596 547.72064 844.754702109853 944.754702109853 546.5086966087915 646.5086966087915
2363 982.33167 551.6245 838.6197303028227 938.6197303028227 552.4502838409564 652.4502838409564
2380 973.8629 562.87787 832.3181143556885 932.3181143556885 558.2148284340103 658.2148284340103
2397 973.8629 562.87787 825.8549614017456 925.8549614017456 563.7976585231695 663.7976585231695
2415 964.443 586.3811 818.8413765564474 918.8413765564474 569.5058019659065 669.5058019659065
2432 964.443 586.3811 812.0622816327669 912.0622816327669 574.7004347658467 674.7004347658467
2449 964.443 586.3811 805.1380660054275 905.1380660054275 579.6999923319313 679.6999923319313
2465 948.1487 597.61884 798.4936144283101 898.4936144283101 584.2236271487043 684.2236271487043
2482 948.1487 597.61884 791.3038148358737 891.3038148358737 588.8330869577367 688.8330869577367
2500 940.16693 610.2099 783.5513727666926 883.5513727666926 593.48850486691 693.48850486691
2516 940.16693 610.2099 776.54525546435 876.54525546435 597.4288511793545 697.4288511793545
2533 926.53406 615.92584 768.9884567331254 868.9884567331254 601.4081891703074 701.4081891703074
2550 926.53406 615.92584 761.3214464020558 861.3214464020558 605.1708066759479 705.1708066759479
2567 916.4855 622.5862 753.5504381858558 853.5504381858558 608.7136542896951 708.7136542896951
2584 901.7804 641.0785 745.6817300841386 845.6817300841386 612.0338607170812 712.0338607170812
2601 901.7804 641.0785 737.721699277214 837.721699277214 615.1287351027865 715.1287351027865
2618 888.89374 645.7605 729.6767969577133 829.6767969577133 617.9957692114392 717.9957692114392
2635 888.89374 645.7605 721.553543102233 821.553543102233 620.6326394604092 720.6326394604092
2652 878.95074 654.4014 713.3585211872297 813.3585211872297 623.0372088029525 723.0372088029525
2670 878.95074 654.4014 704.6105964401853 804.6105964401853 625.327860798587 725.327860798587
2686 878.95074 654.4014 696.7797925232513 796.7797925232513 627.1418395004217 727.1418395004217
2703 871.5425 653.4384 688.4095219750633 788.4095219750633 628.8385742647915 728.8385742647915
2721 871.5425 653.4384 679.4980815799211 779.4980815799211 630.3746419810356 730.3746419810356
2738 859.11786 646.88916 671.0427906981013 771.0427906981013 631.5781344048996 731.5781344048996
2754 853.91864 655.3173 663.0565821743512 763.0565821743512 632.4905389924386 732.4905389924386
2771 853.91864 655.3173 654.5477237438794 754.5477237438794 633.2251587040392 733.2251587040392
2788 841.5774 652.39197 646.0214019995067 746.0214019995067 633.7172719246712 733.7172719246712
2805 841.5774 652.39197 637.4845270833351 737.4845270833351 633.9664798220608 733.9664798220608
2822 825.9835 649.2513 628.9440176902656 728.9440176902656 633.9725804261168 733.9725804261168
2839 825.9835 649.2513 620.4067954607539 720.4067954607539 633.7355687926154 733.7355687926154
2856 808.92633 645.5922 611.8797793711809 711.8797793711809 633.2556370072082 733.2556370072082
2873 808.92633 645.5922 603.3698801263789 703.3698801263789 632.5331740297464 732.5331740297464
2890 797.3545 643.2223 594.8839945588649 694.8839945588649 631.5687653790487 731.5687653790487
2907 797.3545 643.2223 586.4290000393138 686.4290000393138 630.3631926583694 730.3631926583694
2924 785.25543 641.5116 578.0117489028069 678.0117489028069 628.9174329219486 728.9174329219486
2941 785.25543 641.5116 569.6390628953682 669.6390628953682 627.232657883161 727.232657883161
2958 765.67413 659.1226 561.3177276452934 661.3177276452934 625.3102329649023 725.3102329649023
2975 765.67413 659.1226 553.0544871637487 653.0544871637487 623.1517161929854 723.1517161929854
2992 747.5211 666.77386 544.8560383791012 644.8560383791012 620.7588569334407 720.7588569334407
3009 747.5211 666.77386 536.7290257094023 636.7290257094023 618.1335944747455 718.1335944747455
3027 735.0881 676.59326 528.2091351954737 628.2091351954737 615.1029609476205 715.1029609476205
3044 735.0881 676.59326 520.2498660899855 620.2498660899855 612.0061281757542 712.0061281757542
3061 714.27765 684.7822 512.3819751274623 612.3819751274623 608.6839858379951 708.6839858379951
3077 714.27765 684.7822 505.066086470933 605.066086470933 605.3538534259965 705.3538534259965
3095 695.72894 674.33276 496.94575447846444 596.9457544784644 601.3747225815591 701.3747225815591
3111 695.72894 674.33276 489.8312325780845 589.8312325780845 597.6336549738851 697.6336549738851
3128 676.90015 671.4396 482.38478743869564 582.3847874386956 593.4514554692516 693.4514554692516
3145 649.58563 663.1687 475.06040812706976 575.0604081270698 589.058983999804 689.058983999804
3162 649.58563 663.1687 467.8640306732291 567.8640306732291 584.4598004361334 684.4598004361334
3179 649.58563 663.1687 460.8014873683203 560.8014873683203 579.6576321782761 679.6576321782761
3196 627.8341 656.44714 453.87850203784535 553.8785020378454 574.6563711348483 674.6563711348483
3214 627.8341 656.44714 446.7066291336331 546.7066291336331 569.1484211540582 669.1484211540582
3230 603.1553 665.4467 440.47353053246013 540.4735305324601 564.0729418127313 664.0729418127313
3247 603.1553 665.4467 434.0024083925641 534.0024083925641 558.4993508552757 658.4993508552757
3264 587.0958 664.5055 427.69256349239276 527.6925634923928 552.7438148032415 652.7438148032415
3281 587.0958 664.5055 421.54910963438175 521.5491096343817 546.8109982204569 646.8109982204569
3298 574.22 665.3572 415.5770257696452 515.5770257696452 540.7057093474355 640.7057093474355
3315 574.22 665.3572 409.7811519627961 509.7811519627961 534.4328962045494 634.4328962045494
3332 557.95825 668.1238 404.1661854693228 504.1661854693228 527.9976425819129 627.9976425819129
3349 537.07886 667.09906 398.7366769287074 498.7366769287074 521.4051639192346 621.4051639192346
3366 537.07886 667.09906 393.49702667636814 493.49702667636814 514.6608030789737 614.6608030789737
3384 521.0042 665.51917 388.16081736231547 488.16081736231547 507.3602452851014 607.3602452851014
3400 521.0042 665.51917 383.6041295851123 483.6041295851123 500.7384173488538 600.7384173488538
3417 521.0042 665.51917 378.95890042682595 478.95890042682595 493.5716758314352 593.5716758314352
3434 502.41623 659.7093 374.519558420162 474.519558420162 486.2756097367269 586.2756097367269
3451 502.41623 659.7093 370.28970142185455 470.28970142185455 478.85613214835485 578.8561321483548
3468 488.11118 649.4087 366.2727575118902 466.2727575118902 471.3192561685689 571.3192561685689
3485 488.11118 649.4087 362.4719822152257 462.4719822152257 463.6710900449318 563.6710900449318
3503 471.01718 634.2287 358.68666860027383 458.68666860027383 455.45861935813366 555.4586193581337
3519 471.01718 634.2287 355.5310810978608 455.5310810978608 448.06576630732854 548.0657663073285
3536 455.47473 619.8244 352.3965805179704 452.3965805179704 440.1212559998803 540.1212559998803
3554 447.27014 611.084 349.3256228120883 449.3256228120883 431.61581699217805 531.615816992178
3570 447.27014 611.084 346.8121790087004 446.8121790087004 423.9807263598813 523.9807263598814
3587 435.1126 593.7 344.3668039474663 444.3668039474663 415.79778809050777 515.7977880905078
3604 435.1126 593.7 342.155351140146 442.155351140146 407.5485569510936 507.5485569510936
3621 426.51883 579.2029 340.17961285468476 440.17961285468476 399.23971851615926 499.23971851615926
3638 426.51883 579.2029 338.44119032461737 438.44119032461737 390.87800666884965 490.87800666884965
3655 415.5818 559.9482 336.9414924513526 436.9414924513526 382.4701981434725 482.4701981434725
3672 415.5818 559.9482 335.68173466233077 435.68173466233077 374.02310703330426 474.02310703330426
3689 415.5818 559.9482 334.66293792598333 434.66293792598333 365.5435792681223 465.5435792681223
3707 411.54443 548.6922 333.8477655898568 433.8477655898568 356.5375386282254 456.5375386282254
3723 407.63086 532.7657 333.35133438360816 433.35133438360816 348.5147233633919 448.5147233633919
3740 407.63086 532.7657 333.05959056430925 433.05959056430925 339.9791962294431 439.9791962294431
3757 396.88858 512.76416 453.02406576024066 553.0240657602407 331.056686471707 431.056686471707
3774 396.88858 512.76416 453.36623095517183 553.3662309551719 322.5235450269113 422.5235450269113
3791 391.07642 498.7387 454.11274721758974 554.1127472175897 314.01623679178385 414.01623679178385
3808 391.07642 498.7387 455.26193415828243 555.2619341582824 305.553911501838 405.553911501838
3825 391.85422 493.85583 456.81120498653286 556.8112049865329 297.15561763711503 397.15561763711503
3843 391.85422 493.85583 458.8837967246308 558.8837967246309 288.35410470841526 388.35410470841526
3859 384.78125 483.28693 461.09515609929747 561.0951560992975 280.62655488470796 380.62655488470796
3876 384.78125 483.28693 463.8201933182859 563.8201933182859 272.53299249891984 372.53299249891984
3893 383.45102 473.9724 466.92605000007745 566.9260500000775 264.5777907912517 364.5777907912517
3911 383.77832 458.52588 470.6219007798122 570.6219007798122 256.3253394366035 356.3253394366035
3928 383.77832 458.52588 474.4888488204813 574.4888488204813 248.71099161237862 348.7109916123786
3944 383.77832 458.52588 478.4544350159092 578.4544350159092 241.71962102511617 341.71962102511617
3962 389.41434 456.08075 483.2836511094473 583.2836511094473 234.07495371588607 334.07495371588607
3979 389.41434 456.08075 488.19170848039323 588.1917084803932 227.08620899447726 327.08620899447726
3995 402.26025 447.19348 493.109026801152 593.109026801152 220.7281340425647 320.7281340425647
4012 402.26025 447.19348 498.63907999467915 598.6390799946792 214.22043924223226 314.22043924223226
4029 413.43192 437.00494 504.47157621838664 604.4715762183866 207.98236520147657 307.98236520147657
4046 413.43192 437.00494 510.59338667089924 610.5933866708992 202.0279536670738 302.0279536670738
4063 445.8891 423.35065 516.9907313118342 616.9907313118342 196.37060786867886 296.37060786867886
4081 445.8891 423.35065 524.0486998190197 624.0486998190197 190.7184094558065 290.7184094558065
4097 469.0503 417.595 530.5538343096449 630.5538343096449 185.9973542961332 285.9973542961332
4114 494.5625 410.44565 537.689062464963 637.689062464963 181.30479645322103 281.304796453221
4132 494.5625 410.44565 545.4775025692394 645.4775025692394 176.71105428707807 276.71105428707807
4148 511.56827 398.65256 552.5866021519138 652.5866021519138 172.9606090221234 272.96060902212344
4165 511.56827 398.65256 560.3153796987771 660.3153796987771 169.32776198864897 269.32776198864894
4182 511.56827 398.65256 568.2077684862486 668.2077684862486 166.06558799499004 266.06558799499004
4199 534.11145 383.51895 576.2460029469295 676.2460029469295 163.1814301122385 263.1814301122385
4216 534.11145 383.51895 584.4119892185008 684.4119892185008 160.68178050678887 260.68178050678887
4233 553.2979 379.01495 592.6873458725511 692.6873458725511 158.57226582663537 258.5722658266354
4251 553.2979 379.01495 601.547993109811 701.547993109811 156.76915826363768 256.7691582636377
4267 566.28125 371.40164 609.4914555949256 709.4914555949256 155.54174622631027 255.54174622631027
4284 566.28125 371.40164 617.9823830375866 717.9823830375866 154.6275629290547 254.6275629290547
4301 576.15125 364.03598 626.507114755926 726.507114755926 154.1171424476271 254.1171424476271
4318 587.49524 355.91028 635.0464617946108 735.0464617946108 154.01163372561214 254.01163372561214
4335 587.49524 355.91028 643.581202299593 743.581202299593 154.31127426047263 254.31127426047263
4352 606.3586 361.03903 652.0921247860152 752.0921247860152 155.01538956894865 255.01538956894865
4369 606.3586 361.03903 660.5600713827765 760.5600713827765 156.12239470530233 256.1223947053023
4386 621.22314 357.9508 668.9659809564164 768.9659809564164 157.6297978289907 257.6297978289907
4403 621.22314 357.9508 677.2909320172428 777.2909320172428 159.53420581373558 259.5342058137356
4421 638.5515 349.68243 685.9965220114407 785.9965220114407 161.97858082584344 261.97858082584344
4437 638.5515 349.68243 693.6232260010909 793.6232260010909 164.5160052712332 264.5160052712332
4454 638.5515 349.68243 701.5938053437343 801.5938053437343 167.58218283949915 267.5821828394992
4471 656.54266 337.0702 709.4099817666976 809.4099817666976 171.0229627020636 271.02296270206364
4488 656.54266 337.0702 717.0541612546845 817.0541612546845 174.83059975054408 274.8305997505441
4505 674.2311 326.9713 724.5091369531456 824.5091369531456 178.99652309031762 278.9965230903176
4522 691.5475 318.14017 731.7581279004737 831.7581279004737 183.51135533338842 283.51135533338845
4539 691.5475 318.14017 738.7848168015221 838.7848168015221 188.36493370665013 288.36493370665016
4556 705.58563 315.67343 745.5733867574248 845.5733867574248 193.54633292803192 293.5463329280319
4573 705.58563 315.67343 752.108556869033 852.108556869033 199.0438897990301 299.0438897990301
4590 716.5801 324.12482 758.3756166338345 858.3756166338345 204.8452294582745 304.8452294582745
4607 716.5801 324.12482 764.3604590589218 864.3604590589218 210.9372932370277 310.9372932370277
4624 729.67114 338.8567 770.0496124154753 870.0496124154753 217.30636805391646 317.30636805391646
4642 729.67114 338.8567 775.7369103211945 875.7369103211945 224.33608418463587 324.33608418463587
4658 745.3617 339.67157 780.4903217770493 880.4903217770493 230.81761302381858 330.8176130238186
4676 745.3617 339.67157 785.4859265519513 885.4859265519513 238.35460176468007 338.35460176468007
4693 759.33936 350.9815 789.8508707295014 889.8508707295014 245.69482262405427 345.69482262405427
4709 759.33936 350.9815 793.6366938824929 893.6366938824929 252.78514557975075 352.78514557975075
4726 770.65607 352.1525 797.3080081024611 897.3080081024611 260.4957247950736 360.4957247950736
4743 770.65607 352.1525 800.6094691549205 900.6094691549205 268.3717602734482 368.3717602734482
4760 785.1698 362.97223 803.5336455346032 903.5336455346032 276.3955232583588 376.3955232583588
4777 785.1698 362.97223 806.0739549944915 906.0739549944915 284.5489524624127 384.5489524624127
4794 796.64026 368.79254 808.2246793622878 908.2246793622878 292.8136947228397 392.8136947228397
4811 796.64026 368.79254 809.980977411876 909.980977411876 301.17114631399613 401.17114631399613
4828 809.76263 370.89133 811.3388957607996 911.3388957607996 309.60249482388303 409.60249482388303
4845 809.76263 370.89133 812.2953777692248 912.2953777692248 318.08876150040663 418.08876150040663
4862 821.4347 376.16943 812.84827042036 912.84827042036 326.6108439720703 426.6108439720703
4880 835.0287 388.69855 812.9924195110625 912.9924195110625 335.6519438712278 435.6519438712278
4897 835.0287 388.69855 812.7114868280897 912.7114868280897 344.18732065055974 444.18732065055974
4914 847.7591 393.7817 812.0260281368674 912.0260281368674 352.69976602895355 452.69976602895355
4930 847.7591 393.7817 811.0127280160616 911.0127280160616 360.6733699460652 460.6733699460652
4947 847.7591 393.7817 809.5472300260149 909.5472300260149 369.0866865084376 469.0866865084376
4964 853.06 407.8022 807.6843286896907 907.6843286896907 377.4210238275436 477.4210238275436
4982 853.06 407.8022 805.2833637432075 905.2833637432075 386.13868599538773 486.13868599538773
4998 865.0078 416.78296 802.7839744590015 902.7839744590015 393.77793921594457 493.77793921594457
5015 865.0078 416.78296 799.7575521379785 899.7575521379785 401.7636982827043 501.7636982827043
5032 873.0221 422.8973 796.3557627878217 896.3557627878217 409.59692297976756 509.59692297976756
5050 873.0221 422.8973 792.3532545820084 892.3532545820084 417.70507902225296 517.7050790222529
5066 873.6608 439.5689 788.4575400722103 888.4575400722103 424.73562274375536 524.7356227437554
5083 875.8085 458.1947 783.9788854061801 883.9788854061801 432.00702098068035 532.0070209806804
5100 875.8085 458.1947 779.1603810904619 879.1603810904619 439.057807893992 539.057807893992
5117 875.4907 470.55536 774.0128734563121 874.0128734563121 445.8721123408068 545.8721123408068
5134 875.4907 470.55536 768.5479494131282 868.5479494131282 452.4345954942897 552.4345954942896
5151 874.7941 481.60138 762.7779103666112 862.7779103666112 458.73048537096236 558.7304853709624
5168 874.7941 481.60138 756.7157445286122 856.7157445286122 464.7456100820642 564.7456100820642
5185 875.43304 492.9129 750.3750976809954 850.3750976809954 470.46642973411736 570.4664297341174
5202 875.43304 492.9129 743.7702424593289 843.7702424593289 475.8800669068827 575.8800669068827
5220 875.43304 492.9129 736.5054202885274 836.5054202885274 481.26380400796154 581.2638040079615
5236 869.22894 505.7764 729.8279376018812 829.8279376018812 485.73776886380733 585.7377688638073
5253 864.5065 521.7695 722.5218717414465 822.5218717414465 490.15964421036574 590.1596442103657
5270 864.5065 521.7695 715.014294413571 815.014294413571 494.2300081502966 594.2300081502966
5287 860.15155 534.4281 707.3221049847989 807.3221049847989 497.93969839739407 597.9396983973941
5304 860.15155 534.4281 699.4626183788416 799.4626183788416 501.28036453280606 601.2803645328061
5321 846.72327 541.53156 691.4535261011198 791.4535261011198 504.2444868016163 604.2444868016163
5338 846.72327 541.53156 683.3128564156366 783.3128564156366 506.8253930396211 606.8253930396211
5356 842.73413 547.70734 674.5702779150454 774.5702779150454 509.133982978935 609.133982978935
5372 842.73413 547.70734 666.710337516615 766.710337516615 510.8151948914908 610.8151948914908
5389 828.2478 550.2781 658.2858601528986 758.2858601528986 512.2151095623715 612.2151095623715
5407 828.2478 550.2781 649.3041943374132 749.3041943374132 513.2600715357657 613.2600715357657
5423 815.3707 552.13525 641.2852433377668 741.2852433377668 513.8092176247758 613.8092176247758
5440 815.3707 552.13525 632.7473718445073 732.7473718445073 513.9998227193989 613.9998227193989
5457 796.6697 561.4353 624.2100690108309 724.2100690108309 513.7852527689789 613.7852527689789
5474 796.6697 561.4353 615.692552089333 715.692552089333 513.1659907650433 613.1659907650433
5491 786.5621 562.72504 607.2139937950213 707.2139937950213 512.1434306506889 612.1434306506889
5508 786.5621 562.72504 598.7934791480179 698.7934791480179 510.71987418285164 610.7198741828516
5525 770.60895 570.06305 590.4499625136663 690.4499625136663 508.8985257511097 608.8985257511097
5542 770.60895 570.06305 582.2022249367301 682.2022249367301 506.68348516468336 606.6834851646834
5560 752.33075 578.4179 573.5943505800357 673.5943505800357 503.9145927134932 603.9145927134932
5576 752.33075 578.4179 566.0680913626405 666.0680913626405 501.0931464966776 601.0931464966776
5593 728.788 586.3043 558.218012891798 658.218012891798 497.7304321259451 597.7304321259451
5610 728.788 586.3043 550.5362667811617 650.5362667811617 493.99916469660786 593.9991646966079
5627 712.41364 595.65375 543.0401444467964 643.0401444467964 489.90774319720856 589.9077431972086
5644 700.76874 600.1855 535.7465194703461 635.7465194703461 485.4653773139863 585.4653773139863
5661 700.76874 600.1855 528.6718096170268 628.6718096170268 480.6820667001052 580.6820667001052
5678 680.291 604.5143 521.8319398796541 621.8319398796541 475.56857846668925 575.5685784666892
5695 680.291 604.5143 515.2423066318847 615.2423066318847 470.13642294632587 570.1364229463259
5712 680.291 604.5143 508.91774297137306 608.9177429713731 464.3978277836013 564.3978277836013
5729 661.3104 610.8966 502.8724853308397 602.8724853308397 458.36571041097886 558.3657104109789
5746 661.3104 610.8966 497.1201414322254 597.1201414322254 452.0536489719888 552.0536489719889
5764 643.62445 601.41046 491.36306905859533 591.3630690585953 445.0809605355471 545.0809605355471
5780 643.62445 601.41046 486.5452998949387 586.5452998949387 438.6471252215585 538.6471252215586
5797 627.80554 598.0688 481.74660595691194 581.7466059569119 431.58284065575424 531.5828406557542
5814 627.80554 598.0688 477.2883795805666 577.2883795805666 424.29889958551144 524.2988995855114
5831 607.44617 596.2676 473.18065612063515 573.1806561206351 416.8116979778178 516.8116979778179
5849 594.37524 591.6356 469.2236005938714 569.2236005938714 408.68126269395975 508.68126269395975
5865 594.37524 591.6356 466.05289368960894 566.0528936896089 401.295346752855 501.295346752855
5882 577.91705 588.60486 463.04889913133843 563.0488991313384 393.30112404946493 493.30112404946493
5899 577.91705 588.60486 460.427460199564 560.4274601995639 385.1734160167848 485.1734160167848
5917 558.2803 576.4954 458.07533489037223 558.0753348903722 376.44244969702606 476.44244969702606
5933 558.2803 576.4954 456.35497798067684 556.3549779806768 368.59098431373195 468.59098431373195
5950 558.2803 576.4954 454.91310174796206 554.9131017479621 360.1735872774116 460.1735872774116
5967 546.00543 568.01404 453.8720946157316 553.8720946157316 351.69727415859836 451.69727415859836
5984 546.00543 568.01404 453.23429986469176 553.2342998646918 343.18112492358273 443.18112492358273
6001 534.93286 551.7198 453.0036526131048 553.0036526131048 335.1467028281774 435.1467028281774
6019 531.945 530.4292 453.0036526131048 553.0036526131048 335.1467028281774 435.1467028281774
