683.0 1067.0 0.0 384.0
1 664.8107 387.86874
17 664.4454 385.79947
34 665.9719 380.12305
51 665.9719 380.12305
68 665.9719 380.12305
85 665.1908 380.54086
102 665.1908 380.54086
119 664.5411 380.84918
136 664.5411 380.84918
153 666.5306 381.34476
170 666.5306 381.34476
187 666.7554 384.74893
205 664.50397 391.72223
221 664.50397 391.72223
238 665.7635 392.03308
256 665.7635 392.03308
273 665.7635 392.03308
289 669.39557 392.0879
306 669.39557 392.0879
323 669.235 390.05377
340 669.235 390.05377
357 683.76324 351.83847
374 683.76324 351.83847
392 695.8629 324.79285
409 703.9638 305.88522
426 703.9638 305.88522
443 664.38245 280.83148
459 664.38245 280.83148
476 664.38245 280.83148
493 617.91003 252.98209
510 580.01746 231.85614
527 580.01746 231.85614
545 580.01746 231.85614
561 549.5649 215.71591
578 526.9652 203.45483
596 526.9652 203.45483
613 571.7498 205.10918
630 571.7498 205.10918
646 619.19794 207.10332
664 619.19794 207.10332
681 619.19794 207.10332
697 659.07306 207.40384
714 689.0115 212.44592
732 689.0115 212.44592
749 689.0115 212.44592
765 710.9674 227.16248
783 661.4528 220.28754
799 661.4528 220.28754
816 626.11304 211.95323
833 626.11304 211.95323
850 599.14954 208.06274
867 599.14954 208.06274
884 572.7213 200.11438
901 572.7213 200.11438
918 551.9092 195.23428
935 551.9092 195.23428
953 538.9046 196.77258
970 538.9046 196.77258
986 526.0638 193.42398
1003 526.0638 193.42398
1020 518.93756 194.03467
1037 518.93756 194.03467
1054 513.07104 189.1521
1071 513.07104 189.1521
1088 505.66504 195.357
1106 505.66504 195.357
1122 501.55963 195.49551
1139 501.55963 195.49551
1156 496.65558 196.48503
1173 493.23218 196.3803
1191 493.23218 196.3803
1207 492.17987 195.70604
1224 492.17987 195.70604
1241 487.9338 195.1512
1258 487.9338 195.1512
1275 487.9338 195.1512
1293 487.95816 198.97482
1310 487.95816 198.97482
1326 488.4808 201.77022
1344 488.4808 201.77022
1360 487.67722 211.44678
1377 491.62894 217.32132
1394 491.62894 217.32132
1411 491.7658 212.43208
1428 491.7658 212.43208
1445 489.383 215.23602
1463 489.383 215.23602
1479 483.4722 213.97081
1496 483.4722 213.97081
1513 483.4722 213.97081
1530 485.6833 210.94849
1547 484.0904 204.12347
1564 484.0904 204.12347
1581 485.27777 200.97606
1599 485.27777 200.97606
1616 487.2675 202.9525
1633 487.2675 202.9525
1649 483.30417 203.24272
1667 483.30417 203.24272
1684 485.84222 204.0872
1700 485.84222 204.0872
1718 485.84155 207.02776
1734 485.84155 207.02776
1752 489.24524 210.37567
1768 489.24524 210.37567
1786 494.1472 208.93713
1802 494.1472 208.93713
1820 496.21924 207.9853
1836 496.21924 207.9853
1853 497.6547 206.37994
1870 497.6547 206.37994
1887 499.23767 210.26837
1904 499.23767 210.26837
1922 499.65393 207.05957
1939 503.3011 210.78603
1955 503.3011 210.78603
1972 503.3011 210.78603
1990 501.4685 208.44272
2006 500.8436 208.48587
2023 500.8436 208.48587
2040 500.8436 208.48587
2057 501.06738 207.64432
2074 501.06738 207.64432
2092 504.9271 201.93587
2108 504.9271 201.93587
2126 507.99963 202.34604
2142 503.97797 204.53027
2159 503.97797 204.53027
2176 502.60342 207.5741
2193 502.60342 207.5741
2210 502.54944 207.72353
2228 502.54944 207.72353
2244 505.6456 212.01814
2261 505.6456 212.01814
2278 505.6456 212.01814
2296 505.64197 202.49576
2312 505.64197 202.49576
2329 505.95712 196.77759
2346 504.9764 198.71352
2364 504.9764 198.71352
2380 507.90625 199.89136
2397 507.90625 199.89136
2414 507.04074 197.9976
2431 507.04074 197.9976
2448 507.6586 193.89404
2465 507.6586 193.89404
2483 504.33368 192.65582
2500 504.33368 192.65582
2516 508.74612 195.50735
2533 508.74612 195.50735
2550 508.65588 200.00148
2567 508.65588 200.00148
2584 508.58954 197.37958
2601 508.58954 197.37958
2618 505.34375 199.62978
2635 505.34375 199.62978
2652 504.42743 203.5778
2670 504.42743 203.5778
2686 504.42743 203.5778
2703 500.2387 208.51364
2721 500.2387 208.51364
2737 499.63608 214.15036
2754 499.63608 214.15036
2771 499.63608 214.15036
2788 499.47806 213.23984
2806 499.47806 213.23984
2823 496.41983 215.29312
2839 496.41983 215.29312
2856 498.1473 214.12016
2874 498.1473 214.12016
2891 497.65985 218.2288
2908 496.04572 219.02037
2925 496.04572 219.02037
2941 496.42004 215.18161
2958 496.42004 215.18161
2975 496.5396 214.45422
2993 496.5396 214.45422
3009 496.5396 214.45422
3026 493.56015 210.3711
3044 493.56015 210.3711
3060 496.7197 209.16743
3077 496.7197 209.16743
3095 495.54214 205.16505
3111 498.57065 206.38713
3128 498.57065 206.38713
3145 497.42603 207.62317
3162 497.42603 207.62317
3180 492.07828 210.50754
3197 492.07828 210.50754
3213 489.0881 210.9028
3230 489.0881 210.9028
3247 486.4865 209.70558
3264 486.4865 209.70558
3281 486.4865 209.70558
3298 481.94858 205.56763
3315 488.00055 206.9344
3332 488.00055 206.9344
3349 487.85965 211.14297
3366 487.85965 211.14297
3383 485.37723 211.26762
3400 485.37723 211.26762
3417 484.67953 210.19652
3434 484.67953 210.19652
3451 484.06195 211.78659
3468 484.06195 211.78659
3485 484.06195 211.78659
3503 484.06195 211.78659
3520 484.06195 211.78659
3536 484.06195 211.78659
3554 484.06195 211.78659
3571 484.06195 211.78659
3587 481.8247 211.73474
3604 481.8247 211.73474
3622 480.48383 213.60875
3638 480.48383 213.60875
3655 479.9709 209.49615
3673 479.9709 209.49615
3689 481.22784 209.3229
3707 475.5822 214.62935
3723 475.5822 214.62935
3741 475.5822 214.62935
3758 482.57587 213.58125
3774 482.57587 213.58125
3792 484.42053 217.40222
3808 484.42053 217.40222
3825 480.26505 221.18008
3842 480.26505 221.18008
3859 484.6538 218.7319
3876 484.6538 218.7319
3893 481.01785 218.9133
3910 481.54764 218.59308
3927 481.54764 218.59308
3945 479.9493 215.91565
3961 479.9493 215.91565
3978 483.74023 213.87729
3995 483.74023 213.87729
