683.0 1067.0 384.0 768.0
12 666.1341 394.94147
17 666.1341 394.94147
34 671.59625 396.8871
51 676.9173 399.42993
68 676.9173 399.42993
86 680.8643 402.45505
103 680.8643 402.45505
119 685.76495 403.23724
136 685.76495 403.23724
153 685.76495 403.23724
171 688.1814 406.15506
187 690.2776 406.93118
204 690.2776 406.93118
222 693.5057 407.5287
239 693.5057 407.5287
255 695.08984 406.19263
272 695.08984 406.19263
289 698.1084 408.14838
306 698.1084 408.14838
323 698.91895 408.31985
340 698.91895 408.31985
357 698.2386 411.7012
374 697.30536 413.25964
391 697.30536 413.25964
408 697.30536 413.25964
425 715.8138 420.86435
443 715.8138 420.86435
460 746.93884 437.25204
476 746.93884 437.25204
493 774.07495 452.09323
510 774.07495 452.09323
527 799.177 465.4167
544 799.177 465.4167
561 803.0778 478.45248
579 818.9864 427.98505
595 818.9864 427.98505
613 818.9864 427.98505
629 828.5196 386.98352
646 828.5196 386.98352
663 837.81604 356.06995
680 837.81604 356.06995
697 845.70557 334.25732
715 845.70557 334.25732
731 850.45966 321.15952
748 850.45966 321.15952
765 861.8203 369.6176
782 872.8368 410.4552
799 872.8368 410.4552
817 882.6068 442.54376
834 882.6068 442.54376
851 886.9116 447.49017
867 886.9116 447.49017
884 886.9116 447.49017
901 884.076 478.62186
918 884.076 478.62186
936 878.39417 499.87805
952 878.39417 499.87805
969 888.06555 494.18347
986 887.84265 489.86322
1003 887.84265 489.86322
1020 894.6 510.48996
1037 894.6 510.48996
1054 894.6 510.48996
1071 897.77783 526.40015
1088 901.014 538.7217
1105 901.014 538.7217
1122 902.1725 547.62225
1139 902.4121 553.2243
1156 902.4121 553.2243
1174 903.3157 556.9162
1190 903.3157 556.9162
1208 903.3157 556.9162
1224 905.53516 553.9616
1241 905.53516 553.9616
1258 906.30096 555.52234
1275 906.30096 555.52234
1292 905.4509 548.93286
1309 905.4509 548.93286
1326 907.0173 550.75214
1343 907.51135 551.1281
1360 907.51135 551.1281
1377 886.88727 549.1048
1394 886.88727 549.1048
1411 885.50745 532.00037
1428 885.50745 532.00037
1445 885.067 521.6589
1463 885.067 521.6589
1479 885.067 521.6589
1496 884.4882 513.9854
1514 884.4882 513.9854
1530 882.98456 505.32587
1548 870.4995 513.6907
1564 870.4995 513.6907
1581 874.51886 501.587
1598 874.51886 501.587
1615 878.99603 496.48413
1633 878.99603 496.48413
1649 878.99603 496.48413
1667 876.65643 494.67633
1683 876.65643 494.67633
1700 873.4927 503.0147
1717 873.4927 503.0147
1735 850.57996 485.30673
1751 784.6745 423.11713
1769 784.6745 423.11713
1785 701.8075 363.5458
1802 701.8075 363.5458
1819 701.8075 363.5458
1836 648.0534 330.3211
1853 648.0534 330.3211
1871 606.6574 296.31027
1888 606.6574 296.31027
1904 567.0774 263.3138
1921 567.0774 263.3138
1939 550.3347 240.94441
1955 531.6396 225.6592
1973 531.6396 225.6592
1990 519.8582 212.19046
2006 519.8582 212.19046
2024 509.42618 200.06416
2041 509.42618 200.06416
2057 500.56802 189.57991
2074 500.56802 189.57991
2091 486.38666 179.06041
2108 486.38666 179.06041
2125 479.81213 175.7673
2142 473.11484 171.18144
2159 473.11484 171.18144
2177 473.11484 171.18144
2193 475.04123 169.7549
2210 475.04123 169.7549
2228 467.58643 167.60202
2244 467.58643 167.60202
2262 471.30573 166.296
2278 471.30573 166.296
2295 468.84244 165.53197
2313 466.07477 166.71582
2329 466.07477 166.71582
2346 462.11584 166.19778
2363 462.11584 166.19778
2380 459.27466 166.93835
2397 459.27466 166.93835
2414 459.27466 166.93835
2431 458.98505 169.24646
2448 458.98505 169.24646
2465 456.35822 170.83955
2482 456.35822 170.83955
2499 455.85748 170.83038
2516 468.4354 172.81232
2534 468.4354 172.81232
2550 463.8407 172.83656
2568 463.8407 172.83656
2584 449.67148 172.76996
2601 449.67148 172.76996
2619 457.02478 175.50029
2635 457.02478 175.50029
2652 457.02478 175.50029
2669 458.99805 176.36191
2686 458.99805 176.36191
2704 467.57874 177.97595
2721 469.89523 178.51776
2738 469.89523 178.51776
2754 471.12683 182.4482
2772 471.12683 182.4482
2788 471.96545 181.67819
2805 471.96545 181.67819
2823 477.67883 184.2497
2840 477.67883 184.2497
2856 478.52618 184.69868
2873 478.52618 184.69868
2890 469.51068 183.15108
2907 469.51068 183.15108
2925 468.83487 182.86668
2941 468.83487 182.86668
2958 467.6773 183.42459
2975 467.6773 183.42459
2992 468.55637 184.85847
3010 468.55637 184.85847
3026 470.12927 184.79549
3043 470.12927 184.79549
3060 469.27618 183.53067
3077 469.27618 183.53067
3112 471.7022 184.44305
3113 471.7022 184.44305
3129 471.1566 196.77419
3145 471.1566 196.77419
3162 455.8948 204.50436
3179 455.8948 204.50436
3196 461.0915 213.77145
3213 461.0915 213.77145
3230 467.74655 220.04497
3248 470.1252 226.3015
3264 470.1252 226.3015
3281 474.784 231.40652
3298 474.784 231.40652
3315 480.97955 235.96617
3333 480.97955 235.96617
3349 462.64645 236.42484
3366 462.64645 236.42484
3384 451.6556 241.72852
3400 451.6556 241.72852
3417 444.28638 244.42487
3434 444.28638 244.42487
3451 444.28638 244.42487
3468 449.70538 242.99399
3486 441.61414 239.39645
3502 441.61414 239.39645
3519 434.68314 238.72787
3537 434.68314 238.72787
3553 441.51074 240.14206
3571 441.51074 240.14206
3587 429.1289 241.51254
3605 429.1289 241.51254
3621 439.4531 245.93748
3638 439.4531 245.93748
3655 447.4732 246.91963
3672 447.4732 246.91963
3689 453.1446 247.06436
3706 453.1446 247.06436
3723 446.77078 246.51851
3741 446.77078 246.51851
3758 458.05106 236.10187
3774 458.05106 236.10187
3791 456.80212 229.10776
3808 456.80212 229.10776
3825 466.24335 221.5542
3843 466.24335 221.5542
3860 473.04535 215.10884
3876 473.04535 215.10884
3893 483.22537 209.76245
3911 483.22537 209.76245
3927 487.29742 200.55817
3944 487.29742 200.55817
3962 495.0625 198.0155
3978 495.0625 198.0155
3996 497.17914 195.29216
4012 497.17914 195.29216
