299.0 683.0 0.0 384.0
0 0.09464938 0.04464365
17 0.075719506 0.03571492
34 0.075719506 0.03571492
51 0.060575604 0.028571937
69 0.060575604 0.028571937
85 0.060575604 0.028571937
103 0.048460484 0.02285755
119 0.03876839 0.01828604
136 0.03876839 0.01828604
154 0.03101471 0.014628832
171 0.03101471 0.014628832
187 0.024811769 0.011703066
204 0.024811769 0.011703066
221 0.019849416 0.009362453
239 0.019849416 0.009362453
255 0.015879532 0.007489962
273 0.015879532 0.007489962
289 0.015879532 0.007489962
306 0.015879532 0.007489962
324 0.015879532 0.007489962
340 0.015879532 0.007489962
357 0.015879532 0.007489962
374 0.010162901 0.004793576
391 0.008130321 0.0038348609
408 0.008130321 0.0038348609
425 0.006504257 0.0030678888
442 0.006504257 0.0030678888
459 0.005203406 0.0024543111
476 0.005203406 0.0024543111
494 0.0041627246 0.001963449
510 0.0033301797 0.0015707592
528 0.0033301797 0.0015707592
544 0.0033301797 0.0015707592
562 0.002664144 0.0012566074
578 0.002664144 0.0012566074
595 0.0021313152 0.0010052859
612 0.0021313152 0.0010052859
630 0.0017050522 8.042287E-4
647 0.0017050522 8.042287E-4
663 0.0017050522 8.042287E-4
680 0.0017050522 8.042287E-4
697 0.0017050522 8.042287E-4
714 0.0017050522 8.042287E-4
731 0.0010912335 5.1470636E-4
749 8.729868E-4 4.117651E-4
765 8.729868E-4 4.117651E-4
782 6.983894E-4 3.2941208E-4
799 6.983894E-4 3.2941208E-4
817 5.5871153E-4 2.6352968E-4
833 5.5871153E-4 2.6352968E-4
850 5.5871153E-4 2.6352968E-4
867 4.4696924E-4 2.1082375E-4
884 4.4696924E-4 2.1082375E-4
902 3.575754E-4 1.6865901E-4
919 2.8606033E-4 1.349272E-4
935 2.8606033E-4 1.349272E-4
952 2.2884826E-4 1.0794176E-4
970 2.2884826E-4 1.0794176E-4
986 1.8307862E-4 8.6353415E-5
1004 1.8307862E-4 8.6353415E-5
1020 1.8307862E-4 8.6353415E-5
1037 1.8307862E-4 8.6353415E-5
1055 1.8307862E-4 8.6353415E-5
1071 1.8307862E-4 8.6353415E-5
1088 1.8307862E-4 8.6353415E-5
1106 1.8307862E-4 8.6353415E-5
1122 1.17170326E-4 5.526619E-5
1139 1.17170326E-4 5.526619E-5
1156 9.3736264E-5 4.4212953E-5
1173 9.3736264E-5 4.4212953E-5
1190 7.498901E-5 3.537036E-5
1207 7.498901E-5 3.537036E-5
1224 5.999121E-5 2.829629E-5
1241 5.999121E-5 2.829629E-5
1258 4.799297E-5 2.2637032E-5
1275 3.8394377E-5 1.8109626E-5
1293 3.8394377E-5 1.8109626E-5
1309 3.0715502E-5 1.44877E-5
1326 3.0715502E-5 1.44877E-5
1344 3.0715502E-5 1.44877E-5
1360 2.4572402E-5 1.159016E-5
1377 2.4572402E-5 1.159016E-5
1395 1.9657922E-5 9.272128E-6
1411 1.9657922E-5 9.272128E-6
1429 1.9657922E-5 9.272128E-6
1445 1.9657922E-5 9.272128E-6
1462 1.9657922E-5 9.272128E-6
1480 1.9657922E-5 9.272128E-6
1496 1.2581071E-5 5.9341623E-6
1513 1.0064857E-5 4.74733E-6
1530 1.0064857E-5 4.74733E-6
1547 8.051886E-6 3.797864E-6
1564 8.051886E-6 3.797864E-6
1581 8.051886E-6 3.797864E-6
1599 6.4415085E-6 3.0382914E-6
1615 6.4415085E-6 3.0382914E-6
1632 5.153207E-6 2.4306332E-6
1649 5.153207E-6 2.4306332E-6
1666 4.1225658E-6 1.9445067E-6
1684 3.2980527E-6 1.5556054E-6
1700 3.2980527E-6 1.5556054E-6
1717 2.638442E-6 1.2444843E-6
1735 2.638442E-6 1.2444843E-6
1752 2.1107537E-6 9.955875E-7
1768 2.1107537E-6 9.955875E-7
1785 2.1107537E-6 9.955875E-7
1803 2.1107537E-6 9.955875E-7
1819 2.1107537E-6 9.955875E-7
1836 2.1107537E-6 9.955875E-7
1853 1.688603E-6 7.9647E-7
1871 1.3508824E-6 6.37176E-7
1887 1.0807059E-6 5.097408E-7
1905 1.0807059E-6 5.097408E-7
1921 8.6456475E-7 4.0779264E-7
1938 8.6456475E-7 4.0779264E-7
1956 6.916518E-7 3.2623413E-7
1973 6.916518E-7 3.2623413E-7
1989 5.5332146E-7 2.6098732E-7
2006 5.5332146E-7 2.6098732E-7
2023 4.4265718E-7 2.0878986E-7
2040 4.4265718E-7 2.0878986E-7
2058 3.5412575E-7 1.6703189E-7
2075 2.833006E-7 1.336255E-7
2091 2.833006E-7 1.336255E-7
2108 2.266405E-7 1.0690041E-7
2125 2.266405E-7 1.0690041E-7
2143 2.266405E-7 1.0690041E-7
2159 2.266405E-7 1.0690041E-7
2176 2.266405E-7 1.0690041E-7
2194 2.266405E-7 1.0690041E-7
2211 2.266405E-7 1.0690041E-7
2227 2.266405E-7 1.0690041E-7
2244 1.1603994E-7 5.473301E-8
2261 1.1603994E-7 5.473301E-8
2278 9.2831954E-8 4.378641E-8
2295 9.2831954E-8 4.378641E-8
2312 7.4265564E-8 3.5029128E-8
2330 7.4265564E-8 3.5029128E-8
2347 7.4265564E-8 3.5029128E-8
2363 5.9412454E-8 2.8023303E-8
2381 4.7529962E-8 2.2418643E-8
2397 4.7529962E-8 2.2418643E-8
2414 4.7529962E-8 2.2418643E-8
2431 3.802397E-8 1.7934914E-8
2449 3.0419177E-8 1.4347932E-8
2465 3.0419177E-8 1.4347932E-8
2482 2.433534E-8 1.1478345E-8
2500 2.433534E-8 1.1478345E-8
2516 2.433534E-8 1.1478345E-8
2533 2.433534E-8 1.1478345E-8
2551 2.433534E-8 1.1478345E-8
2567 2.433534E-8 1.1478345E-8
2584 2.433534E-8 1.1478345E-8
2601 2.433534E-8 1.1478345E-8
2618 1.24596955E-8 5.876913E-9
2635 1.24596955E-8 5.876913E-9
2652 9.967756E-9 4.7015307E-9
2670 9.967756E-9 4.7015307E-9
2686 7.974205E-9 3.7612247E-9
2703 7.974205E-9 3.7612247E-9
2721 6.379364E-9 3.0089797E-9
2737 6.379364E-9 3.0089797E-9
2754 5.1034914E-9 2.4071838E-9
2771 5.1034914E-9 2.4071838E-9
2788 4.082793E-9 1.9257471E-9
2805 4.082793E-9 1.9257471E-9
2822 3.2662346E-9 1.5405978E-9
2839 3.2662346E-9 1.5405978E-9
2856 2.6129878E-9 1.2324782E-9
2874 2.6129878E-9 1.2324782E-9
2890 2.6129878E-9 1.2324782E-9
2907 2.6129878E-9 1.2324782E-9
2924 2.6129878E-9 1.2324782E-9
2941 2.6129878E-9 1.2324782E-9
2958 2.6129878E-9 1.2324782E-9
2975 1.6723123E-9 7.887861E-10
2993 1.3378498E-9 6.310289E-10
3010 1.0702799E-9 5.048231E-10
3026 1.0702799E-9 5.048231E-10
3043 8.562239E-10 4.038585E-10
3060 8.562239E-10 4.038585E-10
3077 6.8497913E-10 3.230868E-10
3095 6.8497913E-10 3.230868E-10
3111 5.479833E-10 2.5846944E-10
3128 5.479833E-10 2.5846944E-10
3146 4.3838666E-10 2.0677556E-10
3162 4.3838666E-10 2.0677556E-10
3179 4.3838666E-10 2.0677556E-10
3196 3.5070932E-10 1.6542044E-10
3213 2.8056746E-10 1.3233635E-10
3231 2.8056746E-10 1.3233635E-10
3247 2.8056746E-10 1.3233635E-10
3264 2.8056746E-10 1.3233635E-10
3281 2.8056746E-10 1.3233635E-10
3298 2.8056746E-10 1.3233635E-10
3315 2.8056746E-10 1.3233635E-10
3332 1.7956318E-10 8.469527E-11
3349 1.4365055E-10 6.775622E-11
3367 1.4365055E-10 6.775622E-11
3384 1.1492044E-10 5.4204974E-11
3401 1.1492044E-10 5.4204974E-11
3417 9.1936354E-11 4.336398E-11
3434 9.1936354E-11 4.336398E-11
3451 7.3549083E-11 3.4691184E-11
3469 7.3549083E-11 3.4691184E-11
3485 5.883927E-11 2.7752948E-11
3503 5.883927E-11 2.7752948E-11
3520 4.7071413E-11 2.2202358E-11
3536 4.7071413E-11 2.2202358E-11
3553 3.765713E-11 1.7761887E-11
3571 3.765713E-11 1.7761887E-11
3587 3.0125704E-11 1.420951E-11
3604 3.0125704E-11 1.420951E-11
3621 3.0125704E-11 1.420951E-11
3638 3.0125704E-11 1.420951E-11
3655 3.0125704E-11 1.420951E-11
3672 3.0125704E-11 1.420951E-11
3689 3.0125704E-11 1.420951E-11
3707 314.72266 70.7595
3723 428.1928 97.136505
3740 428.1928 97.136505
3757 521.2194 113.36792
3774 521.2194 113.36792
3792 593.6011 130.1649
3808 593.6011 130.1649
3825 651.6765 141.55226
3842 651.6765 141.55226
3860 701.1341 152.08253
3876 701.1341 152.08253
3893 737.32794 163.37708
3910 737.32794 163.37708
3927 768.0444 170.55063
3944 768.0444 170.55063
3961 792.6867 176.52527
3978 813.7865 180.04077
3995 813.7865 180.04077
4013 823.5322 185.4803
