0 600.80383 390.22363 297.625 468.375 336.0 432.0
17 600.80383 390.22363 297.7465672298508 468.4965672298508 327.460353677165 423.460353677165
34 602.4965 387.54764 298.1111703954607 468.8611703954607 318.92762829531256 414.92762829531256
51 602.4965 387.54764 298.7185140048509 469.4685140048509 310.4087391863609 406.4087391863609
68 604.0961 390.4563 299.56810583748677 470.31810583748677 301.91059046864586 397.91059046864586
85 604.0961 390.4563 300.6592573431978 471.4092573431978 293.44006945149073 389.44006945149073
102 606.8637 389.85614 301.9910842002114 472.7410842002114 285.00404105339845 381.00404105339845
119 606.8637 389.85614 303.56250703184975 474.31250703184975 276.6093422383909 372.6093422383909
136 605.2413 387.42627 305.37225228130916 476.12225228130916 268.2627764750041 364.2627764750041
153 605.2413 387.42627 307.4188532438116 478.1688532438116 259.9711082224287 355.9711082224287
170 605.59705 386.67047 309.7006512552929 480.4506512552929 251.74105744826687 347.7410574482669
187 605.59705 386.67047 312.21579703666407 482.96579703666407 243.57929418234613 339.57929418234613
204 606.7174 385.08597 314.9622521925565 485.7122521925565 235.4924331110061 331.4924331110061
222 606.7174 385.08597 318.1199060276202 488.8699060276202 227.01879775167134 323.01879775167134
238 607.8608 384.90158 321.14000152904384 491.89000152904384 219.5695674640201 315.5695674640201
255 607.8608 384.90158 324.5662889638151 495.3162889638151 211.74646754616077 307.7464675461608
272 610.1603 387.78006 328.2138763391684 498.9638763391684 204.0240686798987 300.02406867989873
290 610.1603 387.78006 332.31394874217887 503.06394874217887 195.9641257374746 291.9641257374746
306 612.447 388.55865 336.16094923283765 506.91094923283765 188.90632183391858 284.9063218339186
323 612.447 388.55865 340.4539940602396 511.2039940602396 181.52322600490484 277.5232260049048
341 612.4542 388.25888 345.2266685145469 515.9766685145469 173.84241533816768 269.8424153381677
358 611.06683 390.05627 349.94484113972976 520.6948411397298 166.72348388819168 262.7234838881917
374 611.06683 390.05627 354.5689124255555 525.3189124255555 160.14853343516307 256.1485334351631
392 610.62585 389.3954 359.9793956887837 530.7293956887837 152.90284887099742 248.90284887099742
409 610.62585 389.3954 365.28764512599264 536.0376451259926 146.21234621253794 242.21234621253794
425 612.00195 390.0008 370.45573236238414 541.2057323623842 140.05581447516937 236.05581447516937
442 612.00195 390.0008 376.12543363562395 546.875433635624 133.66873177782583 229.66873177782583
460 612.00195 390.0008 382.32421012162035 553.0742101216204 127.08477825264669 223.0847782526467
476 614.49475 390.13745 387.9986374701024 558.7486374701024 121.39154692211227 217.39154692211227
493 614.49475 390.13745 394.1925174146769 564.9425174146769 115.51139478609738 211.51139478609738
510 615.27734 390.6614 400.5512688483818 571.3012688483818 109.8099372430793 205.8099372430793
528 615.27734 390.6614 407.45803936531155 578.2080393653116 103.97300354707676 199.97300354707676
545 615.0272 392.34802 414.13986122421545 584.8898612242155 98.65383119074559 194.6538311907456
561 615.0272 392.34802 420.564574763276 591.314574763276 93.82319306962836 189.82319306962836
579 618.2328 391.6034 427.94408475446505 598.694084754465 88.5967118216947 184.5967118216947
595 617.4399 392.54205 434.6332881070341 605.3832881070341 84.13951907017963 180.13951907017963
613 617.4399 392.54205 442.298267202495 613.048267202495 79.34146014899 175.34146014899
630 619.72986 391.2144 449.6671198581312 620.4171198581312 75.02401316610684 171.02401316610684
646 619.72986 391.2144 456.71215802621145 627.4621580262115 71.15368424901567 167.15368424901567
663 621.0532 391.06766 464.3082388604396 635.0582388604396 67.24985358281685 163.24985358281685
680 621.0532 391.06766 472.0123660236304 642.7623660236304 63.563830988764266 159.56383098876427
698 621.0532 391.06766 480.2805035702502 651.0305035702502 59.90170381248561 155.9017038124856
714 622.6329 391.34274 487.71970164728384 658.4697016472838 56.85698039535282 152.85698039535282
731 622.6329 391.34274 495.7101801258791 666.4601801258791 53.84158795097835 149.84158795097835
748 623.49274 392.5012 503.783255286693 674.533255286693 51.0548702834833 147.0548702834833
765 623.54834 395.38245 511.93238432050157 682.6823843205016 48.49908588318232 144.49908588318232
782 623.54834 395.38245 520.1509627803556 690.9009627803556 46.176306080939696 142.1763060809397
799 622.51056 394.83182 528.4323299341439 699.1823299341439 44.08841336946284 140.08841336946284
817 622.51056 394.83182 537.2618142040386 708.0118142040386 42.13559963724384 138.13559963724384
833 619.9601 396.7434 545.156538399579 715.906538399579 40.62386599915499 136.623865999155
850 619.9601 396.7434 553.585825606595 724.335825606595 39.25001917650059 135.2500191765006
867 618.7575 396.5211 562.0508042831839 732.8008042831839 38.116672841359446 134.11667284135945
884 618.7575 396.5211 570.5446140026227 741.2946140026227 37.2247455122278 133.2247455122278
901 617.0364 397.27542 579.0603709721212 749.8103709721212 36.574960050003085 132.57496005000309
918 617.0364 397.27542 587.5911736117806 758.3411736117806 36.167843072143 132.167843072143
936 617.2296 398.76813 596.6325037720162 767.3825037720162 36.00164175242986 132.00164175242986
952 617.2296 398.76813 604.6702542165596 775.4202542165596 36.08273742076125 132.08273742076125
969 616.9991 400.34183 613.2046904715623 783.9546904715623 36.40481772096149 132.4048177209615
987 616.9991 400.34183 622.2272422323567 792.9772422323567 37.01048567359351 133.0104856735935
1003 616.06134 401.05246 630.2287768999744 800.9787768999744 37.77693963769889 133.7769396376989
1020 616.06134 401.05246 638.7046299331981 809.4546299331981 38.82586922049978 134.82586922049978
1037 616.943 404.0353 647.1471900543268 817.8971900543268 40.115643042381976 136.11564304238198
1054 616.943 404.0353 655.5496150057149 826.2996150057149 41.645215808474234 137.64521580847423
1071 615.1506 406.25516 663.9050950571935 834.6550950571935 43.41334787928315 139.41334787928315
1088 615.1506 406.25516 672.2068585250034 842.9568585250034 45.41860627535635 141.41860627535635
1106 616.88306 406.1834 680.9309353437416 851.6809353437416 47.79847131476845 143.79847131476845
1123 616.88306 406.1834 689.1009748533495 859.8509748533495 50.286601601133555 146.28660160113355
1139 618.345 405.20328 696.7228182836474 867.4728182836474 52.839934998910564 148.83993499891056
1156 618.345 405.20328 704.742950819005 875.492950819005 55.77554601295549 151.7755460129555
1173 617.14746 404.6342 712.6762698040402 883.4262698040402 58.93826443105149 154.9382644310515
1190 617.14746 404.6342 720.5163456946693 891.2663456946693 62.32552703375262 158.32552703375262
1207 615.1558 401.51526 728.2568245155068 899.0068245155068 65.93458862018292 161.93458862018292
1224 615.1558 401.51526 735.8914330094331 906.6414330094331 69.76252423287974 165.76252423287974
1241 616.4564 397.8202 743.413983721744 914.163983721744 73.80623152831976 169.80623152831976
1258 616.4564 397.8202 750.8183800147626 921.5683800147626 78.06243329120804 174.06243329120804
1275 616.7918 396.3459 758.0986210088488 928.8486210088488 82.52768009049117 178.52768009049117
1292 616.7918 396.3459 765.2488064458005 935.9988064458005 87.19835307494287 183.19835307494287
1310 616.0879 396.9215 772.671396715908 943.421396715908 92.36346949445999 188.36346949446
1326 613.20215 396.52982 779.1359413283826 949.8859413283826 97.14067282585665 193.14067282585665
1343 613.20215 396.52982 785.8616359705578 956.6116359705578 102.40426185718263 198.40426185718263
1360 612.38727 395.7584 792.434774570124 963.184774570124 107.85716813378187 203.85716813378187
1377 612.38727 395.7584 798.8500299387413 969.6000299387413 113.49497235758312 209.49497235758312
1394 614.15826 393.16647 805.1022028442499 975.8522028442499 119.31310538030687 215.31310538030687
1411 614.15826 393.16647 811.1862262243785 981.9362262243785 125.30685190652298 221.30685190652298
1428 614.15826 393.16647 817.0971692933363 987.8471692933363 131.47135431515434 227.47135431515434
1445 614.35864 393.21698 822.8302415379586 993.5802415379586 137.80161659632608 233.80161659632608
1462 614.35864 393.21698 828.3807966001699 999.1307966001699 144.29250840037312 240.29250840037312
1479 614.32056 394.59204 833.7443360426164 1004.4943360426164 150.93876919572267 246.93876919572267
1496 614.32056 394.59204 838.9165129944168 1009.6665129944168 157.73501253228335 253.73501253228335
1513 613.96545 395.83636 843.8931356740757 1014.6431356740757 164.675730406883 260.67573040688296
1530 612.50116 395.41153 848.6701707867052 1019.4201707867052 171.7552977272204 267.7552977272204
1547 612.50116 395.41153 853.2437467928016 1023.9937467928016 178.96797687071094 274.9679768707109
1565 612.51843 393.95245 857.8604766962846 1028.6104766962846 186.74352051365594 282.74352051365594
1581 612.51843 393.95245 861.7658627967578 1032.5158627967578 193.76918547310373 289.76918547310373
1598 614.9648 395.26212 865.7074960610505 1036.4574960610505 201.34571931915121 297.3457193191512
1615 614.9648 395.26212 869.4318623492258 1040.1818623492259 209.03138348446487 305.03138348446487
1632 612.7803 397.22635 872.9359432553329 1043.6859432553329 216.8199491363638 312.8199491363638
1649 612.7803 397.22635 876.2168989033121 1046.966898903312 224.7051040458423 320.7051040458423
1666 610.2758 397.2379 879.2720702485676 1050.0220702485676 232.6804577033056 328.6804577033056
1684 610.2758 397.2379 882.2581117598017 1053.0081117598017 241.21607894831448 337.2160789483145
1700 610.2758 397.2379 884.6953407916484 1055.4453407916485 248.87583895516212 344.8758389551621
1717 611.88385 397.1869 887.0590447096293 1057.8090447096292 257.08274103198784 353.08274103198784
1734 611.749 400.6012 889.1881773273444 1059.9381773273444 265.35360145921436 361.35360145921436
1751 611.749 400.6012 891.0810130930984 1061.8310130930984 273.6817171329047 369.6817171329047
1768 609.8071 402.67932 892.7360179615537 1063.4860179615537 282.0603385467098 378.0603385467098
1785 609.8071 402.67932 894.1518506369953 1064.9018506369953 290.4826752619944 386.4826752619944
1802 609.4859 403.87598 895.3273636603816 1066.0773636603817 298.94190141113677 394.94190141113677
1819 609.4859 403.87598 896.2616043392997 1067.0116043392995 307.4311612295389 403.4311612295389
1836 611.5696 404.64987 896.9538155200738 1067.703815520074 315.9435746118702 411.9435746118702
1854 611.5696 404.64987 897.4223209778079 1068.1723209778079 324.97428757271297 420.97428757271297
1870 613.0373 403.9622 897.6101019890048 1068.3601019890048 333.01025341435343 429.01025341435343
1887 613.0373 403.9622 897.5736453909749 1068.323645390975 341.5506871754069 437.5506871754069
1905 615.0269 403.66135 897.2700853553974 1068.0200853553974 350.5884482504665 446.5884482504665
1921 615.0269 403.66135 896.7716802368993 1067.5216802368993 358.6111411309172 454.6111411309172
1938 613.9423 403.7351 896.0068216320687 1066.7568216320687 367.1173347111916 463.1173347111916
1955 613.9423 403.7351 895.0001400172805 1065.7501400172805 375.5983093035911 471.5983093035911
1972 611.1913 405.59055 893.7524512558361 1064.5024512558361 384.04719151753216 480.04719151753216
1990 611.1913 405.59055 892.1698065389205 1062.9198065389205 392.9504779694597 488.9504779694597
2007 608.9107 403.18335 890.4293267523421 1061.1793267523421 401.3117618435425 497.3117618435425
2024 608.9107 403.18335 888.4515442264865 1059.2015442264865 409.6201139178652 505.6201139178652
2040 607.1612 401.63388 886.3747600303433 1057.1247600303432 417.385355454278 513.3853554542779
2057 607.1612 401.63388 883.9410778307275 1054.6910778307274 425.5717789017766 521.5717789017766
2074 608.00903 400.19855 881.2753512814876 1052.0253512814875 433.68560906238275 529.6856090623828
2091 608.00903 400.19855 878.3797408159044 1049.1297408159044 441.7202700970553 537.7202700970553
2108 607.39417 400.12335 875.2565931762647 1046.0065931762647 449.6692503292295 545.6692503292295
2125 609.2548 399.26813 871.9084395119482 1042.6584395119482 457.52610752219204 553.526107522192
2142 609.2548 399.26813 868.3379933280626 1039.0879933280626 465.2844741001809 561.2844741001809
2160 606.3983 398.58032 864.3184484911064 1035.0684484911064 473.3848773771026 569.3848773771026
2176 606.3983 398.58032 860.5419758597092 1031.291975859709 480.4806693117979 576.4806693117979
2193 606.3983 398.58032 856.3227228435584 1027.0727228435585 487.90618221638465 583.9061822163847
2211 607.499 397.44604 851.6268309919924 1022.3768309919924 495.63417507762983 591.6341750776298
2228 607.499 397.44604 846.9798386747549 1017.7298386747549 502.79977346953126 598.7997734695313
2244 608.4349 397.94507 842.4215218060378 1013.1715218060378 509.42048008140796 605.420480081408
2261 608.4349 397.94507 837.3858258058228 1008.1358258058228 516.3184583144773 612.3184583144773
2279 608.26733 397.22784 831.8422069588121 1002.5922069588121 523.4627962141102 619.4627962141102
2295 606.9281 396.45746 826.7357312689596 997.4857312689596 529.6705264551181 625.6705264551181
2312 606.9281 396.45746 821.1299640822481 991.8799640822481 536.1137952031119 632.1137952031119
2330 605.497 395.37796 814.9971099362925 985.7471099362925 542.7591976716982 638.7591976716982
2346 605.497 395.37796 809.379702109853 980.129702109853 548.5086966087915 644.5086966087915
2364 605.27966 396.59723 802.8786107340788 973.6286107340788 554.7943218655896 650.7943218655896
2380 605.27966 396.59723 796.9431143556885 967.6931143556885 560.2148284340103 656.2148284340103
2397 604.949 395.5042 790.4799614017456 961.2299614017456 565.7976585231695 661.7976585231695
2415 604.949 395.5042 783.4663765564474 954.2163765564474 571.5058019659065 667.5058019659065
2431 607.4173 396.77686 777.0901233483269 947.8401233483269 576.4002277485814 672.4002277485814
2448 607.4173 396.77686 770.1742900189863 940.9242900189863 581.4113740517007 677.4113740517007
2465 607.4173 396.77686 763.1186144283101 933.8686144283101 586.2236271487043 682.2236271487043
2482 609.9664 397.73233 755.9288148358737 926.6788148358737 590.8330869577367 686.8330869577367
2499 614.7392 397.01675 748.6107182018081 919.3607182018081 595.2360177503971 691.2360177503971
2516 614.7392 397.01675 741.17025546435 911.92025546435 599.4288511793545 695.4288511793545
2533 619.1976 396.2986 733.6134567331254 904.3634567331254 603.4081891703074 699.4081891703074
2550 619.1976 396.2986 725.9464464020558 896.6964464020558 607.1708066759479 703.1708066759479
2567 623.57825 393.56708 718.1754381858558 888.9254381858558 610.7136542896951 706.7136542896951
2584 623.57825 393.56708 710.3067300841386 881.0567300841386 614.0338607170812 710.0338607170812
2601 619.8024 394.57043 702.346699277214 873.096699277214 617.1287351027865 713.1287351027865
2618 619.8024 394.57043 694.3017969577133 865.0517969577133 619.9957692114392 715.9957692114392
2635 616.80994 397.3744 686.178543102233 856.928543102233 622.6326394604092 718.6326394604092
2652 616.80994 397.3744 677.9835211872297 848.7335211872297 625.0372088029525 721.0372088029525
2669 615.6671 397.08466 669.7233728534557 840.4733728534557 627.2075284601758 723.2075284601758
2687 615.6671 397.08466 660.9137884500344 831.6637884500344 629.2482382837565 725.2482382837565
2703 613.4923 398.84164 653.0345219750633 823.7845219750633 630.8385742647915 726.8385742647915
2720 613.4923 398.84164 644.6193448795832 815.3693448795832 632.296357637651 728.296357637651
2738 611.9216 397.64468 635.6677906981013 806.4177906981013 633.5781344048996 729.5781344048996
2754 611.9216 397.64468 627.6815821743512 798.4315821743512 634.4905389924386 730.4905389924386
2771 612.6207 399.7812 619.1727237438794 789.9227237438794 635.2251587040392 731.2251587040392
2789 612.6207 399.7812 610.1444574500881 780.8944574500881 635.7386581426483 731.7386581426483
2805 612.7777 401.63367 602.1095270833351 772.8595270833351 635.9664798220608 731.9664798220608
2822 612.7777 401.63367 593.5690176902656 764.3190176902656 635.9725804261168 731.9725804261168
2839 613.18134 399.73685 585.0317954607539 755.7817954607539 635.7355687926154 731.7355687926154
2856 613.18134 399.73685 576.5047793711809 747.2547793711809 635.2556370072082 731.2556370072082
2874 613.2228 400.56778 567.4949783535706 738.2449783535706 634.4831348595524 730.4831348595524
2890 612.57367 401.52402 559.5089945588649 730.2589945588649 633.5687653790487 729.5687653790487
2907 612.57367 401.52402 551.0540000393138 721.8040000393138 632.3631926583694 728.3631926583694
2924 612.57367 401.52402 542.6367489028069 713.3867489028069 630.9174329219486 726.9174329219486
2941 611.76215 399.72516 534.2640628953682 705.0140628953682 629.232657883161 725.232657883161
2958 611.76215 399.72516 525.9427276452934 696.6927276452934 627.3102329649023 723.3102329649023
2975 609.6544 396.814 517.6794871637487 688.4294871637487 625.1517161929854 721.1517161929854
2993 609.6544 396.814 509.00093670470255 679.7509367047026 622.6108431393186 718.6108431393186
3009 606.90985 396.92285 501.3540257094023 672.1040257094023 620.1335944747455 716.1335944747455
3026 606.90985 396.92285 493.3050356774336 664.0550356774336 617.278056456131 713.278056456131
3044 605.88385 396.12442 484.8748660899855 655.6248660899855 614.0061281757542 710.0061281757542
3060 609.12463 393.87695 477.46714816449344 648.2171481644934 610.8855955525434 706.8855955525434
3077 609.12463 393.87695 469.691086470933 640.441086470933 607.3538534259965 703.3538534259965
3094 608.4643 394.98325 462.0187085871838 632.7687085871838 603.6021930576474 699.6021930576474
3111 608.4643 394.98325 454.4562325780845 625.2062325780845 599.6336549738851 695.6336549738851
3128 609.6698 395.16345 447.00978743869564 617.7597874386956 595.4514554692516 691.4514554692516
3146 609.6698 395.16345 439.2584910195917 610.0084910195917 590.7941302961241 686.7941302961241
3163 609.6698 395.16345 432.0698257527072 602.8198257527072 586.182901653867 682.182901653867
3179 608.0517 394.4581 425.4264873683203 596.1764873683203 581.6576321782761 677.6576321782761
3196 608.0517 394.4581 418.50350203784535 589.2535020378454 576.6563711348483 672.6563711348483
3213 606.5544 396.1662 411.72568540279684 582.4756854027969 571.4600705688548 667.4600705688548
3231 606.5544 396.1662 404.71350519699024 575.4635051969902 565.7502016818883 661.7502016818883
3247 606.3823 399.61533 398.6274083925641 569.3774083925641 560.4993508552757 656.4993508552757
3264 604.36365 401.79108 392.31756349239276 563.0675634923928 554.7438148032415 650.7438148032415
3281 604.36365 401.79108 386.17410963438175 556.9241096343817 548.8109982204569 644.8109982204569
3299 605.8644 405.04102 379.8561676524065 550.6061676524065 542.3413086562304 638.3413086562304
3315 605.8644 405.04102 374.4061519627961 545.1561519627961 536.4328962045494 632.4328962045494
3332 606.63025 405.41357 368.7911854693228 539.5411854693227 529.9976425819129 625.9976425819129
3349 606.63025 405.41357 363.3616769287074 534.1116769287074 523.4051639192346 619.4051639192346
3366 607.0656 405.40588 358.12202667636814 528.8720266763681 516.6608030789737 612.6608030789737
3383 607.0656 405.40588 353.07648117741576 523.8264811774158 509.7700260162269 605.7700260162269
3400 606.4362 408.28766 348.2291295851123 518.9791295851123 502.7384173488538 598.7384173488538
3417 606.4362 408.28766 343.58390042682595 514.333900426826 495.5716758314352 591.5716758314352
3434 606.7745 408.22546 339.144558420162 509.894558420162 488.2756097367269 584.2756097367269
3451 606.7745 408.22546 334.91470142185455 505.66470142185455 480.85613214835485 576.8561321483548
3468 607.87256 408.97885 330.8977575118902 501.6477575118902 473.3192561685689 569.3192561685689
3485 607.87256 408.97885 327.0969822152257 497.8469822152257 465.6710900449318 561.6710900449318
3502 606.09467 409.9008 323.5154558633554 494.2654558633554 457.9178322199049 553.9178322199049
3519 606.09467 409.9008 320.1560810978608 490.9060810978608 450.06576630732854 546.0657663073285
3537 605.4135 408.97156 316.8442563482289 487.5942563482289 441.6511902174244 537.6511902174244
3553 605.4135 408.97156 314.1144944740342 484.8644944740342 434.0907399116313 530.0907399116313
3570 607.4227 409.49454 311.4371790087004 482.1871790087004 425.9807263598813 521.9807263598814
3587 607.4227 409.49454 308.9918039474663 479.7418039474663 417.79778809050777 513.7977880905078
3604 606.6638 409.66626 306.780351140146 477.530351140146 409.5485569510936 505.5485569510936
3621 606.6638 409.66626 304.80461285468476 475.55461285468476 401.23971851615926 497.23971851615926
3638 604.8077 410.79654 303.06619032461737 473.81619032461737 392.87800666884965 488.87800666884965
3655 603.9089 410.17743 301.5664924513526 472.3164924513526 384.4701981434725 480.4701981434725
3673 603.9089 410.17743 300.24012624611004 470.99012624611004 375.52514215512616 471.52514215512616
3689 603.9089 410.17743 299.28793792598333 470.03793792598333 367.5435792681223 463.5435792681223
3706 602.54535 409.01065 298.5109279242903 469.2609279242903 359.03848706593226 455.03848706593226
3724 602.54535 409.01065 297.95244725508564 468.70244725508564 350.0128916126015 446.0128916126015
3740 601.36456 410.23993 297.68459056430925 468.43459056430925 341.9791962294431 437.9791962294431
3757 601.36456 410.23993 417.64906576024066 588.3990657602407 333.056686471707 429.056686471707
3774 601.34314 409.18402 417.99123095517183 588.7412309551719 324.5235450269113 420.5235450269113
3792 601.34314 409.18402 418.79422084104294 589.5442208410429 315.5170210808991 411.5170210808991
3809 601.3896 409.31366 419.96702256495803 590.717022564958 307.0579362572376 403.0579362572376
3825 601.3896 409.31366 421.43620498653286 592.1862049865329 299.15561763711503 395.15561763711503
3843 600.8985 410.68494 423.5087967246308 594.2587967246309 290.35410470841526 386.35410470841526
3859 596.52234 412.21014 425.72015609929747 596.4701560992975 282.62655488470796 378.62655488470796
3876 596.52234 412.21014 428.4451933182859 599.1951933182859 274.53299249891984 370.53299249891984
3894 598.76666 414.32657 431.7454617306055 602.4954617306055 266.1145309557668 362.1145309557668
3910 598.76666 414.32657 435.03073493989234 605.7807349398923 258.7788567193968 354.7788567193968
3927 598.76666 414.32657 438.876415455004 609.626415455004 251.15374548655507 347.15374548655507
3944 597.54834 414.40643 443.0794350159092 613.8294350159092 243.71962102511617 339.71962102511617
3962 597.54834 414.40643 447.9086511094473 618.6586511094473 236.07495371588607 332.07495371588607
3978 593.0963 417.0046 452.518864647575 623.268864647575 229.49080094619188 325.4908009461919
3995 593.0963 417.0046 457.734026801152 628.484026801152 222.7281340425647 318.7281340425647
4012 591.34973 418.07132 463.26407999467915 634.0140799946792 216.22043924223226 312.22043924223226
4030 590.4664 419.4267 469.44880561963384 640.1988056196338 209.62411941289355 305.62411941289355
4046 590.4664 419.4267 475.21838667089924 645.9683866708992 204.0279536670738 300.0279536670738
4063 590.9825 418.74854 481.6157313118342 652.3657313118342 198.37060786867886 294.37060786867886
4080 590.9825 418.74854 488.27420988032543 659.0242098803254 193.0230623484931 289.0230623484931
4097 593.8814 417.8637 495.1788343096449 665.9288343096449 187.9973542961332 283.9973542961332
4114 593.8814 417.8637 502.31406246496294 673.064062464963 183.30479645322103 279.304796453221
4131 596.8976 416.1117 509.66383312829794 680.4138331282979 178.95595164869005 274.9559516486901
4148 596.8976 416.1117 517.2116021519138 687.9616021519138 174.9606090221234 270.96060902212344
4166 591.9839 414.20865 525.4002807325808 696.1502807325808 171.12553282347662 267.12553282347665
4182 591.9839 414.20865 532.8327684862486 703.5827684862486 168.06558799499004 264.06558799499004
4199 591.9839 414.20865 540.8710029469295 711.6210029469295 165.1814301122385 261.1814301122385
4216 589.93274 414.56808 549.0369892185008 719.7869892185008 162.68178050678887 258.68178050678887
4233 593.9724 413.5378 557.3123458725511 728.0623458725511 160.57226582663537 256.5722658266354
4250 593.9724 413.5378 565.678445290706 736.428445290706 158.85763453593017 254.85763453593017
4267 592.85626 414.0802 574.1164555949256 744.8664555949256 157.54174622631027 253.54174622631027
4284 592.85626 414.0802 582.6073830375866 753.3573830375866 156.6275629290547 252.6275629290547
4301 591.8559 415.34976 591.132114755926 761.882114755926 156.1171424476271 252.1171424476271
4318 591.8559 415.34976 599.6714617946108 770.4214617946108 156.01163372561214 252.01163372561214
4335 591.0624 413.6399 608.206202299593 778.956202299593 156.31127426047263 252.31127426047263
4352 591.0624 413.6399 616.7171247860152 787.4671247860152 157.01538956894865 253.01538956894865
4370 590.9824 412.67886 625.6814395481568 796.4314395481568 158.20001068650026 254.20001068650026
4386 590.9824 412.67886 633.5909809564164 804.3409809564164 159.6297978289907 255.6297978289907
4403 593.42957 412.8412 641.9159320172428 812.6659320172428 161.53420581373558 257.5342058137356
4421 592.1847 409.66425 650.6215220114407 821.3715220114407 163.97858082584344 259.97858082584344
4437 592.1847 409.66425 658.2482260010909 828.9982260010909 166.5160052712332 262.5160052712332
4454 592.1847 409.66425 666.2188053437343 836.9688053437343 169.58218283949915 265.5821828394992
4472 593.57733 408.34863 674.4895705675439 845.2395705675439 173.23686599396328 269.2368659939633
4489 593.57733 408.34863 682.1230927560449 852.8730927560449 177.0658239377357 273.0658239377357
4505 593.71606 410.0012 689.1341369531456 859.8841369531456 180.99652309031762 276.9965230903176
4522 593.71606 410.0012 696.3831279004737 867.1331279004737 185.51135533338842 281.51135533338845
4540 595.0213 405.8456 703.8158878779227 874.5658878779227 190.66075777100514 286.66075777100514
4556 595.0213 405.8456 710.1983867574248 880.9483867574248 195.54633292803192 291.5463329280319
4573 597.29553 406.44974 716.733556869033 887.483556869033 201.0438897990301 297.0438897990301
4590 597.29553 406.44974 723.0006166338345 893.7506166338345 206.8452294582745 302.8452294582745
4607 598.3509 406.5388 728.9854590589218 899.7354590589218 212.9372932370277 308.9372932370277
4624 600.59955 403.7552 734.6746124154753 905.4246124154753 219.30636805391646 315.30636805391646
4641 600.59955 403.7552 740.0552705632856 910.8052705632856 225.93811728273374 321.93811728273374
4658 599.7479 399.18094 745.1153217770493 915.8653217770493 232.81761302381858 328.8176130238186
4675 599.7479 399.18094 749.8433760095571 920.5933760095571 239.9293697063817 335.9293697063817
4692 599.7479 399.18094 754.2287905304013 924.9787905304013 247.25737894613326 343.25737894613326
4710 600.14386 397.3956 758.4877475670244 929.2377475670244 255.233816202647 351.233816202647
4727 600.14386 397.3956 762.1375264313018 932.8875264313018 262.95461241672945 358.95461241672945
4743 599.98975 396.05612 765.2344691549205 935.9844691549205 270.3717602734482 366.3717602734482
4760 599.98975 396.05612 768.1586455346032 938.9086455346032 278.3955232583588 374.3955232583588
4778 601.50006 395.86057 770.8363040348377 941.5863040348377 287.032213093187 383.032213093187
4794 600.657 397.2284 772.8496793622878 943.5996793622878 294.8136947228397 390.8136947228397
4811 600.657 397.2284 774.605977411876 945.355977411876 303.17114631399613 399.17114631399613
4829 602.64355 396.59937 776.0312971637562 946.7812971637562 312.1003528829921 408.1003528829921
4845 602.64355 396.59937 776.9203777692248 947.6703777692248 320.08876150040663 416.08876150040663
4863 601.8913 397.96786 777.4931938134266 948.2431938134266 329.11284860805364 425.11284860805364
4879 601.8913 397.96786 777.6213291668411 948.3713291668411 337.1495592469291 433.1495592469291
4896 602.55725 397.90756 777.3642207321774 948.1142207321774 345.68568689301895 441.68568689301895
4914 602.55725 397.90756 776.6510281368674 947.4010281368674 354.69976602895355 450.69976602895355
4930 602.7435 397.64746 775.6377280160616 946.3877280160616 362.6733699460652 458.6733699460652
4947 602.7435 397.64746 774.1722300260149 944.9222300260149 371.0866865084376 467.0866865084376
4964 602.7435 397.64746 772.3093286896907 943.0593286896907 379.4210238275436 475.4210238275436
4981 602.6496 398.16617 770.0532173508461 940.8032173508461 387.65762152102405 483.65762152102405
4998 602.6496 398.16617 767.4089744590015 938.1589744590015 395.77793921594457 491.77793921594457
5015 606.19666 397.86255 764.3825521379785 935.1325521379785 403.7636982827043 499.7636982827043
5032 608.36914 394.70517 760.9807627878217 931.7307627878217 411.59692297976756 507.59692297976756
5049 608.36914 394.70517 757.2112637502574 927.9612637502574 419.25998091660404 515.259980916604
5066 606.93115 394.73456 753.0825400722103 923.8325400722103 426.73562274375536 522.7356227437554
5083 606.93115 394.73456 748.6038854061801 919.3538854061801 434.00702098068035 530.0070209806804
5100 607.5011 392.29263 743.7853810904619 914.5353810904619 441.057807893992 537.057807893992
5117 607.5011 392.29263 738.6378734563121 909.3878734563121 447.8721123408068 543.8721123408068
5134 607.45105 392.20078 733.1729494131282 903.9229494131282 454.4345954942897 550.4345954942896
5151 607.45105 392.20078 727.4029103666112 898.1529103666112 460.73048537096236 556.7304853709624
5168 608.3478 390.11343 721.3407445286122 892.0907445286122 466.7456100820642 562.7456100820642
5186 608.3478 390.11343 714.618748013828 885.368748013828 472.79350469111057 568.7935046911106
5202 607.02704 390.27185 708.3952424593289 879.1452424593289 477.8800669068827 573.8800669068827
5219 607.02704 390.27185 701.5410462255444 872.2910462255444 482.9743356401059 578.9743356401059
5236 607.5076 392.0421 694.4529376018812 865.2029376018812 487.73776886380733 583.7377688638073
5253 607.5076 392.0421 687.1468717414465 857.8968717414465 492.15964421036574 588.1596442103657
5270 609.67944 391.07913 679.639294413571 850.389294413571 496.2300081502966 592.2300081502966
5287 609.67944 391.07913 671.9471049847989 842.6971049847989 499.93969839739407 595.9396983973941
5304 609.4694 391.9887 664.0876183788416 834.8376183788416 503.28036453280606 599.2803645328061
5321 609.4694 391.9887 656.0785261011198 826.8285261011198 506.2444868016163 602.2444868016163
5339 606.824 393.59705 647.4552861911227 818.2052861911227 508.96514844936485 604.9651484493648
5355 606.824 393.59705 639.6839337638094 810.4339337638094 511.01727369220305 607.017273692203
5373 606.157 396.49234 630.8416959955493 801.5916959955493 512.9085953455605 608.9085953455605
5390 604.1929 396.8611 622.413344134101 793.163344134101 514.2849909417206 610.2849909417206
5406 604.1929 396.8611 614.4294649579773 785.1794649579773 515.2138665323532 611.2138665323532
5423 605.1365 397.5416 605.9102433377668 776.6602433377668 515.8092176247758 611.8092176247758
5441 605.1365 397.5416 596.8699739756478 767.6199739756478 515.9984164810973 611.9984164810973
5457 605.1365 397.5416 588.8350690108309 759.5850690108309 515.7852527689789 611.7852527689789
5475 603.74524 396.95694 579.8175479661336 750.5675479661336 515.1169859395293 611.1169859395293
5491 603.74524 396.95694 571.8389937950213 742.5889937950213 514.1434306506889 610.1434306506889
5509 606.32245 398.4234 562.9253682235171 733.6753682235171 512.6237117563112 608.6237117563112
5525 606.32245 398.4234 555.0749625136663 725.8249625136663 510.8985257511097 606.8985257511097
5542 607.49207 396.82495 546.8272249367301 717.5772249367301 508.68348516468336 604.6834851646834
5560 607.49207 396.82495 538.2193505800357 708.9693505800357 505.9145927134932 601.9145927134932
5576 606.8662 394.9019 530.6930913626405 701.4430913626405 503.0931464966776 599.0931464966776
5593 609.72766 393.55484 522.843012891798 693.593012891798 499.7304321259451 595.7304321259451
5611 609.72766 393.55484 514.7150131230868 685.4650131230868 495.7683763329592 591.7683763329592
5627 611.5494 393.13806 507.6651444467964 678.4151444467964 491.90774319720856 587.9077431972086
5644 611.5494 393.13806 500.37151947034613 671.1215194703461 487.4653773139863 583.4653773139863
5662 611.34644 392.77682 492.88781057617666 663.6378105761767 482.3903041584317 578.3903041584317
5678 611.34644 392.77682 486.4569398796541 657.2069398796541 477.56857846668925 573.5685784666892
5695 614.8869 391.24176 479.86730663188473 650.6173066318847 472.13642294632587 568.1364229463259
5712 614.8869 391.24176 473.54274297137306 644.2927429713731 466.3978277836013 562.3978277836013
5730 614.8869 391.24176 467.15087413130334 637.9008741313033 460.00202610763864 556.0020261076386
5746 614.64575 392.9818 461.7451414322254 632.4951414322254 454.0536489719888 550.0536489719889
5763 615.0044 393.06326 456.29865965604995 627.04865965605 447.47585175716756 543.4758517571676
5780 615.0044 393.06326 451.1702998949387 621.9202998949387 440.6471252215585 536.6471252215586
5797 614.71826 392.76083 446.37160595691194 617.1216059569119 433.58284065575424 529.5828406557542
5814 614.71826 392.76083 441.9133795805666 612.6633795805666 426.29889958551144 522.2988995855114
5831 613.7726 391.86856 437.80565612063515 608.5556561206351 418.8116979778178 514.8116979778179
5848 613.7726 391.86856 434.05768195865755 604.8076819586576 411.1380893339877 507.1380893339877
5865 613.21564 390.8988 430.67789368960894 601.4278936896089 403.295346752855 499.295346752855
5883 613.21564 390.8988 427.50904530471144 598.2590453047114 394.8265412727159 490.8265412727159
5899 611.33734 389.79224 425.052460199564 595.8024601995639 387.1734160167848 483.1734160167848
5916 611.33734 389.79224 422.8194776869708 593.5694776869708 378.9305179198789 474.9305179198789
5933 611.5129 389.90836 420.97997798067684 591.7299779806768 370.59098431373195 466.59098431373195
5950 611.5129 389.90836 419.53810174796206 590.2881017479621 362.1735872774116 458.1735872774116
5967 610.76044 389.40555 418.4970946157316 589.2470946157316 353.69727415859836 449.69727415859836
5984 610.76044 389.40555 417.85929986469176 588.6092998646918 345.18112492358273 441.18112492358273
6001 609.0159 389.19012 417.6286526131048 588.3786526131048 337.1467028281774 433.1467028281774
