1 633.3141 404.74603 297.62542067616835 468.37542067616835 335.4976002348308 431.4976002348308
17 631.3299 405.03943 297.7465672298508 468.4965672298508 327.460353677165 423.460353677165
34 631.3299 405.03943 298.1111703954607 468.8611703954607 318.92762829531256 414.92762829531256
52 629.9895 402.20557 298.7617899590455 469.5117899590455 309.9082065772343 405.9082065772343
68 629.9895 402.20557 299.56810583748677 470.31810583748677 301.91059046864586 397.91059046864586
85 634.7285 403.3714 300.6592573431978 471.4092573431978 293.44006945149073 389.44006945149073
103 634.7285 403.3714 302.0768999466856 472.8268999466856 284.5090245297676 380.5090245297676
119 635.0966 404.32858 303.56250703184975 474.31250703184975 276.6093422383909 372.6093422383909
136 635.0966 404.32858 305.37225228130916 476.12225228130916 268.2627764750041 364.2627764750041
153 635.9203 404.75296 307.4188532438116 478.1688532438116 259.9711082224287 355.9711082224287
171 634.9132 402.95392 309.84216057483684 480.59216057483684 251.25899851671107 347.2589985167111
187 634.9132 402.95392 312.21579703666407 482.96579703666407 243.57929418234613 339.57929418234613
205 634.9132 402.95392 315.13096515083794 485.88096515083794 235.0192083877314 331.0192083877314
221 634.046 404.0412 317.93779086333535 488.68779086333535 227.48702821623766 323.48702821623766
238 634.046 404.0412 321.14000152904384 491.89000152904384 219.5695674640201 315.5695674640201
256 631.5647 403.48273 324.77475501321027 495.52475501321027 211.2893596734873 307.2893596734873
272 631.5647 403.48273 328.2138763391684 498.9638763391684 204.0240686798987 300.02406867989873
290 630.4589 401.9131 332.31394874217887 503.06394874217887 195.9641257374746 291.9641257374746
306 630.4589 401.9131 336.16094923283765 506.91094923283765 188.90632183391858 284.9063218339186
323 629.97034 403.47952 340.4539940602396 511.2039940602396 181.52322600490484 277.5232260049048
341 631.1698 402.42038 345.2266685145469 515.9766685145469 173.84241533816768 269.8424153381677
357 631.1698 402.42038 349.6617068437197 520.4117068437197 167.13850276900726 263.13850276900723
374 632.68585 404.62527 354.5689124255555 525.3189124255555 160.14853343516307 256.1485334351631
392 632.68585 404.62527 359.9793956887837 530.7293956887837 152.90284887099742 248.90284887099742
408 633.1144 404.5559 364.97014001297055 535.7201400129705 146.601699784777 242.601699784777
425 633.1144 404.5559 370.45573236238414 541.2057323623842 140.05581447516937 236.05581447516937
443 632.57495 404.2867 376.4645815063909 547.2145815063909 133.2980777305462 229.2980777305462
459 632.57495 404.2867 381.9746488335043 552.7246488335043 127.44562809241546 223.44562809241546
476 632.57495 404.2867 387.9986374701024 558.7486374701024 121.39154692211227 217.39154692211227
493 632.6817 404.14496 394.1925174146769 564.9425174146769 115.51139478609738 211.51139478609738
510 632.6817 404.14496 400.5512688483818 571.3012688483818 109.8099372430793 205.8099372430793
527 632.7843 404.29892 407.06973833256984 577.8197383325698 104.29179502905546 200.29179502905546
544 631.9252 408.1668 413.7426429853873 584.4926429853873 98.96144031244515 194.96144031244515
561 631.9252 408.1668 420.564574763276 591.314574763276 93.82319306962836 189.82319306962836
579 632.6072 408.6857 427.94408475446505 598.694084754465 88.5967118216947 184.5967118216947
595 632.6072 408.6857 434.6332881070341 605.3832881070341 84.13951907017963 180.13951907017963
612 631.4907 407.51624 441.86866770951156 612.6186677095116 79.60194042970028 175.60194042970028
629 631.4907 407.51624 449.2302797509776 619.9802797509776 75.27215913482809 171.2721591348281
646 628.9521 407.90634 456.71215802621145 627.4621580262115 71.15368424901567 167.15368424901567
663 628.9521 407.90634 464.3082388604396 635.0582388604396 67.24985358281685 163.24985358281685
680 629.41284 407.37497 472.0123660236304 642.7623660236304 63.563830988764266 159.56383098876427
697 629.41284 407.37497 479.81829571979983 650.5682957197998 60.09860379723074 156.09860379723074
714 629.9908 406.5932 487.71970164728384 658.4697016472838 56.85698039535282 152.85698039535282
731 629.9908 406.5932 495.7101801258791 666.4601801258791 53.84158795097835 149.84158795097835
748 629.8139 405.21 503.783255286693 674.533255286693 51.0548702834833 147.0548702834833
765 629.8139 405.21 511.93238432050157 682.6823843205016 48.49908588318232 144.49908588318232
782 630.2703 405.7465 520.1509627803556 690.9009627803556 46.176306080939696 142.1763060809397
800 630.2703 405.7465 528.9212813350795 699.6712813350795 43.972948099647 139.972948099647
816 632.3434 406.90906 536.7697741627716 707.5197741627716 42.23709987763954 138.23709987763954
833 632.3434 406.90906 545.156538399579 715.906538399579 40.62386599915499 136.623865999155
851 632.25073 406.71637 554.0828444296311 724.8328444296311 39.176684392405264 135.17668439240526
867 632.25073 406.71637 562.0508042831839 732.8008042831839 38.116672841359446 134.11667284135945
884 631.228 406.53113 570.5446140026227 741.2946140026227 37.2247455122278 133.2247455122278
901 631.228 406.53113 579.0603709721212 749.8103709721212 36.574960050003085 132.57496005000309
919 629.3452 406.23578 588.0933063658551 758.8433063658551 36.151460206215404 132.1514602062154
935 630.6389 405.145 596.1301081479654 766.8801081479654 36.00372452586896 132.00372452586896
953 630.6389 405.145 605.1725055449577 775.9225055449577 36.09495642779058 132.09495642779058
970 630.6389 405.145 613.7063904556234 784.4563904556234 36.431328605587055 132.43132860558705
986 633.1808 406.30423 621.7265001944813 792.4765001944813 36.96970439707047 132.96970439707047
1004 633.1808 406.30423 630.7281551661815 801.4781551661815 37.831958255007294 133.8319582550073
1020 633.82336 406.3611 638.7046299331981 809.4546299331981 38.82586922049978 134.82586922049978
1037 633.82336 406.3611 647.1471900543268 817.8971900543268 40.115643042381976 136.11564304238198
1054 634.0378 407.09332 655.5496150057149 826.2996150057149 41.645215808474234 137.64521580847423
1072 634.0378 407.09332 664.3949870000625 835.1449870000625 43.52475517402934 139.52475517402934
1088 633.79926 408.7514 672.2068585250034 842.9568585250034 45.41860627535635 141.41860627535635
1105 633.79926 408.7514 680.4481772598931 851.1981772598931 47.65936583863811 143.6593658386381
1123 634.66077 408.59924 689.1009748533495 859.8509748533495 50.286601601133555 146.28660160113355
1140 632.9452 409.7289 697.1968778238853 867.9468778238853 53.006287796662775 149.00628779666278
1156 632.9452 409.7289 704.742950819005 875.492950819005 55.77554601295549 151.7755460129555
1173 632.49255 409.75494 712.6762698040402 883.4262698040402 58.93826443105149 154.9382644310515
1190 632.49255 409.75494 720.5163456946693 891.2663456946693 62.32552703375262 158.32552703375262
1207 631.7645 408.46265 728.2568245155068 899.0068245155068 65.93458862018292 161.93458862018292
1225 631.7645 408.46265 736.337097942471 907.087097942471 69.99444764366609 165.9944476436661
1241 631.7645 408.46265 743.413983721744 914.163983721744 73.80623152831976 169.80623152831976
1259 633.91345 410.0533 751.2501244418916 922.0001244418916 78.31934271231506 174.31934271231506
1275 633.91345 410.0533 758.0986210088488 928.8486210088488 82.52768009049117 178.52768009049117
1292 633.7256 409.82535 765.2488064458005 935.9988064458005 87.19835307494287 183.19835307494287
1310 633.53253 409.8273 772.671396715908 943.421396715908 92.36346949445999 188.36346949446
1326 633.53253 409.8273 779.1359413283826 949.8859413283826 97.14067282585665 193.14067282585665
1343 630.7716 408.88312 785.8616359705578 956.6116359705578 102.40426185718263 198.40426185718263
1360 630.7716 408.88312 792.434774570124 963.184774570124 107.85716813378187 203.85716813378187
1377 629.42236 409.1662 798.8500299387413 969.6000299387413 113.49497235758312 209.49497235758312
1394 629.42236 409.1662 805.1022028442499 975.8522028442499 119.31310538030687 215.31310538030687
1411 629.70355 409.80713 811.1862262243785 981.9362262243785 125.30685190652298 221.30685190652298
1428 629.70355 409.80713 817.0971692933363 987.8471692933363 131.47135431515434 227.47135431515434
1445 630.6355 412.57654 822.8302415379586 993.5802415379586 137.80161659632608 233.80161659632608
1462 630.6355 412.57654 828.3807966001699 999.1307966001699 144.29250840037312 240.29250840037312
1479 630.6355 412.57654 833.7443360426164 1004.4943360426164 150.93876919572267 246.93876919572267
1496 629.7929 412.0257 838.9165129944168 1009.6665129944168 157.73501253228335 253.73501253228335
1513 631.7498 408.0686 843.8931356740757 1014.6431356740757 164.675730406883 260.67573040688296
1530 631.7498 408.0686 848.6701707867052 1019.4201707867052 171.7552977272204 267.7552977272204
1547 633.3783 407.52283 853.2437467928016 1023.9937467928016 178.96797687071094 274.9679768707109
1564 633.3783 407.52283 857.6101570459276 1028.3601570459277 186.30792233453255 282.3079223345326
1582 631.6389 408.65146 862.0036814969314 1032.7536814969314 194.2117326082863 290.2117326082863
1598 631.6389 408.65146 865.7074960610505 1036.4574960610505 201.34571931915121 297.3457193191512
1615 631.27576 411.32043 869.4318623492258 1040.1818623492259 209.03138348446487 305.03138348446487
1633 631.27576 411.32043 873.1351439647128 1043.8851439647128 217.28117010118746 313.28117010118746
1649 631.4144 409.27722 876.2168989033121 1046.966898903312 224.7051040458423 320.7051040458423
1666 631.4144 409.27722 879.2720702485676 1050.0220702485676 232.6804577033056 328.6804577033056
1683 632.4045 408.28058 882.0989812329851 1052.8489812329851 240.73954649774532 336.7395464977453
1701 632.0921 409.61325 884.84084210631 1055.59084210631 249.35670803135872 345.3567080313587
1717 632.0921 409.61325 887.0590447096293 1057.8090447096292 257.08274103198784 353.08274103198784
1734 632.0921 409.61325 889.1881773273444 1059.9381773273444 265.35360145921436 361.35360145921436
1751 631.1175 410.64725 891.0810130930984 1061.8310130930984 273.6817171329047 369.6817171329047
1769 631.1175 410.64725 892.8259350518042 1063.5759350518042 282.55462653755245 378.55462653755245
1785 631.28284 412.4037 894.1518506369953 1064.9018506369953 290.4826752619944 386.4826752619944
1802 631.28284 412.4037 895.3273636603816 1066.0773636603817 298.94190141113677 394.94190141113677
1820 630.5356 411.20618 896.3090288345896 1067.0590288345898 307.9313178232743 403.9313178232743
1836 630.5356 411.20618 896.9538155200738 1067.703815520074 315.9435746118702 411.9435746118702
1853 632.86066 412.34503 897.4034362013994 1068.1534362013995 324.4722426880359 420.4722426880359
1870 632.86066 412.34503 897.6101019890048 1068.3601019890048 333.01025341435343 429.01025341435343
1887 632.46344 414.58142 897.5736453909749 1068.323645390975 341.5506871754069 437.5506871754069
1905 634.2359 415.69824 897.2700853553974 1068.0200853553974 350.5884482504665 446.5884482504665
1921 634.2359 415.69824 896.7716802368993 1067.5216802368993 358.6111411309172 454.6111411309172
1939 633.7114 418.83936 895.9542920861586 1066.7042920861586 367.61698093385 463.61698093385
1956 633.7114 418.83936 894.9334090841814 1065.6834090841814 376.09625777841393 472.09625777841393
1972 633.7114 418.83936 893.7524512558361 1064.5024512558361 384.04719151753216 480.04719151753216
1989 634.6402 417.92285 892.2647665348454 1063.0147665348454 392.4571339716405 488.4571339716405
2007 634.6402 417.92285 890.4293267523421 1061.1793267523421 401.3117618435425 497.3117618435425
2023 635.8482 418.69833 888.5744255069792 1059.3244255069792 409.13297339202586 505.13297339202586
2040 635.8482 418.69833 886.3747600303433 1057.1247600303432 417.385355454278 513.3853554542779
2058 635.84155 417.69897 883.7906735406054 1054.5406735406054 426.0511370669554 522.0511370669553
2074 635.84155 417.69897 881.2753512814876 1052.0253512814875 433.68560906238275 529.6856090623828
2091 634.6836 417.3154 878.3797408159044 1049.1297408159044 441.7202700970553 537.7202700970553
2108 633.8425 417.68964 875.2565931762647 1046.0065931762647 449.6692503292295 545.6692503292295
2125 633.8425 417.68964 871.9084395119482 1042.6584395119482 457.52610752219204 553.526107522192
2142 634.4903 414.9286 868.3379933280626 1039.0879933280626 465.2844741001809 561.2844741001809
2160 634.4903 414.9286 864.3184484911064 1035.0684484911064 473.3848773771026 569.3848773771026
2176 633.36725 414.5736 860.5419758597092 1031.291975859709 480.4806693117979 576.4806693117979
2193 633.36725 414.5736 856.3227228435584 1027.0727228435585 487.90618221638465 583.9061822163847
2210 633.36725 414.5736 851.8938087238421 1022.6438087238421 495.20858302917645 591.2085830291765
2227 632.1947 417.93668 847.2588229060326 1018.0088229060326 502.38195353258584 598.3819535325858
2244 632.1947 417.93668 842.4215218060378 1013.1715218060378 509.42048008140796 605.420480081408
2261 631.5206 417.35938 837.3858258058228 1008.1358258058228 516.3184583144773 612.3184583144773
2278 631.5206 417.35938 832.1558160761413 1002.9058160761413 523.0702977777584 619.0702977777584
2295 631.7417 417.95782 826.7357312689596 997.4857312689596 529.6705264551181 625.6705264551181
2312 629.8713 417.4173 821.1299640822481 991.8799640822481 536.1137952031119 632.1137952031119
2330 629.8713 417.4173 814.9971099362925 985.7471099362925 542.7591976716982 638.7591976716982
2346 629.55225 418.16312 809.379702109853 980.129702109853 548.5086966087915 644.5086966087915
2363 629.55225 418.16312 803.2447303028227 973.9947303028227 554.4502838409564 650.4502838409564
2380 629.58374 417.7086 796.9431143556885 967.6931143556885 560.2148284340103 656.2148284340103
2397 629.58374 417.7086 790.4799614017456 961.2299614017456 565.7976585231695 661.7976585231695
2414 630.77386 417.15732 783.8605094916655 954.6105094916655 571.1942495138428 667.1942495138428
2431 630.77386 417.15732 777.0901233483269 947.8401233483269 576.4002277485814 672.4002277485814
2448 633.39197 415.60248 770.1742900189863 940.9242900189863 581.4113740517007 677.4113740517007
2465 633.39197 415.60248 763.1186144283101 933.8686144283101 586.2236271487043 682.2236271487043
2482 631.3499 414.77014 755.9288148358737 926.6788148358737 590.8330869577367 686.8330869577367
2499 631.3499 414.77014 748.6107182018081 919.3607182018081 595.2360177503971 691.2360177503971
2517 633.35974 415.0664 740.7288988675523 911.4788988675523 599.6688721273433 695.6688721273433
2533 633.35974 415.0664 733.6134567331254 904.3634567331254 603.4081891703074 699.4081891703074
2550 633.1954 416.74493 725.9464464020558 896.6964464020558 607.1708066759479 703.1708066759479
2567 633.1954 416.74493 718.1754381858558 888.9254381858558 610.7136542896951 706.7136542896951
2584 632.56915 415.82602 710.3067300841386 881.0567300841386 614.0338607170812 710.0338607170812
2601 632.56915 415.82602 702.346699277214 873.096699277214 617.1287351027865 713.1287351027865
2619 634.023 416.74344 693.8260633664289 864.5760633664289 620.1572723108953 716.1572723108953
2635 634.023 416.74344 686.178543102233 856.928543102233 622.6326394604092 718.6326394604092
2653 637.10956 414.90756 677.4993677514212 848.2493677514212 625.1713771733134 721.1713771733134
2670 636.75745 411.98022 669.2355964401853 839.9855964401853 627.327860798587 723.327860798587
2686 636.75745 411.98022 661.4047925232513 832.1547925232513 629.1418395004217 725.1418395004217
2703 640.68 411.94086 653.0345219750633 823.7845219750633 630.8385742647915 726.8385742647915
2720 640.68 411.94086 644.6193448795832 815.3693448795832 632.296357637651 728.296357637651
2737 640.68 411.94086 636.1660813019316 806.9160813019316 633.5140081610913 729.5140081610913
2754 639.4139 412.14203 627.6815821743512 798.4315821743512 634.4905389924386 730.4905389924386
2771 639.4139 412.14203 619.1727237438794 789.9227237438794 635.2251587040392 731.2251587040392
2788 640.1034 410.43546 610.6464019995067 781.3964019995067 635.7172719246712 731.7172719246712
2806 640.1034 410.43546 601.607177164819 772.357177164819 635.9735692774082 731.9735692774082
2822 640.5862 408.75623 593.5690176902656 764.3190176902656 635.9725804261168 731.9725804261168
2839 640.5862 408.75623 585.0317954607539 755.7817954607539 635.7355687926154 731.7355687926154
2857 637.8292 408.11932 576.0036557812324 746.7536557812324 635.2198480618783 731.2198480618783
2873 637.5241 407.80966 567.9948801263789 738.7448801263789 634.5331740297464 730.5331740297464
2891 637.5241 407.80966 559.0107197476881 729.7607197476881 633.5045165381459 729.5045165381459
2907 635.1357 407.7228 551.0540000393138 721.8040000393138 632.3631926583694 728.3631926583694
2924 635.1357 407.7228 542.6367489028069 713.3867489028069 630.9174329219486 726.9174329219486
2942 639.5034 408.98853 533.7730850152877 704.5230850152877 629.1261382967836 725.1261382967836
2958 639.5034 408.98853 525.9427276452934 696.6927276452934 627.3102329649023 723.3102329649023
2975 639.5034 408.98853 517.6794871637487 688.4294871637487 625.1517161929854 721.1517161929854
2993 637.77246 411.04553 509.00093670470255 679.7509367047026 622.6108431393186 718.6108431393186
3009 637.77246 411.04553 501.3540257094023 672.1040257094023 620.1335944747455 716.1335944747455
3027 639.2549 409.80447 492.83413519547366 663.5841351954737 617.1029609476205 713.1029609476205
3044 639.2549 409.80447 484.8748660899855 655.6248660899855 614.0061281757542 710.0061281757542
3060 637.0354 412.39417 477.46714816449344 648.2171481644934 610.8855955525434 706.8855955525434
3077 636.7419 411.3857 469.691086470933 640.441086470933 607.3538534259965 703.3538534259965
3094 636.7419 411.3857 462.0187085871838 632.7687085871838 603.6021930576474 699.6021930576474
3111 637.43207 410.67755 454.4562325780845 625.2062325780845 599.6336549738851 695.6336549738851
3128 637.43207 410.67755 447.00978743869564 617.7597874386956 595.4514554692516 691.4514554692516
3145 637.14716 413.46573 439.68540812706976 610.4354081270698 591.058983999804 687.058983999804
3162 637.14716 413.46573 432.4890306732291 603.2390306732291 586.4598004361334 682.4598004361334
3179 637.63403 413.64035 425.4264873683203 596.1764873683203 581.6576321782761 677.6576321782761
3196 637.63403 413.64035 418.50350203784535 589.2535020378454 576.6563711348483 672.6563711348483
3213 639.1844 415.5924 411.72568540279684 582.4756854027969 571.4600705688548 667.4600705688548
3231 639.1844 415.5924 404.71350519699024 575.4635051969902 565.7502016818883 661.7502016818883
3248 640.8377 416.3055 398.2517260338776 569.0017260338776 560.165781572544 656.165781572544
3264 640.8377 416.3055 392.31756349239276 563.0675634923928 554.7438148032415 650.7438148032415
3282 641.25244 415.84006 385.818018823778 556.568018823778 548.4565902131905 644.4565902131905
3299 641.25244 415.84006 379.8561676524065 550.6061676524065 542.3413086562304 638.3413086562304
3315 640.60895 414.4468 374.4061519627961 545.1561519627961 536.4328962045494 632.4328962045494
3332 640.60895 414.4468 368.7911854693228 539.5411854693227 529.9976425819129 625.9976425819129
3350 640.10675 413.63547 363.0481643908829 533.7981643908829 523.0125883346178 619.0125883346178
3366 640.10675 413.63547 358.12202667636814 528.8720266763681 516.6608030789737 612.6608030789737
3383 637.4208 412.96677 353.07648117741576 523.8264811774158 509.7700260162269 605.7700260162269
3400 637.4208 412.96677 348.2291295851123 518.9791295851123 502.7384173488538 598.7384173488538
3418 638.0214 411.9344 343.31702741539596 514.067027415396 495.1460181088685 591.1460181088685
3434 637.3287 414.3849 339.144558420162 509.894558420162 488.2756097367269 584.2756097367269
3451 637.3287 414.3849 334.91470142185455 505.66470142185455 480.85613214835485 576.8561321483548
3469 637.3287 414.3849 330.668167657697 501.418167657697 472.8723845988062 568.8723845988062
3485 638.47766 415.60675 327.0969822152257 497.8469822152257 465.6710900449318 561.6710900449318
3502 638.47766 415.60675 323.5154558633554 494.2654558633554 457.9178322199049 553.9178322199049
3519 638.6086 418.06787 320.1560810978608 490.9060810978608 450.06576630732854 546.0657663073285
3537 638.6086 418.06787 316.8442563482289 487.5942563482289 441.6511902174244 537.6511902174244
3553 638.2425 418.6764 314.1144944740342 484.8644944740342 434.0907399116313 530.0907399116313
3570 638.2425 418.6764 311.4371790087004 482.1871790087004 425.9807263598813 521.9807263598814
3588 642.0965 419.69928 308.85522471939606 479.60522471939606 417.31430922285153 513.3143092228515
3604 642.0965 419.69928 306.780351140146 477.530351140146 409.5485569510936 505.5485569510936
3622 640.62866 417.93848 304.69576873233893 475.44576873233893 400.74925072104793 496.74925072104793
3638 641.16626 416.20712 303.06619032461737 473.81619032461737 392.87800666884965 488.87800666884965
3656 641.16626 416.20712 301.4857362133312 472.2357362133312 383.97433109371923 479.97433109371923
3672 639.4149 416.93823 300.30673466233077 471.05673466233077 376.02310703330426 472.02310703330426
3689 639.4149 416.93823 299.28793792598333 470.03793792598333 367.5435792681223 463.5435792681223
3706 641.728 418.09442 298.5109279242903 469.2609279242903 359.03848706593226 455.03848706593226
3723 641.728 418.09442 297.97633438360816 468.72633438360816 350.5147233633919 446.5147233633919
3740 640.48615 419.5027 297.68459056430925 468.43459056430925 341.9791962294431 437.9791962294431
3757 640.48615 419.5027 417.64906576024066 588.3990657602407 333.056686471707 429.056686471707
3774 640.48615 419.5027 417.99123095517183 588.7412309551719 324.5235450269113 420.5235450269113
3791 641.4354 418.9645 418.73774721758974 589.4877472175897 316.01623679178385 412.01623679178385
3808 641.4354 418.9645 419.88693415828243 590.6369341582824 307.553911501838 403.553911501838
3826 640.65906 421.22717 421.53972789945465 592.2897278994546 298.66399928652106 394.66399928652106
3842 642.1123 420.31506 423.3820723329198 594.1320723329197 290.84025954453836 386.84025954453836
3860 642.1123 420.31506 425.8697967163995 596.6197967163995 282.14695788528695 378.14695788528695
3876 643.4139 421.16684 428.4451933182859 599.1951933182859 274.53299249891984 370.53299249891984
3893 643.4139 421.16684 431.55105000007745 602.3010500000775 266.5777907912517 362.5777907912517
3910 642.5193 421.12915 435.03073493989234 605.7807349398923 258.7788567193968 354.7788567193968
3927 642.5193 421.12915 438.876415455004 609.626415455004 251.15374548655507 347.15374548655507
3945 641.2305 419.60834 443.3376014504479 614.0876014504479 243.28862718732034 339.28862718732034
3961 641.2305 419.60834 447.6303327319572 618.3803327319572 236.49321736108072 332.4932173610807
3978 637.76416 419.73184 452.518864647575 623.268864647575 229.49080094619188 325.4908009461919
3995 637.76416 419.73184 457.734026801152 628.484026801152 222.7281340425647 318.7281340425647
4012 637.76416 419.73184 463.26407999467915 634.0140799946792 216.22043924223226 312.22043924223226
4029 641.13904 418.76984 469.09657621838664 639.8465762183866 209.98236520147657 305.98236520147657
4046 639.60565 417.26953 475.21838667089924 645.9683866708992 204.0279536670738 300.0279536670738
4063 639.60565 417.26953 481.6157313118342 652.3657313118342 198.37060786867886 294.37060786867886
4080 638.7901 417.52325 488.27420988032543 659.0242098803254 193.0230623484931 289.0230623484931
4098 638.7901 417.52325 495.5923246451781 666.3423246451781 187.71199252826437 283.7119925282644
4114 636.7548 418.50854 502.31406246496294 673.064062464963 183.30479645322103 279.304796453221
4131 636.7548 418.50854 509.66383312829794 680.4138331282979 178.95595164869005 274.9559516486901
4148 634.559 418.69897 517.2116021519138 687.9616021519138 174.9606090221234 270.96060902212344
4166 634.559 418.69897 525.4002807325808 696.1502807325808 171.12553282347662 267.12553282347665
4182 634.0583 417.30176 532.8327684862486 703.5827684862486 168.06558799499004 264.06558799499004
4199 634.8922 416.23328 540.8710029469295 711.6210029469295 165.1814301122385 261.1814301122385
4217 634.8922 416.23328 549.5209282560902 720.2709282560902 162.54684124624086 258.5468412462409
4233 634.8922 416.23328 557.3123458725511 728.0623458725511 160.57226582663537 256.5722658266354
4250 635.82635 417.5266 565.678445290706 736.428445290706 158.85763453593017 254.85763453593017
4268 635.82635 417.5266 574.6146433324445 745.3646433324445 157.4768264733346 253.4768264733346
4285 636.0437 415.33856 583.1080892855312 753.8580892855312 156.5863458281167 252.5863458281167
4302 636.0437 415.33856 591.634212437205 762.384212437205 156.09972077737774 252.09972077737774
4318 635.08276 412.76135 599.6714617946108 770.4214617946108 156.01163372561214 252.01163372561214
4336 635.08276 412.76135 608.7076916320163 779.4576916320163 156.341507447631 252.341507447631
4353 637.51373 411.13458 617.2166157056257 787.9666157056257 157.06937491294823 253.06937491294823
4369 637.51373 411.13458 625.1850713827765 795.9350713827765 158.12239470530233 254.12239470530233
4386 639.2824 410.26996 633.5909809564164 804.3409809564164 159.6297978289907 255.6297978289907
4404 640.7168 408.79614 642.4027122819134 813.1527122819134 161.65850613580778 257.6585061358078
4420 640.7168 408.79614 650.1411853111272 820.8911853111272 163.83133188536496 259.831331885365
4437 643.1803 410.4666 658.2482260010909 828.9982260010909 166.5160052712332 262.5160052712332
4455 643.1803 410.4666 666.6830281761817 837.4330281761817 169.77428374521077 265.77428374521077
4471 644.05054 409.40305 674.0349817666976 844.7849817666976 173.0229627020636 269.02296270206364
4488 644.05054 409.40305 681.6791612546845 852.4291612546845 176.83059975054408 272.8305997505441
4506 644.05054 409.40305 689.5664118764473 860.3164118764473 181.25253868910977 277.25253868910977
4522 642.67535 410.7351 696.3831279004737 867.1331279004737 185.51135533338842 281.51135533338845
4539 642.67535 410.7351 703.4098168015221 874.1598168015221 190.36493370665013 286.36493370665016
4557 642.9242 411.07562 710.5899695491788 881.3399695491788 195.86108443850046 291.8610844385005
4573 642.9242 411.07562 716.733556869033 887.483556869033 201.0438897990301 297.0438897990301
4590 642.3756 410.7706 723.0006166338345 893.7506166338345 206.8452294582745 302.8452294582745
4607 642.2306 410.0613 728.9854590589218 899.7354590589218 212.9372932370277 308.9372932370277
4625 642.2306 410.0613 734.9997830567704 905.7497830567704 219.68934279222185 315.68934279222185
4641 643.502 411.5357 740.0552705632856 910.8052705632856 225.93811728273374 321.93811728273374
4660 643.502 411.5357 745.6890078170617 916.4390078170617 233.64254013923028 329.6425401392303
4675 645.06683 411.6179 749.8433760095571 920.5933760095571 239.9293697063817 335.9293697063817
4692 645.06683 411.6179 754.2287905304013 924.9787905304013 247.25737894613326 343.25737894613326
4709 638.5678 413.59723 758.2616938824929 929.0116938824929 254.78514557975075 350.78514557975075
4726 638.5678 413.59723 761.9330081024611 932.6830081024611 262.4957247950736 358.4957247950736
4743 638.5678 413.59723 765.2344691549205 935.9844691549205 270.3717602734482 366.3717602734482
4760 639.0458 412.00522 768.1586455346032 938.9086455346032 278.3955232583588 374.3955232583588
4777 639.0458 412.00522 770.6989549944915 941.4489549944915 286.5489524624127 382.5489524624127
4794 638.85443 412.7823 772.8496793622878 943.5996793622878 294.8136947228397 390.8136947228397
4811 636.59235 409.60458 774.605977411876 945.355977411876 303.17114631399613 399.17114631399613
4828 636.59235 409.60458 775.9638957607996 946.7138957607996 311.60249482388303 407.60249482388303
4845 634.3605 408.83017 776.9203777692248 947.6703777692248 320.08876150040663 416.08876150040663
4862 634.3605 408.83017 777.47327042036 948.22327042036 328.6108439720703 424.6108439720703
4879 634.46106 406.97412 777.6213291668411 948.3713291668411 337.1495592469291 433.1495592469291
4897 634.46106 406.97412 777.3364868280897 948.0864868280897 346.18732065055974 442.18732065055974
4914 635.3704 405.1176 776.6510281368674 947.4010281368674 354.69976602895355 450.69976602895355
4930 635.3704 405.1176 775.6377280160616 946.3877280160616 362.6733699460652 458.6733699460652
4948 635.02527 404.89288 774.0736116349954 944.8236116349954 371.57931213616394 467.57931213616394
4964 635.02527 404.89288 772.3093286896907 943.0593286896907 379.4210238275436 475.4210238275436
4981 637.6717 403.2577 770.0532173508461 940.8032173508461 387.65762152102405 483.65762152102405
4999 636.72144 404.1519 767.2414664715639 937.9914664715639 396.25159169433493 492.25159169433493
5015 636.72144 404.1519 764.3825521379785 935.1325521379785 403.7636982827043 499.7636982827043
5032 636.72144 404.1519 760.9807627878217 931.7307627878217 411.59692297976756 507.59692297976756
5050 635.3652 404.85327 756.9782545820084 927.7282545820084 419.70507902225296 515.7050790222529
5066 635.3652 404.85327 753.0825400722103 923.8325400722103 426.73562274375536 522.7356227437554
5083 635.7622 406.78357 748.6038854061801 919.3538854061801 434.00702098068035 530.0070209806804
5100 635.7622 406.78357 743.7853810904619 914.5353810904619 441.057807893992 537.057807893992
5118 635.9569 408.08215 738.3250770999266 909.0750770999266 448.265258669255 544.265258669255
5134 635.9569 408.08215 733.1729494131282 903.9229494131282 454.4345954942897 550.4345954942896
5151 637.79315 407.96954 727.4029103666112 898.1529103666112 460.73048537096236 556.7304853709624
5168 636.1328 407.92218 721.3407445286122 892.0907445286122 466.7456100820642 562.7456100820642
5185 636.1328 407.92218 715.0000976809954 885.7500976809954 472.46642973411736 568.4664297341174
5202 634.51556 408.08224 708.3952424593289 879.1452424593289 477.8800669068827 573.8800669068827
5219 634.51556 408.08224 701.5410462255444 872.2910462255444 482.9743356401059 578.9743356401059
5236 635.0887 407.93808 694.4529376018812 865.2029376018812 487.73776886380733 583.7377688638073
5253 635.0887 407.93808 687.1468717414465 857.8968717414465 492.15964421036574 588.1596442103657
5270 635.0887 407.93808 679.639294413571 850.389294413571 496.2300081502966 592.2300081502966
5288 632.2474 408.90372 671.489242169551 842.239242169551 500.14650081167713 596.1465008116771
5304 632.2474 408.90372 664.0876183788416 834.8376183788416 503.28036453280606 599.2803645328061
5322 630.3849 409.17432 655.6031277542164 826.3531277542164 506.40697374848173 602.4069737484817
5338 630.3849 409.17432 647.9378564156366 818.6878564156366 508.8253930396211 604.8253930396211
5355 630.05286 407.05624 639.6839337638094 810.4339337638094 511.01727369220305 607.017273692203
5372 631.9735 405.09686 631.335337516615 802.085337516615 512.8151948914908 608.8151948914908
5390 631.9735 405.09686 622.413344134101 793.163344134101 514.2849909417206 610.2849909417206
5406 630.88513 404.18823 614.4294649579773 785.1794649579773 515.2138665323532 611.2138665323532
5423 630.88513 404.18823 605.9102433377668 776.6602433377668 515.8092176247758 611.8092176247758
5440 631.74255 404.86035 597.3723718445073 768.1223718445073 515.9998227193989 611.9998227193989
5458 631.74255 404.86035 588.3333032838261 759.0833032838261 515.7600188365996 611.7600188365996
5474 633.8028 404.69727 580.317552089333 751.067552089333 515.1659907650433 611.1659907650433
5491 633.8028 404.69727 571.8389937950213 742.5889937950213 514.1434306506889 610.1434306506889
5508 633.8028 404.69727 563.4184791480179 734.1684791480179 512.7198741828516 608.7198741828516
5525 634.5169 406.76736 555.0749625136663 725.8249625136663 510.8985257511097 606.8985257511097
5542 634.5169 406.76736 546.8272249367301 717.5772249367301 508.68348516468336 604.6834851646834
5559 631.2073 406.27356 538.6938318657412 709.4438318657412 506.079738423869 602.079738423869
5576 633.40173 405.44833 530.6930913626405 701.4430913626405 503.0931464966776 599.0931464966776
5594 633.40173 405.44833 522.3863149437265 693.1363149437265 499.5210698075416 595.5210698075416
5610 634.29474 404.94437 515.1612667811617 685.9112667811617 495.99916469660786 591.9991646966079
5627 634.29474 404.94437 507.6651444467964 678.4151444467964 491.90774319720856 587.9077431972086
5644 635.08466 403.52832 500.37151947034613 671.1215194703461 487.4653773139863 583.4653773139863
5661 635.08466 403.52832 493.29680961702684 664.0468096170268 482.6820667001052 578.6820667001052
5678 635.5049 401.03946 486.4569398796541 657.2069398796541 477.56857846668925 573.5685784666892
5695 635.5049 401.03946 479.86730663188473 650.6173066318847 472.13642294632587 568.1364229463259
5712 635.52 400.65985 473.54274297137306 644.2927429713731 466.3978277836013 562.3978277836013
5730 635.52 400.65985 467.15087413130334 637.9008741313033 460.00202610763864 556.0020261076386
5746 635.6872 403.3955 461.7451414322254 632.4951414322254 454.0536489719888 550.0536489719889
5763 635.6872 403.3955 456.29865965604995 627.04865965605 447.47585175716756 543.4758517571676
5780 636.23456 404.6583 451.1702998949387 621.9202998949387 440.6471252215585 536.6471252215586
5798 636.23456 404.6583 446.09983091410595 616.849830914106 433.16029607556385 529.1602960755638
5814 635.8356 405.3668 441.9133795805666 612.6633795805666 426.29889958551144 522.2988995855114
5831 635.8356 405.3668 437.80565612063515 608.5556561206351 418.8116979778178 514.8116979778179
5849 634.4963 405.85657 433.8486005938714 604.5986005938714 410.68126269395975 506.68126269395975
5865 634.4963 405.85657 430.67789368960894 601.4278936896089 403.295346752855 499.295346752855
5882 634.0448 406.98016 427.67389913133843 598.4238991313384 395.30112404946493 491.30112404946493
5900 634.0448 406.98016 424.9103018905736 595.6603018905736 386.6915481808328 482.6915481808328
5916 635.4531 406.28165 422.8194776869708 593.5694776869708 378.9305179198789 474.9305179198789
5934 636.48376 407.8136 420.8841188838897 591.6341188838896 370.0978143331939 466.0978143331939
5950 636.48376 407.8136 419.53810174796206 590.2881017479621 362.1735872774116 458.1735872774116
5968 636.75 407.66095 418.4483973510431 589.1983973510431 353.19723998721406 449.19723998721406
5984 636.75 407.66095 417.85929986469176 588.6092998646918 345.18112492358273 441.18112492358273
6001 638.2011 405.04764 417.6286526131048 588.3786526131048 337.1467028281774 433.1467028281774
