1 611.05615 416.01926 297.62542067616835 468.37542067616835 335.4976002348308 431.4976002348308
17 611.05615 416.01926 297.7465672298508 468.4965672298508 327.460353677165 423.460353677165
34 619.0757 415.6624 298.1111703954607 468.8611703954607 318.92762829531256 414.92762829531256
51 619.0757 415.6624 298.7185140048509 469.4685140048509 310.4087391863609 406.4087391863609
68 623.08655 412.6909 299.56810583748677 470.31810583748677 301.91059046864586 397.91059046864586
86 625.9675 412.16653 300.7309474282776 471.4809474282776 292.9428107334055 388.9428107334055
102 625.9675 412.16653 301.9910842002114 472.7410842002114 285.00404105339845 381.00404105339845
119 629.2132 413.3985 303.56250703184975 474.31250703184975 276.6093422383909 372.6093422383909
136 629.2132 413.3985 305.37225228130916 476.12225228130916 268.2627764750041 364.2627764750041
153 630.6268 414.9856 307.4188532438116 478.1688532438116 259.9711082224287 355.9711082224287
170 630.6268 414.9856 309.7006512552929 480.4506512552929 251.74105744826687 347.7410574482669
187 630.6268 414.9856 312.21579703666407 482.96579703666407 243.57929418234613 339.57929418234613
204 636.4486 451.07147 314.9622521925565 485.7122521925565 235.4924331110061 331.4924331110061
221 636.4486 451.07147 317.93779086333535 488.68779086333535 227.48702821623766 323.48702821623766
238 639.44 546.1207 321.14000152904384 491.89000152904384 219.5695674640201 315.5695674640201
255 639.44 546.1207 324.5662889638151 495.3162889638151 211.74646754616077 307.7464675461608
273 511.552 436.89658 328.4352697116431 499.1852697116431 203.57308012612515 299.57308012612515
289 511.552 436.89658 332.0798074744846 502.8298074744846 196.40862946948707 292.4086294694871
306 552.7852 512.3271 336.16094923283765 506.91094923283765 188.90632183391858 284.9063218339186
323 583.6563 602.47986 340.4539940602396 511.2039940602396 181.52322600490484 277.5232260049048
340 583.6563 602.47986 344.9554626662418 515.7054626662418 174.26532559916362 270.2653255991636
358 600.5455 614.07544 349.94484113972976 520.6948411397298 166.72348388819168 262.7234838881917
374 600.5455 614.07544 354.5689124255555 525.3189124255555 160.14853343516307 256.1485334351631
391 608.79736 588.79016 359.6731023758233 530.4231023758233 153.30108260568883 249.30108260568883
408 608.79736 588.79016 364.97014001297055 535.7201400129705 146.601699784777 242.601699784777
426 613.5213 567.97485 370.78419195402086 541.5341919540208 139.675656616284 235.675656616284
442 613.5213 567.97485 376.12543363562395 546.875433635624 133.66873177782583 229.66873177782583
459 613.5213 567.97485 381.9746488335043 552.7246488335043 127.44562809241546 223.44562809241546
476 615.45886 543.4744 387.9986374701024 558.7486374701024 121.39154692211227 217.39154692211227
493 616.8023 517.5502 394.1925174146769 564.9425174146769 115.51139478609738 211.51139478609738
510 616.8023 517.5502 400.5512688483818 571.3012688483818 109.8099372430793 205.8099372430793
527 619.8824 495.43314 407.06973833256984 577.8197383325698 104.29179502905546 200.29179502905546
545 619.8824 495.43314 414.13986122421545 584.8898612242155 98.65383119074559 194.6538311907456
561 623.39764 482.79196 420.564574763276 591.314574763276 93.82319306962836 189.82319306962836
578 623.39764 482.79196 427.53000484391305 598.280004843913 88.88121758382923 184.88121758382923
595 614.81647 479.19376 434.6332881070341 605.3832881070341 84.13951907017963 180.13951907017963
613 614.81647 479.19376 442.298267202495 613.048267202495 79.34146014899 175.34146014899
629 616.71686 465.60178 449.2302797509776 619.9802797509776 75.27215913482809 171.2721591348281
646 616.71686 465.60178 456.71215802621145 627.4621580262115 71.15368424901567 167.15368424901567
664 617.5554 457.8773 464.7584925058843 635.5084925058843 67.02696940712423 163.02696940712423
680 617.5554 457.8773 472.0123660236304 642.7623660236304 63.563830988764266 159.56383098876427
697 616.40393 453.11792 479.81829571979983 650.5682957197998 60.09860379723074 156.09860379723074
714 616.40393 453.11792 487.71970164728384 658.4697016472838 56.85698039535282 152.85698039535282
731 614.5366 445.50662 495.7101801258791 666.4601801258791 53.84158795097835 149.84158795097835
748 614.5366 445.50662 503.783255286693 674.533255286693 51.0548702834833 147.0548702834833
765 612.396 440.68948 511.93238432050157 682.6823843205016 48.49908588318232 144.49908588318232
783 612.396 440.68948 520.6364292711773 691.3864292711773 46.04696936032366 142.04696936032366
799 609.9497 434.90918 528.4323299341439 699.1823299341439 44.08841336946284 140.08841336946284
816 609.9497 434.90918 536.7697741627716 707.5197741627716 42.23709987763954 138.23709987763954
833 610.78503 431.3423 545.156538399579 715.906538399579 40.62386599915499 136.623865999155
851 612.2996 429.9907 554.0828444296311 724.8328444296311 39.176684392405264 135.17668439240526
867 612.2996 429.9907 562.0508042831839 732.8008042831839 38.116672841359446 134.11667284135945
884 612.8419 427.36108 570.5446140026227 741.2946140026227 37.2247455122278 133.2247455122278
902 612.8419 427.36108 579.5618339036334 750.3118339036334 36.54429036905128 132.54429036905128
918 613.50085 423.60394 587.5911736117806 758.3411736117806 36.167843072143 132.167843072143
935 613.50085 423.60394 596.1301081479654 766.8801081479654 36.00372452586896 132.00372452586896
952 613.50085 423.60394 604.6702542165596 775.4202542165596 36.08273742076125 132.08273742076125
969 613.5979 420.99664 613.2046904715623 783.9546904715623 36.40481772096149 132.4048177209615
986 613.5979 420.99664 621.7265001944813 792.4765001944813 36.96970439707047 132.96970439707047
1003 614.36523 417.5542 630.2287768999744 800.9787768999744 37.77693963769889 133.7769396376989
1020 614.36523 417.5542 638.7046299331981 809.4546299331981 38.82586922049978 134.82586922049978
1038 616.03973 415.4216 647.6426280498187 818.3926280498187 40.19899106955364 136.19899106955364
1054 616.03973 415.4216 655.5496150057149 826.2996150057149 41.645215808474234 137.64521580847423
1071 615.72046 414.05032 663.9050950571935 834.6550950571935 43.41334787928315 139.41334787928315
1088 615.251 411.1328 672.2068585250034 842.9568585250034 45.41860627535635 141.41860627535635
1105 615.251 411.1328 680.4481772598931 851.1981772598931 47.65936583863811 143.6593658386381
1122 613.33685 409.07812 688.6223720999366 859.3723720999366 50.133810549576026 146.13381054957603
1139 613.33685 409.07812 696.7228182836474 867.4728182836474 52.839934998910564 148.83993499891056
1156 611.31226 409.77014 704.742950819005 875.492950819005 55.77554601295549 151.7755460129555
1173 611.31226 409.77014 712.6762698040402 883.4262698040402 58.93826443105149 154.9382644310515
1191 611.31226 409.77014 720.9744866729714 891.7244866729714 62.53171273890922 158.53171273890922
1208 611.0666 409.7937 728.7089106673807 899.4589106673807 66.15373198032523 162.15373198032523
1224 611.0666 409.7937 735.8914330094331 906.6414330094331 69.76252423287974 165.76252423287974
1241 611.4912 407.7874 743.413983721744 914.163983721744 73.80623152831976 169.80623152831976
1259 613.284 407.18307 751.2501244418916 922.0001244418916 78.31934271231506 174.31934271231506
1275 613.284 407.18307 758.0986210088488 928.8486210088488 82.52768009049117 178.52768009049117
1292 615.0756 405.37906 765.2488064458005 935.9988064458005 87.19835307494287 183.19835307494287
1310 615.0756 405.37906 772.671396715908 943.421396715908 92.36346949445999 188.36346949446
1327 617.83136 406.16412 779.5356963702274 950.2856963702274 97.4449779482751 193.4449779482751
1343 617.83136 406.16412 785.8616359705578 956.6116359705578 102.40426185718263 198.40426185718263
1360 621.3082 406.08057 792.434774570124 963.184774570124 107.85716813378187 203.85716813378187
1378 621.3082 406.08057 799.2223693489477 969.9723693489477 113.83226905874935 209.83226905874935
1394 624.0108 407.54306 805.1022028442499 975.8522028442499 119.31310538030687 215.31310538030687
1412 624.0108 407.54306 811.5387673844003 982.2887673844003 125.66479105149173 221.66479105149173
1428 623.0206 409.4414 817.0971692933363 987.8471692933363 131.47135431515434 227.47135431515434
1445 623.0206 409.4414 822.8302415379586 993.5802415379586 137.80161659632608 233.80161659632608
1462 623.7248 409.4707 828.3807966001699 999.1307966001699 144.29250840037312 240.29250840037312
1480 623.7248 409.4707 834.0539206730178 1004.8039206730178 151.33444969515332 247.33444969515332
1496 626.4356 408.39517 838.9165129944168 1009.6665129944168 157.73501253228335 253.73501253228335
1513 626.4356 408.39517 843.8931356740757 1014.6431356740757 164.675730406883 260.67573040688296
1530 627.5277 408.40555 848.6701707867052 1019.4201707867052 171.7552977272204 267.7552977272204
1548 627.5277 408.40555 853.5063645222324 1024.2563645222324 179.39627306401533 275.3962730640153
1564 625.02747 410.56595 857.6101570459276 1028.3601570459277 186.30792233453255 282.3079223345326
1581 625.02747 410.56595 861.7658627967578 1032.5158627967578 193.76918547310373 289.76918547310373
1598 624.5864 413.0631 865.7074960610505 1036.4574960610505 201.34571931915121 297.3457193191512
1615 624.5864 413.0631 869.4318623492258 1040.1818623492259 209.03138348446487 305.03138348446487
1632 623.84045 410.603 872.9359432553329 1043.6859432553329 216.8199491363638 312.8199491363638
1649 624.4847 409.41592 876.2168989033121 1046.966898903312 224.7051040458423 320.7051040458423
1667 624.4847 409.41592 879.4447010204906 1050.1947010204906 233.15226732338112 329.1522673233811
1683 624.7438 410.47665 882.0989812329851 1052.8489812329851 240.73954649774532 336.7395464977453
1700 624.7438 410.47665 884.6953407916484 1055.4453407916485 248.87583895516212 344.8758389551621
1717 624.7438 410.47665 887.0590447096293 1057.8090447096292 257.08274103198784 353.08274103198784
1735 626.39136 412.15762 889.3060775952 1060.0560775952 265.8419714294728 361.8419714294728
1751 626.39136 412.15762 891.0810130930984 1061.8310130930984 273.6817171329047 369.6817171329047
1768 624.8026 414.3763 892.7360179615537 1063.4860179615537 282.0603385467098 378.0603385467098
1786 624.8026 414.3763 894.2276611419293 1064.9776611419293 290.97932248926173 386.97932248926173
1802 624.58234 416.14978 895.3273636603816 1066.0773636603817 298.94190141113677 394.94190141113677
1819 624.58234 416.14978 896.2616043392997 1067.0116043392995 307.4311612295389 403.4311612295389
1836 627.3491 415.95123 896.9538155200738 1067.703815520074 315.9435746118702 411.9435746118702
1853 628.57806 416.1327 897.4034362013994 1068.1534362013995 324.4722426880359 420.4722426880359
1870 628.57806 416.1327 897.6101019890048 1068.3601019890048 333.01025341435343 429.01025341435343
1887 632.7435 417.26086 897.5736453909749 1068.323645390975 341.5506871754069 437.5506871754069
1904 632.7435 417.26086 897.2940959534936 1068.0440959534935 350.08662239203596 446.08662239203596
1921 632.6302 417.46387 896.7716802368993 1067.5216802368993 358.6111411309172 454.6111411309172
1939 632.6302 417.46387 895.9542920861586 1066.7042920861586 367.61698093385 463.61698093385
1956 632.6302 417.46387 894.9334090841814 1065.6834090841814 376.09625777841393 472.09625777841393
1973 634.918 417.28775 893.6715730175129 1064.4215730175129 384.54303868307437 480.54303868307437
1989 634.918 417.28775 892.2647665348454 1063.0147665348454 392.4571339716405 488.4571339716405
2007 634.6013 417.8147 890.4293267523421 1061.1793267523421 401.3117618435425 497.3117618435425
2023 634.6013 417.8147 888.5744255069792 1059.3244255069792 409.13297339202586 505.13297339202586
2041 637.13214 416.3709 886.2380618516396 1056.9880618516395 417.86880070345273 513.8688007034527
2057 634.94464 417.08594 883.9410778307275 1054.6910778307274 425.5717789017766 521.5717789017766
2074 634.94464 417.08594 881.2753512814876 1052.0253512814875 433.68560906238275 529.6856090623828
2091 638.0622 416.76062 878.3797408159044 1049.1297408159044 441.7202700970553 537.7202700970553
2109 638.0622 416.76062 875.0658458507073 1045.8158458507073 450.13403109346496 546.134031093465
2126 634.2767 416.81943 871.7045392706568 1042.4545392706568 457.98527023040305 553.9852702304031
2142 634.2767 416.81943 868.3379933280626 1039.0879933280626 465.2844741001809 561.2844741001809
2159 632.07666 418.24777 864.5481482862865 1035.2981482862865 472.9380623089762 568.9380623089762
2176 632.07666 418.24777 860.5419758597092 1031.291975859709 480.4806693117979 576.4806693117979
2194 627.7664 420.08145 856.0679679827582 1026.817967982758 488.339201456037 584.339201456037
2210 627.7664 420.08145 851.8938087238421 1022.6438087238421 495.20858302917645 591.2085830291765
2227 626.7826 420.1401 847.2588229060326 1018.0088229060326 502.38195353258584 598.3819535325858
2245 626.7826 420.1401 842.1307571776003 1012.8807571776003 509.8301892854297 605.8301892854297
2261 625.3295 420.63812 837.3858258058228 1008.1358258058228 516.3184583144773 612.3184583144773
2278 625.3295 420.63812 832.1558160761413 1002.9058160761413 523.0702977777584 619.0702977777584
2295 624.6947 423.2442 826.7357312689596 997.4857312689596 529.6705264551181 625.6705264551181
2313 624.6947 423.2442 820.794526925818 991.544526925818 536.4878107309933 632.4878107309933
2329 624.59753 424.6524 815.3430576999276 986.0930576999276 542.394882086187 638.394882086187
2346 624.59753 424.6524 809.379702109853 980.129702109853 548.5086966087915 644.5086966087915
2364 623.1169 424.1465 802.8786107340788 973.6286107340788 554.7943218655896 650.7943218655896
2380 623.1169 424.1465 796.9431143556885 967.6931143556885 560.2148284340103 656.2148284340103
2397 625.1135 423.7263 790.4799614017456 961.2299614017456 565.7976585231695 661.7976585231695
2415 627.70435 427.4687 783.4663765564474 954.2163765564474 571.5058019659065 667.5058019659065
2432 627.70435 427.4687 776.6872816327669 947.4372816327669 576.7004347658467 672.7004347658467
2448 627.6048 428.71304 770.1742900189863 940.9242900189863 581.4113740517007 677.4113740517007
2466 627.6048 428.71304 762.6993413925139 933.4493413925139 586.5004227817345 682.5004227817345
2482 627.6048 428.71304 755.9288148358737 926.6788148358737 590.8330869577367 686.8330869577367
2500 627.62024 430.56934 748.1763727666926 918.9263727666926 595.48850486691 691.48850486691
2516 627.62024 430.56934 741.17025546435 911.92025546435 599.4288511793545 695.4288511793545
2533 630.3881 432.27652 733.6134567331254 904.3634567331254 603.4081891703074 699.4081891703074
2551 630.3881 432.27652 725.4921459641587 896.2421459641587 607.3853219740902 703.3853219740902
2567 631.7099 434.18167 718.1754381858558 888.9254381858558 610.7136542896951 706.7136542896951
2584 631.7099 434.18167 710.3067300841386 881.0567300841386 614.0338607170812 710.0338607170812
2602 632.5815 435.2773 701.8757557291436 872.6257557291436 617.3037147460062 713.3037147460062
2618 632.4947 436.1248 694.3017969577133 865.0517969577133 619.9957692114392 715.9957692114392
2635 632.4947 436.1248 686.178543102233 856.928543102233 622.6326394604092 718.6326394604092
2652 634.43353 435.51193 677.9835211872297 848.7335211872297 625.0372088029525 721.0372088029525
2669 634.43353 435.51193 669.7233728534557 840.4733728534557 627.2075284601758 723.2075284601758
2686 634.43353 435.51193 661.4047925232513 832.1547925232513 629.1418395004217 725.1418395004217
2703 636.23334 434.46002 653.0345219750633 823.7845219750633 630.8385742647915 726.8385742647915
2720 636.23334 434.46002 644.6193448795832 815.3693448795832 632.296357637651 728.296357637651
2737 637.3567 435.14288 636.1660813019316 806.9160813019316 633.5140081610913 729.5140081610913
2754 637.3567 435.14288 627.6815821743512 798.4315821743512 634.4905389924386 730.4905389924386
2771 638.81555 435.1761 619.1727237438794 789.9227237438794 635.2251587040392 731.2251587040392
2788 638.2444 436.04883 610.6464019995067 781.3964019995067 635.7172719246712 731.7172719246712
2805 638.2444 436.04883 602.1095270833351 772.8595270833351 635.9664798220608 731.9664798220608
2822 635.6484 433.48618 593.5690176902656 764.3190176902656 635.9725804261168 731.9725804261168
2839 635.6484 433.48618 585.0317954607539 755.7817954607539 635.7355687926154 731.7355687926154
2856 634.1988 434.2972 576.5047793711809 747.2547793711809 635.2556370072082 731.2556370072082
2874 634.1988 434.2972 567.4949783535706 738.2449783535706 634.4831348595524 730.4831348595524
2890 633.87476 434.51965 559.5089945588649 730.2589945588649 633.5687653790487 729.5687653790487
2908 633.87476 434.51965 550.5577560156919 721.3077560156919 632.2847862171152 728.2847862171152
2924 633.63306 433.30106 542.6367489028069 713.3867489028069 630.9174329219486 726.9174329219486
2941 633.63306 433.30106 534.2640628953682 705.0140628953682 629.232657883161 725.232657883161
2958 633.63306 433.30106 525.9427276452934 696.6927276452934 627.3102329649023 723.3102329649023
2976 634.5383 431.5297 517.1953667532769 687.9453667532769 625.0174287059479 721.0174287059479
2992 634.5383 431.5297 509.48103837910116 680.2310383791012 622.7588569334407 718.7588569334407
3010 634.5407 429.0295 500.8783318686146 671.6283318686146 619.9719743310518 715.9719743310518
3026 634.3979 426.51224 493.3050356774336 664.0550356774336 617.278056456131 713.278056456131
3043 634.3979 426.51224 485.3405915726703 656.0905915726703 614.1945571432422 710.1945571432422
3060 635.4198 425.69666 477.46714816449344 648.2171481644934 610.8855955525434 706.8855955525434
3077 635.4198 425.69666 469.691086470933 640.441086470933 607.3538534259965 703.3538534259965
3094 636.152 425.78888 462.0187085871838 632.7687085871838 603.6021930576474 699.6021930576474
3111 636.152 425.78888 454.4562325780845 625.2062325780845 599.6336549738851 695.6336549738851
3128 637.1678 420.4789 447.00978743869564 617.7597874386956 595.4514554692516 691.4514554692516
3146 637.1678 420.4789 439.2584910195917 610.0084910195917 590.7941302961241 686.7941302961241
3162 635.8421 419.86902 432.4890306732291 603.2390306732291 586.4598004361334 682.4598004361334
3179 636.3126 423.37616 425.4264873683203 596.1764873683203 581.6576321782761 677.6576321782761
3196 636.3126 423.37616 418.50350203784535 589.2535020378454 576.6563711348483 672.6563711348483
3213 636.3126 423.37616 411.72568540279684 582.4756854027969 571.4600705688548 667.4600705688548
3231 639.0885 421.47766 404.71350519699024 575.4635051969902 565.7502016818883 661.7502016818883
3247 639.0885 421.47766 398.6274083925641 569.3774083925641 560.4993508552757 656.4993508552757
3265 637.0177 421.21136 391.9515285815807 562.7015285815808 554.3996867092457 650.3996867092457
3281 637.0177 421.21136 386.17410963438175 556.9241096343817 548.8109982204569 644.8109982204569
3298 638.1874 421.47437 380.2020257696452 550.9520257696452 542.7057093474355 638.7057093474355
3316 638.1874 421.47437 374.0708068390105 544.8208068390105 536.0587981572892 632.0587981572892
3332 637.2487 420.7461 368.7911854693228 539.5411854693227 529.9976425819129 625.9976425819129
3349 637.2487 420.7461 363.3616769287074 534.1116769287074 523.4051639192346 619.4051639192346
3366 635.57776 419.69415 358.12202667636814 528.8720266763681 516.6608030789737 612.6608030789737
3384 638.3667 421.17642 352.78581736231547 523.5358173623155 509.3602452851014 605.3602452851014
3400 638.3667 421.17642 348.2291295851123 518.9791295851123 502.7384173488538 598.7384173488538
3417 637.71375 421.7097 343.58390042682595 514.333900426826 495.5716758314352 591.5716758314352
3435 637.71375 421.7097 338.8899101067921 509.6399101067921 487.8425278304917 583.8425278304917
3451 637.71375 421.7097 334.91470142185455 505.66470142185455 480.85613214835485 576.8561321483548
3468 637.2628 422.64813 330.8977575118902 501.6477575118902 473.3192561685689 569.3192561685689
3485 637.2628 422.64813 327.0969822152257 497.8469822152257 465.6710900449318 561.6710900449318
3502 637.04456 421.29605 323.5154558633554 494.2654558633554 457.9178322199049 553.9178322199049
3519 637.04456 421.29605 320.1560810978608 490.9060810978608 450.06576630732854 546.0657663073285
3536 635.98413 420.60718 317.0215805179704 487.7715805179704 442.1212559998803 538.1212559998803
3553 635.98413 420.60718 314.1144944740342 484.8644944740342 434.0907399116313 530.0907399116313
3570 635.8839 419.55276 311.4371790087004 482.1871790087004 425.9807263598813 521.9807263598814
3587 635.5976 420.5475 308.9918039474663 479.7418039474663 417.79778809050777 513.7977880905078
3604 635.5976 420.5475 306.780351140146 477.530351140146 409.5485569510936 505.5485569510936
3622 635.61163 421.0249 304.69576873233893 475.44576873233893 400.74925072104793 496.74925072104793
3639 635.61163 421.0249 302.97135171354296 473.72135171354296 392.3846393220784 488.3846393220784
3656 633.754 421.30145 301.4857362133312 472.2357362133312 383.97433109371923 479.97433109371923
3672 633.754 421.30145 300.30673466233077 471.05673466233077 376.02310703330426 472.02310703330426
3689 632.53546 419.38904 299.28793792598333 470.03793792598333 367.5435792681223 463.5435792681223
3707 632.53546 419.38904 298.4727655898568 469.2227655898568 358.5375386282254 454.5375386282254
3723 630.7117 416.75662 297.97633438360816 468.72633438360816 350.5147233633919 446.5147233633919
3740 630.7117 416.75662 297.68459056430925 468.43459056430925 341.9791962294431 437.9791962294431
3758 632.4599 416.37292 417.6579818975829 588.4079818975829 332.55436575878036 428.55436575878036
3774 632.4599 416.37292 417.99123095517183 588.7412309551719 324.5235450269113 420.5235450269113
3791 634.09534 415.09213 418.73774721758974 589.4877472175897 316.01623679178385 412.01623679178385
3808 634.09534 415.09213 419.88693415828243 590.6369341582824 307.553911501838 403.553911501838
3825 631.74304 413.93213 421.43620498653286 592.1862049865329 299.15561763711503 395.15561763711503
3842 631.74304 413.93213 423.3820723329198 594.1320723329197 290.84025954453836 386.84025954453836
3859 629.89996 414.8998 425.72015609929747 596.4701560992975 282.62655488470796 378.62655488470796
3877 629.89996 414.8998 428.61741332353733 599.3674133235373 274.0610328969076 370.0610328969076
3893 629.1223 415.28632 431.55105000007745 602.3010500000775 266.5777907912517 362.5777907912517
3910 629.1223 415.28632 435.03073493989234 605.7807349398923 258.7788567193968 354.7788567193968
3928 628.036 417.13336 439.1138488204813 609.8638488204813 250.71099161237862 346.7109916123786
3945 628.036 417.13336 443.3376014504479 614.0876014504479 243.28862718732034 339.28862718732034
3961 627.0802 417.16138 447.6303327319572 618.3803327319572 236.49321736108072 332.4932173610807
3979 627.0802 417.16138 452.81670848039323 623.5667084803932 229.08620899447726 325.08620899447726
3995 628.9092 419.1106 457.734026801152 628.484026801152 222.7281340425647 318.7281340425647
4012 628.9092 419.1106 463.26407999467915 634.0140799946792 216.22043924223226 312.22043924223226
4029 626.33124 419.05222 469.09657621838664 639.8465762183866 209.98236520147657 305.98236520147657
4047 626.33124 419.05222 475.5872116294033 646.3372116294033 203.6868177027948 299.68681770279477
4064 624.17896 418.6356 482.00032161194906 652.7503216119491 198.0473496171248 294.04734961712484
4080 624.17896 418.6356 488.27420988032543 659.0242098803254 193.0230623484931 289.0230623484931
4097 624.03174 417.52283 495.1788343096449 665.9288343096449 187.9973542961332 283.9973542961332
4115 624.03174 417.52283 502.7406224410547 673.4906224410547 183.0393681522872 279.03936815228724
4131 622.5024 419.2537 509.66383312829794 680.4138331282979 178.95595164869005 274.9559516486901
4148 622.5024 419.2537 517.2116021519138 687.9616021519138 174.9606090221234 270.96060902212344
4166 622.8027 420.9494 525.4002807325808 696.1502807325808 171.12553282347662 267.12553282347665
4183 622.95874 420.58725 533.3017438562879 704.0517438562879 167.88540004190477 263.88540004190475
4199 622.95874 420.58725 540.8710029469295 711.6210029469295 165.1814301122385 261.1814301122385
4216 622.95874 420.58725 549.0369892185008 719.7869892185008 162.68178050678887 258.68178050678887
4234 620.11224 417.2329 557.8021405586188 728.5521405586188 160.46043219287566 256.46043219287566
4250 620.11224 417.2329 565.678445290706 736.428445290706 158.85763453593017 254.85763453593017
4267 619.10144 416.06656 574.1164555949256 744.8664555949256 157.54174622631027 253.54174622631027
4284 619.10144 416.06656 582.6073830375866 753.3573830375866 156.6275629290547 252.6275629290547
4302 620.1985 413.74963 591.634212437205 762.384212437205 156.09972077737774 252.09972077737774
4318 620.1985 413.74963 599.6714617946108 770.4214617946108 156.01163372561214 252.01163372561214
4335 619.54913 413.35492 608.206202299593 778.956202299593 156.31127426047263 252.31127426047263
4352 619.5896 413.6704 616.7171247860152 787.4671247860152 157.01538956894865 253.01538956894865
4369 619.5896 413.6704 625.1850713827765 795.9350713827765 158.12239470530233 254.12239470530233
4386 619.9876 414.48975 633.5909809564164 804.3409809564164 159.6297978289907 255.6297978289907
4403 619.9876 414.48975 641.9159320172428 812.6659320172428 161.53420581373558 257.5342058137356
4420 621.42664 413.8772 650.1411853111272 820.8911853111272 163.83133188536496 259.831331885365
4437 621.42664 413.8772 658.2482260010909 828.9982260010909 166.5160052712332 262.5160052712332
4455 623.0977 412.67642 666.6830281761817 837.4330281761817 169.77428374521077 265.77428374521077
4471 623.0977 412.67642 674.0349817666976 844.7849817666976 173.0229627020636 269.02296270206364
4488 623.0977 412.67642 681.6791612546845 852.4291612546845 176.83059975054408 272.8305997505441
4505 626.0819 412.42627 689.1341369531456 859.8841369531456 180.99652309031762 276.9965230903176
4523 625.49194 412.38895 696.8027732058051 867.5527732058051 185.78758605914797 281.787586059148
4539 625.49194 412.38895 703.4098168015221 874.1598168015221 190.36493370665013 286.36493370665016
4556 624.8601 410.90765 710.1983867574248 880.9483867574248 195.54633292803192 291.5463329280319
4574 624.8601 410.90765 717.1097699331881 887.8597699331881 201.3768602579292 297.3768602579292
4590 627.5329 409.26175 723.0006166338345 893.7506166338345 206.8452294582745 302.8452294582745
4608 627.5329 409.26175 729.3284286327194 900.0784286327194 213.30441374529323 309.30441374529323
4624 629.0165 409.7061 734.6746124154753 905.4246124154753 219.30636805391646 315.30636805391646
4642 629.0165 409.7061 740.3619103211945 911.1119103211945 226.33608418463587 322.33608418463587
4658 629.75507 406.62036 745.1153217770493 915.8653217770493 232.81761302381858 328.8176130238186
4675 629.75507 406.62036 749.8433760095571 920.5933760095571 239.9293697063817 335.9293697063817
4692 629.09796 404.2265 754.2287905304013 924.9787905304013 247.25737894613326 343.25737894613326
4709 629.09796 404.2265 758.2616938824929 929.0116938824929 254.78514557975075 350.78514557975075
4726 627.27716 405.94766 761.9330081024611 932.6830081024611 262.4957247950736 358.4957247950736
4744 627.27716 405.94766 765.4169917624882 936.1669917624882 270.8398319494411 366.8398319494411
4760 630.7223 407.36362 768.1586455346032 938.9086455346032 278.3955232583588 374.3955232583588
4777 630.7223 407.36362 770.6989549944915 941.4489549944915 286.5489524624127 382.5489524624127
4794 632.7698 409.50674 772.8496793622878 943.5996793622878 294.8136947228397 390.8136947228397
4812 632.7698 409.50674 774.6969169040786 945.4469169040786 303.6652471183856 399.6652471183856
4828 631.28204 408.90063 775.9638957607996 946.7138957607996 311.60249482388303 407.60249482388303
4845 631.28204 408.90063 776.9203777692248 947.6703777692248 320.08876150040663 416.08876150040663
4862 630.52747 408.81055 777.47327042036 948.22327042036 328.6108439720703 424.6108439720703
4880 630.52747 408.81055 777.6174195110625 948.3674195110625 337.6519438712278 433.6519438712278
4896 630.98114 407.73932 777.3642207321774 948.1142207321774 345.68568689301895 441.68568689301895
4913 630.082 411.01788 776.7025238609478 947.4525238609478 354.200012303063 450.200012303063
4931 630.082 411.01788 775.5625863875596 946.3125863875596 363.1701187073185 459.1701187073185
4947 628.3983 411.35315 774.1722300260149 944.9222300260149 371.0866865084376 467.0866865084376
4965 628.3983 411.35315 772.1874555236557 942.9374555236557 379.90841743392417 475.90841743392417
4981 628.3983 411.35315 770.0532173508461 940.8032173508461 387.65762152102405 483.65762152102405
4998 629.8035 412.3985 767.4089744590015 938.1589744590015 395.77793921594457 491.77793921594457
5016 629.8035 412.3985 764.1927668269823 934.9427668269823 404.2288725853804 500.2288725853804
5032 628.99115 414.7729 760.9807627878217 931.7307627878217 411.59692297976756 507.59692297976756
5050 628.99115 414.7729 756.9782545820084 927.7282545820084 419.70507902225296 515.7050790222529
5066 629.60333 414.76764 753.0825400722103 923.8325400722103 426.73562274375536 522.7356227437554
5083 629.60333 414.76764 748.6038854061801 919.3538854061801 434.00702098068035 530.0070209806804
5101 631.53235 415.303 743.4915841399335 914.2415841399335 441.4653480122629 537.4653480122629
5117 631.96356 414.1675 738.6378734563121 909.3878734563121 447.8721123408068 543.8721123408068
5134 631.96356 414.1675 733.1729494131282 903.9229494131282 454.4345954942897 550.4345954942896
5151 632.4392 414.3008 727.4029103666112 898.1529103666112 460.73048537096236 556.7304853709624
5168 632.4392 414.3008 721.3407445286122 892.0907445286122 466.7456100820642 562.7456100820642
5185 631.7129 416.0219 715.0000976809954 885.7500976809954 472.46642973411736 568.4664297341174
5202 631.7129 416.0219 708.3952424593289 879.1452424593289 477.8800669068827 573.8800669068827
5219 631.7129 416.0219 701.5410462255444 872.2910462255444 482.9743356401059 578.9743356401059
5236 633.5981 415.90808 694.4529376018812 865.2029376018812 487.73776886380733 583.7377688638073
5253 633.5981 415.90808 687.1468717414465 857.8968717414465 492.15964421036574 588.1596442103657
5270 635.458 418.31223 679.639294413571 850.389294413571 496.2300081502966 592.2300081502966
5287 635.458 418.31223 671.9471049847989 842.6971049847989 499.93969839739407 595.9396983973941
5304 635.41943 418.17365 664.0876183788416 834.8376183788416 503.28036453280606 599.2803645328061
5322 634.2449 418.8954 655.6031277542164 826.3531277542164 506.40697374848173 602.4069737484817
5338 634.2449 418.8954 647.9378564156366 818.6878564156366 508.8253930396211 604.8253930396211
5355 631.7129 420.87613 639.6839337638094 810.4339337638094 511.01727369220305 607.017273692203
5373 631.7129 420.87613 630.8416959955493 801.5916959955493 512.9085953455605 608.9085953455605
5390 632.0678 421.37 622.413344134101 793.163344134101 514.2849909417206 610.2849909417206
5407 632.0678 421.37 613.9291943374132 784.6791943374132 515.2600715357657 611.2600715357657
5423 630.31335 422.76782 605.9102433377668 776.6602433377668 515.8092176247758 611.8092176247758
5440 630.31335 422.76782 597.3723718445073 768.1223718445073 515.9998227193989 611.9998227193989
5457 629.3999 423.56168 588.8350690108309 759.5850690108309 515.7852527689789 611.7852527689789
5475 629.3999 423.56168 579.8175479661336 750.5675479661336 515.1169859395293 611.1169859395293
5491 629.3999 423.56168 571.8389937950213 742.5889937950213 514.1434306506889 610.1434306506889
5509 630.32837 423.7457 562.9253682235171 733.6753682235171 512.6237117563112 608.6237117563112
5525 628.9129 423.66327 555.0749625136663 725.8249625136663 510.8985257511097 606.8985257511097
5542 628.9129 423.66327 546.8272249367301 717.5772249367301 508.68348516468336 604.6834851646834
5559 631.02563 423.7423 538.6938318657412 709.4438318657412 506.079738423869 602.079738423869
5576 631.02563 423.7423 530.6930913626405 701.4430913626405 503.0931464966776 599.0931464966776
5593 632.71747 422.26306 522.843012891798 693.593012891798 499.7304321259451 595.7304321259451
5610 632.71747 422.26306 515.1612667811617 685.9112667811617 495.99916469660786 591.9991646966079
5627 629.6613 422.5021 507.6651444467964 678.4151444467964 491.90774319720856 587.9077431972086
5648 629.18646 423.5465 498.6865888177887 669.4365888177887 486.3701792003311 582.3701792003311
5661 629.18646 423.5465 493.29680961702684 664.0468096170268 482.6820667001052 578.6820667001052
5679 629.85846 423.3322 486.06223977640286 656.8122397764029 477.25774503117407 573.2577450311741
5695 629.85846 423.3322 479.86730663188473 650.6173066318847 472.13642294632587 568.1364229463259
5713 626.4648 421.9521 473.1792719367003 643.9292719367003 466.0509929481327 562.0509929481327
5730 626.4648 421.9521 467.15087413130334 637.9008741313033 460.00202610763864 556.0020261076386
5746 626.4648 421.9521 461.7451414322254 632.4951414322254 454.0536489719888 550.0536489719889
5763 625.45355 420.37604 456.29865965604995 627.04865965605 447.47585175716756 543.4758517571676
5781 625.45355 420.37604 450.87878898296606 621.6287889829661 440.23794679551276 536.2379467955127
5797 622.8296 420.55322 446.37160595691194 617.1216059569119 433.58284065575424 529.5828406557542
5814 622.8296 420.55322 441.9133795805666 612.6633795805666 426.29889958551144 522.2988995855114
5832 623.3248 420.91397 437.5751422903951 608.3251422903951 418.3653024466931 514.365302446693
5848 623.3248 420.91397 434.05768195865755 604.8076819586576 411.1380893339877 507.1380893339877
5865 620.95276 419.3774 430.67789368960894 601.4278936896089 403.295346752855 499.295346752855
5882 620.95276 419.3774 427.67389913133843 598.4238991313384 395.30112404946493 491.30112404946493
5900 621.0062 419.58395 424.9103018905736 595.6603018905736 386.6915481808328 482.6915481808328
5916 621.013 418.18576 422.8194776869708 593.5694776869708 378.9305179198789 474.9305179198789
5933 621.013 418.18576 420.97997798067684 591.7299779806768 370.59098431373195 466.59098431373195
5950 621.9432 416.8656 419.53810174796206 590.2881017479621 362.1735872774116 458.1735872774116
5967 621.9432 416.8656 418.4970946157316 589.2470946157316 353.69727415859836 449.69727415859836
5984 621.9432 416.8656 417.85929986469176 588.6092998646918 345.18112492358273 441.18112492358273
6001 621.7563 416.59985 417.6286526131048 588.3786526131048 337.1467028281774 433.1467028281774
