299.0 683.0 384.0 768.0
12 659.26416 398.4627
17 659.26416 398.4627
34 656.9119 397.89465
52 656.9119 397.89465
68 657.9805 396.2102
86 657.9805 396.2102
103 660.7188 397.66507
119 660.7188 397.66507
136 659.73694 398.59262
153 659.73694 398.59262
170 659.73694 398.59262
187 658.9929 400.54315
204 657.8055 395.2758
221 657.8055 395.2758
238 657.44366 393.8989
255 657.44366 393.8989
272 658.6771 401.98035
289 658.6771 401.98035
306 656.77625 406.6377
323 656.77625 406.6377
340 621.85016 427.17352
358 621.85016 427.17352
375 597.9183 455.9812
391 575.94714 478.64215
409 575.94714 478.64215
425 575.94714 478.64215
443 557.14655 496.23547
459 557.14655 496.23547
476 541.7432 511.22345
494 541.7432 511.22345
510 532.26575 519.8772
527 532.26575 519.8772
544 522.26825 532.00555
561 522.26825 532.00555
578 516.0298 540.8472
596 496.40338 513.77765
612 496.40338 513.77765
629 482.97998 498.25385
646 482.97998 498.25385
664 482.97998 498.25385
680 475.24808 482.2373
698 475.24808 482.2373
714 465.40677 465.9651
731 465.40677 465.9651
749 461.09976 456.88394
766 461.09976 456.88394
783 455.20175 443.28683
799 450.8439 433.32864
816 450.8439 433.32864
834 445.07886 430.12152
851 445.07886 430.12152
867 441.20157 420.97778
884 441.20157 420.97778
902 438.62677 416.51297
918 438.62677 416.51297
935 438.62677 416.51297
953 437.8952 411.67868
969 434.06793 403.45456
986 434.06793 403.45456
1004 433.68408 402.37482
1021 433.68408 402.37482
1037 435.12576 404.06332
1054 435.12576 404.06332
1072 434.34488 403.79852
1088 434.34488 403.79852
1106 482.99884 335.03827
1123 482.99884 335.03827
1139 386.39908 268.0306
1156 386.39908 268.0306
1173 309.11926 214.42448
1190 309.11926 214.42448
1207 247.29541 171.5396
1224 247.29541 171.5396
1241 280.3546 176.88516
1259 280.3546 176.88516
1275 318.08554 189.16763
1292 318.08554 189.16763
1309 347.18774 201.34048
1326 347.18774 201.34048
1343 372.53308 201.97379
1361 391.6417 204.68835
1377 391.6417 204.68835
1395 391.6417 204.68835
1411 404.01572 210.03159
1428 404.01572 210.03159
1446 414.16306 209.68394
1462 414.16306 209.68394
1480 423.37207 214.79553
1496 423.37207 214.79553
1513 435.09988 197.96292
1530 435.09988 197.96292
1547 443.15512 194.61435
1564 445.9715 187.0457
1581 445.9715 187.0457
1599 452.19894 180.04716
1615 452.19894 180.04716
1632 454.57855 172.88867
1649 454.57855 172.88867
1666 454.57855 172.88867
1683 458.27036 170.17264
1700 458.27036 170.17264
1718 461.60297 169.44423
1734 461.60297 169.44423
1751 463.90332 164.87317
1768 465.5266 166.41777
1786 465.5266 166.41777
1802 467.51877 167.23087
1820 467.51877 167.23087
1837 467.83365 167.76556
1853 467.83365 167.76556
1870 470.4154 169.50519
1887 470.4154 169.50519
1904 473.6811 170.9625
1922 473.6811 170.9625
1938 476.49268 170.4416
1955 476.49268 170.4416
1972 475.56473 170.34982
1989 475.56473 170.34982
2006 474.69995 169.25943
2024 474.69995 169.25943
2040 476.28516 167.55287
2057 476.28516 167.55287
2074 477.89838 167.40933
2091 477.89838 167.40933
2109 478.90125 168.33125
2125 480.31232 173.68875
2142 480.31232 173.68875
2160 480.31232 173.68875
2176 483.4718 173.08687
2194 483.4718 173.08687
2210 477.61105 171.67126
2228 477.61105 171.67126
2244 472.9648 172.33716
2261 472.9648 172.33716
2278 469.03745 169.77162
2295 469.03745 169.77162
2313 471.57327 163.2284
2329 472.947 160.8279
2346 472.947 160.8279
2363 474.30664 162.10194
2380 474.30664 162.10194
2397 474.30664 162.10194
2414 477.3827 159.56906
2431 477.3827 159.56906
2448 477.79297 156.55429
2465 477.79297 156.55429
2482 476.7436 155.9227
2500 477.42072 156.69637
2516 477.42072 156.69637
2533 476.3694 153.90918
2551 476.3694 153.90918
2568 476.19604 153.66676
2584 476.19604 153.66676
2601 477.26154 151.88133
2618 477.26154 151.88133
2635 476.5791 148.83908
2653 476.5791 148.83908
2669 476.5791 148.83908
2686 474.52676 145.87563
2703 474.52676 145.87563
2721 477.30533 144.91006
2737 476.84225 142.1949
2754 476.84225 142.1949
2771 476.62912 141.41489
2789 476.62912 141.41489
2805 474.43182 143.32263
2822 474.43182 143.32263
2839 472.1869 143.47458
2856 472.1869 143.47458
2873 473.3672 145.50958
2891 468.84686 146.5136
2907 468.84686 146.5136
2925 468.84686 146.5136
2941 470.55994 147.86595
2959 470.55994 147.86595
2975 470.87726 149.87628
2992 470.87726 149.87628
3010 468.34995 152.0852
3026 468.34995 152.0852
3043 468.03906 152.06512
3061 468.03906 152.06512
3077 468.10165 148.49316
3094 468.10165 148.49316
3111 467.6731 150.82297
3129 465.30365 150.41536
3145 465.30365 150.41536
3163 465.30365 150.41536
3180 463.15857 147.05365
3197 463.15857 147.05365
3213 463.90244 148.64798
3231 463.90244 148.64798
3247 461.6217 148.58627
3264 461.6217 148.58627
3282 461.84573 150.19247
3298 464.98053 153.6884
3315 464.98053 153.6884
3333 465.1101 156.20712
3350 465.1101 156.20712
3366 464.2235 157.78958
3383 464.2235 157.78958
3401 463.25217 161.93326
3417 463.25217 161.93326
3434 463.25217 161.93326
3452 465.64948 172.31256
3468 465.64948 172.31256
3485 465.72318 173.8185
3503 464.2113 170.47015
3519 464.2113 170.47015
3536 466.3366 170.55113
3553 466.3366 170.55113
3570 467.76935 168.19243
3587 467.76935 168.19243
3605 470.28387 170.01645
3621 470.28387 170.01645
3639 473.8253 175.61775
3655 473.8253 175.61775
3672 472.63324 176.25278
3690 472.63324 176.25278
3706 471.0915 179.13702
3723 471.0915 179.13702
3740 468.8512 180.4956
3758 468.8512 180.4956
3774 469.60764 181.66829
3791 469.60764 181.66829
3809 470.31396 180.67838
3825 470.31396 180.67838
3843 468.55133 179.81905
3860 468.55133 179.81905
3877 471.98013 182.8464
3893 470.4923 186.6489
3910 470.4923 186.6489
3928 470.4923 186.6489
3944 471.72928 183.53635
3961 471.72928 183.53635
3979 470.82968 175.96536
3995 470.82968 175.96536
