683.0 1067.0 384.0 768.0
1 654.0097 305.37848
17 658.3554 322.5572
35 663.34314 340.4611
51 663.34314 340.4611
68 667.2931 344.16425
85 667.2931 344.16425
102 670.199 357.24524
120 670.199 357.24524
136 670.7885 371.13263
153 670.7885 371.13263
171 672.0753 382.9698
187 672.0753 382.9698
204 674.7952 389.25894
222 675.5618 391.89307
238 675.5618 391.89307
255 675.5618 391.89307
272 678.2288 398.8432
290 678.2288 398.8432
306 681.383 400.59958
324 681.383 400.59958
340 684.5166 405.7959
357 684.5166 405.7959
374 685.1896 408.2607
391 685.1896 408.2607
409 687.8302 407.42633
425 686.6042 408.51517
443 686.6042 408.51517
459 706.8233 377.76617
476 706.8233 377.76617
493 706.8233 377.76617
510 731.038 353.84705
528 731.038 353.84705
544 747.5386 332.80148
561 747.5386 332.80148
578 760.871 322.36026
596 772.36456 308.8499
612 772.36456 308.8499
629 782.9539 297.22607
646 782.9539 297.22607
664 765.95844 284.32516
681 765.95844 284.32516
697 737.9027 271.80527
714 737.9027 271.80527
731 710.4966 266.88046
749 710.4966 266.88046
765 710.4966 266.88046
782 689.44525 265.24533
799 672.3644 262.3814
816 672.3644 262.3814
833 659.3548 257.3701
851 659.3548 257.3701
867 647.2229 258.8067
884 647.2229 258.8067
901 642.4166 256.5106
918 642.4166 256.5106
935 689.43665 322.84436
953 689.43665 322.84436
970 727.5496 377.01108
986 727.5496 377.01108
1003 760.7455 419.91812
1020 760.7455 419.91812
1037 783.4305 453.67596
1055 783.4305 453.67596
1071 801.29675 480.80103
1088 801.29675 480.80103
1106 813.5979 503.45944
1122 813.5979 503.45944
1139 827.4482 520.7345
1156 827.4482 520.7345
1174 847.45026 548.5322
1190 860.3163 573.44214
1207 860.3163 573.44214
1224 872.5209 591.4099
1241 872.5209 591.4099
1258 872.5209 591.4099
1276 880.70154 605.6273
1292 880.70154 605.6273
1309 888.6433 620.22955
1327 888.6433 620.22955
1343 897.7788 630.2615
1361 897.7788 630.2615
1377 901.87964 637.9446
1394 823.1275 650.0995
1412 823.1275 650.0995
1428 759.8403 658.78455
1445 759.8403 658.78455
1463 708.9437 663.7297
1480 708.9437 663.7297
1496 672.1464 668.84656
1513 672.1464 668.84656
1531 672.1464 668.84656
1547 635.5409 671.6677
1565 610.7734 676.435
1582 610.7734 676.435
1598 584.62537 676.415
1616 584.62537 676.415
1632 565.0326 659.46826
1650 565.0326 659.46826
1666 552.6134 648.91473
1684 552.6134 648.91473
1700 541.0341 641.9755
1717 541.0341 641.9755
1734 531.85626 633.3221
1752 531.85626 633.3221
1768 521.87585 626.33057
1785 521.87585 626.33057
1802 514.9498 620.4927
1819 514.9498 620.4927
1836 510.54352 618.14435
1853 510.54352 618.14435
1870 510.02402 616.8158
1887 510.02402 616.8158
1904 505.45084 614.94006
1922 505.45084 614.94006
1938 503.56656 608.95715
1955 503.56656 608.95715
1972 498.6626 609.0895
1990 498.6626 609.0895
2006 497.2471 606.8676
2024 497.2471 606.8676
2041 497.73578 605.28827
2057 497.73578 605.28827
2074 497.93048 604.36096
2091 497.93048 604.36096
2109 495.55368 605.89404
2125 495.55368 605.89404
2143 493.04486 606.36224
2160 494.07635 603.7991
2176 494.07635 603.7991
2193 494.61337 605.282
2211 494.61337 605.282
2227 495.4919 605.5095
2244 495.4919 605.5095
2262 495.4919 605.5095
2278 493.5738 608.2302
2295 493.5738 608.2302
2312 491.54138 609.67114
2330 489.44543 612.32806
2346 489.44543 612.32806
2364 492.91348 614.10913
2381 492.91348 614.10913
2397 495.60574 613.8241
2414 495.60574 613.8241
2431 494.70218 617.9586
2448 494.70218 617.9586
2465 495.78326 618.8685
2482 495.78326 618.8685
2499 494.31757 619.08563
2516 494.31757 619.08563
2533 493.46194 619.3632
2550 493.46194 619.3632
2567 494.74515 621.1069
2584 494.74515 621.1069
2601 496.23956 617.46716
2619 496.23956 617.46716
2636 496.2967 618.5563
2653 496.2967 618.5563
2670 496.04303 619.7578
2686 496.04303 619.7578
2703 493.319 623.5178
2721 493.3652 623.06433
2737 493.3652 623.06433
2754 493.3652 623.06433
2772 493.48276 624.3849
2788 493.48276 624.3849
2806 496.58426 628.1781
2822 496.58426 628.1781
2839 494.6188 626.48914
2856 494.6188 626.48914
2873 492.2113 626.3958
2891 492.2113 626.3958
2907 491.6516 624.5306
2924 490.52536 622.6867
2941 490.52536 622.6867
2959 490.51373 620.0528
2976 490.51373 620.0528
2993 487.15247 622.4875
3010 487.15247 622.4875
3026 487.15247 622.4875
3043 487.28662 619.98334
3061 487.28662 619.98334
3078 489.11853 619.98785
3094 489.11853 619.98785
3112 487.97925 618.66516
3128 486.5363 616.6078
3145 486.5363 616.6078
3162 489.4416 614.8955
3180 489.4416 614.8955
3196 488.30194 615.29675
3214 488.30194 615.29675
3230 490.22714 613.6046
3248 490.22714 613.6046
3264 490.1658 614.3409
3281 490.1658 614.3409
3298 490.1658 614.3409
3315 486.94604 616.9515
3332 486.3891 618.56134
3349 486.3891 618.56134
3367 486.07837 619.9911
3383 486.07837 619.9911
3400 483.84692 618.51056
3418 483.84692 618.51056
3435 485.3963 616.91034
3451 485.3963 616.91034
3468 483.47116 615.07446
3485 483.47116 615.07446
3502 483.29602 617.9152
3520 483.29602 617.9152
3536 484.73572 615.38074
3553 484.73572 615.38074
3570 483.56256 610.8651
3587 483.56256 610.8651
3604 483.35834 612.79626
3621 483.35834 612.79626
3639 484.22394 610.8423
3655 484.22394 610.8423
3672 483.86432 608.3336
3689 483.86432 608.3336
3706 481.3852 607.58704
3724 482.72043 610.14484
3740 482.72043 610.14484
3757 480.9875 610.8043
3774 480.9875 610.8043
3791 480.9875 610.8043
3808 482.09152 611.2281
3826 482.09152 611.2281
3842 479.33215 605.80145
3859 479.33215 605.80145
3876 478.34848 610.73047
3894 474.9349 612.0771
3910 474.9349 612.0771
3927 478.1983 610.7767
3944 478.1983 610.7767
3961 479.33707 606.43445
3978 479.33707 606.43445
3995 478.5332 613.08203
