299.0 683.0 0.0 384.0
1 677.4895 388.71722
17 677.4895 388.71722
34 680.25543 386.7056
52 680.25543 386.7056
68 678.9822 389.13992
85 678.365 389.47162
102 678.365 389.47162
120 678.0165 391.4517
136 678.0165 391.4517
154 676.7946 392.42886
170 676.7946 392.42886
188 677.5824 387.28625
205 677.5824 387.28625
221 677.5824 387.28625
238 676.8054 390.4952
255 676.8054 390.4952
272 672.6664 390.2861
289 673.4024 387.83563
307 673.4024 387.83563
323 673.36237 392.83182
340 673.36237 392.83182
357 675.5591 395.12872
374 675.5591 395.12872
391 674.7394 393.42822
409 674.7394 393.42822
425 672.8744 392.73886
442 672.8744 392.73886
459 670.93054 387.11282
477 670.93054 387.11282
494 668.188 385.72986
511 668.188 385.72986
527 635.3959 341.52237
544 635.3959 341.52237
562 615.2569 299.2989
578 615.2569 299.2989
595 595.72626 269.35175
612 595.72626 269.35175
630 586.6129 236.54166
646 575.44086 217.34067
663 575.44086 217.34067
680 560.3234 199.01366
698 560.3234 199.01366
714 560.3234 199.01366
731 550.13025 186.64185
749 550.13025 186.64185
765 538.6078 177.03052
782 538.6078 177.03052
799 538.3795 176.13396
816 538.3795 176.13396
833 541.3848 178.04463
851 543.88513 180.50691
867 543.88513 180.50691
885 546.0663 180.38522
901 546.0663 180.38522
918 558.67084 181.89954
935 558.67084 181.89954
952 611.3335 184.3426
969 611.3335 184.3426
987 611.3335 184.3426
1003 653.59595 181.03345
1020 653.59595 181.03345
1037 683.4552 189.07307
1055 710.3209 192.90219
1071 710.3209 192.90219
1089 568.2568 154.32176
1105 568.2568 154.32176
1122 454.60544 123.45741
1140 454.60544 123.45741
1156 363.68436 98.76593
1173 363.68436 98.76593
1190 290.94748 79.01275
1208 290.94748 79.01275
1224 232.75798 63.2102
1241 232.75798 63.2102
1258 368.13837 80.11606
1276 368.13837 80.11606
1292 452.36414 33.36767
1309 452.36414 33.36767
1326 538.84973 75.794075
1343 538.84973 75.794075
1360 611.12256 112.53705
1378 611.12256 112.53705
1394 667.24963 146.90756
1411 711.61163 169.93854
1429 711.61163 169.93854
1445 750.1113 190.84457
1462 750.1113 190.84457
1479 750.1113 190.84457
1497 779.2186 196.20892
1513 779.2186 196.20892
1530 801.9624 199.67506
1547 801.9624 199.67506
1564 815.707 205.10406
1581 815.707 205.10406
1598 829.64075 207.55643
1616 841.3478 215.59204
1632 841.3478 215.59204
1649 851.83795 214.4377
1666 851.83795 214.4377
1683 858.54645 219.84555
1700 858.54645 219.84555
1718 858.54645 219.84555
1734 863.99005 224.79109
1752 863.99005 224.79109
1768 867.0929 229.78252
1786 867.0929 229.78252
1802 868.7874 219.88214
1819 868.196 211.79633
1836 868.196 211.79633
1853 867.32654 205.03445
1870 867.32654 205.03445
1887 867.31244 208.57877
1905 867.31244 208.57877
1921 868.961 210.10645
1938 868.961 210.10645
1955 869.5869 205.86423
1972 869.5869 205.86423
1989 869.5869 205.86423
2007 869.5852 204.31195
2023 869.4133 199.79791
2040 869.4133 199.79791
2057 868.2839 196.0232
2075 868.2839 196.0232
2091 868.6271 200.31552
2108 868.6271 200.31552
2125 869.4217 196.74481
2142 869.4217 196.74481
2159 871.31134 188.05023
2176 871.31134 188.05023
2193 870.8338 188.5538
2210 870.50806 191.69131
2228 870.50806 191.69131
2244 870.50806 191.69131
2261 879.8848 196.72159
2278 879.8848 196.72159
2295 885.4929 198.70149
2312 885.4929 198.70149
2329 888.50793 194.98816
2347 888.50793 194.98816
2363 895.8138 190.25162
2380 897.0546 189.98154
2397 897.0546 189.98154
2415 898.8303 187.87668
2432 898.8303 187.87668
2448 901.6599 188.85477
2466 901.6599 188.85477
2482 901.6599 188.85477
2499 903.0961 188.68674
2517 903.0961 188.68674
2533 903.96857 190.35934
2550 903.96857 190.35934
2567 902.7521 197.0042
2585 896.5461 199.85864
2601 896.5461 199.85864
2618 892.4669 201.02191
2635 892.4669 201.02191
2652 891.7087 205.136
2669 891.7087 205.136
2687 890.9542 207.59225
2703 890.9542 207.59225
2721 888.2642 213.94592
2738 888.2642 213.94592
2754 888.2642 213.94592
2771 889.772 220.17966
2788 887.60925 224.65027
2805 887.60925 224.65027
2825 887.60925 224.65027
2839 886.2128 221.16174
2856 887.2505 221.69876
2873 887.2505 221.69876
2890 883.85675 219.5891
2907 883.85675 219.5891
2924 883.15173 217.4939
2941 883.15173 217.4939
2958 886.9186 212.63618
2976 887.9519 215.60321
2992 887.9519 215.60321
3009 887.9519 215.60321
3027 883.9985 214.35533
3043 883.9985 214.35533
3061 879.3315 211.76892
3077 879.3315 211.76892
3095 880.1153 208.10675
3111 880.1153 208.10675
3128 877.8847 205.6275
3146 877.8847 205.6275
3162 877.87946 203.05078
3180 877.907 199.28552
3196 877.907 199.28552
3213 876.90906 196.2179
3230 876.90906 196.2179
3248 876.6239 195.79897
3264 876.6239 195.79897
3281 876.6239 195.79897
3298 875.024 198.02585
3315 875.024 198.02585
3332 873.7142 194.84593
3349 873.3415 197.41473
3366 873.3415 197.41473
3383 871.7512 192.57953
3401 871.7512 192.57953
3418 870.54706 190.8193
3434 870.54706 190.8193
3451 870.47296 185.67203
3468 870.47296 185.67203
3486 870.47296 185.67203
3502 868.3957 191.29498
3519 868.3957 191.29498
3536 869.7817 190.47328
3554 869.8817 186.73569
3570 869.8817 186.73569
3587 870.0307 187.40965
3605 870.0307 187.40965
3621 869.37146 192.48524
3638 869.37146 192.48524
3655 868.602 195.60107
3672 868.602 195.60107
3689 871.5781 196.32817
3706 871.5781 196.32817
3723 871.5781 196.32817
3741 870.1982 195.7209
3758 870.5791 197.96394
3774 870.5791 197.96394
3792 869.036 190.38205
3808 869.036 190.38205
3825 869.2435 189.72697
3843 869.2435 189.72697
3860 868.8694 184.46233
3876 868.8694 184.46233
3894 870.24854 180.437
3910 870.24854 180.437
3927 869.3019 187.21983
3944 870.05096 188.7998
3962 870.05096 188.7998
3979 870.05096 188.7998
3995 869.6399 190.75201
