683.0 1067.0 384.0 768.0
1 689.4797 353.46487
17 688.12036 355.99347
34 688.12036 355.99347
51 687.60767 358.18433
69 687.60767 358.18433
85 688.79803 358.87006
103 689.62805 354.84583
119 689.62805 354.84583
136 684.59814 351.5189
154 684.59814 351.5189
171 684.59814 351.5189
187 683.6391 353.30383
204 683.6391 353.30383
221 681.6103 351.73218
238 681.6103 351.73218
255 681.388 352.48956
272 681.388 352.48956
290 683.13416 351.8948
306 683.1705 357.75446
323 683.1705 357.75446
340 685.98456 358.74
358 685.98456 358.74
374 684.8 356.49625
391 684.8 356.49625
408 716.299 378.33722
425 716.299 378.33722
443 740.7235 396.7962
459 740.7235 396.7962
476 762.3618 410.12418
493 762.3618 410.12418
510 774.6055 425.69644
527 774.6055 425.69644
544 785.4093 434.98105
561 785.4093 434.98105
578 810.31256 466.8555
595 810.31256 466.8555
613 834.79675 490.9442
630 834.79675 490.9442
646 852.67114 511.1098
664 852.67114 511.1098
680 868.9162 525.40796
697 868.9162 525.40796
714 876.4515 540.61633
731 876.4515 540.61633
748 882.1405 555.6932
766 882.1405 555.6932
782 891.3905 564.8402
799 891.3905 564.8402
816 891.1995 572.08655
833 891.1995 572.08655
850 895.2525 574.00653
868 890.3401 588.11365
884 890.3401 588.11365
901 883.38855 602.5356
918 883.38855 602.5356
935 880.4302 614.3494
953 880.4302 614.3494
969 880.4302 614.3494
987 876.5602 623.12634
1003 876.5602 623.12634
1020 875.71185 631.5908
1038 875.71185 631.5908
1054 800.90247 643.48956
1071 718.7362 636.30273
1088 718.7362 636.30273
1106 653.68896 635.1567
1123 653.68896 635.1567
1139 597.20166 629.1485
1156 597.20166 629.1485
1173 556.04596 624.58276
1190 556.04596 624.58276
1207 556.04596 624.58276
1224 522.0855 620.04987
1242 522.0855 620.04987
1258 492.821 619.9802
1275 473.0163 621.2357
1292 473.0163 621.2357
1309 455.6029 617.06586
1326 455.6029 617.06586
1343 441.9281 611.5123
1360 441.9281 611.5123
1377 443.65143 609.5049
1394 443.65143 609.5049
1412 448.29865 605.61005
1428 448.29865 605.61005
1445 452.9044 603.7912
1462 452.9044 603.7912
1479 455.8829 602.677
1496 455.8829 602.677
1513 457.83875 602.9061
1530 457.83875 602.9061
1547 456.1981 603.74054
1564 456.1981 603.74054
1582 456.9367 601.9087
1598 456.9367 601.9087
1615 455.23495 604.9169
1633 458.20123 604.2829
1650 458.20123 604.2829
1666 458.82413 603.27527
1683 458.82413 603.27527
1700 463.6057 605.01404
1718 463.6057 605.01404
1735 463.59668 603.48035
1752 463.59668 603.48035
1768 463.59668 603.48035
1785 461.93066 604.1934
1803 461.93066 604.1934
1819 461.88928 606.28705
1836 461.88928 606.28705
1854 461.6143 608.7293
1871 462.51596 607.6216
1887 462.51596 607.6216
1904 463.5444 608.0393
1922 463.5444 608.0393
1938 463.68683 610.95135
1955 463.68683 610.95135
1973 463.68683 610.95135
1989 463.0428 609.1748
2006 463.0428 609.1748
2023 463.11533 612.56366
2041 464.9362 613.1603
2057 464.9362 613.1603
2074 463.89893 611.3153
2091 463.89893 611.3153
2108 466.8256 608.9767
2125 466.8256 608.9767
2142 467.4788 605.54987
2159 467.4788 605.54987
2176 464.8359 605.4441
2194 464.8359 605.4441
2210 464.8359 605.4441
2228 466.16217 608.55273
2244 465.30023 608.80133
2261 465.30023 608.80133
2278 474.8554 601.49805
2296 474.8554 601.49805
2312 481.82193 597.6503
2329 481.82193 597.6503
2346 486.42065 594.1762
2363 486.42065 594.1762
2380 492.38397 590.3599
2398 492.38397 590.3599
2414 494.31717 581.6766
2432 501.3053 576.07355
2449 501.3053 576.07355
2465 501.3053 576.07355
2482 501.9773 574.1361
2499 501.9773 574.1361
2516 503.2789 571.7287
2534 503.2789 571.7287
2550 504.0517 572.6111
2567 504.0517 572.6111
2584 504.67084 567.9084
2601 504.67084 567.9084
2618 503.43088 567.1882
2635 502.65488 560.93994
2652 502.65488 560.93994
2670 504.13885 557.2439
2686 504.13885 557.2439
2703 504.13885 557.2439
2720 502.0314 561.94794
2738 502.0314 561.94794
2754 502.1016 558.4828
2771 502.1016 558.4828
2788 503.93268 561.21497
2805 503.93268 561.21497
2822 507.03433 561.0205
2839 508.84604 564.4632
2856 508.84604 564.4632
2874 509.15723 564.6402
2890 509.15723 564.6402
2907 508.93857 563.82104
2924 508.93857 563.82104
2941 507.5325 565.8978
2959 507.5325 565.8978
2975 507.5325 565.8978
2992 505.14395 564.44965
3009 503.9433 565.22144
3027 503.9433 565.22144
3043 505.07422 565.12573
3060 505.07422 565.12573
3077 505.82895 567.304
3095 505.82895 567.304
3111 502.95578 567.5166
3128 502.95578 567.5166
3145 504.55542 566.4205
3162 504.55542 566.4205
3179 504.93494 567.65625
3196 502.84378 570.69824
3213 502.84378 570.69824
3230 502.84378 570.69824
3247 501.8692 566.7696
3264 501.8692 566.7696
3281 502.65063 564.9579
3299 502.65063 564.9579
3315 500.0163 558.1376
3333 500.0163 558.1376
3349 499.0703 557.5507
3366 499.0703 557.5507
3384 498.83475 560.9314
3400 502.55325 562.37836
3417 502.55325 562.37836
3435 502.7298 561.82825
3451 502.7298 561.82825
3468 502.7298 561.82825
3485 503.44467 556.34296
3502 503.44467 556.34296
3520 502.24603 554.9591
3536 502.24603 554.9591
3553 504.16476 556.3685
3570 504.16476 556.3685
3587 504.22726 556.33514
3605 503.21234 558.13086
3621 503.21234 558.13086
3639 506.23352 555.2329
3655 506.23352 555.2329
3672 504.5918 554.1877
3690 504.5918 554.1877
3706 504.6141 553.6788
3723 504.6141 553.6788
3740 504.6141 553.6788
3758 507.46304 556.1916
3774 507.63266 555.0912
3791 507.63266 555.0912
3809 505.09583 553.0387
3825 505.09583 553.0387
3842 506.54822 554.1495
3860 506.54822 554.1495
3876 510.16797 557.0947
3893 510.16797 557.0947
3910 509.17276 554.52594
3928 509.17276 554.52594
3945 508.36597 559.8694
3962 505.51648 566.036
3978 505.51648 566.036
3995 505.51648 566.036
4012 505.62933 567.1319
