683.0 1067.0 0.0 384.0
11 676.322 366.9777
17 676.322 366.9777
34 674.3554 371.70673
51 674.3554 371.70673
68 673.2097 375.19827
86 673.2097 375.19827
102 676.11365 379.28946
119 676.11365 379.28946
136 673.0307 379.56192
153 673.0307 379.56192
170 673.1134 378.46555
187 673.1134 378.46555
205 671.443 379.53436
221 671.443 379.53436
238 669.7729 379.65768
255 669.7729 379.65768
272 672.7234 381.90366
289 672.7234 381.90366
306 675.05505 382.0268
324 675.05505 382.0268
340 714.704 356.9296
357 714.704 356.9296
374 748.7681 332.15894
391 772.8104 314.37967
408 772.8104 314.37967
425 772.8104 314.37967
443 794.6074 298.18295
459 794.6074 298.18295
476 809.54675 282.06522
493 809.54675 282.06522
511 826.34955 267.61804
528 826.34955 267.61804
544 838.84827 261.33218
562 846.71387 246.53207
578 846.71387 246.53207
595 852.4894 239.60284
612 852.4894 239.60284
629 864.23486 234.29092
646 864.23486 234.29092
664 878.2252 224.11676
680 878.2252 224.11676
697 878.2252 224.11676
714 887.40063 216.94173
732 887.40063 216.94173
748 899.1373 218.15645
765 911.0495 208.92064
783 911.0495 208.92064
799 916.68896 204.1148
816 916.68896 204.1148
833 920.5529 201.2527
851 920.5529 201.2527
867 925.4648 199.58698
884 925.4648 199.58698
901 928.07947 201.62595
918 928.07947 201.62595
936 932.7123 196.78108
953 932.7123 196.78108
969 933.4104 191.94109
986 933.4104 191.94109
1003 937.2461 188.07803
1021 937.2461 188.07803
1037 864.1116 184.71501
1054 864.1116 184.71501
1072 796.3282 177.45297
1088 796.3282 177.45297
1105 744.23047 177.98627
1122 744.23047 177.98627
1140 700.61304 176.93529
1156 666.65326 182.27225
1173 666.65326 182.27225
1190 666.65326 182.27225
1208 639.6591 180.15741
1225 639.6591 180.15741
1241 619.06635 175.47906
1258 619.06635 175.47906
1276 597.7746 172.00227
1292 597.7746 172.00227
1309 568.5044 179.08037
1326 546.4207 184.81798
1343 546.4207 184.81798
1360 527.3014 190.5015
1377 527.3014 190.5015
1395 512.6791 190.37897
1411 512.6791 190.37897
1428 512.6791 190.37897
1445 500.95728 198.12906
1462 500.95728 198.12906
1479 492.95575 201.52563
1496 492.95575 201.52563
1514 485.57233 209.17662
1531 478.2433 208.07204
1548 478.2433 208.07204
1564 473.40976 211.3294
1582 473.40976 211.3294
1598 470.16367 211.02844
1615 470.16367 211.02844
1633 467.22116 206.10437
1649 467.22116 206.10437
1666 462.49234 204.39455
1684 462.49234 204.39455
1700 462.49234 204.39455
1718 461.61624 207.58395
1734 459.50046 204.56824
1751 459.50046 204.56824
1768 455.99945 202.76025
1786 455.99945 202.76025
1802 453.94525 208.50795
1819 453.94525 208.50795
1836 451.97577 207.49818
1853 451.97577 207.49818
1871 452.02795 212.27538
1887 452.02795 212.27538
1904 452.27972 216.93394
1921 452.27972 216.93394
1938 452.16345 213.48808
1956 452.16345 213.48808
1972 451.4221 216.67542
1989 451.4221 216.67542
2006 454.93228 218.21802
2023 454.93228 218.21802
2040 451.7511 210.43208
2057 451.7511 210.43208
2075 452.69562 211.879
2091 452.69562 211.879
2108 451.29303 214.90979
2125 451.20676 212.61588
2142 451.20676 212.61588
2160 447.56302 213.03882
2177 447.56302 213.03882
2193 447.56302 213.03882
2210 445.87018 211.63646
2227 445.87018 211.63646
2244 446.243 209.52225
2261 446.243 209.52225
2278 447.28574 212.08984
2295 447.58334 211.75606
2313 447.58334 211.75606
2329 446.46216 212.14906
2347 446.46216 212.14906
2364 450.56177 212.5737
2380 450.56177 212.5737
2397 451.0032 212.71521
2414 451.0032 212.71521
2432 451.917 214.00804
2448 451.917 214.00804
2466 451.94708 214.86195
2482 451.94708 214.86195
2499 450.70496 211.7087
2516 450.70496 211.7087
2534 452.8678 215.34824
2550 452.8678 215.34824
2567 451.1091 212.15225
2585 451.1091 212.15225
2601 450.26187 209.7078
2618 450.26187 209.7078
2635 449.18134 203.25291
2652 449.18134 203.25291
2669 451.36865 202.7494
2687 450.89377 207.0984
2704 450.89377 207.0984
2720 450.89377 207.0984
2737 452.72473 210.28027
2754 452.72473 210.28027
2771 450.0575 214.0613
2788 450.0575 214.0613
2806 452.6471 214.48128
2822 452.6471 214.48128
2840 450.6937 214.00208
2856 450.6937 214.00208
2874 451.2483 219.07166
2890 452.76108 215.84433
2908 452.76108 215.84433
2924 449.5495 210.37991
2941 449.5495 210.37991
2959 449.5495 210.37991
2976 447.38 210.44862
2992 447.38 210.44862
3009 443.2757 210.0473
3026 443.2757 210.0473
3043 443.3987 212.6201
3060 443.3987 212.6201
3077 443.3413 214.24638
3095 443.19937 211.1275
3111 443.19937 211.1275
3129 446.02472 217.28651
3145 446.02472 217.28651
3162 446.0174 222.53569
3180 446.0174 222.53569
3196 446.0174 222.53569
3214 448.04825 223.11377
3230 448.04825 223.11377
3247 444.79608 218.97002
3264 444.96494 221.11711
3282 444.96494 221.11711
3298 444.67172 221.76784
3316 444.67172 221.76784
3332 446.73267 219.74487
3349 446.73267 219.74487
3366 447.20483 222.61105
3384 447.20483 222.61105
3400 444.68588 225.6632
3417 444.68588 225.6632
3434 445.0699 230.34854
3452 445.0699 230.34854
3468 443.82697 234.7305
3486 443.82697 234.7305
3503 445.29462 236.53485
3519 445.29462 236.53485
3537 444.82983 234.34988
3553 444.82983 234.34988
3571 446.07346 230.42442
3587 446.07346 230.42442
3604 444.16766 231.93034
3622 444.16766 231.93034
3638 444.3056 228.71187
3655 446.09174 230.17459
3672 446.09174 230.17459
3689 446.09174 230.17459
3706 446.4992 227.44392
3724 446.4992 227.44392
3740 443.9876 223.79086
3757 443.9876 223.79086
3774 441.61517 228.03214
3791 441.61517 228.03214
3809 440.5237 229.70248
3825 440.5237 229.70248
3843 443.197 232.9056
3859 442.34015 238.20975
3876 442.34015 238.20975
3893 442.6612 239.62611
3911 442.6612 239.62611
3927 442.8816 242.49944
3945 442.8816 242.49944
3961 442.8816 242.49944
3978 442.97894 244.10072
3995 442.97894 244.10072
