683.0 1067.0 0.0 384.0
0 731.2766 404.76297
17 731.2766 404.76297
34 733.2439 427.91946
51 733.2439 427.91946
68 721.4948 425.26276
85 721.4948 425.26276
102 721.4948 425.26276
119 710.7172 432.85547
136 710.7172 432.85547
153 707.5148 441.52832
170 704.6151 452.4491
187 704.6151 452.4491
204 697.7816 453.2423
221 697.7816 453.2423
238 698.08545 459.275
255 698.08545 459.275
272 690.98566 454.92633
290 690.98566 454.92633
306 694.4596 465.56866
323 694.4596 465.56866
340 694.4596 465.56866
357 714.97266 464.0127
374 736.3718 461.2113
391 736.3718 461.2113
408 753.07587 458.48828
425 753.07587 458.48828
442 769.6931 438.53455
459 769.6931 438.53455
476 779.01385 500.3573
493 779.01385 500.3573
510 788.6261 552.0885
527 788.6261 552.0885
544 795.4275 583.6844
561 808.4075 619.7147
578 808.4075 619.7147
595 808.4075 619.7147
612 815.0752 653.1861
629 815.0752 653.1861
646 819.71735 686.8969
664 819.71735 686.8969
680 821.0277 699.06647
697 821.0277 699.06647
714 826.1233 717.464
731 826.1233 717.464
748 828.50867 720.42004
765 838.73376 737.1839
782 838.73376 737.1839
799 840.8641 791.44727
816 840.8641 791.44727
833 837.7864 818.2522
850 837.7864 818.2522
867 837.7864 818.2522
885 840.22754 857.25543
901 840.22754 857.25543
918 829.4757 871.7794
936 830.4021 889.56
952 830.4021 889.56
969 825.4398 900.82355
987 825.4398 900.82355
1003 828.2927 911.5098
1020 828.2927 911.5098
1037 824.1087 918.951
1054 824.1087 918.951
1071 824.7253 928.0502
1088 824.7253 928.0502
1105 831.2036 946.1647
1122 831.2036 946.1647
1139 835.6036 955.9332
1156 835.6036 955.9332
1173 834.8727 958.38556
1190 834.8727 958.38556
1207 834.8725 965.43427
1224 834.8725 965.43427
1241 828.831 968.3004
1258 828.831 968.3004
1275 829.5123 973.9587
1292 829.5123 973.9587
1309 826.8413 979.5099
1326 833.30347 986.67737
1343 833.30347 986.67737
1361 833.30347 986.67737
1377 835.6416 994.7293
1394 835.6416 994.7293
1411 835.9083 990.78796
1428 835.9083 990.78796
1445 831.0773 988.9124
1462 831.0773 988.9124
1479 833.5854 991.1638
1496 833.5854 991.1638
1513 831.2262 989.6615
1530 831.34485 987.48663
1547 831.34485 987.48663
1564 833.9872 986.3126
1581 833.9872 986.3126
1598 830.0845 986.2191
1615 830.0845 986.2191
1632 830.0845 986.2191
1649 830.94275 986.2417
1666 830.94275 986.2417
1683 831.58435 979.7197
1700 830.714 981.408
1717 830.714 981.408
1735 828.97705 977.23926
1751 828.97705 977.23926
1768 829.01685 980.4729
1785 829.01685 980.4729
1802 827.5754 976.7252
1819 827.5754 976.7252
1837 821.72833 956.8113
1853 821.72833 956.8113
1870 821.72833 956.8113
1887 824.2547 966.039
1904 828.5309 974.769
1921 828.5309 974.769
1938 823.11816 945.902
1955 823.11816 945.902
1972 828.25476 952.7685
1989 828.25476 952.7685
2006 828.0217 960.17566
2023 828.0217 960.17566
2040 829.165 967.79456
2057 829.165 967.79456
2075 833.93365 978.3038
2091 833.93365 978.3038
2109 828.9947 975.9411
2125 828.9947 975.9411
2142 828.3069 976.7343
2159 828.3069 976.7343
2176 833.384 982.6713
2193 833.384 982.6713
2211 830.3073 987.3274
2227 830.3073 987.3274
2244 831.2444 986.7066
2261 831.2444 986.7066
2278 832.18445 992.2462
2295 829.8751 993.6743
2312 829.8751 993.6743
2329 829.8693 993.12244
2346 829.8693 993.12244
2363 829.8693 993.12244
2380 832.9623 999.5567
2397 832.9623 999.5567
2414 835.26636 1002.1989
2431 835.26636 1002.1989
2449 836.198 1004.1933
2465 836.198 1004.1933
2482 832.5419 996.1204
2499 832.8447 996.8372
2516 832.8447 996.8372
2534 828.74744 998.054
2550 828.74744 998.054
2568 819.11554 995.8878
2584 819.11554 995.8878
2601 815.5369 992.78406
2618 815.5369 992.78406
2636 819.3151 992.6561
2652 819.3151 992.6561
2669 817.2254 993.464
2686 817.2254 993.464
2703 812.52435 981.14856
2720 812.52435 981.14856
2737 808.4758 977.0056
2754 808.4758 977.0056
2772 811.86066 979.58234
2789 811.86066 979.58234
2805 804.6423 973.966
2822 804.6423 973.966
2839 806.2014 978.4187
2857 806.2014 978.4187
2873 807.3773 984.5171
2890 807.3773 984.5171
2907 804.3402 976.2134
2924 804.3402 976.2134
2941 801.825 971.1504
2958 801.825 971.1504
2975 801.02795 968.33673
2992 801.02795 968.33673
3009 802.3733 971.1811
3026 802.3733 971.1811
3043 799.6241 972.21814
3060 790.0563 957.06824
3077 790.0563 957.06824
3094 794.99695 962.8793
3111 794.99695 962.8793
3129 795.07495 969.30597
3146 795.07495 969.30597
3162 795.07495 969.30597
3179 791.1549 961.5667
3196 791.1549 961.5667
3213 795.06335 966.6915
3230 795.06335 966.6915
3247 806.24896 984.6565
3264 792.51196 967.5111
3282 792.51196 967.5111
3298 790.6411 954.34784
3315 790.6411 954.34784
3332 790.39905 959.72217
3349 790.39905 959.72217
3366 789.5043 953.11957
3383 789.5043 953.11957
3400 789.5043 953.11957
3417 788.0139 944.814
3435 784.4328 946.198
3451 784.4328 946.198
3469 790.9828 957.64667
3485 790.9828 957.64667
3502 791.5875 958.07654
3519 791.5875 958.07654
3536 791.46326 961.36755
3553 791.46326 961.36755
3571 793.88385 965.48987
3587 793.88385 965.48987
3604 795.8671 969.8281
3621 795.8671 969.8281
3638 790.7002 967.1498
3656 790.7002 967.1498
3672 792.4656 972.1797
3690 792.4656 972.1797
3706 796.08655 983.7527
3723 796.08655 983.7527
3740 793.11316 982.8512
3757 793.11316 982.8512
3774 792.14185 976.87054
3791 792.14185 976.87054
3809 791.61304 978.0131
3825 791.61304 978.0131
3842 793.2369 975.1676
3860 801.7469 982.88477
3876 801.7469 982.88477
3893 801.7469 982.88477
3910 804.329 978.54565
3927 804.329 978.54565
3944 813.5657 991.5686
3961 813.5657 991.5686
3978 815.2902 992.3531
3995 815.2902 992.3531
