2 9.613246 21.947018 297.6266827034936 468.3766827034936 334.9952018786457 430.9952018786457
17 9.613246 21.947018 297.7465672298508 468.4965672298508 327.460353677165 423.460353677165
34 7.690597 17.557615 298.1111703954607 468.8611703954607 318.92762829531256 414.92762829531256
52 7.690597 17.557615 298.7617899590455 469.5117899590455 309.9082065772343 405.9082065772343
68 6.1524777 14.046092 299.56810583748677 470.31810583748677 301.91059046864586 397.91059046864586
85 6.1524777 14.046092 300.6592573431978 471.4092573431978 293.44006945149073 389.44006945149073
102 6.1524777 14.046092 301.9910842002114 472.7410842002114 285.00404105339845 381.00404105339845
119 6.1524777 14.046092 303.56250703184975 474.31250703184975 276.6093422383909 372.6093422383909
136 6.1524777 14.046092 305.37225228130916 476.12225228130916 268.2627764750041 364.2627764750041
168 6.1524777 14.046092 309.42005546904034 480.17005546904034 252.70588287335966 348.70588287335966
171 6.1524777 14.046092 309.84216057483684 480.59216057483684 251.25899851671107 347.2589985167111
187 249.63666 132.12473 312.21579703666407 482.96579703666407 243.57929418234613 339.57929418234613
204 339.08575 176.95453 314.9622521925565 485.7122521925565 235.4924331110061 331.4924331110061
221 339.08575 176.95453 317.93779086333535 488.68779086333535 227.48702821623766 323.48702821623766
238 407.8582 208.50864 321.14000152904384 491.89000152904384 219.5695674640201 315.5695674640201
255 407.8582 208.50864 324.5662889638151 495.3162889638151 211.74646754616077 307.7464675461608
272 464.0349 233.43782 328.2138763391684 498.9638763391684 204.0240686798987 300.02406867989873
289 464.0349 233.43782 332.0798074744846 502.8298074744846 196.40862946948707 292.4086294694871
306 503.30487 260.22064 336.16094923283765 506.91094923283765 188.90632183391858 284.9063218339186
323 503.30487 260.22064 340.4539940602396 511.2039940602396 181.52322600490484 277.5232260049048
340 538.9679 282.4322 344.9554626662418 515.7054626662418 174.26532559916362 270.2653255991636
357 564.9142 300.97128 349.6617068437197 520.4117068437197 167.13850276900726 263.13850276900723
374 564.9142 300.97128 354.5689124255555 525.3189124255555 160.14853343516307 256.1485334351631
391 585.1817 317.50522 359.6731023758233 530.4231023758233 153.30108260568883 249.30108260568883
408 585.1817 317.50522 364.97014001297055 535.7201400129705 146.601699784777 242.601699784777
426 601.1699 325.45718 370.78419195402086 541.5341919540208 139.675656616284 235.675656616284
442 601.1699 325.45718 376.12543363562395 546.875433635624 133.66873177782583 229.66873177782583
459 601.1699 325.45718 381.9746488335043 552.7246488335043 127.44562809241546 223.44562809241546
476 615.7006 333.9964 387.9986374701024 558.7486374701024 121.39154692211227 217.39154692211227
493 615.7006 333.9964 394.1925174146769 564.9425174146769 115.51139478609738 211.51139478609738
510 630.3369 343.5033 400.5512688483818 571.3012688483818 109.8099372430793 205.8099372430793
527 630.3369 343.5033 407.06973833256984 577.8197383325698 104.29179502905546 200.29179502905546
544 638.94275 352.9865 413.7426429853873 584.4926429853873 98.96144031244515 194.96144031244515
561 644.3701 354.86377 420.564574763276 591.314574763276 93.82319306962836 189.82319306962836
578 644.3701 354.86377 427.53000484391305 598.280004843913 88.88121758382923 184.88121758382923
595 647.4613 358.19666 434.6332881070341 605.3832881070341 84.13951907017963 180.13951907017963
612 647.4613 358.19666 441.86866770951156 612.6186677095116 79.60194042970028 175.60194042970028
629 664.5062 359.44818 449.2302797509776 619.9802797509776 75.27215913482809 171.2721591348281
646 664.5062 359.44818 456.71215802621145 627.4621580262115 71.15368424901567 167.15368424901567
663 678.1586 362.02618 464.3082388604396 635.0582388604396 67.24985358281685 163.24985358281685
680 678.1586 362.02618 472.0123660236304 642.7623660236304 63.563830988764266 159.56383098876427
697 690.7097 362.7291 479.81829571979983 650.5682957197998 60.09860379723074 156.09860379723074
714 690.7097 362.7291 487.71970164728384 658.4697016472838 56.85698039535282 152.85698039535282
731 700.7704 365.92065 495.7101801258791 666.4601801258791 53.84158795097835 149.84158795097835
748 700.7704 365.92065 503.783255286693 674.533255286693 51.0548702834833 147.0548702834833
765 709.02673 365.82208 511.93238432050157 682.6823843205016 48.49908588318232 144.49908588318232
782 709.02673 365.82208 520.1509627803556 690.9009627803556 46.176306080939696 142.1763060809397
799 715.17786 365.68848 528.4323299341439 699.1823299341439 44.08841336946284 140.08841336946284
817 715.17786 365.68848 537.2618142040386 708.0118142040386 42.13559963724384 138.13559963724384
833 720.63513 363.71243 545.156538399579 715.906538399579 40.62386599915499 136.623865999155
850 720.63513 363.71243 553.585825606595 724.335825606595 39.25001917650059 135.2500191765006
867 723.2804 360.98633 562.0508042831839 732.8008042831839 38.116672841359446 134.11667284135945
884 723.2804 360.98633 570.5446140026227 741.2946140026227 37.2247455122278 133.2247455122278
901 725.9928 359.86826 579.0603709721212 749.8103709721212 36.574960050003085 132.57496005000309
918 725.9928 359.86826 587.5911736117806 758.3411736117806 36.167843072143 132.167843072143
935 742.603 362.61484 596.1301081479654 766.8801081479654 36.00372452586896 132.00372452586896
952 742.603 362.61484 604.6702542165596 775.4202542165596 36.08273742076125 132.08273742076125
969 755.0094 363.72772 613.2046904715623 783.9546904715623 36.40481772096149 132.4048177209615
986 755.0094 363.72772 621.7265001944813 792.4765001944813 36.96970439707047 132.96970439707047
1003 765.3894 364.00052 630.2287768999744 800.9787768999744 37.77693963769889 133.7769396376989
1020 765.3894 364.00052 638.7046299331981 809.4546299331981 38.82586922049978 134.82586922049978
1037 770.92114 364.33667 647.1471900543268 817.8971900543268 40.115643042381976 136.11564304238198
1054 770.92114 364.33667 655.5496150057149 826.2996150057149 41.645215808474234 137.64521580847423
1071 775.95105 362.57086 663.9050950571935 834.6550950571935 43.41334787928315 139.41334787928315
1088 775.95105 362.57086 672.2068585250034 842.9568585250034 45.41860627535635 141.41860627535635
1105 783.869 362.12213 680.4481772598931 851.1981772598931 47.65936583863811 143.6593658386381
1122 790.44867 363.16635 688.6223720999366 859.3723720999366 50.133810549576026 146.13381054957603
1139 790.44867 363.16635 696.7228182836474 867.4728182836474 52.839934998910564 148.83993499891056
1156 796.4009 364.4075 704.742950819005 875.492950819005 55.77554601295549 151.7755460129555
1173 796.4009 364.4075 712.6762698040402 883.4262698040402 58.93826443105149 154.9382644310515
1191 796.4009 364.4075 720.9744866729714 891.7244866729714 62.53171273890922 158.53171273890922
1207 800.82684 363.0566 728.2568245155068 899.0068245155068 65.93458862018292 161.93458862018292
1224 800.82684 363.0566 735.8914330094331 906.6414330094331 69.76252423287974 165.76252423287974
1241 804.19507 363.30322 743.413983721744 914.163983721744 73.80623152831976 169.80623152831976
1258 804.19507 363.30322 750.8183800147626 921.5683800147626 78.06243329120804 174.06243329120804
1275 805.9364 364.57056 758.0986210088488 928.8486210088488 82.52768009049117 178.52768009049117
1292 805.9364 364.57056 765.2488064458005 935.9988064458005 87.19835307494287 183.19835307494287
1309 809.078 366.62378 772.263141470708 943.013141470708 92.0706669060545 188.0706669060545
1326 807.18884 365.86465 779.1359413283826 949.8859413283826 97.14067282585665 193.14067282585665
1343 807.18884 365.86465 785.8616359705578 956.6116359705578 102.40426185718263 198.40426185718263
1360 809.1742 371.22903 792.434774570124 963.184774570124 107.85716813378187 203.85716813378187
1377 809.1742 371.22903 798.8500299387413 969.6000299387413 113.49497235758312 209.49497235758312
1394 808.99567 373.39575 805.1022028442499 975.8522028442499 119.31310538030687 215.31310538030687
1411 808.99567 373.39575 811.1862262243785 981.9362262243785 125.30685190652298 221.30685190652298
1428 809.95447 373.82117 817.0971692933363 987.8471692933363 131.47135431515434 227.47135431515434
1445 809.95447 373.82117 822.8302415379586 993.5802415379586 137.80161659632608 233.80161659632608
1462 809.95447 373.82117 828.3807966001699 999.1307966001699 144.29250840037312 240.29250840037312
1479 810.9003 376.08542 833.7443360426164 1004.4943360426164 150.93876919572267 246.93876919572267
1496 810.9003 376.08542 838.9165129944168 1009.6665129944168 157.73501253228335 253.73501253228335
1513 810.76855 375.42273 843.8931356740757 1014.6431356740757 164.675730406883 260.67573040688296
1530 823.46155 373.7141 848.6701707867052 1019.4201707867052 171.7552977272204 267.7552977272204
1547 823.46155 373.7141 853.2437467928016 1023.9937467928016 178.96797687071094 274.9679768707109
1565 832.96216 375.8069 857.8604766962846 1028.6104766962846 186.74352051365594 282.74352051365594
1581 832.96216 375.8069 861.7658627967578 1032.5158627967578 193.76918547310373 289.76918547310373
1598 840.4697 375.69476 865.7074960610505 1036.4574960610505 201.34571931915121 297.3457193191512
1615 840.4697 375.69476 869.4318623492258 1040.1818623492259 209.03138348446487 305.03138348446487
1632 849.55835 377.4286 872.9359432553329 1043.6859432553329 216.8199491363638 312.8199491363638
1649 849.55835 377.4286 876.2168989033121 1046.966898903312 224.7051040458423 320.7051040458423
1666 855.2762 376.70102 879.2720702485676 1050.0220702485676 232.6804577033056 328.6804577033056
1683 855.2762 376.70102 882.0989812329851 1052.8489812329851 240.73954649774532 336.7395464977453
1700 855.2762 376.70102 884.6953407916484 1055.4453407916485 248.87583895516212 344.8758389551621
1717 859.18414 376.15222 887.0590447096293 1057.8090447096292 257.08274103198784 353.08274103198784
1734 862.751 373.00748 889.1881773273444 1059.9381773273444 265.35360145921436 361.35360145921436
1751 862.751 373.00748 891.0810130930984 1061.8310130930984 273.6817171329047 369.6817171329047
1768 865.1884 372.9504 892.7360179615537 1063.4860179615537 282.0603385467098 378.0603385467098
1785 865.1884 372.9504 894.1518506369953 1064.9018506369953 290.4826752619944 386.4826752619944
1802 868.59314 374.29657 895.3273636603816 1066.0773636603817 298.94190141113677 394.94190141113677
1819 868.59314 374.29657 896.2616043392997 1067.0116043392995 307.4311612295389 403.4311612295389
1836 873.2913 375.51404 896.9538155200738 1067.703815520074 315.9435746118702 411.9435746118702
1853 873.2913 375.51404 897.4034362013994 1068.1534362013995 324.4722426880359 420.4722426880359
1870 872.9514 374.9116 897.6101019890048 1068.3601019890048 333.01025341435343 429.01025341435343
1887 872.9514 374.9116 897.5736453909749 1068.323645390975 341.5506871754069 437.5506871754069
1904 872.2044 374.7462 897.2940959534936 1068.0440959534935 350.08662239203596 446.08662239203596
1921 884.2861 372.2486 896.7716802368993 1067.5216802368993 358.6111411309172 454.6111411309172
1939 884.2861 372.2486 895.9542920861586 1066.7042920861586 367.61698093385 463.61698093385
1955 884.2861 372.2486 895.0001400172805 1065.7501400172805 375.5983093035911 471.5983093035911
1972 891.16986 369.1976 893.7524512558361 1064.5024512558361 384.04719151753216 480.04719151753216
1989 891.16986 369.1976 892.2647665348454 1063.0147665348454 392.4571339716405 488.4571339716405
2006 899.5421 369.12683 890.5382915457113 1061.2882915457112 400.8213208432003 496.8213208432003
2023 899.5421 369.12683 888.5744255069792 1059.3244255069792 409.13297339202586 505.13297339202586
2040 905.1189 369.2163 886.3747600303433 1057.1247600303432 417.385355454278 513.3853554542779
2057 905.1189 369.2163 883.9410778307275 1054.6910778307274 425.5717789017766 521.5717789017766
2074 910.2121 371.6891 881.2753512814876 1052.0253512814875 433.68560906238275 529.6856090623828
2091 916.55347 371.56094 878.3797408159044 1049.1297408159044 441.7202700970553 537.7202700970553
2108 916.55347 371.56094 875.2565931762647 1046.0065931762647 449.6692503292295 545.6692503292295
2125 920.94934 370.70135 871.9084395119482 1042.6584395119482 457.52610752219204 553.526107522192
2142 920.94934 370.70135 868.3379933280626 1039.0879933280626 465.2844741001809 561.2844741001809
2159 919.821 370.9769 864.5481482862865 1035.2981482862865 472.9380623089762 568.9380623089762
2176 919.821 370.9769 860.5419758597092 1031.291975859709 480.4806693117979 576.4806693117979
2194 918.9325 372.51938 856.0679679827582 1026.817967982758 488.339201456037 584.339201456037
2210 918.9325 372.51938 851.8938087238421 1022.6438087238421 495.20858302917645 591.2085830291765
2227 918.9325 372.51938 847.2588229060326 1018.0088229060326 502.38195353258584 598.3819535325858
2244 922.8467 373.27673 842.4215218060378 1013.1715218060378 509.42048008140796 605.420480081408
2261 922.8467 373.27673 837.3858258058228 1008.1358258058228 516.3184583144773 612.3184583144773
2278 923.78516 373.08673 832.1558160761413 1002.9058160761413 523.0702977777584 619.0702977777584
2295 922.9562 373.29416 826.7357312689596 997.4857312689596 529.6705264551181 625.6705264551181
2313 922.9562 373.29416 820.794526925818 991.544526925818 536.4878107309933 632.4878107309933
2329 922.3383 371.4043 815.3430576999276 986.0930576999276 542.394882086187 638.394882086187
2346 922.3383 371.4043 809.379702109853 980.129702109853 548.5086966087915 644.5086966087915
2363 924.4673 377.23907 803.2447303028227 973.9947303028227 554.4502838409564 650.4502838409564
2380 924.4673 377.23907 796.9431143556885 967.6931143556885 560.2148284340103 656.2148284340103
2397 922.3452 375.36206 790.4799614017456 961.2299614017456 565.7976585231695 661.7976585231695
2414 922.3452 375.36206 783.8605094916655 954.6105094916655 571.1942495138428 667.1942495138428
2431 925.23755 379.69238 777.0901233483269 947.8401233483269 576.4002277485814 672.4002277485814
2448 925.23755 379.69238 770.1742900189863 940.9242900189863 581.4113740517007 677.4113740517007
2465 925.23755 379.69238 763.1186144283101 933.8686144283101 586.2236271487043 682.2236271487043
2482 926.1862 379.73013 755.9288148358737 926.6788148358737 590.8330869577367 686.8330869577367
2499 941.15936 377.14246 748.6107182018081 919.3607182018081 595.2360177503971 691.2360177503971
2517 941.15936 377.14246 740.7288988675523 911.4788988675523 599.6688721273433 695.6688721273433
2533 953.2528 375.89612 733.6134567331254 904.3634567331254 603.4081891703074 699.4081891703074
2550 953.2528 375.89612 725.9464464020558 896.6964464020558 607.1708066759479 703.1708066759479
2567 960.091 375.77835 718.1754381858558 888.9254381858558 610.7136542896951 706.7136542896951
2584 960.091 375.77835 710.3067300841386 881.0567300841386 614.0338607170812 710.0338607170812
2601 967.08563 374.44962 702.346699277214 873.096699277214 617.1287351027865 713.1287351027865
2618 967.08563 374.44962 694.3017969577133 865.0517969577133 619.9957692114392 715.9957692114392
2635 976.3333 376.54 686.178543102233 856.928543102233 622.6326394604092 718.6326394604092
2652 976.3333 376.54 677.9835211872297 848.7335211872297 625.0372088029525 721.0372088029525
2670 982.567 380.819 669.2355964401853 839.9855964401853 627.327860798587 723.327860798587
2687 982.567 380.819 660.9137884500344 831.6637884500344 629.2482382837565 725.2482382837565
2703 985.12823 380.45532 653.0345219750633 823.7845219750633 630.8385742647915 726.8385742647915
2720 985.12823 380.45532 644.6193448795832 815.3693448795832 632.296357637651 728.296357637651
2737 988.0437 379.68787 636.1660813019316 806.9160813019316 633.5140081610913 729.5140081610913
2754 988.0437 379.68787 627.6815821743512 798.4315821743512 634.4905389924386 730.4905389924386
2771 990.8071 379.3357 619.1727237438794 789.9227237438794 635.2251587040392 731.2251587040392
2788 990.8071 379.3357 610.6464019995067 781.3964019995067 635.7172719246712 731.7172719246712
2806 992.6579 379.04742 601.607177164819 772.357177164819 635.9735692774082 731.9735692774082
2822 992.6579 379.04742 593.5690176902656 764.3190176902656 635.9725804261168 731.9725804261168
2839 994.99194 378.49365 585.0317954607539 755.7817954607539 635.7355687926154 731.7355687926154
2857 997.1484 376.04514 576.0036557812324 746.7536557812324 635.2198480618783 731.2198480618783
2873 997.1484 376.04514 567.9948801263789 738.7448801263789 634.5331740297464 730.5331740297464
2890 1075.8384 355.33212 559.5089945588649 730.2589945588649 633.5687653790487 729.5687653790487
2907 1075.8384 355.33212 551.0540000393138 721.8040000393138 632.3631926583694 728.3631926583694
2924 1136.4153 346.26105 542.6367489028069 713.3867489028069 630.9174329219486 726.9174329219486
2941 1136.4153 346.26105 534.2640628953682 705.0140628953682 629.232657883161 725.232657883161
2958 1186.694 337.93085 525.9427276452934 696.6927276452934 627.3102329649023 723.3102329649023
2975 1186.694 337.93085 517.6794871637487 688.4294871637487 625.1517161929854 721.1517161929854
2992 1186.694 337.93085 509.48103837910116 680.2310383791012 622.7588569334407 718.7588569334407
3009 1221.3112 337.22906 501.3540257094023 672.1040257094023 620.1335944747455 716.1335944747455
3027 1221.3112 337.22906 492.83413519547366 663.5841351954737 617.1029609476205 713.1029609476205
3043 1252.8076 337.5135 485.3405915726703 656.0905915726703 614.1945571432422 710.1945571432422
3060 1286.9658 327.12375 477.46714816449344 648.2171481644934 610.8855955525434 706.8855955525434
3077 1286.9658 327.12375 469.691086470933 640.441086470933 607.3538534259965 703.3538534259965
3094 1307.9592 329.7902 462.0187085871838 632.7687085871838 603.6021930576474 699.6021930576474
3111 1307.9592 329.7902 454.4562325780845 625.2062325780845 599.6336549738851 695.6336549738851
3128 1318.726 335.63824 447.00978743869564 617.7597874386956 595.4514554692516 691.4514554692516
3146 1318.726 335.63824 439.2584910195917 610.0084910195917 590.7941302961241 686.7941302961241
3162 1311.2327 365.77173 432.4890306732291 603.2390306732291 586.4598004361334 682.4598004361334
3179 1311.2327 365.77173 425.4264873683203 596.1764873683203 581.6576321782761 677.6576321782761
3196 1308.3065 397.93512 418.50350203784535 589.2535020378454 576.6563711348483 672.6563711348483
3213 1308.3065 397.93512 411.72568540279684 582.4756854027969 571.4600705688548 667.4600705688548
3230 1308.3065 397.93512 405.09853053246013 575.8485305324601 566.0729418127313 662.0729418127313
3248 1309.6416 425.7887 398.2517260338776 569.0017260338776 560.165781572544 656.165781572544
3264 1307.5098 449.34412 392.31756349239276 563.0675634923928 554.7438148032415 650.7438148032415
3281 1307.5098 449.34412 386.17410963438175 556.9241096343817 548.8109982204569 644.8109982204569
3298 1302.8981 470.5001 380.2020257696452 550.9520257696452 542.7057093474355 638.7057093474355
3315 1302.8981 470.5001 374.4061519627961 545.1561519627961 536.4328962045494 632.4328962045494
3332 1301.7993 487.71652 368.7911854693228 539.5411854693227 529.9976425819129 625.9976425819129
3349 1301.7993 487.71652 363.3616769287074 534.1116769287074 523.4051639192346 619.4051639192346
3367 1302.3553 499.98065 357.81981603687143 528.5698160368714 516.259462288142 612.259462288142
3383 1302.3553 499.98065 353.07648117741576 523.8264811774158 509.7700260162269 605.7700260162269
3401 1303.437 509.0574 347.9502481623738 518.7002481623738 502.3205287834901 598.3205287834901
3417 1303.437 509.0574 343.58390042682595 514.333900426826 495.5716758314352 591.5716758314352
3434 1201.9512 535.50757 339.144558420162 509.894558420162 488.2756097367269 584.2756097367269
3451 1201.9512 535.50757 334.91470142185455 505.66470142185455 480.85613214835485 576.8561321483548
3468 1055.421 568.0358 330.8977575118902 501.6477575118902 473.3192561685689 569.3192561685689
3486 1055.421 568.0358 326.8802058135661 497.6302058135661 465.2178641711182 561.2178641711182
3503 931.8434 596.9501 323.31166860027383 494.06166860027383 457.45861935813366 553.4586193581337
3519 931.8434 596.9501 320.1560810978608 490.9060810978608 450.06576630732854 546.0657663073285
3537 834.2856 621.5111 316.8442563482289 487.5942563482289 441.6511902174244 537.6511902174244
3554 834.2856 621.5111 313.9506228120883 484.7006228120883 433.61581699217805 529.615816992178
3570 755.965 639.1873 311.4371790087004 482.1871790087004 425.9807263598813 521.9807263598814
3587 755.965 639.1873 308.9918039474663 479.7418039474663 417.79778809050777 513.7977880905078
3604 693.0599 653.5574 306.780351140146 477.530351140146 409.5485569510936 505.5485569510936
3621 693.0599 653.5574 304.80461285468476 475.55461285468476 401.23971851615926 497.23971851615926
3639 645.36426 668.4884 302.97135171354296 473.72135171354296 392.3846393220784 488.3846393220784
3656 608.16187 679.27026 301.4857362133312 472.2357362133312 383.97433109371923 479.97433109371923
3672 608.16187 679.27026 300.30673466233077 471.05673466233077 376.02310703330426 472.02310703330426
3689 576.6109 686.3052 299.28793792598333 470.03793792598333 367.5435792681223 463.5435792681223
3708 576.6109 686.3052 298.4354422301949 469.1854422301949 358.03652698381586 454.03652698381586
3723 576.6109 686.3052 297.97633438360816 468.72633438360816 350.5147233633919 446.5147233633919
3740 546.9424 693.3441 297.68459056430925 468.43459056430925 341.9791962294431 437.9791962294431
3757 546.9424 693.3441 417.64906576024066 588.3990657602407 333.056686471707 429.056686471707
3774 528.28424 696.38007 417.99123095517183 588.7412309551719 324.5235450269113 420.5235450269113
3791 528.28424 696.38007 418.73774721758974 589.4877472175897 316.01623679178385 412.01623679178385
3808 422.6274 557.10406 419.88693415828243 590.6369341582824 307.553911501838 403.553911501838
3825 422.6274 557.10406 421.43620498653286 592.1862049865329 299.15561763711503 395.15561763711503
3842 413.3985 605.8326 423.3820723329198 594.1320723329197 290.84025954453836 386.84025954453836
3860 406.1661 644.3699 425.8697967163995 596.6197967163995 282.14695788528695 378.14695788528695
3876 406.1661 644.3699 428.4451933182859 599.1951933182859 274.53299249891984 370.53299249891984
3893 398.3573 673.054 431.55105000007745 602.3010500000775 266.5777907912517 362.5777907912517
3910 398.3573 673.054 435.03073493989234 605.7807349398923 258.7788567193968 354.7788567193968
3927 396.52353 697.4661 438.876415455004 609.626415455004 251.15374548655507 347.15374548655507
3944 396.52353 697.4661 443.0794350159092 613.8294350159092 243.71962102511617 339.71962102511617
3961 396.52353 697.4661 447.6303327319572 618.3803327319572 236.49321736108072 332.4932173610807
3978 395.3496 723.25665 452.518864647575 623.268864647575 229.49080094619188 325.4908009461919
3995 395.3496 723.25665 457.734026801152 628.484026801152 222.7281340425647 318.7281340425647
4012 389.6341 738.7699 463.26407999467915 634.0140799946792 216.22043924223226 312.22043924223226
4029 388.801 755.42303 469.09657621838664 639.8465762183866 209.98236520147657 305.98236520147657
4046 388.801 755.42303 475.21838667089924 645.9683866708992 204.0279536670738 300.0279536670738
4064 390.44742 767.5001 482.00032161194906 652.7503216119491 198.0473496171248 294.04734961712484
4080 390.44742 767.5001 488.27420988032543 659.0242098803254 193.0230623484931 289.0230623484931
4097 378.1711 778.80493 495.1788343096449 665.9288343096449 187.9973542961332 283.9973542961332
4114 378.1711 778.80493 502.31406246496294 673.064062464963 183.30479645322103 279.304796453221
4131 370.18777 786.12695 509.66383312829794 680.4138331282979 178.95595164869005 274.9559516486901
4148 370.18777 786.12695 517.2116021519138 687.9616021519138 174.9606090221234 270.96060902212344
4165 362.16794 792.6604 524.9403796987771 695.6903796987771 171.32776198864897 267.32776198864894
4182 362.16794 792.6604 532.8327684862486 703.5827684862486 168.06558799499004 264.06558799499004
4199 357.105 800.5369 540.8710029469295 711.6210029469295 165.1814301122385 261.1814301122385
4216 356.33472 803.6401 549.0369892185008 719.7869892185008 162.68178050678887 258.68178050678887
4234 356.33472 803.6401 557.8021405586188 728.5521405586188 160.46043219287566 256.46043219287566
4250 356.33472 803.6401 565.678445290706 736.428445290706 158.85763453593017 254.85763453593017
4268 354.04843 809.4142 574.6146433324445 745.3646433324445 157.4768264733346 253.4768264733346
4284 354.04843 809.4142 582.6073830375866 753.3573830375866 156.6275629290547 252.6275629290547
4301 352.57782 811.99524 591.132114755926 761.882114755926 156.1171424476271 252.1171424476271
4319 352.57782 811.99524 600.1738207000526 770.9238207000526 156.01804670179018 252.01804670179018
4335 351.65796 813.51953 608.206202299593 778.956202299593 156.31127426047263 252.31127426047263
4353 351.65796 813.51953 617.2166157056257 787.9666157056257 157.06937491294823 253.06937491294823
4370 348.01276 813.8229 625.6814395481568 796.4314395481568 158.20001068650026 254.20001068650026
4386 348.01276 813.8229 633.5909809564164 804.3409809564164 159.6297978289907 255.6297978289907
4403 346.64014 814.9445 641.9159320172428 812.6659320172428 161.53420581373558 257.5342058137356
4420 325.5118 816.7335 650.1411853111272 820.8911853111272 163.83133188536496 259.831331885365
4437 325.5118 816.7335 658.2482260010909 828.9982260010909 166.5160052712332 262.5160052712332
4454 301.87842 818.7433 666.2188053437343 836.9688053437343 169.58218283949915 265.5821828394992
4471 301.87842 818.7433 674.0349817666976 844.7849817666976 173.0229627020636 269.02296270206364
4488 281.0927 826.8405 681.6791612546845 852.4291612546845 176.83059975054408 272.8305997505441
4506 281.0927 826.8405 689.5664118764473 860.3164118764473 181.25253868910977 277.25253868910977
4522 281.0927 826.8405 696.3831279004737 867.1331279004737 185.51135533338842 281.51135533338845
4539 273.67938 832.18024 703.4098168015221 874.1598168015221 190.36493370665013 286.36493370665016
4556 273.67938 832.18024 710.1983867574248 880.9483867574248 195.54633292803192 291.5463329280319
4574 263.07825 834.93317 717.1097699331881 887.8597699331881 201.3768602579292 297.3768602579292
4590 263.07825 834.93317 723.0006166338345 893.7506166338345 206.8452294582745 302.8452294582745
4607 255.22096 836.70636 728.9854590589218 899.7354590589218 212.9372932370277 308.9372932370277
4624 248.56514 842.57214 734.6746124154753 905.4246124154753 219.30636805391646 315.30636805391646
4641 248.56514 842.57214 740.0552705632856 910.8052705632856 225.93811728273374 321.93811728273374
4658 238.57083 843.7999 745.1153217770493 915.8653217770493 232.81761302381858 328.8176130238186
4675 238.57083 843.7999 749.8433760095571 920.5933760095571 239.9293697063817 335.9293697063817
4692 233.75983 844.8801 754.2287905304013 924.9787905304013 247.25737894613326 343.25737894613326
4709 233.75983 844.8801 758.2616938824929 929.0116938824929 254.78514557975075 350.78514557975075
4727 233.74622 847.943 762.1375264313018 932.8875264313018 262.95461241672945 358.95461241672945
4743 233.74622 847.943 765.2344691549205 935.9844691549205 270.3717602734482 366.3717602734482
4760 233.74622 847.943 768.1586455346032 938.9086455346032 278.3955232583588 374.3955232583588
4777 228.71992 847.47705 770.6989549944915 941.4489549944915 286.5489524624127 382.5489524624127
4794 228.71992 847.47705 772.8496793622878 943.5996793622878 294.8136947228397 390.8136947228397
4814 226.20233 848.4099 774.8746568627525 945.6246568627525 304.65420056791555 400.65420056791555
4828 212.27971 849.677 775.9638957607996 946.7138957607996 311.60249482388303 407.60249482388303
4845 212.27971 849.677 776.9203777692248 947.6703777692248 320.08876150040663 416.08876150040663
4862 198.48997 853.0542 777.47327042036 948.22327042036 328.6108439720703 424.6108439720703
4879 198.48997 853.0542 777.6213291668411 948.3713291668411 337.1495592469291 433.1495592469291
4896 189.46823 855.31683 777.3642207321774 948.1142207321774 345.68568689301895 441.68568689301895
4913 189.46823 855.31683 776.7025238609478 947.4525238609478 354.200012303063 450.200012303063
4930 178.39868 856.8682 775.6377280160616 946.3877280160616 362.6733699460652 458.6733699460652
4947 178.39868 856.8682 774.1722300260149 944.9222300260149 371.0866865084376 467.0866865084376
4964 169.14241 858.27325 772.3093286896907 943.0593286896907 379.4210238275436 475.4210238275436
4981 169.14241 858.27325 770.0532173508461 940.8032173508461 387.65762152102405 483.65762152102405
4998 158.74498 859.0342 767.4089744590015 938.1589744590015 395.77793921594457 491.77793921594457
5015 158.74498 859.0342 764.3825521379785 935.1325521379785 403.7636982827043 499.7636982827043
5033 153.91328 855.37354 760.7691273551981 931.5191273551981 412.05257201114836 508.05257201114836
5049 153.91328 855.37354 757.2112637502574 927.9612637502574 419.25998091660404 515.259980916604
5066 150.36531 855.4106 753.0825400722103 923.8325400722103 426.73562274375536 522.7356227437554
5083 150.36531 855.4106 748.6038854061801 919.3538854061801 434.00702098068035 530.0070209806804
5100 145.393 852.1122 743.7853810904619 914.5353810904619 441.057807893992 537.057807893992
5118 145.393 852.1122 738.3250770999266 909.0750770999266 448.265258669255 544.265258669255
5134 140.93051 847.9022 733.1729494131282 903.9229494131282 454.4345954942897 550.4345954942896
5151 140.93051 847.9022 727.4029103666112 898.1529103666112 460.73048537096236 556.7304853709624
5168 137.11533 847.86566 721.3407445286122 892.0907445286122 466.7456100820642 562.7456100820642
5185 131.12032 845.8727 715.0000976809954 885.7500976809954 472.46642973411736 568.4664297341174
5202 131.12032 845.8727 708.3952424593289 879.1452424593289 477.8800669068827 573.8800669068827
5219 131.12032 845.8727 701.5410462255444 872.2910462255444 482.9743356401059 578.9743356401059
5236 128.55762 849.3429 694.4529376018812 865.2029376018812 487.73776886380733 583.7377688638073
5253 128.55762 849.3429 687.1468717414465 857.8968717414465 492.15964421036574 588.1596442103657
5270 124.850914 849.6681 679.639294413571 850.389294413571 496.2300081502966 592.2300081502966
5287 124.850914 849.6681 671.9471049847989 842.6971049847989 499.93969839739407 595.9396983973941
5304 127.91575 846.1885 664.0876183788416 834.8376183788416 503.28036453280606 599.2803645328061
5321 127.91575 846.1885 656.0785261011198 826.8285261011198 506.2444868016163 602.2444868016163
5338 137.87607 842.66956 647.9378564156366 818.6878564156366 508.8253930396211 604.8253930396211
5355 144.56393 841.27527 639.6839337638094 810.4339337638094 511.01727369220305 607.017273692203
5372 144.56393 841.27527 631.335337516615 802.085337516615 512.8151948914908 608.8151948914908
5389 152.98897 846.2578 622.9108601528986 793.6608601528986 514.2151095623715 610.2151095623715
5406 152.98897 846.2578 614.4294649579773 785.1794649579773 515.2138665323532 611.2138665323532
5423 160.8895 846.1703 605.9102433377668 776.6602433377668 515.8092176247758 611.8092176247758
5440 160.8895 846.1703 597.3723718445073 768.1223718445073 515.9998227193989 611.9998227193989
5457 166.26996 845.27185 588.8350690108309 759.5850690108309 515.7852527689789 611.7852527689789
5475 166.26996 845.27185 579.8175479661336 750.5675479661336 515.1169859395293 611.1169859395293
5491 166.26996 845.27185 571.8389937950213 742.5889937950213 514.1434306506889 610.1434306506889
5508 166.1796 843.48145 563.4184791480179 734.1684791480179 512.7198741828516 608.7198741828516
5525 166.1796 843.48145 555.0749625136663 725.8249625136663 510.8985257511097 606.8985257511097
5542 166.88976 846.91125 546.8272249367301 717.5772249367301 508.68348516468336 604.6834851646834
5559 166.88976 846.91125 538.6938318657412 709.4438318657412 506.079738423869 602.079738423869
5576 196.5978 776.8948 530.6930913626405 701.4430913626405 503.0931464966776 599.0931464966776
5593 226.11707 721.8247 522.843012891798 693.593012891798 499.7304321259451 595.7304321259451
5610 226.11707 721.8247 515.1612667811617 685.9112667811617 495.99916469660786 591.9991646966079
5627 250.87042 686.7151 507.6651444467964 678.4151444467964 491.90774319720856 587.9077431972086
5644 250.87042 686.7151 500.37151947034613 671.1215194703461 487.4653773139863 583.4653773139863
5661 270.62576 660.6255 493.29680961702684 664.0468096170268 482.6820667001052 578.6820667001052
5678 270.62576 660.6255 486.4569398796541 657.2069398796541 477.56857846668925 573.5685784666892
5695 286.12744 637.06024 479.86730663188473 650.6173066318847 472.13642294632587 568.1364229463259
5713 286.12744 637.06024 473.1792719367003 643.9292719367003 466.0509929481327 562.0509929481327
5729 300.0632 621.74945 467.4974853308397 638.2474853308397 460.36571041097886 556.3657104109789
5746 300.0632 621.74945 461.7451414322254 632.4951414322254 454.0536489719888 550.0536489719889
5764 310.95477 606.85376 455.98806905859533 626.7380690585953 447.0809605355471 543.0809605355471
5781 310.95477 606.85376 450.87878898296606 621.6287889829661 440.23794679551276 536.2379467955127
5797 352.08676 585.9606 446.37160595691194 617.1216059569119 433.58284065575424 529.5828406557542
5815 352.08676 585.9606 441.66195216566996 612.41195216567 425.8639399883317 521.8639399883317
5831 428.51764 562.72986 437.80565612063515 608.5556561206351 418.8116979778178 514.8116979778179
5849 428.51764 562.72986 433.8486005938714 604.5986005938714 410.68126269395975 506.68126269395975
5865 487.54276 543.64667 430.67789368960894 601.4278936896089 403.295346752855 499.295346752855
5882 487.54276 543.64667 427.67389913133843 598.4238991313384 395.30112404946493 491.30112404946493
5899 539.1194 529.362 425.052460199564 595.8024601995639 387.1734160167848 483.1734160167848
5916 539.1194 529.362 422.8194776869708 593.5694776869708 378.9305179198789 474.9305179198789
5933 579.8788 517.30963 420.97997798067684 591.7299779806768 370.59098431373195 466.59098431373195
5950 611.71124 508.21155 419.53810174796206 590.2881017479621 362.1735872774116 458.1735872774116
5967 611.71124 508.21155 418.4970946157316 589.2470946157316 353.69727415859836 449.69727415859836
5984 640.60785 499.4267 417.85929986469176 588.6092998646918 345.18112492358273 441.18112492358273
6002 640.60785 499.4267 417.6286526131048 588.3786526131048 337.1467028281774 433.1467028281774
