0 697.3022 447.78967 297.625 468.375 336.0 432.0
17 697.3801 443.08795 297.7465672298508 468.4965672298508 327.460353677165 423.460353677165
34 697.3801 443.08795 298.1111703954607 468.8611703954607 318.92762829531256 414.92762829531256
51 699.3158 443.22968 298.7185140048509 469.4685140048509 310.4087391863609 406.4087391863609
68 699.3158 443.22968 299.56810583748677 470.31810583748677 301.91059046864586 397.91059046864586
85 704.32043 439.54248 300.6592573431978 471.4092573431978 293.44006945149073 389.44006945149073
102 707.8303 440.6698 301.9910842002114 472.7410842002114 285.00404105339845 381.00404105339845
120 707.8303 440.6698 303.6623788905013 474.4123788905013 276.11696909446454 372.11696909446454
137 710.19086 439.45474 305.4860993111701 476.2360993111701 267.7734457537099 363.7734457537099
153 710.19086 439.45474 307.4188532438116 478.1688532438116 259.9711082224287 355.9711082224287
170 710.19086 439.45474 309.7006512552929 480.4506512552929 251.74105744826687 347.7410574482669
187 710.73804 437.14954 312.21579703666407 482.96579703666407 243.57929418234613 339.57929418234613
204 710.73804 437.14954 314.9622521925565 485.7122521925565 235.4924331110061 331.4924331110061
221 712.4742 434.7402 317.93779086333535 488.68779086333535 227.48702821623766 323.48702821623766
238 712.4742 434.7402 321.14000152904384 491.89000152904384 219.5695674640201 315.5695674640201
255 710.72906 436.22757 324.5662889638151 495.3162889638151 211.74646754616077 307.7464675461608
272 711.3051 435.87506 328.2138763391684 498.9638763391684 204.0240686798987 300.02406867989873
289 711.3051 435.87506 332.0798074744846 502.8298074744846 196.40862946948707 292.4086294694871
306 714.5856 435.60895 336.16094923283765 506.91094923283765 188.90632183391858 284.9063218339186
323 714.5856 435.60895 340.4539940602396 511.2039940602396 181.52322600490484 277.5232260049048
340 719.7462 434.78302 344.9554626662418 515.7054626662418 174.26532559916362 270.2653255991636
357 719.7462 434.78302 349.6617068437197 520.4117068437197 167.13850276900726 263.13850276900723
374 718.2076 433.13855 354.5689124255555 525.3189124255555 160.14853343516307 256.1485334351631
391 718.2076 433.13855 359.6731023758233 530.4231023758233 153.30108260568883 249.30108260568883
408 719.0482 433.96155 364.97014001297055 535.7201400129705 146.601699784777 242.601699784777
425 719.0482 433.96155 370.45573236238414 541.2057323623842 140.05581447516937 236.05581447516937
442 719.0482 433.96155 376.12543363562395 546.875433635624 133.66873177782583 229.66873177782583
459 716.79285 431.69318 381.9746488335043 552.7246488335043 127.44562809241546 223.44562809241546
476 716.79285 431.69318 387.9986374701024 558.7486374701024 121.39154692211227 217.39154692211227
493 713.5671 426.56982 394.1925174146769 564.9425174146769 115.51139478609738 211.51139478609738
511 711.6019 426.05066 400.93033797716447 571.6803379771645 109.48022176480373 205.48022176480373
527 711.6019 426.05066 407.06973833256984 577.8197383325698 104.29179502905546 200.29179502905546
544 711.14905 422.45898 413.7426429853873 584.4926429853873 98.96144031244515 194.96144031244515
561 711.14905 422.45898 420.564574763276 591.314574763276 93.82319306962836 189.82319306962836
578 708.0698 419.16846 427.53000484391305 598.280004843913 88.88121758382923 184.88121758382923
595 708.0698 419.16846 434.6332881070341 605.3832881070341 84.13951907017963 180.13951907017963
612 706.68823 420.0103 441.86866770951156 612.6186677095116 79.60194042970028 175.60194042970028
629 706.68823 420.0103 449.2302797509776 619.9802797509776 75.27215913482809 171.2721591348281
646 702.4604 420.63882 456.71215802621145 627.4621580262115 71.15368424901567 167.15368424901567
663 702.4604 420.63882 464.3082388604396 635.0582388604396 67.24985358281685 163.24985358281685
680 701.13275 419.4051 472.0123660236304 642.7623660236304 63.563830988764266 159.56383098876427
697 701.13275 419.4051 479.81829571979983 650.5682957197998 60.09860379723074 156.09860379723074
714 696.3031 416.81952 487.71970164728384 658.4697016472838 56.85698039535282 152.85698039535282
732 696.3031 416.81952 496.18284410284525 666.9328441028453 53.6713103368038 149.6713103368038
748 696.2502 414.42526 503.783255286693 674.533255286693 51.0548702834833 147.0548702834833
765 696.2502 414.42526 511.93238432050157 682.6823843205016 48.49908588318232 144.49908588318232
782 695.50836 411.58728 520.1509627803556 690.9009627803556 46.176306080939696 142.1763060809397
799 695.50836 411.58728 528.4323299341439 699.1823299341439 44.08841336946284 140.08841336946284
816 693.0032 414.23468 536.7697741627716 707.5197741627716 42.23709987763954 138.23709987763954
833 693.0032 414.23468 545.156538399579 715.906538399579 40.62386599915499 136.623865999155
851 693.8672 410.0389 554.0828444296311 724.8328444296311 39.176684392405264 135.17668439240526
867 691.90576 407.42548 562.0508042831839 732.8008042831839 38.116672841359446 134.11667284135945
884 691.90576 407.42548 570.5446140026227 741.2946140026227 37.2247455122278 133.2247455122278
902 690.68555 404.63644 579.5618339036334 750.3118339036334 36.54429036905128 132.54429036905128
918 690.68555 404.63644 587.5911736117806 758.3411736117806 36.167843072143 132.167843072143
935 691.8889 401.10425 596.1301081479654 766.8801081479654 36.00372452586896 132.00372452586896
952 691.8889 401.10425 604.6702542165596 775.4202542165596 36.08273742076125 132.08273742076125
969 691.8889 401.10425 613.2046904715623 783.9546904715623 36.40481772096149 132.4048177209615
986 689.5918 399.51602 621.7265001944813 792.4765001944813 36.96970439707047 132.96970439707047
1003 689.5918 399.51602 630.2287768999744 800.9787768999744 37.77693963769889 133.7769396376989
1020 689.1248 398.29446 638.7046299331981 809.4546299331981 38.82586922049978 134.82586922049978
1037 689.1248 398.29446 647.1471900543268 817.8971900543268 40.115643042381976 136.11564304238198
1054 688.4062 394.7682 655.5496150057149 826.2996150057149 41.645215808474234 137.64521580847423
1072 685.4745 395.88934 664.3949870000625 835.1449870000625 43.52475517402934 139.52475517402934
1088 685.4745 395.88934 672.2068585250034 842.9568585250034 45.41860627535635 141.41860627535635
1105 682.979 397.57993 680.4481772598931 851.1981772598931 47.65936583863811 143.6593658386381
1123 682.979 397.57993 689.1009748533495 859.8509748533495 50.286601601133555 146.28660160113355
1139 682.9994 400.44302 696.7228182836474 867.4728182836474 52.839934998910564 148.83993499891056
1157 682.9994 400.44302 705.2120829453671 875.9620829453671 55.95532573657704 151.95532573657704
1174 682.9994 400.44302 713.1400943092397 883.8900943092397 59.13132537838908 155.13132537838908
1190 682.6643 395.4778 720.5163456946693 891.2663456946693 62.32552703375262 158.32552703375262
1207 682.6643 395.4778 728.2568245155068 899.0068245155068 65.93458862018292 161.93458862018292
1224 680.0458 395.79987 735.8914330094331 906.6414330094331 69.76252423287974 165.76252423287974
1241 682.2628 398.24265 743.413983721744 914.163983721744 73.80623152831976 169.80623152831976
1258 682.2628 398.24265 750.8183800147626 921.5683800147626 78.06243329120804 174.06243329120804
1275 684.2721 395.89594 758.0986210088488 928.8486210088488 82.52768009049117 178.52768009049117
1292 684.2721 395.89594 765.2488064458005 935.9988064458005 87.19835307494287 183.19835307494287
1309 684.1677 392.9589 772.263141470708 943.013141470708 92.0706669060545 188.0706669060545
1326 684.1677 392.9589 779.1359413283826 949.8859413283826 97.14067282585665 193.14067282585665
1343 685.9936 390.38043 785.8616359705578 956.6116359705578 102.40426185718263 198.40426185718263
1360 685.9936 390.38043 792.434774570124 963.184774570124 107.85716813378187 203.85716813378187
1377 686.8893 389.9761 798.8500299387413 969.6000299387413 113.49497235758312 209.49497235758312
1395 686.8893 389.9761 805.4647900584413 976.2147900584413 119.66086422363836 215.66086422363836
1411 688.9145 392.49918 811.1862262243785 981.9362262243785 125.30685190652298 221.30685190652298
1428 688.9145 392.49918 817.0971692933363 987.8471692933363 131.47135431515434 227.47135431515434
1445 691.1023 394.9353 822.8302415379586 993.5802415379586 137.80161659632608 233.80161659632608
1462 691.1023 394.9353 828.3807966001699 999.1307966001699 144.29250840037312 240.29250840037312
1479 686.1938 397.16818 833.7443360426164 1004.4943360426164 150.93876919572267 246.93876919572267
1496 686.1938 397.16818 838.9165129944168 1009.6665129944168 157.73501253228335 253.73501253228335
1513 686.1525 402.43643 843.8931356740757 1014.6431356740757 164.675730406883 260.67573040688296
1530 686.1525 402.43643 848.6701707867052 1019.4201707867052 171.7552977272204 267.7552977272204
1548 688.9129 400.23132 853.5063645222324 1024.2563645222324 179.39627306401533 275.3962730640153
1564 688.9129 400.23132 857.6101570459276 1028.3601570459277 186.30792233453255 282.3079223345326
1581 688.35767 400.99783 861.7658627967578 1032.5158627967578 193.76918547310373 289.76918547310373
1598 688.35767 400.99783 865.7074960610505 1036.4574960610505 201.34571931915121 297.3457193191512
1615 689.63007 402.1179 869.4318623492258 1040.1818623492259 209.03138348446487 305.03138348446487
1632 689.63007 402.1179 872.9359432553329 1043.6859432553329 216.8199491363638 312.8199491363638
1649 689.3376 407.32477 876.2168989033121 1046.966898903312 224.7051040458423 320.7051040458423
1666 690.7685 408.03015 879.2720702485676 1050.0220702485676 232.6804577033056 328.6804577033056
1683 690.7685 408.03015 882.0989812329851 1052.8489812329851 240.73954649774532 336.7395464977453
1700 690.7685 408.03015 884.6953407916484 1055.4453407916485 248.87583895516212 344.8758389551621
1717 690.68335 410.7342 887.0590447096293 1057.8090447096292 257.08274103198784 353.08274103198784
1734 690.68335 410.7342 889.1881773273444 1059.9381773273444 265.35360145921436 361.35360145921436
1751 691.46436 410.84015 891.0810130930984 1061.8310130930984 273.6817171329047 369.6817171329047
1768 691.46436 410.84015 892.7360179615537 1063.4860179615537 282.0603385467098 378.0603385467098
1785 692.2822 410.61908 894.1518506369953 1064.9018506369953 290.4826752619944 386.4826752619944
1802 692.2822 410.61908 895.3273636603816 1066.0773636603817 298.94190141113677 394.94190141113677
1820 694.94055 410.56073 896.3090288345896 1067.0590288345898 307.9313178232743 403.9313178232743
1836 693.91376 409.72763 896.9538155200738 1067.703815520074 315.9435746118702 411.9435746118702
1853 693.91376 409.72763 897.4034362013994 1068.1534362013995 324.4722426880359 420.4722426880359
1871 695.3264 412.7688 897.6146881603357 1068.3646881603358 333.5126324227158 429.5126324227158
1887 695.3264 412.7688 897.5736453909749 1068.323645390975 341.5506871754069 437.5506871754069
1904 695.02545 410.57983 897.2940959534936 1068.0440959534935 350.08662239203596 446.08662239203596
1922 695.02545 410.57983 896.7333946506541 1067.4833946506542 359.1120801640305 455.1120801640305
1938 695.02545 410.57983 896.0068216320687 1066.7568216320687 367.1173347111916 463.1173347111916
1955 694.79706 409.34705 895.0001400172805 1065.7501400172805 375.5983093035911 471.5983093035911
1972 694.79706 409.34705 893.7524512558361 1064.5024512558361 384.04719151753216 480.04719151753216
1989 696.8513 406.82532 892.2647665348454 1063.0147665348454 392.4571339716405 488.4571339716405
2006 696.8513 406.82532 890.5382915457113 1061.2882915457112 400.8213208432003 496.8213208432003
2023 694.094 410.50162 888.5744255069792 1059.3244255069792 409.13297339202586 505.13297339202586
2040 694.432 408.05807 886.3747600303433 1057.1247600303432 417.385355454278 513.3853554542779
2057 694.432 408.05807 883.9410778307275 1054.6910778307274 425.5717789017766 521.5717789017766
2074 693.51306 409.66345 881.2753512814876 1052.0253512814875 433.68560906238275 529.6856090623828
2091 693.51306 409.66345 878.3797408159044 1049.1297408159044 441.7202700970553 537.7202700970553
2108 694.5574 408.3495 875.2565931762647 1046.0065931762647 449.6692503292295 545.6692503292295
2125 694.5574 408.3495 871.9084395119482 1042.6584395119482 457.52610752219204 553.526107522192
2142 692.8319 409.968 868.3379933280626 1039.0879933280626 465.2844741001809 561.2844741001809
2159 692.8319 409.968 864.5481482862865 1035.2981482862865 472.9380623089762 568.9380623089762
2176 692.85876 411.36816 860.5419758597092 1031.291975859709 480.4806693117979 576.4806693117979
2193 692.85876 411.36816 856.3227228435584 1027.0727228435585 487.90618221638465 583.9061822163847
2210 691.9075 411.16907 851.8938087238421 1022.6438087238421 495.20858302917645 591.2085830291765
2228 691.9075 411.16907 846.9798386747549 1017.7298386747549 502.79977346953126 598.7997734695313
2244 689.13617 416.774 842.4215218060378 1013.1715218060378 509.42048008140796 605.420480081408
2261 689.13617 416.774 837.3858258058228 1008.1358258058228 516.3184583144773 612.3184583144773
2278 689.4327 419.47607 832.1558160761413 1002.9058160761413 523.0702977777584 619.0702977777584
2296 689.4327 419.47607 826.4110765741736 997.1610765741736 530.0539388051589 626.0539388051589
2312 690.59326 418.1546 821.1299640822481 991.8799640822481 536.1137952031119 632.1137952031119
2329 690.59326 418.1546 815.3430576999276 986.0930576999276 542.394882086187 638.394882086187
2346 692.71375 419.3275 809.379702109853 980.129702109853 548.5086966087915 644.5086966087915
2364 692.71375 419.3275 802.8786107340788 973.6286107340788 554.7943218655896 650.7943218655896
2380 687.42163 424.1593 796.9431143556885 967.6931143556885 560.2148284340103 656.2148284340103
2397 688.9976 424.3614 790.4799614017456 961.2299614017456 565.7976585231695 661.7976585231695
2415 688.9976 424.3614 783.4663765564474 954.2163765564474 571.5058019659065 667.5058019659065
2431 688.1065 422.83502 777.0901233483269 947.8401233483269 576.4002277485814 672.4002277485814
2448 688.1065 422.83502 770.1742900189863 940.9242900189863 581.4113740517007 677.4113740517007
2466 688.1065 422.83502 762.6993413925139 933.4493413925139 586.5004227817345 682.5004227817345
2482 686.5676 427.4129 755.9288148358737 926.6788148358737 590.8330869577367 686.8330869577367
2499 686.5676 427.4129 748.6107182018081 919.3607182018081 595.2360177503971 691.2360177503971
2516 685.94385 431.2563 741.17025546435 911.92025546435 599.4288511793545 695.4288511793545
2533 685.94385 431.2563 733.6134567331254 904.3634567331254 603.4081891703074 699.4081891703074
2550 687.3124 431.90558 725.9464464020558 896.6964464020558 607.1708066759479 703.1708066759479
2567 687.3124 431.90558 718.1754381858558 888.9254381858558 610.7136542896951 706.7136542896951
2584 686.85144 433.2226 710.3067300841386 881.0567300841386 614.0338607170812 710.0338607170812
2601 687.899 433.94977 702.346699277214 873.096699277214 617.1287351027865 713.1287351027865
2618 687.899 433.94977 694.3017969577133 865.0517969577133 619.9957692114392 715.9957692114392
2635 685.3166 434.99768 686.178543102233 856.928543102233 622.6326394604092 718.6326394604092
2652 685.3166 434.99768 677.9835211872297 848.7335211872297 625.0372088029525 721.0372088029525
2670 688.0593 434.75177 669.2355964401853 839.9855964401853 627.327860798587 723.327860798587
2686 688.0593 434.75177 661.4047925232513 832.1547925232513 629.1418395004217 725.1418395004217
2703 688.0593 434.75177 653.0345219750633 823.7845219750633 630.8385742647915 726.8385742647915
2720 688.2948 435.85333 644.6193448795832 815.3693448795832 632.296357637651 728.296357637651
2737 688.2948 435.85333 636.1660813019316 806.9160813019316 633.5140081610913 729.5140081610913
2754 686.1408 435.34964 627.6815821743512 798.4315821743512 634.4905389924386 730.4905389924386
2772 686.1408 435.34964 618.6715913636143 789.4215913636143 635.2608243522246 731.2608243522246
2788 684.0836 435.34848 610.6464019995067 781.3964019995067 635.7172719246712 731.7172719246712
2805 682.8 435.17676 602.1095270833351 772.8595270833351 635.9664798220608 731.9664798220608
2823 682.8 435.17676 593.0666695312384 763.8166695312384 635.9653673731979 731.9653673731979
2839 684.40765 436.6468 585.0317954607539 755.7817954607539 635.7355687926154 731.7355687926154
2856 684.40765 436.6468 576.5047793711809 747.2547793711809 635.2556370072082 731.2556370072082
2873 682.19855 434.29193 567.9948801263789 738.7448801263789 634.5331740297464 730.5331740297464
2890 682.19855 434.29193 559.5089945588649 730.2589945588649 633.5687653790487 729.5687653790487
2907 683.0486 435.40253 551.0540000393138 721.8040000393138 632.3631926583694 728.3631926583694
2924 683.0486 435.40253 542.6367489028069 713.3867489028069 630.9174329219486 726.9174329219486
2941 688.2913 434.22565 534.2640628953682 705.0140628953682 629.232657883161 725.232657883161
2958 688.2913 434.22565 525.9427276452934 696.6927276452934 627.3102329649023 723.3102329649023
2975 691.5292 430.7733 517.6794871637487 688.4294871637487 625.1517161929854 721.1517161929854
2992 691.5292 430.7733 509.48103837910116 680.2310383791012 622.7588569334407 718.7588569334407
3009 691.9252 421.5329 501.3540257094023 672.1040257094023 620.1335944747455 716.1335944747455
3026 691.9252 421.5329 493.3050356774336 664.0550356774336 617.278056456131 713.278056456131
3044 691.4855 417.39423 484.8748660899855 655.6248660899855 614.0061281757542 710.0061281757542
3061 691.4855 417.39423 477.0069751274623 647.7569751274623 610.6839858379951 706.6839858379951
3077 692.10455 409.1634 469.691086470933 640.441086470933 607.3538534259965 703.3538534259965
3094 692.10455 409.1634 462.0187085871838 632.7687085871838 603.6021930576474 699.6021930576474
3111 693.9102 403.3772 454.4562325780845 625.2062325780845 599.6336549738851 695.6336549738851
3128 693.9102 403.3772 447.00978743869564 617.7597874386956 595.4514554692516 691.4514554692516
3145 693.28 405.55896 439.68540812706976 610.4354081270698 591.058983999804 687.058983999804
3162 693.28 405.55896 432.4890306732291 603.2390306732291 586.4598004361334 682.4598004361334
3179 696.3236 404.07468 425.4264873683203 596.1764873683203 581.6576321782761 677.6576321782761
3196 696.3236 404.07468 418.50350203784535 589.2535020378454 576.6563711348483 672.6563711348483
3213 698.2673 406.56265 411.72568540279684 582.4756854027969 571.4600705688548 667.4600705688548
3230 698.2673 406.56265 405.09853053246013 575.8485305324601 566.0729418127313 662.0729418127313
3247 701.0719 408.35458 398.6274083925641 569.3774083925641 560.4993508552757 656.4993508552757
3264 701.0719 408.35458 392.31756349239276 563.0675634923928 554.7438148032415 650.7438148032415
3281 701.2914 410.66696 386.17410963438175 556.9241096343817 548.8109982204569 644.8109982204569
3298 701.2914 410.66696 380.2020257696452 550.9520257696452 542.7057093474355 638.7057093474355
3315 706.63354 407.84903 374.4061519627961 545.1561519627961 536.4328962045494 632.4328962045494
3332 706.63354 407.84903 368.7911854693228 539.5411854693227 529.9976425819129 625.9976425819129
3349 707.12915 407.13892 363.3616769287074 534.1116769287074 523.4051639192346 619.4051639192346
3366 709.43036 409.45303 358.12202667636814 528.8720266763681 516.6608030789737 612.6608030789737
3383 709.43036 409.45303 353.07648117741576 523.8264811774158 509.7700260162269 605.7700260162269
3400 709.7869 412.24393 348.2291295851123 518.9791295851123 502.7384173488538 598.7384173488538
3418 709.7869 412.24393 343.31702741539596 514.067027415396 495.1460181088685 591.1460181088685
3434 710.34863 410.1764 339.144558420162 509.894558420162 488.2756097367269 584.2756097367269
3452 710.34863 410.1764 334.67248418581175 505.42248418581175 480.4159770489023 576.4159770489023
3468 710.34863 410.1764 330.8977575118902 501.6477575118902 473.3192561685689 569.3192561685689
3485 712.38745 408.0983 327.0969822152257 497.8469822152257 465.6710900449318 561.6710900449318
3502 712.38745 408.0983 323.5154558633554 494.2654558633554 457.9178322199049 553.9178322199049
3519 712.03937 410.66565 320.1560810978608 490.9060810978608 450.06576630732854 546.0657663073285
3536 712.03937 410.66565 317.0215805179704 487.7715805179704 442.1212559998803 538.1212559998803
3553 709.52875 406.17636 314.1144944740342 484.8644944740342 434.0907399116313 530.0907399116313
3570 708.5903 403.79657 311.4371790087004 482.1871790087004 425.9807263598813 521.9807263598814
3588 708.5903 403.79657 308.85522471939606 479.60522471939606 417.31430922285153 513.3143092228515
3604 714.3779 402.56528 306.780351140146 477.530351140146 409.5485569510936 505.5485569510936
3621 714.3779 402.56528 304.80461285468476 475.55461285468476 401.23971851615926 497.23971851615926
3638 713.4785 400.62418 303.06619032461737 473.81619032461737 392.87800666884965 488.87800666884965
3655 713.4785 400.62418 301.5664924513526 472.3164924513526 384.4701981434725 480.4701981434725
3672 715.932 397.38354 300.30673466233077 471.05673466233077 376.02310703330426 472.02310703330426
3689 715.932 397.38354 299.28793792598333 470.03793792598333 367.5435792681223 463.5435792681223
3706 715.932 397.38354 298.5109279242903 469.2609279242903 359.03848706593226 455.03848706593226
3723 714.9021 394.67062 297.97633438360816 468.72633438360816 350.5147233633919 446.5147233633919
3740 714.9021 394.67062 297.68459056430925 468.43459056430925 341.9791962294431 437.9791962294431
3757 716.0979 393.9319 417.64906576024066 588.3990657602407 333.056686471707 429.056686471707
3775 713.9783 395.2308 418.0239626747057 588.7739626747057 324.0222125716715 420.0222125716715
3791 713.9783 395.2308 418.73774721758974 589.4877472175897 316.01623679178385 412.01623679178385
3808 714.89496 395.51407 419.88693415828243 590.6369341582824 307.553911501838 403.553911501838
3825 714.89496 395.51407 421.43620498653286 592.1862049865329 299.15561763711503 395.15561763711503
3842 712.13794 395.29373 423.3820723329198 594.1320723329197 290.84025954453836 386.84025954453836
3859 712.13794 395.29373 425.72015609929747 596.4701560992975 282.62655488470796 378.62655488470796
3876 714.00385 396.3734 428.4451933182859 599.1951933182859 274.53299249891984 370.53299249891984
3893 714.00385 396.3734 431.55105000007745 602.3010500000775 266.5777907912517 362.5777907912517
3910 711.34485 400.6906 435.03073493989234 605.7807349398923 258.7788567193968 354.7788567193968
3928 711.34485 400.6906 439.1138488204813 609.8638488204813 250.71099161237862 346.7109916123786
3944 711.56726 403.29114 443.0794350159092 613.8294350159092 243.71962102511617 339.71962102511617
3961 711.56726 403.29114 447.6303327319572 618.3803327319572 236.49321736108072 332.4932173610807
3978 709.3705 404.07193 452.518864647575 623.268864647575 229.49080094619188 325.4908009461919
3995 709.3705 404.07193 457.734026801152 628.484026801152 222.7281340425647 318.7281340425647
4013 707.0593 405.28116 463.5989209792019 634.3489209792019 215.84589003154827 311.84589003154827
4029 707.0593 405.28116 469.09657621838664 639.8465762183866 209.98236520147657 305.98236520147657
4046 707.98425 406.59833 475.21838667089924 645.9683866708992 204.0279536670738 300.0279536670738
4063 707.98425 406.59833 481.6157313118342 652.3657313118342 198.37060786867886 294.37060786867886
4080 708.57214 406.91595 488.27420988032543 659.0242098803254 193.0230623484931 289.0230623484931
4097 708.57214 406.91595 495.1788343096449 665.9288343096449 187.9973542961332 283.9973542961332
4114 708.59424 406.34155 502.31406246496294 673.064062464963 183.30479645322103 279.304796453221
4131 707.4314 404.3818 509.66383312829794 680.4138331282979 178.95595164869005 274.9559516486901
4148 707.4314 404.3818 517.2116021519138 687.9616021519138 174.9606090221234 270.96060902212344
4166 709.2959 402.51907 525.4002807325808 696.1502807325808 171.12553282347662 267.12553282347665
4182 709.2959 402.51907 532.8327684862486 703.5827684862486 168.06558799499004 264.06558799499004
4199 708.3562 402.98785 540.8710029469295 711.6210029469295 165.1814301122385 261.1814301122385
4216 708.3562 402.98785 549.0369892185008 719.7869892185008 162.68178050678887 258.68178050678887
4233 708.3562 402.98785 557.3123458725511 728.0623458725511 160.57226582663537 256.5722658266354
4250 710.9469 402.3827 565.678445290706 736.428445290706 158.85763453593017 254.85763453593017
4267 710.9469 402.3827 574.1164555949256 744.8664555949256 157.54174622631027 253.54174622631027
4284 710.7542 403.06924 582.6073830375866 753.3573830375866 156.6275629290547 252.6275629290547
4301 710.7542 403.06924 591.132114755926 761.882114755926 156.1171424476271 252.1171424476271
4318 710.29443 402.29434 599.6714617946108 770.4214617946108 156.01163372561214 252.01163372561214
4335 710.7832 402.37836 608.206202299593 778.956202299593 156.31127426047263 252.31127426047263
4353 710.7832 402.37836 617.2166157056257 787.9666157056257 157.06937491294823 253.06937491294823
4369 709.6613 403.258 625.1850713827765 795.9350713827765 158.12239470530233 254.12239470530233
4386 709.6613 403.258 633.5909809564164 804.3409809564164 159.6297978289907 255.6297978289907
4403 709.38306 404.51532 641.9159320172428 812.6659320172428 161.53420581373558 257.5342058137356
4421 709.38306 404.51532 650.6215220114407 821.3715220114407 163.97858082584344 259.97858082584344
4437 710.3364 402.09082 658.2482260010909 828.9982260010909 166.5160052712332 262.5160052712332
4454 710.3364 402.09082 666.2188053437343 836.9688053437343 169.58218283949915 265.5821828394992
4471 710.3364 402.09082 674.0349817666976 844.7849817666976 173.0229627020636 269.02296270206364
4489 709.44763 401.27097 682.1230927560449 852.8730927560449 177.0658239377357 273.0658239377357
4505 709.44763 401.27097 689.1341369531456 859.8841369531456 180.99652309031762 276.9965230903176
4522 711.305 401.3505 696.3831279004737 867.1331279004737 185.51135533338842 281.51135533338845
4539 713.3295 403.11014 703.4098168015221 874.1598168015221 190.36493370665013 286.36493370665016
4556 713.3295 403.11014 710.1983867574248 880.9483867574248 195.54633292803192 291.5463329280319
4573 712.1036 401.65604 716.733556869033 887.483556869033 201.0438897990301 297.0438897990301
4590 712.1036 401.65604 723.0006166338345 893.7506166338345 206.8452294582745 302.8452294582745
4607 710.6571 401.76248 728.9854590589218 899.7354590589218 212.9372932370277 308.9372932370277
4624 710.6571 401.76248 734.6746124154753 905.4246124154753 219.30636805391646 315.30636805391646
4641 710.96295 398.565 740.0552705632856 910.8052705632856 225.93811728273374 321.93811728273374
4658 710.96295 398.565 745.1153217770493 915.8653217770493 232.81761302381858 328.8176130238186
4675 711.776 395.93347 749.8433760095571 920.5933760095571 239.9293697063817 335.9293697063817
4692 711.776 395.93347 754.2287905304013 924.9787905304013 247.25737894613326 343.25737894613326
4709 711.776 395.93347 758.2616938824929 929.0116938824929 254.78514557975075 350.78514557975075
4726 707.57874 394.19247 761.9330081024611 932.6830081024611 262.4957247950736 358.4957247950736
4743 708.2363 395.39392 765.2344691549205 935.9844691549205 270.3717602734482 366.3717602734482
4760 708.2363 395.39392 768.1586455346032 938.9086455346032 278.3955232583588 374.3955232583588
4777 706.43384 394.9297 770.6989549944915 941.4489549944915 286.5489524624127 382.5489524624127
4794 706.43384 394.9297 772.8496793622878 943.5996793622878 294.8136947228397 390.8136947228397
4812 779.5056 381.74637 774.6969169040786 945.4469169040786 303.6652471183856 399.6652471183856
4828 779.5056 381.74637 775.9638957607996 946.7138957607996 311.60249482388303 407.60249482388303
4845 623.6045 305.3971 776.9203777692248 947.6703777692248 320.08876150040663 416.08876150040663
4862 623.6045 305.3971 777.47327042036 948.22327042036 328.6108439720703 424.6108439720703
4879 498.8836 244.31767 777.6213291668411 948.3713291668411 337.1495592469291 433.1495592469291
4896 498.8836 244.31767 777.3642207321774 948.1142207321774 345.68568689301895 441.68568689301895
4913 399.1069 195.45415 776.7025238609478 947.4525238609478 354.200012303063 450.200012303063
4930 319.28552 156.36333 775.6377280160616 946.3877280160616 362.6733699460652 458.6733699460652
4947 319.28552 156.36333 774.1722300260149 944.9222300260149 371.0866865084376 467.0866865084376
4964 255.42842 125.09066 772.3093286896907 943.0593286896907 379.4210238275436 475.4210238275436
4981 255.42842 125.09066 770.0532173508461 940.8032173508461 387.65762152102405 483.65762152102405
4998 255.42842 125.09066 767.4089744590015 938.1589744590015 395.77793921594457 491.77793921594457
5015 204.34274 100.07253 764.3825521379785 935.1325521379785 403.7636982827043 499.7636982827043
5032 204.34274 100.07253 760.9807627878217 931.7307627878217 411.59692297976756 507.59692297976756
5049 163.4742 80.05803 757.2112637502574 927.9612637502574 419.25998091660404 515.259980916604
5066 163.4742 80.05803 753.0825400722103 923.8325400722103 426.73562274375536 522.7356227437554
5083 163.4742 80.05803 748.6038854061801 919.3538854061801 434.00702098068035 530.0070209806804
5100 104.62349 51.23714 743.7853810904619 914.5353810904619 441.057807893992 537.057807893992
5118 104.62349 51.23714 738.3250770999266 909.0750770999266 448.265258669255 544.265258669255
5134 83.69879 40.98971 733.1729494131282 903.9229494131282 454.4345954942897 550.4345954942896
5151 83.69879 40.98971 727.4029103666112 898.1529103666112 460.73048537096236 556.7304853709624
5169 66.95904 32.79177 720.9753375862501 891.7253375862501 467.09040474938706 563.0904047493871
5186 66.95904 32.79177 714.618748013828 885.368748013828 472.79350469111057 568.7935046911106
5202 66.95904 32.79177 708.3952424593289 879.1452424593289 477.8800669068827 573.8800669068827
5219 53.56723 26.233418 701.5410462255444 872.2910462255444 482.9743356401059 578.9743356401059
5236 53.56723 26.233418 694.4529376018812 865.2029376018812 487.73776886380733 583.7377688638073
5253 42.853786 20.986734 687.1468717414465 857.8968717414465 492.15964421036574 588.1596442103657
5270 42.853786 20.986734 679.639294413571 850.389294413571 496.2300081502966 592.2300081502966
5287 34.28303 16.789389 671.9471049847989 842.6971049847989 499.93969839739407 595.9396983973941
5304 27.426426 13.431511 664.0876183788416 834.8376183788416 503.28036453280606 599.2803645328061
5321 27.426426 13.431511 656.0785261011198 826.8285261011198 506.2444868016163 602.2444868016163
5338 21.941141 10.745209 647.9378564156366 818.6878564156366 508.8253930396211 604.8253930396211
5355 21.941141 10.745209 639.6839337638094 810.4339337638094 511.01727369220305 607.017273692203
5372 17.552914 8.596168 631.335337516615 802.085337516615 512.8151948914908 608.8151948914908
5389 17.552914 8.596168 622.9108601528986 793.6608601528986 514.2151095623715 610.2151095623715
5406 17.552914 8.596168 614.4294649579773 785.1794649579773 515.2138665323532 611.2138665323532
5423 17.552914 8.596168 605.9102433377668 776.6602433377668 515.8092176247758 611.8092176247758
5441 17.552914 8.596168 596.8699739756478 767.6199739756478 515.9984164810973 611.9984164810973
5457 145.1531 81.36202 588.8350690108309 759.5850690108309 515.7852527689789 611.7852527689789
5474 259.2035 149.29066 580.317552089333 751.067552089333 515.1659907650433 611.1659907650433
5491 259.2035 149.29066 571.8389937950213 742.5889937950213 514.1434306506889 610.1434306506889
5508 352.2674 203.46378 563.4184791480179 734.1684791480179 512.7198741828516 608.7198741828516
5525 352.2674 203.46378 555.0749625136663 725.8249625136663 510.8985257511097 606.8985257511097
5542 426.91785 247.18965 546.8272249367301 717.5772249367301 508.68348516468336 604.6834851646834
5559 426.91785 247.18965 538.6938318657412 709.4438318657412 506.079738423869 602.079738423869
5576 486.774 282.30005 530.6930913626405 701.4430913626405 503.0931464966776 599.0931464966776
5593 486.774 282.30005 522.843012891798 693.593012891798 499.7304321259451 595.7304321259451
5610 535.915 305.2475 515.1612667811617 685.9112667811617 495.99916469660786 591.9991646966079
5627 535.915 305.2475 507.6651444467964 678.4151444467964 491.90774319720856 587.9077431972086
5645 574.27594 325.9111 499.9491421383856 670.6991421383856 487.19334241625086 583.1933424162509
5661 574.27594 325.9111 493.29680961702684 664.0468096170268 482.6820667001052 578.6820667001052
5678 602.525 344.3155 486.4569398796541 657.2069398796541 477.56857846668925 573.5685784666892
5695 629.5464 354.13913 479.86730663188473 650.6173066318847 472.13642294632587 568.1364229463259
5713 629.5464 354.13913 473.1792719367003 643.9292719367003 466.0509929481327 562.0509929481327
5729 629.5464 354.13913 467.4974853308397 638.2474853308397 460.36571041097886 556.3657104109789
5746 649.06866 366.8407 461.7451414322254 632.4951414322254 454.0536489719888 550.0536489719889
5764 649.06866 366.8407 455.98806905859533 626.7380690585953 447.0809605355471 543.0809605355471
5780 664.9983 375.90128 451.1702998949387 621.9202998949387 440.6471252215585 536.6471252215586
5798 664.9983 375.90128 446.09983091410595 616.849830914106 433.16029607556385 529.1602960755638
5815 675.55817 382.1875 441.66195216566996 612.41195216567 425.8639399883317 521.8639399883317
5831 675.55817 382.1875 437.80565612063515 608.5556561206351 418.8116979778178 514.8116979778179
5848 682.96765 383.6467 434.05768195865755 604.8076819586576 411.1380893339877 507.1380893339877
5865 682.96765 383.6467 430.67789368960894 601.4278936896089 403.295346752855 499.295346752855
5883 689.359 384.40646 427.50904530471144 598.2590453047114 394.8265412727159 490.8265412727159
5899 699.17004 390.20453 425.052460199564 595.8024601995639 387.1734160167848 483.1734160167848
5916 699.17004 390.20453 422.8194776869708 593.5694776869708 378.9305179198789 474.9305179198789
5933 704.5665 390.73157 420.97997798067684 591.7299779806768 370.59098431373195 466.59098431373195
5950 704.5665 390.73157 419.53810174796206 590.2881017479621 362.1735872774116 458.1735872774116
5967 704.5665 390.73157 418.4970946157316 589.2470946157316 353.69727415859836 449.69727415859836
5984 709.5267 394.46045 417.85929986469176 588.6092998646918 345.18112492358273 441.18112492358273
6002 709.5267 394.46045 417.6286526131048 588.3786526131048 337.1467028281774 433.1467028281774
