1 446.1836 236.5684 297.62542067616835 468.37542067616835 335.4976002348308 431.4976002348308
17 446.1836 236.5684 297.7465672298508 468.4965672298508 327.460353677165 423.460353677165
34 356.94687 189.25473 298.1111703954607 468.8611703954607 318.92762829531256 414.92762829531256
51 356.94687 189.25473 298.7185140048509 469.4685140048509 310.4087391863609 406.4087391863609
68 482.54907 215.86678 299.56810583748677 470.31810583748677 301.91059046864586 397.91059046864586
85 482.54907 215.86678 300.6592573431978 471.4092573431978 293.44006945149073 389.44006945149073
102 528.16064 240.27899 301.9910842002114 472.7410842002114 285.00404105339845 381.00404105339845
119 528.16064 240.27899 303.56250703184975 474.31250703184975 276.6093422383909 372.6093422383909
136 567.3233 271.39667 305.37225228130916 476.12225228130916 268.2627764750041 364.2627764750041
153 567.3233 271.39667 307.4188532438116 478.1688532438116 259.9711082224287 355.9711082224287
170 601.32623 289.55502 309.7006512552929 480.4506512552929 251.74105744826687 347.7410574482669
187 601.32623 289.55502 312.21579703666407 482.96579703666407 243.57929418234613 339.57929418234613
204 622.944 308.07248 314.9622521925565 485.7122521925565 235.4924331110061 331.4924331110061
221 645.1259 322.62387 317.93779086333535 488.68779086333535 227.48702821623766 323.48702821623766
238 645.1259 322.62387 321.14000152904384 491.89000152904384 219.5695674640201 315.5695674640201
255 657.387 340.8883 324.5662889638151 495.3162889638151 211.74646754616077 307.7464675461608
272 657.387 340.8883 328.2138763391684 498.9638763391684 204.0240686798987 300.02406867989873
290 672.2593 352.92047 332.31394874217887 503.06394874217887 195.9641257374746 291.9641257374746
306 672.2593 352.92047 336.16094923283765 506.91094923283765 188.90632183391858 284.9063218339186
324 672.2593 352.92047 340.7130516625483 511.4630516625483 181.0927671105879 277.09276711058794
340 683.33 362.15164 344.9554626662418 515.7054626662418 174.26532559916362 270.2653255991636
357 683.33 362.15164 349.6617068437197 520.4117068437197 167.13850276900726 263.13850276900723
374 691.4108 367.16425 354.5689124255555 525.3189124255555 160.14853343516307 256.1485334351631
391 691.4108 367.16425 359.6731023758233 530.4231023758233 153.30108260568883 249.30108260568883
408 697.3819 373.07547 364.97014001297055 535.7201400129705 146.601699784777 242.601699784777
425 702.0356 377.37198 370.45573236238414 541.2057323623842 140.05581447516937 236.05581447516937
442 702.0356 377.37198 376.12543363562395 546.875433635624 133.66873177782583 229.66873177782583
459 705.08704 379.3977 381.9746488335043 552.7246488335043 127.44562809241546 223.44562809241546
476 705.08704 379.3977 387.9986374701024 558.7486374701024 121.39154692211227 217.39154692211227
493 712.96533 383.92953 394.1925174146769 564.9425174146769 115.51139478609738 211.51139478609738
510 712.96533 383.92953 400.5512688483818 571.3012688483818 109.8099372430793 205.8099372430793
527 715.2374 389.63147 407.06973833256984 577.8197383325698 104.29179502905546 200.29179502905546
544 715.2374 389.63147 413.7426429853873 584.4926429853873 98.96144031244515 194.96144031244515
561 710.8928 390.9451 420.564574763276 591.314574763276 93.82319306962836 189.82319306962836
578 710.8928 390.9451 427.53000484391305 598.280004843913 88.88121758382923 184.88121758382923
595 710.8928 390.9451 434.6332881070341 605.3832881070341 84.13951907017963 180.13951907017963
612 706.2139 392.65213 441.86866770951156 612.6186677095116 79.60194042970028 175.60194042970028
629 706.73895 395.8787 449.2302797509776 619.9802797509776 75.27215913482809 171.2721591348281
646 706.73895 395.8787 456.71215802621145 627.4621580262115 71.15368424901567 167.15368424901567
663 702.28125 397.90433 464.3082388604396 635.0582388604396 67.24985358281685 163.24985358281685
680 702.28125 397.90433 472.0123660236304 642.7623660236304 63.563830988764266 159.56383098876427
698 696.2299 401.0701 480.2805035702502 651.0305035702502 59.90170381248561 155.9017038124856
714 696.2299 401.0701 487.71970164728384 658.4697016472838 56.85698039535282 152.85698039535282
731 693.1264 404.0537 495.7101801258791 666.4601801258791 53.84158795097835 149.84158795097835
748 693.1264 404.0537 503.783255286693 674.533255286693 51.0548702834833 147.0548702834833
765 692.4279 404.64728 511.93238432050157 682.6823843205016 48.49908588318232 144.49908588318232
782 692.4279 404.64728 520.1509627803556 690.9009627803556 46.176306080939696 142.1763060809397
799 691.0148 406.52722 528.4323299341439 699.1823299341439 44.08841336946284 140.08841336946284
816 691.0148 406.52722 536.7697741627716 707.5197741627716 42.23709987763954 138.23709987763954
833 690.5753 408.92612 545.156538399579 715.906538399579 40.62386599915499 136.623865999155
850 690.5753 408.92612 553.585825606595 724.335825606595 39.25001917650059 135.2500191765006
867 695.1772 405.97397 562.0508042831839 732.8008042831839 38.116672841359446 134.11667284135945
884 695.1772 405.97397 570.5446140026227 741.2946140026227 37.2247455122278 133.2247455122278
901 688.7751 402.80338 579.0603709721212 749.8103709721212 36.574960050003085 132.57496005000309
918 688.7751 402.80338 587.5911736117806 758.3411736117806 36.167843072143 132.167843072143
935 688.2001 401.1626 596.1301081479654 766.8801081479654 36.00372452586896 132.00372452586896
952 688.2001 401.1626 604.6702542165596 775.4202542165596 36.08273742076125 132.08273742076125
969 686.8054 399.56552 613.2046904715623 783.9546904715623 36.40481772096149 132.4048177209615
986 689.2295 396.8088 621.7265001944813 792.4765001944813 36.96970439707047 132.96970439707047
1003 689.2295 396.8088 630.2287768999744 800.9787768999744 37.77693963769889 133.7769396376989
1020 686.9947 396.06326 638.7046299331981 809.4546299331981 38.82586922049978 134.82586922049978
1037 686.9947 396.06326 647.1471900543268 817.8971900543268 40.115643042381976 136.11564304238198
1054 686.9947 396.06326 655.5496150057149 826.2996150057149 41.645215808474234 137.64521580847423
1072 684.64685 403.54077 664.3949870000625 835.1449870000625 43.52475517402934 139.52475517402934
1088 684.64685 403.54077 672.2068585250034 842.9568585250034 45.41860627535635 141.41860627535635
1105 684.72156 397.79602 680.4481772598931 851.1981772598931 47.65936583863811 143.6593658386381
1122 684.72156 397.79602 688.6223720999366 859.3723720999366 50.133810549576026 146.13381054957603
1139 683.9019 395.17847 696.7228182836474 867.4728182836474 52.839934998910564 148.83993499891056
1156 683.9019 395.17847 704.742950819005 875.492950819005 55.77554601295549 151.7755460129555
1173 683.74756 395.13467 712.6762698040402 883.4262698040402 58.93826443105149 154.9382644310515
1190 683.1648 391.78784 720.5163456946693 891.2663456946693 62.32552703375262 158.32552703375262
1207 683.1648 391.78784 728.2568245155068 899.0068245155068 65.93458862018292 161.93458862018292
1224 684.1327 393.7823 735.8914330094331 906.6414330094331 69.76252423287974 165.76252423287974
1241 684.1327 393.7823 743.413983721744 914.163983721744 73.80623152831976 169.80623152831976
1258 683.3975 393.9478 750.8183800147626 921.5683800147626 78.06243329120804 174.06243329120804
1275 683.3975 393.9478 758.0986210088488 928.8486210088488 82.52768009049117 178.52768009049117
1292 686.9094 387.7625 765.2488064458005 935.9988064458005 87.19835307494287 183.19835307494287
1309 686.9094 387.7625 772.263141470708 943.013141470708 92.0706669060545 188.0706669060545
1326 686.9094 387.7625 779.1359413283826 949.8859413283826 97.14067282585665 193.14067282585665
1343 686.76953 385.10077 785.8616359705578 956.6116359705578 102.40426185718263 198.40426185718263
1360 686.76953 385.10077 792.434774570124 963.184774570124 107.85716813378187 203.85716813378187
1377 688.0996 387.03268 798.8500299387413 969.6000299387413 113.49497235758312 209.49497235758312
1394 687.4365 387.9886 805.1022028442499 975.8522028442499 119.31310538030687 215.31310538030687
1411 687.4365 387.9886 811.1862262243785 981.9362262243785 125.30685190652298 221.30685190652298
1428 686.50275 388.6064 817.0971692933363 987.8471692933363 131.47135431515434 227.47135431515434
1446 686.50275 388.6064 823.1618418139614 993.9118418139614 138.17903805565956 234.17903805565956
1462 687.60547 391.04224 828.3807966001699 999.1307966001699 144.29250840037312 240.29250840037312
1479 687.60547 391.04224 833.7443360426164 1004.4943360426164 150.93876919572267 246.93876919572267
1496 687.82745 391.35812 838.9165129944168 1009.6665129944168 157.73501253228335 253.73501253228335
1513 687.82745 391.35812 843.8931356740757 1014.6431356740757 164.675730406883 260.67573040688296
1530 689.9734 393.31845 848.6701707867052 1019.4201707867052 171.7552977272204 267.7552977272204
1547 689.9734 393.31845 853.2437467928016 1023.9937467928016 178.96797687071094 274.9679768707109
1564 691.59344 400.8957 857.6101570459276 1028.3601570459277 186.30792233453255 282.3079223345326
1581 691.59344 400.8957 861.7658627967578 1032.5158627967578 193.76918547310373 289.76918547310373
1598 692.0346 405.28003 865.7074960610505 1036.4574960610505 201.34571931915121 297.3457193191512
1615 692.0346 405.28003 869.4318623492258 1040.1818623492259 209.03138348446487 305.03138348446487
1632 690.3465 408.70642 872.9359432553329 1043.6859432553329 216.8199491363638 312.8199491363638
1649 690.3465 408.70642 876.2168989033121 1046.966898903312 224.7051040458423 320.7051040458423
1666 690.0759 411.04288 879.2720702485676 1050.0220702485676 232.6804577033056 328.6804577033056
1683 690.0759 411.04288 882.0989812329851 1052.8489812329851 240.73954649774532 336.7395464977453
1700 689.9163 416.2752 884.6953407916484 1055.4453407916485 248.87583895516212 344.8758389551621
1717 689.9163 416.2752 887.0590447096293 1057.8090447096292 257.08274103198784 353.08274103198784
1734 689.6697 421.9908 889.1881773273444 1059.9381773273444 265.35360145921436 361.35360145921436
1751 687.56775 428.9165 891.0810130930984 1061.8310130930984 273.6817171329047 369.6817171329047
1768 687.56775 428.9165 892.7360179615537 1063.4860179615537 282.0603385467098 378.0603385467098
1785 688.4218 432.63892 894.1518506369953 1064.9018506369953 290.4826752619944 386.4826752619944
1803 688.4218 432.63892 895.3890061395116 1066.1390061395116 299.4405053679775 395.4405053679775
1820 688.4218 432.63892 896.3090288345896 1067.0590288345898 307.9313178232743 403.9313178232743
1836 689.1788 431.44238 896.9538155200738 1067.703815520074 315.9435746118702 411.9435746118702
1853 689.1788 431.44238 897.4034362013994 1068.1534362013995 324.4722426880359 420.4722426880359
1871 687.06134 436.3717 897.6146881603357 1068.3646881603358 333.5126324227158 429.5126324227158
1887 687.06134 436.3717 897.5736453909749 1068.323645390975 341.5506871754069 437.5506871754069
1904 685.1704 438.4013 897.2940959534936 1068.0440959534935 350.08662239203596 446.08662239203596
1921 685.1704 438.4013 896.7716802368993 1067.5216802368993 358.6111411309172 454.6111411309172
1938 684.61145 443.27063 896.0068216320687 1066.7568216320687 367.1173347111916 463.1173347111916
1955 683.2697 447.96136 895.0001400172805 1065.7501400172805 375.5983093035911 471.5983093035911
1972 683.2697 447.96136 893.7524512558361 1064.5024512558361 384.04719151753216 480.04719151753216
1989 683.36426 453.86523 892.2647665348454 1063.0147665348454 392.4571339716405 488.4571339716405
2006 683.36426 453.86523 890.5382915457113 1061.2882915457112 400.8213208432003 496.8213208432003
2023 686.6313 461.90723 888.5744255069792 1059.3244255069792 409.13297339202586 505.13297339202586
2040 686.6313 461.90723 886.3747600303433 1057.1247600303432 417.385355454278 513.3853554542779
2057 685.8884 467.79697 883.9410778307275 1054.6910778307274 425.5717789017766 521.5717789017766
2074 685.8884 467.79697 881.2753512814876 1052.0253512814875 433.68560906238275 529.6856090623828
2092 684.4492 472.0674 878.2023009969078 1048.9523009969078 442.19029223658174 538.1902922365817
2108 684.4492 472.0674 875.2565931762647 1046.0065931762647 449.6692503292295 545.6692503292295
2126 684.4492 472.0674 871.7045392706568 1042.4545392706568 457.98527023040305 553.9852702304031
2142 684.34906 471.7581 868.3379933280626 1039.0879933280626 465.2844741001809 561.2844741001809
2159 683.8764 473.96848 864.5481482862865 1035.2981482862865 472.9380623089762 568.9380623089762
2176 683.8764 473.96848 860.5419758597092 1031.291975859709 480.4806693117979 576.4806693117979
2193 686.6775 474.16147 856.3227228435584 1027.0727228435585 487.90618221638465 583.9061822163847
2210 686.6775 474.16147 851.8938087238421 1022.6438087238421 495.20858302917645 591.2085830291765
2227 682.6565 473.79846 847.2588229060326 1018.0088229060326 502.38195353258584 598.3819535325858
2244 682.6565 473.79846 842.4215218060378 1013.1715218060378 509.42048008140796 605.420480081408
2261 678.7187 474.38483 837.3858258058228 1008.1358258058228 516.3184583144773 612.3184583144773
2278 678.7187 474.38483 832.1558160761413 1002.9058160761413 523.0702977777584 619.0702977777584
2295 674.9589 473.05255 826.7357312689596 997.4857312689596 529.6705264551181 625.6705264551181
2312 674.9589 473.05255 821.1299640822481 991.8799640822481 536.1137952031119 632.1137952031119
2329 674.9589 473.05255 815.3430576999276 986.0930576999276 542.394882086187 638.394882086187
2346 675.6831 469.22736 809.379702109853 980.129702109853 548.5086966087915 644.5086966087915
2363 672.798 464.8543 803.2447303028227 973.9947303028227 554.4502838409564 650.4502838409564
2381 672.798 464.8543 796.5673499372441 967.3173499372441 560.5483052740481 656.5483052740481
2397 671.78143 462.67926 790.4799614017456 961.2299614017456 565.7976585231695 661.7976585231695
2414 671.78143 462.67926 783.8605094916655 954.6105094916655 571.1942495138428 667.1942495138428
2431 665.874 462.0481 777.0901233483269 947.8401233483269 576.4002277485814 672.4002277485814
2448 665.874 462.0481 770.1742900189863 940.9242900189863 581.4113740517007 677.4113740517007
2465 661.88165 460.54724 763.1186144283101 933.8686144283101 586.2236271487043 682.2236271487043
2482 661.88165 460.54724 755.9288148358737 926.6788148358737 590.8330869577367 686.8330869577367
2499 660.5697 457.15976 748.6107182018081 919.3607182018081 595.2360177503971 691.2360177503971
2517 660.5697 457.15976 740.7288988675523 911.4788988675523 599.6688721273433 695.6688721273433
2533 665.7375 454.92844 733.6134567331254 904.3634567331254 603.4081891703074 699.4081891703074
2550 665.7193 444.33548 725.9464464020558 896.6964464020558 607.1708066759479 703.1708066759479
2567 665.7193 444.33548 718.1754381858558 888.9254381858558 610.7136542896951 706.7136542896951
2584 665.7193 444.33548 710.3067300841386 881.0567300841386 614.0338607170812 710.0338607170812
2601 667.26807 436.2295 702.346699277214 873.096699277214 617.1287351027865 713.1287351027865
2618 667.26807 436.2295 694.3017969577133 865.0517969577133 619.9957692114392 715.9957692114392
2635 668.8275 422.21384 686.178543102233 856.928543102233 622.6326394604092 718.6326394604092
2652 668.8275 422.21384 677.9835211872297 848.7335211872297 625.0372088029525 721.0372088029525
2669 674.8581 414.94376 669.7233728534557 840.4733728534557 627.2075284601758 723.2075284601758
2686 674.8581 414.94376 661.4047925232513 832.1547925232513 629.1418395004217 725.1418395004217
2703 678.3751 411.8206 653.0345219750633 823.7845219750633 630.8385742647915 726.8385742647915
2720 682.3152 402.42374 644.6193448795832 815.3693448795832 632.296357637651 728.296357637651
2737 682.3152 402.42374 636.1660813019316 806.9160813019316 633.5140081610913 729.5140081610913
2754 687.48755 397.1679 627.6815821743512 798.4315821743512 634.4905389924386 730.4905389924386
2771 687.48755 397.1679 619.1727237438794 789.9227237438794 635.2251587040392 731.2251587040392
2788 689.10095 389.12656 610.6464019995067 781.3964019995067 635.7172719246712 731.7172719246712
2805 689.10095 389.12656 602.1095270833351 772.8595270833351 635.9664798220608 731.9664798220608
2822 689.10095 389.12656 593.5690176902656 764.3190176902656 635.9725804261168 731.9725804261168
2839 695.3342 381.34955 585.0317954607539 755.7817954607539 635.7355687926154 731.7355687926154
2856 695.3342 381.34955 576.5047793711809 747.2547793711809 635.2556370072082 731.2556370072082
2873 701.45605 373.18848 567.9948801263789 738.7448801263789 634.5331740297464 730.5331740297464
2891 701.45605 373.18848 559.0107197476881 729.7607197476881 633.5045165381459 729.5045165381459
2907 705.5742 367.03354 551.0540000393138 721.8040000393138 632.3631926583694 728.3631926583694
2924 710.2803 359.6944 542.6367489028069 713.3867489028069 630.9174329219486 726.9174329219486
2941 710.2803 359.6944 534.2640628953682 705.0140628953682 629.232657883161 725.232657883161
2958 711.9131 350.05594 525.9427276452934 696.6927276452934 627.3102329649023 723.3102329649023
2975 711.9131 350.05594 517.6794871637487 688.4294871637487 625.1517161929854 721.1517161929854
2992 715.1997 344.61554 509.48103837910116 680.2310383791012 622.7588569334407 718.7588569334407
3009 715.1997 344.61554 501.3540257094023 672.1040257094023 620.1335944747455 716.1335944747455
3026 716.7542 346.36694 493.3050356774336 664.0550356774336 617.278056456131 713.278056456131
3043 716.7542 346.36694 485.3405915726703 656.0905915726703 614.1945571432422 710.1945571432422
3060 713.5028 342.26657 477.46714816449344 648.2171481644934 610.8855955525434 706.8855955525434
3077 713.5028 342.26657 469.691086470933 640.441086470933 607.3538534259965 703.3538534259965
3094 713.5028 342.26657 462.0187085871838 632.7687085871838 603.6021930576474 699.6021930576474
3111 714.66943 339.06766 454.4562325780845 625.2062325780845 599.6336549738851 695.6336549738851
3128 718.8884 343.72116 447.00978743869564 617.7597874386956 595.4514554692516 691.4514554692516
3145 718.8884 343.72116 439.68540812706976 610.4354081270698 591.058983999804 687.058983999804
3162 721.1798 340.08585 432.4890306732291 603.2390306732291 586.4598004361334 682.4598004361334
3179 721.1798 340.08585 425.4264873683203 596.1764873683203 581.6576321782761 677.6576321782761
3196 724.3407 340.84186 418.50350203784535 589.2535020378454 576.6563711348483 672.6563711348483
3213 724.3407 340.84186 411.72568540279684 582.4756854027969 571.4600705688548 667.4600705688548
3230 724.0837 341.81952 405.09853053246013 575.8485305324601 566.0729418127313 662.0729418127313
3248 724.0837 341.81952 398.2517260338776 569.0017260338776 560.165781572544 656.165781572544
3264 727.34827 342.8952 392.31756349239276 563.0675634923928 554.7438148032415 650.7438148032415
3281 727.34827 342.8952 386.17410963438175 556.9241096343817 548.8109982204569 644.8109982204569
3298 725.7533 345.34003 380.2020257696452 550.9520257696452 542.7057093474355 638.7057093474355
3315 723.9281 352.65997 374.4061519627961 545.1561519627961 536.4328962045494 632.4328962045494
3332 723.9281 352.65997 368.7911854693228 539.5411854693227 529.9976425819129 625.9976425819129
3349 723.9281 352.65997 363.3616769287074 534.1116769287074 523.4051639192346 619.4051639192346
3366 726.1317 347.07883 358.12202667636814 528.8720266763681 516.6608030789737 612.6608030789737
3383 726.1317 347.07883 353.07648117741576 523.8264811774158 509.7700260162269 605.7700260162269
3400 725.4569 348.04877 348.2291295851123 518.9791295851123 502.7384173488538 598.7384173488538
3417 725.4569 348.04877 343.58390042682595 514.333900426826 495.5716758314352 591.5716758314352
3434 724.64795 350.80142 339.144558420162 509.894558420162 488.2756097367269 584.2756097367269
3452 724.64795 350.80142 334.67248418581175 505.42248418581175 480.4159770489023 576.4159770489023
3468 725.3896 348.75656 330.8977575118902 501.6477575118902 473.3192561685689 569.3192561685689
3485 725.3896 348.75656 327.0969822152257 497.8469822152257 465.6710900449318 561.6710900449318
3502 725.43286 348.64233 323.5154558633554 494.2654558633554 457.9178322199049 553.9178322199049
3519 725.29694 350.71106 320.1560810978608 490.9060810978608 450.06576630732854 546.0657663073285
3536 725.29694 350.71106 317.0215805179704 487.7715805179704 442.1212559998803 538.1212559998803
3554 721.2483 354.66278 313.9506228120883 484.7006228120883 433.61581699217805 529.615816992178
3570 721.2483 354.66278 311.4371790087004 482.1871790087004 425.9807263598813 521.9807263598814
3587 721.2483 354.66278 308.9918039474663 479.7418039474663 417.79778809050777 513.7977880905078
3604 719.45056 357.87915 306.780351140146 477.530351140146 409.5485569510936 505.5485569510936
3621 719.45056 357.87915 304.80461285468476 475.55461285468476 401.23971851615926 497.23971851615926
3638 720.4171 361.10446 303.06619032461737 473.81619032461737 392.87800666884965 488.87800666884965
3655 720.4171 361.10446 301.5664924513526 472.3164924513526 384.4701981434725 480.4701981434725
3672 719.5837 366.76077 300.30673466233077 471.05673466233077 376.02310703330426 472.02310703330426
3689 718.0438 369.0476 299.28793792598333 470.03793792598333 367.5435792681223 463.5435792681223
3706 718.0438 369.0476 298.5109279242903 469.2609279242903 359.03848706593226 455.03848706593226
3723 716.7682 370.3888 297.97633438360816 468.72633438360816 350.5147233633919 446.5147233633919
3740 716.7682 370.3888 297.68459056430925 468.43459056430925 341.9791962294431 437.9791962294431
3757 714.2411 371.3156 417.64906576024066 588.3990657602407 333.056686471707 429.056686471707
3774 714.2411 371.3156 417.99123095517183 588.7412309551719 324.5235450269113 420.5235450269113
3791 714.94415 373.8976 418.73774721758974 589.4877472175897 316.01623679178385 412.01623679178385
3808 714.94415 373.8976 419.88693415828243 590.6369341582824 307.553911501838 403.553911501838
3825 711.71075 375.21936 421.43620498653286 592.1862049865329 299.15561763711503 395.15561763711503
3842 711.71075 375.21936 423.3820723329198 594.1320723329197 290.84025954453836 386.84025954453836
3859 711.71075 375.21936 425.72015609929747 596.4701560992975 282.62655488470796 378.62655488470796
3876 710.07117 376.76965 428.4451933182859 599.1951933182859 274.53299249891984 370.53299249891984
3893 707.8189 375.09827 431.55105000007745 602.3010500000775 266.5777907912517 362.5777907912517
3911 707.8189 375.09827 435.2469007798122 605.9969007798122 258.3253394366035 354.3253394366035
3927 705.9497 374.0422 438.876415455004 609.626415455004 251.15374548655507 347.15374548655507
3944 705.9497 374.0422 443.0794350159092 613.8294350159092 243.71962102511617 339.71962102511617
3962 703.02655 376.25723 447.9086511094473 618.6586511094473 236.07495371588607 332.07495371588607
3978 703.02655 376.25723 452.518864647575 623.268864647575 229.49080094619188 325.4908009461919
3995 702.6146 379.04095 457.734026801152 628.484026801152 222.7281340425647 318.7281340425647
4012 702.6146 379.04095 463.26407999467915 634.0140799946792 216.22043924223226 312.22043924223226
4029 700.5683 379.05286 469.09657621838664 639.8465762183866 209.98236520147657 305.98236520147657
4046 700.5683 379.05286 475.21838667089924 645.9683866708992 204.0279536670738 300.0279536670738
4063 702.0736 380.7387 481.6157313118342 652.3657313118342 198.37060786867886 294.37060786867886
4080 702.0736 380.7387 488.27420988032543 659.0242098803254 193.0230623484931 289.0230623484931
4097 701.8192 378.8341 495.1788343096449 665.9288343096449 187.9973542961332 283.9973542961332
4114 701.8192 378.8341 502.31406246496294 673.064062464963 183.30479645322103 279.304796453221
4131 700.78925 379.37228 509.66383312829794 680.4138331282979 178.95595164869005 274.9559516486901
4148 700.78925 379.37228 517.2116021519138 687.9616021519138 174.9606090221234 270.96060902212344
4165 697.9459 383.63287 524.9403796987771 695.6903796987771 171.32776198864897 267.32776198864894
4182 697.9459 383.63287 532.8327684862486 703.5827684862486 168.06558799499004 264.06558799499004
4199 700.2283 385.63507 540.8710029469295 711.6210029469295 165.1814301122385 261.1814301122385
4216 700.2283 385.63507 549.0369892185008 719.7869892185008 162.68178050678887 258.68178050678887
4233 699.647 388.26263 557.3123458725511 728.0623458725511 160.57226582663537 256.5722658266354
4250 699.647 388.26263 565.678445290706 736.428445290706 158.85763453593017 254.85763453593017
4267 699.6064 388.97986 574.1164555949256 744.8664555949256 157.54174622631027 253.54174622631027
4285 702.1644 389.79657 583.1080892855312 753.8580892855312 156.5863458281167 252.5863458281167
4301 702.1644 389.79657 591.132114755926 761.882114755926 156.1171424476271 252.1171424476271
4318 702.6683 389.1172 599.6714617946108 770.4214617946108 156.01163372561214 252.01163372561214
4335 702.6683 389.1172 608.206202299593 778.956202299593 156.31127426047263 252.31127426047263
4352 702.6683 389.1172 616.7171247860152 787.4671247860152 157.01538956894865 253.01538956894865
4369 703.7492 388.4826 625.1850713827765 795.9350713827765 158.12239470530233 254.12239470530233
4386 703.7492 388.4826 633.5909809564164 804.3409809564164 159.6297978289907 255.6297978289907
4403 703.0978 389.0692 641.9159320172428 812.6659320172428 161.53420581373558 257.5342058137356
4420 703.0978 389.0692 650.1411853111272 820.8911853111272 163.83133188536496 259.831331885365
4437 705.7072 392.95892 658.2482260010909 828.9982260010909 166.5160052712332 262.5160052712332
4454 705.7072 392.95892 666.2188053437343 836.9688053437343 169.58218283949915 265.5821828394992
4471 705.7781 392.08118 674.0349817666976 844.7849817666976 173.0229627020636 269.02296270206364
4488 706.3994 395.25473 681.6791612546845 852.4291612546845 176.83059975054408 272.8305997505441
4505 706.3994 395.25473 689.1341369531456 859.8841369531456 180.99652309031762 276.9965230903176
4522 707.87836 399.60083 696.3831279004737 867.1331279004737 185.51135533338842 281.51135533338845
4539 707.87836 399.60083 703.4098168015221 874.1598168015221 190.36493370665013 286.36493370665016
4556 707.8364 403.04254 710.1983867574248 880.9483867574248 195.54633292803192 291.5463329280319
4573 707.8364 403.04254 716.733556869033 887.483556869033 201.0438897990301 297.0438897990301
4590 707.8364 403.04254 723.0006166338345 893.7506166338345 206.8452294582745 302.8452294582745
4607 706.64935 406.55194 728.9854590589218 899.7354590589218 212.9372932370277 308.9372932370277
4624 706.64935 406.55194 734.6746124154753 905.4246124154753 219.30636805391646 315.30636805391646
4642 713.1989 407.68762 740.3619103211945 911.1119103211945 226.33608418463587 322.33608418463587
4658 713.1989 407.68762 745.1153217770493 915.8653217770493 232.81761302381858 328.8176130238186
4676 714.5293 404.5382 750.1109265519513 920.8609265519513 240.35460176468007 336.35460176468007
4692 716.5907 405.12225 754.2287905304013 924.9787905304013 247.25737894613326 343.25737894613326
4709 716.5907 405.12225 758.2616938824929 929.0116938824929 254.78514557975075 350.78514557975075
4726 714.7167 406.0489 761.9330081024611 932.6830081024611 262.4957247950736 358.4957247950736
4743 714.7167 406.0489 765.2344691549205 935.9844691549205 270.3717602734482 366.3717602734482
4760 716.504 405.1686 768.1586455346032 938.9086455346032 278.3955232583588 374.3955232583588
4778 716.504 405.1686 770.8363040348377 941.5863040348377 287.032213093187 383.032213093187
4794 717.55493 406.12576 772.8496793622878 943.5996793622878 294.8136947228397 390.8136947228397
4811 717.55493 406.12576 774.605977411876 945.355977411876 303.17114631399613 399.17114631399613
4828 719.3123 405.43936 775.9638957607996 946.7138957607996 311.60249482388303 407.60249482388303
4845 719.3123 405.43936 776.9203777692248 947.6703777692248 320.08876150040663 416.08876150040663
4862 718.3981 406.8508 777.47327042036 948.22327042036 328.6108439720703 424.6108439720703
4879 718.3981 406.8508 777.6213291668411 948.3713291668411 337.1495592469291 433.1495592469291
4896 717.9883 408.21014 777.3642207321774 948.1142207321774 345.68568689301895 441.68568689301895
4913 717.9883 408.21014 776.7025238609478 947.4525238609478 354.200012303063 450.200012303063
4930 717.18567 409.8021 775.6377280160616 946.3877280160616 362.6733699460652 458.6733699460652
4947 717.18567 409.8021 774.1722300260149 944.9222300260149 371.0866865084376 467.0866865084376
4964 714.78845 407.3282 772.3093286896907 943.0593286896907 379.4210238275436 475.4210238275436
4981 714.78845 407.3282 770.0532173508461 940.8032173508461 387.65762152102405 483.65762152102405
4998 712.9799 409.78494 767.4089744590015 938.1589744590015 395.77793921594457 491.77793921594457
5015 712.9799 409.78494 764.3825521379785 935.1325521379785 403.7636982827043 499.7636982827043
5032 711.7752 411.69522 760.9807627878217 931.7307627878217 411.59692297976756 507.59692297976756
5050 710.9125 413.14886 756.9782545820084 927.7282545820084 419.70507902225296 515.7050790222529
5066 710.9125 413.14886 753.0825400722103 923.8325400722103 426.73562274375536 522.7356227437554
5083 709.9522 412.69946 748.6038854061801 919.3538854061801 434.00702098068035 530.0070209806804
5100 709.9522 412.69946 743.7853810904619 914.5353810904619 441.057807893992 537.057807893992
5117 709.9522 412.69946 738.6378734563121 909.3878734563121 447.8721123408068 543.8721123408068
5134 711.71216 411.92133 733.1729494131282 903.9229494131282 454.4345954942897 550.4345954942896
5151 711.71216 411.92133 727.4029103666112 898.1529103666112 460.73048537096236 556.7304853709624
5168 707.985 413.9707 721.3407445286122 892.0907445286122 466.7456100820642 562.7456100820642
5185 707.985 413.9707 715.0000976809954 885.7500976809954 472.46642973411736 568.4664297341174
5202 707.4927 417.04996 708.3952424593289 879.1452424593289 477.8800669068827 573.8800669068827
5219 707.4927 417.04996 701.5410462255444 872.2910462255444 482.9743356401059 578.9743356401059
5236 706.3551 416.84772 694.4529376018812 865.2029376018812 487.73776886380733 583.7377688638073
5253 705.496 416.1157 687.1468717414465 857.8968717414465 492.15964421036574 588.1596442103657
5270 705.496 416.1157 679.639294413571 850.389294413571 496.2300081502966 592.2300081502966
5287 704.2977 415.02423 671.9471049847989 842.6971049847989 499.93969839739407 595.9396983973941
5304 704.2977 415.02423 664.0876183788416 834.8376183788416 503.28036453280606 599.2803645328061
5321 705.86707 417.7614 656.0785261011198 826.8285261011198 506.2444868016163 602.2444868016163
5338 705.86707 417.7614 647.9378564156366 818.6878564156366 508.8253930396211 604.8253930396211
5355 705.86707 417.7614 639.6839337638094 810.4339337638094 511.01727369220305 607.017273692203
5372 705.42596 421.19705 631.335337516615 802.085337516615 512.8151948914908 608.8151948914908
5389 705.42596 421.19705 622.9108601528986 793.6608601528986 514.2151095623715 610.2151095623715
5407 705.42035 420.85822 613.9291943374132 784.6791943374132 515.2600715357657 611.2600715357657
5423 705.42035 420.85822 605.9102433377668 776.6602433377668 515.8092176247758 611.8092176247758
5440 707.90173 419.49014 597.3723718445073 768.1223718445073 515.9998227193989 611.9998227193989
5457 711.3214 422.12717 588.8350690108309 759.5850690108309 515.7852527689789 611.7852527689789
5474 711.3214 422.12717 580.317552089333 751.067552089333 515.1659907650433 611.1659907650433
5491 716.16516 419.04196 571.8389937950213 742.5889937950213 514.1434306506889 610.1434306506889
5508 716.16516 419.04196 563.4184791480179 734.1684791480179 512.7198741828516 608.7198741828516
5525 721.63654 422.57837 555.0749625136663 725.8249625136663 510.8985257511097 606.8985257511097
5542 721.63654 422.57837 546.8272249367301 717.5772249367301 508.68348516468336 604.6834851646834
5559 728.817 422.46286 538.6938318657412 709.4438318657412 506.079738423869 602.079738423869
5576 728.817 422.46286 530.6930913626405 701.4430913626405 503.0931464966776 599.0931464966776
5593 729.4804 426.3238 522.843012891798 693.593012891798 499.7304321259451 595.7304321259451
5611 729.4804 426.3238 514.7150131230868 685.4650131230868 495.7683763329592 591.7683763329592
5627 729.4804 426.3238 507.6651444467964 678.4151444467964 491.90774319720856 587.9077431972086
5644 733.2055 424.24158 500.37151947034613 671.1215194703461 487.4653773139863 583.4653773139863
5661 733.0837 423.65125 493.29680961702684 664.0468096170268 482.6820667001052 578.6820667001052
5678 733.0837 423.65125 486.4569398796541 657.2069398796541 477.56857846668925 573.5685784666892
5695 735.0359 423.31665 479.86730663188473 650.6173066318847 472.13642294632587 568.1364229463259
5712 735.0359 423.31665 473.54274297137306 644.2927429713731 466.3978277836013 562.3978277836013
5729 734.2095 423.47342 467.4974853308397 638.2474853308397 460.36571041097886 556.3657104109789
5746 734.2095 423.47342 461.7451414322254 632.4951414322254 454.0536489719888 550.0536489719889
5763 729.02075 425.44617 456.29865965604995 627.04865965605 447.47585175716756 543.4758517571676
5780 729.02075 425.44617 451.1702998949387 621.9202998949387 440.6471252215585 536.6471252215586
5798 726.5976 424.20032 446.09983091410595 616.849830914106 433.16029607556385 529.1602960755638
5814 726.5976 424.20032 441.9133795805666 612.6633795805666 426.29889958551144 522.2988995855114
5831 725.1922 423.98572 437.80565612063515 608.5556561206351 418.8116979778178 514.8116979778179
5848 725.55725 427.8593 434.05768195865755 604.8076819586576 411.1380893339877 507.1380893339877
5865 725.55725 427.8593 430.67789368960894 601.4278936896089 403.295346752855 499.295346752855
5882 725.55725 427.8593 427.67389913133843 598.4238991313384 395.30112404946493 491.30112404946493
5899 725.336 428.03818 425.052460199564 595.8024601995639 387.1734160167848 483.1734160167848
5916 725.336 428.03818 422.8194776869708 593.5694776869708 378.9305179198789 474.9305179198789
5933 722.93805 425.62177 420.97997798067684 591.7299779806768 370.59098431373195 466.59098431373195
5950 722.93805 425.62177 419.53810174796206 590.2881017479621 362.1735872774116 458.1735872774116
5967 722.0641 420.73395 418.4970946157316 589.2470946157316 353.69727415859836 449.69727415859836
5984 722.0641 420.73395 417.85929986469176 588.6092998646918 345.18112492358273 441.18112492358273
6001 721.55164 423.5174 417.6286526131048 588.3786526131048 337.1467028281774 433.1467028281774
