299.0 683.0 0.0 384.0
19 671.80493 446.64468
19 671.80493 446.64468
34 679.2115 442.1377
51 677.0383 439.6161
68 677.0383 439.6161
85 675.5818 435.6283
102 675.5818 435.6283
119 675.72534 439.13382
137 676.4624 441.1479
154 676.4624 441.1479
170 676.4624 441.1479
187 676.33453 438.39716
204 676.33453 438.39716
221 679.87024 444.16815
239 679.87024 444.16815
255 670.60596 440.4875
272 670.60596 440.4875
289 672.0915 432.07248
306 672.0915 432.07248
323 678.26465 430.57196
340 674.9712 424.81125
358 674.9712 424.81125
374 674.9712 424.81125
391 644.691 405.1085
408 644.691 405.1085
425 611.3249 381.69763
442 611.3249 381.69763
459 588.62177 374.5583
476 588.62177 374.5583
495 571.9012 355.89166
511 571.9012 355.89166
527 555.9007 343.3154
544 547.5583 334.40088
562 547.5583 334.40088
578 547.5583 334.40088
596 521.4468 311.09097
612 521.4468 311.09097
629 502.43698 274.6624
646 502.43698 274.6624
663 487.94196 246.73146
681 487.94196 246.73146
697 472.22186 229.67017
715 472.22186 229.67017
731 466.683 214.00607
748 456.8389 202.769
765 456.8389 202.769
783 436.80176 187.93161
799 436.80176 187.93161
817 423.23657 178.85371
833 423.23657 178.85371
851 411.43936 175.16751
867 411.43936 175.16751
885 402.3586 162.32997
902 402.3586 162.32997
919 397.30795 157.32137
935 397.30795 157.32137
952 390.75092 149.8908
969 390.75092 149.8908
986 389.86633 139.17471
1003 389.86633 139.17471
1020 389.17603 131.37848
1037 389.17603 131.37848
1054 388.97763 132.69667
1072 388.97763 132.69667
1088 388.97763 132.69667
1105 386.01477 133.68884
1122 381.32697 131.16031
1139 381.32697 131.16031
1156 376.54355 132.98338
1173 376.54355 132.98338
1190 378.0856 135.1973
1207 378.0856 135.1973
1224 375.07077 133.35168
1242 375.07077 133.35168
1258 372.72534 135.56119
1275 372.72534 135.56119
1292 371.39786 125.432495
1309 371.39786 125.432495
1327 371.4483 118.48516
1344 371.4483 118.48516
1361 375.88922 117.28373
1378 375.88922 117.28373
1394 371.064 122.88809
1412 371.064 122.88809
1429 374.85736 124.68822
1445 374.85736 124.68822
1462 375.88947 131.33565
1480 375.88947 131.33565
1497 377.58307 131.72812
1513 375.70944 132.29547
1530 375.70944 132.29547
1547 375.8452 127.74952
1564 375.8452 127.74952
1582 371.8685 129.57051
1598 371.8685 129.57051
1616 374.45502 133.07861
1633 374.45502 133.07861
1649 374.45502 133.07861
1666 373.79153 139.02103
1683 373.79153 139.02103
1701 376.26996 137.51672
1717 380.2533 133.42532
1734 380.2533 133.42532
1751 379.20166 126.649475
1768 379.20166 126.649475
1785 375.43945 132.1034
1803 375.43945 132.1034
1819 379.10623 138.30937
1837 379.10623 138.30937
1853 379.10623 138.30937
1870 378.70605 141.50598
1888 383.04892 140.10234
1904 383.04892 140.10234
1922 385.30734 140.05421
1938 385.30734 140.05421
1955 393.84296 139.18947
1972 393.84296 139.18947
1989 484.21716 158.20393
2007 484.21716 158.20393
2023 558.45337 173.71732
2040 558.45337 173.71732
2057 607.81104 180.18149
2074 607.81104 180.18149
2092 650.9552 177.87221
2108 689.36725 184.85106
2126 689.36725 184.85106
2142 719.6759 187.19406
2159 719.6759 187.19406
2176 719.6759 187.19406
2193 741.64825 191.39816
2210 741.64825 191.39816
2227 776.39124 198.30016
2244 776.39124 198.30016
2261 806.95074 195.77463
2278 830.96515 185.34633
2295 830.96515 185.34633
2312 846.77545 185.25249
2330 846.77545 185.25249
2347 858.9374 179.97218
2363 858.9374 179.97218
2381 875.6189 173.35956
2397 875.6189 173.35956
2414 875.6189 173.35956
2432 881.9978 167.73705
2449 881.9978 167.73705
2466 880.51526 169.44943
2482 886.3701 167.75456
2499 886.3701 167.75456
2516 888.70557 169.34642
2533 888.70557 169.34642
2550 895.07935 170.76462
2567 895.07935 170.76462
2584 896.5684 171.91621
2602 896.5684 171.91621
2618 893.0387 161.31331
2635 893.0387 161.31331
2653 881.01575 153.3654
2669 877.24304 147.82458
2686 877.24304 147.82458
2703 877.24304 147.82458
2722 877.2686 142.76602
2737 877.2686 142.76602
2755 866.6683 144.70172
2771 866.6683 144.70172
2788 866.51495 147.02063
2805 866.51495 147.02063
2822 864.9933 152.50577
2839 864.9933 152.50577
2856 864.9933 152.50577
2873 865.41394 148.82837
2891 864.98535 151.14053
2908 864.98535 151.14053
2924 865.5538 159.88661
2942 865.6836 165.72733
2958 865.6836 165.72733
2975 865.6836 165.72733
2992 864.1619 160.91501
3009 864.1619 160.91501
3026 859.3049 156.37698
3043 858.22314 160.62416
3060 858.22314 160.62416
3077 853.2661 163.05017
3094 853.2661 163.05017
3111 850.68097 167.72198
3129 850.68097 167.72198
3146 850.68097 167.72198
3162 850.05945 173.12238
3179 850.05945 173.12238
3196 850.8453 173.53185
3213 850.8453 173.53185
3231 852.9044 170.90865
3248 853.375 171.43564
3265 853.375 171.43564
3281 858.35297 177.37347
3299 858.35297 177.37347
3315 862.47345 189.91833
3332 862.47345 189.91833
3349 862.9723 195.56683
3366 862.9723 195.56683
3383 858.38965 195.39503
3400 858.38965 195.39503
3418 858.16876 194.69946
3434 858.16876 194.69946
3452 859.9816 191.95177
3469 859.9816 191.95177
3485 859.19116 192.25218
3502 859.19116 192.25218
3519 860.55347 193.78029
3537 860.55347 193.78029
3553 859.4155 195.25273
3570 859.4155 195.25273
3587 856.11523 194.08636
3604 856.11523 194.08636
3621 856.4324 194.3435
3638 856.4324 194.3435
3656 858.23303 198.80862
3672 858.23303 198.80862
3689 860.482 202.21011
3707 860.482 202.21011
3723 859.97595 204.30615
3740 859.97595 204.30615
3757 858.54083 205.07123
3774 858.54083 205.07123
3792 858.5745 207.32057
3808 858.5745 207.32057
3826 861.93677 208.50577
3842 863.343 208.22739
3859 863.343 208.22739
3876 865.04016 203.75761
3893 865.04016 203.75761
3911 860.208 201.70575
3927 860.208 201.70575
3944 852.5154 202.46695
3961 852.5154 202.46695
3978 852.5154 202.46695
3995 832.3887 210.02318
4013 832.3887 210.02318
